HumanFace 21.575758072 536.67468288 81.67965459199999 621.4939648
HumanFace 57.02164496 172.72288256 83.220777168 205.1084288
HumanFace 60.10389652 336.19277824 103.2554148 387.08434944
HumanFace 61.64502408 660.04822016 83.220777168 690.89154048
HumanFace 70.8917752 507.37350656 132.53679216 586.02411008
HumanFace 73.974026048 60.14457856 124.83117216000001 126.45783552
HumanFace 81.67965459199999 812.7228928 106.33765568000001 840.48193536
HumanFace 120.20779304 815.80725248 143.3246744 840.48193536
HumanFace 191.09956112 49.34939648 204.96969136 67.85542144
HumanFace 191.09956112 862.0722688 254.28572344 945.3494272
HumanFace 223.46320784 60.14457856 238.87445496 78.65060352
HumanFace 254.28572344 300.7228928 356.0 431.80722176
HumanFace 261.99134344000004 29.301204992 302.06061728 103.32530176
HumanFace 268.15583232 862.0722688 342.12986264 954.6023936
HumanFace 302.06061728 18.506022912 345.212132 77.10843904
HumanFace 363.70564136 44.7228928 423.8095272 117.20481792
HumanFace 392.98704720000006 922.2168576 403.7749152 934.5542144
HumanFace 439.2207672 30.843374592 474.66669039999994 84.81927168
HumanFace 471.58441392000003 908.3373568 483.9134344 928.385536
HumanFace 479.2900624 155.75903232 502.4069224 192.77109248
HumanFace 482.37228192000003 61.68674816 523.9826868800001 128.0
HumanFace 542.4762176 43.180721152 560.9697056 66.31325696
HumanFace 554.8051811199999 885.2048384 574.8398216 916.04822016
HumanFace 588.7099376 905.2529664 611.8268332 928.385536
HumanFace 591.7922069599999 433.34939648 633.4026048000001 513.54217472
HumanFace 599.49784832 189.68675328 636.4848528 231.32530688
HumanFace 602.5800749599999 615.32531712 621.07359144 638.45782528
HumanFace 605.66234432 46.265060352 659.6017128 111.03614976
HumanFace 611.8268332 405.59036416 668.84848528 458.02411008
HumanFace 613.36794296 294.55422464 628.7792327999999 314.60241408
HumanFace 624.1558608 775.7108224 638.0259768 795.75903232
HumanFace 628.7792327999999 294.55422464 639.5671007999999 305.34939648
HumanFace 630.3203568 758.7470336 648.8138448000001 781.8795008
HumanFace 633.4026048000001 906.7951616 661.1428368 928.385536
