HumanFace 283.2 94.40000256 350.4 227.19998976
HumanFace 412.8 64.000002048 443.2 118.40000256
HumanFace 444.8 447.99997440000004 492.8 675.19999488
HumanFace 464.0 105.60000000000001 528.0 193.59999743999998
HumanFace 595.2 65.60000256000001 643.2 142.40000256000002
HumanFace 684.8 105.60000000000001 752.0 156.80000256
HumanFace 755.2 32.000001024 816.0 104.00000255999998
HumanFace 836.8 240.0 926.4 371.19998976
HumanFace 841.6 62.400000000000006 884.8 118.40000256
HumanFace 870.4 124.80000000000001 934.4 183.99999744000002
HumanFace 939.2 55.999997952 1000.0 135.99999744000002
