HumanFace 70.514968576 395.71241599999996 118.03592704 440.19172032000006
HumanFace 182.41915904 105.8300672 220.74251264 148.77560191999999
HumanFace 185.48503552 380.37472 229.9401216 417.1851904
HumanFace 300.45507584 334.3616672 343.3772544 381.9085248
HumanFace 308.1197568 151.84314112 346.4431104 196.32243839999998
HumanFace 395.4970112 391.1111424 433.8203648 441.725504
HumanFace 403.16168192 141.10675392000002 439.9520768 182.518512
HumanFace 461.4131712 220.862752 495.13773056 256.1394176
HumanFace 467.54492416 377.30720896 502.80240128 418.71897407999995
HumanFace 524.26348544 357.36821119999996 561.0539008 397.24617856
HumanFace 545.7245184 164.11328384 574.8502528 199.38997759999998
HumanFace 580.9820672 240.80174272 613.1736576 279.1459616
HumanFace 599.3772544 388.04356096 633.101824 421.78649216
HumanFace 623.9041536 184.05229568 660.6946304 207.05883264
HumanFace 633.101824 214.72766656 666.8263424 248.47060480000002
HumanFace 634.6347008 378.8409504 674.49102336 421.78649216
HumanFace 715.8802432 170.24836928000002 749.60479232 211.6601344
HumanFace 755.73651456 383.4422592 797.1257344 427.92158464000005
HumanFace 777.19762944 194.78867584000002 820.1197568 240.80174272
HumanFace 855.3772544 397.24617856 892.16768 444.7930432
HumanFace 892.16768 190.18736 933.5568896 230.0653696
