HumanFace 0.0 154.05309952 27.19911583 200.87315456
HumanFace 36.265486634999995 93.64012032 77.06416038 141.97050368
HumanFace 78.57522275 270.3480832 123.90708019 309.61651712
HumanFace 108.79646332 329.25073408 140.52875942999998 374.56048128
HumanFace 134.48450995000002 143.48082176 172.26105554 199.36283648
HumanFace 152.61725839 87.598823424 190.39380398 134.41888256
HumanFace 169.23893762999998 247.69321984 217.59292664 299.0442496
HumanFace 250.83628512 125.35693312 297.6791981 182.74926592
HumanFace 261.41371488 279.41003264 284.0796436 314.14749184
HumanFace 293.14601782 169.15634176 352.0774161 223.52802816
HumanFace 317.32300208 0.0 361.1438313 33.227138048
HumanFace 382.29866350000003 92.129792 421.58628512 135.92920064
HumanFace 454.8296436 89.1091456 498.65044550000005 141.97050368
HumanFace 466.9181289 261.28613376 513.7610692 323.20944128
HumanFace 472.9624057 151.03245312 519.80532551 212.9557504
HumanFace 474.4734749 0.0 509.22789575 36.24778752
HumanFace 483.5398218 45.309733888 519.80532551 87.598823424
HumanFace 568.1592872 0.0 608.9579507 22.654867456
HumanFace 613.4911583 238.6312704 666.3783071 297.53393152
HumanFace 630.11281705 43.799411712 672.4225839000001 92.129792
HumanFace 630.11281705 164.62536704 672.4225839000001 218.99705344
