HumanFace 87.598823424 92.17477725 164.62536704 202.48230294
HumanFace 185.76991232 39.287612058 241.6519168 111.81858122999999
HumanFace 199.36283648 163.19468815000002 261.28613376 253.85840986
HumanFace 392.68435968 134.48450995000002 456.11798528 208.52655242
HumanFace 441.01474304 37.776549005 492.36578304 95.19690199
HumanFace 466.69027328 83.108406445 522.572288 152.61725839
HumanFace 498.40707584 211.54867716 581.4749184 303.72344758
HumanFace 575.4336256 166.21681289 601.10913536 229.68141194
HumanFace 638.8672512 64.975665518 688.7079424 145.06194653999998
HumanFace 788.389376 87.64159013999999 845.7817088 160.17256341
HumanFace 909.2153344 58.931415355 966.6076672 135.99557232
