HumanFace 75.2 220.79999999999998 134.4 286.40000256
HumanFace 78.4 227.19998976 126.4 281.60000256
HumanFace 140.8 235.20000000000002 203.2 289.59999744
HumanFace 152.0 438.3999744 174.4 464.00002559999996
HumanFace 256.0 460.79999999999995 302.4 470.40000000000003
HumanFace 331.2 220.79999999999998 395.2 291.19999487999996
HumanFace 387.2 681.5999999999999 404.8 708.7999872
HumanFace 390.4 681.5999999999999 400.0 708.7999872
HumanFace 404.8 476.80000512000004 428.8 502.39997952
HumanFace 486.4 223.99999488000003 520.0 267.19999487999996
HumanFace 544.0 223.99999488000003 579.2 262.40000256
HumanFace 547.2 227.19998976 577.6 260.80000512000004
