HumanFace 42.97473024 199.62455039999998 110.90253311999999 281.415168
HumanFace 79.01804928 364.59205632 144.17328384 447.76896
HumanFace 128.92418304 103.97111808 184.37544960000002 176.05776384
HumanFace 216.25992192 359.04693504 280.02886656 438.06500352
HumanFace 235.6678656 198.23826432 293.89169664 277.25630976
HumanFace 307.75451904 102.58483967999999 349.3429632 164.96751360000002
HumanFace 320.23104 263.39351039999997 385.38629375999994 331.32129024
HumanFace 379.84114944 431.13358847999996 436.67873280000003 512.9241907200001
HumanFace 411.7256448 194.07941376 467.17689599999994 264.77978112
HumanFace 447.76896 274.48375296 515.6967168 356.27437824
HumanFace 479.65342464 116.4476544 519.8555904 177.44404224000002
HumanFace 533.7184512 199.62455039999998 594.7147775999999 278.64261120000003
HumanFace 548.9674982399999 382.61370624 607.1913216 453.3140736
HumanFace 591.9422592000001 109.51624704 636.3032832 170.5126272
HumanFace 665.415168 248.14439424 718.09387008 327.1624704
