2 0.976786 0.128125 0.042857 0.012500
2 0.983929 0.730000 0.021429 0.028750
2 0.962500 0.727812 0.023214 0.027500
2 0.942857 0.724062 0.019643 0.026250
2 0.983036 0.697500 0.028571 0.032500
2 0.945982 0.693750 0.021429 0.031250
2 0.924554 0.722500 0.023214 0.032500
2 0.939286 0.070938 0.039286 0.013750
2 0.886607 0.067812 0.050000 0.013750
2 0.361161 0.074063 0.039286 0.013750
2 0.603125 0.121562 0.041071 0.015000
2 0.826786 0.066250 0.037500 0.013750
2 0.645089 0.121562 0.044643 0.015000
2 0.697768 0.121875 0.033929 0.012500
2 0.740625 0.121250 0.030357 0.011250
2 0.798661 0.124063 0.048214 0.013750
2 0.881250 0.128125 0.039286 0.012500
2 0.928571 0.128750 0.044643 0.013750
2 0.579911 0.060000 0.039286 0.013750
2 0.631250 0.060000 0.039286 0.013750
2 0.683036 0.063438 0.044643 0.011250
2 0.726786 0.065000 0.033929 0.011250
2 0.775893 0.065625 0.042857 0.012500
2 0.927679 0.692500 0.016071 0.028750
2 0.657143 0.691250 0.019643 0.026250
2 0.825446 0.624062 0.021429 0.026250
2 0.757589 0.724688 0.019643 0.027500
2 0.756250 0.694063 0.021429 0.028750
2 0.737500 0.721875 0.019643 0.025000
2 0.737500 0.692187 0.019643 0.025000
2 0.717411 0.693438 0.019643 0.027500
2 0.698661 0.693125 0.017857 0.023750
2 0.716071 0.724062 0.021429 0.026250
2 0.697321 0.723125 0.019643 0.027500
2 0.677679 0.718438 0.016071 0.027500
2 0.658036 0.720938 0.021429 0.026250
2 0.637946 0.720625 0.021429 0.022500
2 0.782143 0.622500 0.019643 0.026250
2 0.616964 0.717812 0.019643 0.026250
2 0.614286 0.685625 0.023214 0.027500
2 0.575893 0.689688 0.017857 0.026250
2 0.575893 0.714375 0.017857 0.022500
2 0.552232 0.690000 0.019643 0.023750
2 0.531250 0.684375 0.017857 0.025000
2 0.551339 0.716562 0.017857 0.023750
2 0.533036 0.712812 0.021429 0.022500
2 0.512500 0.712500 0.016071 0.025000
2 0.494196 0.713125 0.019643 0.026250
2 0.422768 0.743750 0.037500 0.018750
2 0.800893 0.621563 0.021429 0.027500
2 0.764286 0.623437 0.019643 0.025000
2 0.968750 0.623750 0.017857 0.028750
2 0.819643 0.691250 0.023214 0.026250
2 0.928125 0.623750 0.021429 0.028750
2 0.885268 0.622188 0.025000 0.028750
2 0.844643 0.623437 0.019643 0.025000
2 0.903571 0.724688 0.021429 0.027500
2 0.906250 0.694688 0.017857 0.023750
2 0.863393 0.724062 0.021429 0.026250
2 0.841071 0.724375 0.021429 0.030000
2 0.885268 0.693750 0.025000 0.031250
2 0.844196 0.693438 0.023214 0.027500
2 0.865179 0.693125 0.025000 0.030000
2 0.818750 0.721250 0.021429 0.023750
2 0.800893 0.692500 0.021429 0.028750
2 0.722768 0.623750 0.021429 0.028750
2 0.800893 0.725000 0.021429 0.031250
2 0.778571 0.723437 0.021429 0.025000
2 0.779464 0.693750 0.023214 0.031250
2 0.515179 0.615625 0.021429 0.025000
2 0.539732 0.616875 0.021429 0.027500
2 0.559821 0.617188 0.021429 0.025000
2 0.579464 0.620000 0.025000 0.027500
2 0.596429 0.619062 0.023214 0.028750
2 0.620089 0.622500 0.021429 0.026250
2 0.641071 0.620625 0.023214 0.028750
2 0.660268 0.622188 0.021429 0.028750
2 0.681250 0.618437 0.014286 0.021250
2 0.702232 0.620625 0.016071 0.022500
2 0.595982 0.716875 0.017857 0.027500
