2 0.990179 0.216250 0.016071 0.026250
2 0.984375 0.244375 0.017857 0.020000
2 0.919643 0.742188 0.017857 0.025000
2 0.970536 0.365625 0.021429 0.025000
2 0.960714 0.425625 0.019643 0.026250
2 0.956250 0.455937 0.019643 0.027500
2 0.950446 0.518125 0.021429 0.030000
2 0.925000 0.542500 0.019643 0.022500
2 0.947321 0.552500 0.019643 0.023750
2 0.941964 0.582188 0.017857 0.023750
2 0.936161 0.626563 0.019643 0.025000
2 0.928125 0.685937 0.021429 0.025000
2 0.911607 0.805312 0.019643 0.026250
2 0.908036 0.841250 0.021429 0.026250
