2 0.433929 0.973125 0.019643 0.015000
2 0.209821 0.555625 0.017857 0.011250
2 0.220089 0.545625 0.016071 0.010000
2 0.227679 0.542500 0.017857 0.010000
2 0.233482 0.540000 0.016071 0.011250
2 0.245536 0.529687 0.017857 0.012500
2 0.133482 0.431875 0.021429 0.013750
2 0.592857 0.842187 0.016071 0.012500
2 0.601339 0.837500 0.019643 0.012500
2 0.614286 0.825937 0.014286 0.011250
2 0.354018 0.971250 0.016071 0.011250
2 0.439732 0.967812 0.017857 0.013750
2 0.513393 0.913438 0.017857 0.011250
2 0.442857 0.963125 0.019643 0.013750
2 0.451786 0.958750 0.019643 0.011250
2 0.457589 0.955313 0.017857 0.013750
2 0.441964 0.946250 0.017857 0.011250
2 0.454464 0.938438 0.016071 0.011250
2 0.463839 0.950625 0.021429 0.013750
2 0.467857 0.946875 0.016071 0.012500
2 0.472768 0.941875 0.021429 0.015000
2 0.477679 0.937500 0.017857 0.012500
2 0.486607 0.933750 0.017857 0.011250
2 0.492411 0.928125 0.016071 0.012500
2 0.495982 0.925000 0.014286 0.012500
2 0.204464 0.558750 0.016071 0.011250
2 0.197768 0.564375 0.016071 0.010000
2 0.191071 0.569063 0.016071 0.010000
2 0.196875 0.608750 0.014286 0.011250
2 0.104911 0.648125 0.017857 0.015000
2 0.121429 0.635938 0.019643 0.012500
2 0.112500 0.645312 0.019643 0.012500
2 0.084821 0.532813 0.017857 0.012500
2 0.091964 0.535313 0.014286 0.011250
2 0.099554 0.540000 0.016071 0.011250
2 0.106250 0.545312 0.016071 0.012500
2 0.118750 0.552500 0.014286 0.011250
2 0.075893 0.556250 0.017857 0.012500
2 0.086161 0.562500 0.016071 0.012500
2 0.097321 0.571875 0.016071 0.012500
2 0.111607 0.582500 0.017857 0.015000
2 0.504464 0.919687 0.017857 0.011250
2 0.520089 0.907188 0.017857 0.011250
2 0.524554 0.957188 0.017857 0.011250
2 0.627679 0.866563 0.014286 0.011250
2 0.633929 0.860938 0.017857 0.012500
2 0.638839 0.858125 0.014286 0.010000
2 0.645536 0.851875 0.014286 0.010000
2 0.650000 0.850938 0.014286 0.011250
2 0.656250 0.846875 0.017857 0.012500
2 0.667411 0.837500 0.017857 0.012500
2 0.493750 0.977500 0.014286 0.011250
2 0.504464 0.975000 0.017857 0.012500
2 0.508929 0.969688 0.017857 0.011250
2 0.514286 0.965000 0.019643 0.011250
2 0.520089 0.959375 0.017857 0.012500
2 0.531250 0.952500 0.017857 0.011250
2 0.525446 0.901563 0.019643 0.012500
2 0.538393 0.948125 0.014286 0.008750
2 0.544643 0.943750 0.017857 0.012500
2 0.550446 0.939375 0.016071 0.010000
2 0.557143 0.935312 0.016071 0.011250
2 0.561607 0.930000 0.016071 0.010000
2 0.568304 0.928125 0.016071 0.012500
2 0.573214 0.921250 0.012500 0.011250
2 0.579464 0.917500 0.016071 0.010000
2 0.584821 0.913125 0.017857 0.013750
2 0.592857 0.908750 0.016071 0.011250
2 0.595982 0.904687 0.017857 0.012500
2 0.601786 0.900000 0.016071 0.012500
2 0.619643 0.870625 0.016071 0.010000
2 0.615179 0.875938 0.016071 0.011250
2 0.608929 0.878750 0.012500 0.007500
2 0.601786 0.882500 0.016071 0.008750
2 0.532143 0.897500 0.019643 0.013750
2 0.539732 0.893125 0.021429 0.011250
2 0.685268 0.824375 0.017857 0.011250
2 0.699554 0.832812 0.019643 0.012500
2 0.691964 0.837813 0.017857 0.010000
2 0.484821 0.970000 0.014286 0.008750
2 0.491518 0.965938 0.014286 0.010000
2 0.497321 0.962813 0.012500 0.010000
2 0.502679 0.958125 0.014286 0.010000
2 0.508036 0.952812 0.016071 0.008750
2 0.511607 0.949375 0.014286 0.011250
2 0.521429 0.945312 0.016071 0.012500
2 0.525893 0.940625 0.016071 0.012500
2 0.531696 0.936875 0.014286 0.011250
2 0.540179 0.932188 0.017857 0.011250
2 0.545089 0.928125 0.014286 0.012500
2 0.549554 0.924375 0.014286 0.011250
2 0.556250 0.919063 0.014286 0.010000
2 0.563839 0.915000 0.016071 0.011250
2 0.567411 0.908750 0.014286 0.011250
2 0.574107 0.905000 0.014286 0.010000
2 0.578571 0.901250 0.014286 0.008750
2 0.584375 0.895000 0.012500 0.008750
2 0.590625 0.892500 0.016071 0.010000
2 0.597321 0.889375 0.016071 0.010000
2 0.100446 0.653125 0.017857 0.012500
2 0.092411 0.655312 0.019643 0.013750
2 0.085714 0.661562 0.019643 0.013750
2 0.079018 0.667188 0.019643 0.012500
2 0.010268 0.715000 0.016071 0.011250
2 0.018750 0.710938 0.019643 0.012500
2 0.024554 0.707188 0.017857 0.011250
2 0.062500 0.682188 0.017857 0.011250
2 0.068750 0.676562 0.021429 0.012500
2 0.072321 0.671250 0.019643 0.011250
2 0.007589 0.968750 0.010714 0.012500
2 0.610714 0.895625 0.016071 0.010000
2 0.613393 0.890938 0.012500 0.010000
2 0.618750 0.888437 0.014286 0.011250
2 0.251339 0.646250 0.016071 0.011250
2 0.800000 0.926875 0.019643 0.010000
2 0.805804 0.921875 0.017857 0.012500
2 0.280357 0.780625 0.016071 0.011250
2 0.271429 0.773438 0.016071 0.012500
2 0.282143 0.757500 0.019643 0.015000
2 0.295982 0.745625 0.016071 0.010000
2 0.311161 0.735000 0.019643 0.013750
2 0.209375 0.615625 0.021429 0.012500
2 0.215625 0.621250 0.016071 0.011250
2 0.218750 0.624062 0.017857 0.013750
2 0.227679 0.628750 0.017857 0.013750
2 0.245536 0.641250 0.017857 0.013750
2 0.258036 0.650000 0.016071 0.012500
2 0.700000 0.983750 0.016071 0.011250
2 0.280357 0.665625 0.016071 0.012500
2 0.284821 0.670937 0.016071 0.013750
2 0.294196 0.674063 0.012500 0.013750
2 0.313839 0.689688 0.016071 0.013750
2 0.326786 0.690000 0.019643 0.011250
2 0.330804 0.684688 0.014286 0.010000
2 0.340625 0.682188 0.016071 0.011250
2 0.353125 0.673125 0.014286 0.008750
2 0.360714 0.667500 0.016071 0.010000
2 0.384375 0.646250 0.014286 0.011250
2 0.388839 0.648438 0.014286 0.012500
2 0.674107 0.740000 0.017857 0.011250
2 0.792411 0.930625 0.017857 0.011250
2 0.787946 0.936250 0.017857 0.010000
2 0.781250 0.938750 0.017857 0.008750
2 0.774554 0.944063 0.017857 0.010000
2 0.712946 0.974687 0.019643 0.015000
2 0.717857 0.971250 0.016071 0.011250
2 0.726786 0.966562 0.016071 0.011250
2 0.730804 0.960938 0.019643 0.012500
2 0.737946 0.958125 0.016071 0.010000
2 0.743750 0.953438 0.014286 0.010000
2 0.745982 0.948750 0.014286 0.010000
2 0.752232 0.945625 0.017857 0.010000
2 0.756696 0.940000 0.017857 0.011250
2 0.762500 0.934688 0.016071 0.010000
2 0.766964 0.931563 0.016071 0.010000
2 0.772321 0.925938 0.017857 0.011250
2 0.780357 0.921875 0.016071 0.012500
2 0.784375 0.915000 0.019643 0.011250
2 0.790179 0.911875 0.017857 0.011250
2 0.797321 0.908125 0.014286 0.010000
2 0.812500 0.916563 0.017857 0.011250
2 0.727679 0.983750 0.017857 0.011250
2 0.731250 0.976875 0.016071 0.010000
2 0.737054 0.973750 0.014286 0.010000
2 0.742857 0.970625 0.012500 0.010000
2 0.748214 0.967500 0.014286 0.010000
2 0.755804 0.957188 0.016071 0.011250
2 0.761607 0.951250 0.014286 0.008750
2 0.768304 0.947188 0.014286 0.010000
2 0.682143 0.736875 0.016071 0.011250
2 0.685268 0.731250 0.017857 0.012500
2 0.691964 0.726562 0.017857 0.012500
2 0.725893 0.740000 0.014286 0.011250
2 0.743750 0.727500 0.014286 0.011250
2 0.747768 0.722187 0.017857 0.010000
2 0.754018 0.718438 0.012500 0.008750
2 0.761161 0.715000 0.017857 0.011250
2 0.768304 0.709688 0.014286 0.010000
2 0.773661 0.707188 0.016071 0.011250
2 0.779018 0.703750 0.017857 0.013750
2 0.781696 0.696875 0.014286 0.012500
2 0.790625 0.695000 0.014286 0.008750
2 0.791518 0.688438 0.016071 0.011250
2 0.797321 0.683125 0.014286 0.010000
2 0.807143 0.679063 0.016071 0.011250
2 0.809375 0.675938 0.016071 0.011250
2 0.817411 0.671875 0.014286 0.012500
2 0.822768 0.667500 0.016071 0.010000
2 0.827232 0.664375 0.016071 0.010000
2 0.833929 0.658125 0.016071 0.010000
2 0.840625 0.653438 0.016071 0.010000
2 0.845089 0.650000 0.016071 0.012500
2 0.852679 0.646250 0.017857 0.011250
2 0.857589 0.640313 0.014286 0.008750
2 0.861607 0.635938 0.017857 0.012500
2 0.870536 0.632812 0.017857 0.012500
2 0.876339 0.628437 0.016071 0.010000
2 0.881250 0.625312 0.012500 0.010000
2 0.733482 0.735938 0.016071 0.012500
2 0.721429 0.744062 0.014286 0.010000
2 0.702232 0.718125 0.016071 0.011250
2 0.714732 0.747188 0.014286 0.010000
2 0.708929 0.713438 0.016071 0.011250
2 0.715179 0.710313 0.019643 0.011250
2 0.720982 0.705313 0.017857 0.013750
2 0.727679 0.700000 0.017857 0.012500
2 0.735268 0.696562 0.019643 0.015000
2 0.755357 0.679375 0.019643 0.015000
2 0.761161 0.674687 0.017857 0.015000
2 0.764732 0.669063 0.016071 0.010000
2 0.772321 0.666250 0.017857 0.013750
2 0.779911 0.660000 0.019643 0.013750
2 0.789286 0.652500 0.016071 0.011250
2 0.795089 0.647813 0.014286 0.011250
2 0.800446 0.643750 0.016071 0.012500
2 0.814286 0.634687 0.012500 0.010000
2 0.818304 0.629687 0.016071 0.012500
2 0.831250 0.624375 0.019643 0.011250
2 0.834821 0.620313 0.017857 0.012500
2 0.848214 0.610938 0.017857 0.012500
2 0.851786 0.605625 0.016071 0.011250
2 0.872768 0.592187 0.017857 0.012500
2 0.866071 0.596875 0.017857 0.012500
2 0.858482 0.601875 0.016071 0.010000
2 0.892857 0.577187 0.017857 0.013750
2 0.702232 0.758125 0.016071 0.010000
2 0.708929 0.753125 0.016071 0.012500
2 0.708929 0.977500 0.016071 0.011250
2 0.705804 0.944063 0.014286 0.010000
2 0.626339 0.883750 0.016071 0.011250
2 0.579464 0.978438 0.016071 0.010000
2 0.664286 0.893750 0.016071 0.012500
2 0.669643 0.889062 0.017857 0.012500
2 0.675446 0.883125 0.016071 0.010000
2 0.683036 0.881250 0.017857 0.012500
2 0.689732 0.877188 0.017857 0.013750
2 0.694196 0.871875 0.017857 0.012500
2 0.707589 0.864062 0.017857 0.012500
2 0.701339 0.868750 0.014286 0.012500
2 0.712054 0.859375 0.017857 0.012500
2 0.718750 0.854375 0.017857 0.015000
2 0.727679 0.849062 0.017857 0.013750
2 0.575000 0.982187 0.016071 0.011250
2 0.587054 0.974375 0.017857 0.011250
2 0.710268 0.940625 0.014286 0.012500
2 0.592857 0.969688 0.016071 0.011250
2 0.599554 0.965625 0.016071 0.012500
2 0.604911 0.960313 0.017857 0.011250
2 0.610714 0.956250 0.016071 0.012500
2 0.618304 0.953125 0.017857 0.012500
2 0.622768 0.947500 0.017857 0.013750
2 0.627232 0.942812 0.017857 0.013750
2 0.632589 0.939063 0.019643 0.012500
2 0.639286 0.934375 0.019643 0.012500
2 0.646429 0.929688 0.016071 0.012500
2 0.650893 0.926250 0.016071 0.015000
2 0.658929 0.921875 0.014286 0.012500
2 0.658482 0.896875 0.017857 0.012500
2 0.654464 0.902500 0.014286 0.011250
2 0.647321 0.906250 0.017857 0.012500
2 0.642411 0.911250 0.012500 0.010000
2 0.632143 0.880000 0.014286 0.010000
2 0.637500 0.875938 0.016071 0.011250
2 0.645536 0.869688 0.014286 0.011250
2 0.650893 0.865938 0.016071 0.010000
2 0.662946 0.859375 0.017857 0.012500
2 0.670089 0.852500 0.014286 0.011250
2 0.674554 0.850000 0.014286 0.012500
2 0.681250 0.846250 0.014286 0.011250
2 0.689286 0.841562 0.012500 0.011250
2 0.548214 0.979375 0.016071 0.008750
2 0.552679 0.973750 0.016071 0.010000
2 0.558036 0.969063 0.017857 0.010000
2 0.565179 0.965938 0.014286 0.010000
2 0.570536 0.960313 0.016071 0.011250
2 0.578571 0.956563 0.014286 0.010000
2 0.583929 0.951875 0.016071 0.010000
2 0.589732 0.947813 0.014286 0.011250
2 0.594196 0.945625 0.014286 0.010000
2 0.601786 0.940625 0.016071 0.012500
2 0.607589 0.937813 0.014286 0.010000
2 0.610714 0.930625 0.016071 0.011250
2 0.618750 0.928125 0.014286 0.012500
2 0.623214 0.921562 0.014286 0.008750
2 0.627679 0.919063 0.014286 0.010000
2 0.635268 0.915000 0.016071 0.011250
2 0.664286 0.916250 0.016071 0.013750
2 0.670089 0.913438 0.014286 0.011250
2 0.674107 0.909375 0.017857 0.012500
2 0.725000 0.908125 0.012500 0.010000
2 0.741518 0.898438 0.014286 0.012500
2 0.747321 0.892500 0.012500 0.010000
2 0.754018 0.888437 0.012500 0.011250
2 0.760714 0.882500 0.012500 0.008750
2 0.767411 0.878125 0.012500 0.012500
2 0.778571 0.889062 0.021429 0.012500
2 0.773214 0.891563 0.019643 0.011250
2 0.765179 0.896250 0.021429 0.011250
2 0.762500 0.901875 0.016071 0.010000
2 0.749107 0.908750 0.016071 0.011250
2 0.754464 0.905312 0.017857 0.013750
2 0.740179 0.913438 0.016071 0.011250
2 0.733482 0.921875 0.016071 0.012500
2 0.646429 0.980625 0.016071 0.011250
2 0.654464 0.978125 0.014286 0.012500
2 0.664286 0.971875 0.016071 0.012500
2 0.668750 0.971250 0.016071 0.011250
2 0.673214 0.964687 0.016071 0.013750
2 0.679911 0.960000 0.016071 0.013750
2 0.685268 0.955313 0.017857 0.013750
2 0.691964 0.952812 0.017857 0.015000
2 0.699107 0.947813 0.014286 0.011250
2 0.726786 0.926875 0.016071 0.010000
2 0.721429 0.931563 0.014286 0.010000
2 0.715625 0.934062 0.016071 0.008750
2 0.733929 0.902500 0.012500 0.011250
2 0.719196 0.913438 0.014286 0.011250
2 0.682143 0.904062 0.016071 0.011250
2 0.714286 0.919687 0.017857 0.011250
2 0.686607 0.898438 0.016071 0.012500
2 0.693304 0.895937 0.016071 0.013750
2 0.700893 0.892188 0.017857 0.012500
2 0.703125 0.887500 0.017857 0.012500
2 0.709821 0.884375 0.017857 0.012500
2 0.716964 0.878125 0.014286 0.012500
2 0.722321 0.875625 0.016071 0.013750
2 0.728125 0.872500 0.014286 0.013750
2 0.734821 0.866563 0.014286 0.011250
2 0.742411 0.861563 0.016071 0.013750
2 0.626339 0.982500 0.016071 0.008750
2 0.632143 0.977500 0.014286 0.011250
2 0.637946 0.973125 0.012500 0.008750
2 0.644196 0.971250 0.016071 0.011250
2 0.649554 0.967187 0.017857 0.012500
2 0.657589 0.962500 0.016071 0.012500
2 0.663393 0.957500 0.014286 0.008750
2 0.668304 0.951875 0.010714 0.010000
2 0.671429 0.948750 0.012500 0.010000
2 0.679018 0.944063 0.014286 0.010000
2 0.683929 0.939375 0.010714 0.010000
2 0.691071 0.935312 0.016071 0.011250
2 0.697768 0.931563 0.016071 0.010000
2 0.702232 0.926875 0.016071 0.010000
2 0.708929 0.922188 0.016071 0.010000
2 0.887500 0.620000 0.016071 0.008750
2 0.895536 0.615313 0.014286 0.008750
2 0.902232 0.612187 0.014286 0.008750
2 0.022321 0.873750 0.017857 0.010000
2 0.059821 0.857812 0.012500 0.012500
2 0.905804 0.606563 0.012500 0.010000
2 0.843750 0.705625 0.017857 0.011250
2 0.854018 0.696250 0.016071 0.011250
2 0.860714 0.692187 0.016071 0.012500
2 0.866071 0.689063 0.017857 0.012500
2 0.871875 0.683750 0.016071 0.011250
2 0.878571 0.680625 0.016071 0.011250
2 0.886161 0.677500 0.017857 0.011250
2 0.890625 0.671250 0.017857 0.011250
2 0.897321 0.665625 0.017857 0.012500
2 0.905357 0.660937 0.016071 0.012500
2 0.909821 0.658125 0.016071 0.010000
2 0.915625 0.652500 0.014286 0.011250
2 0.920089 0.649375 0.014286 0.011250
2 0.926339 0.645937 0.017857 0.013750
2 0.933036 0.642188 0.017857 0.012500
2 0.939732 0.637500 0.017857 0.012500
2 0.946429 0.633750 0.017857 0.011250
2 0.950893 0.628125 0.017857 0.012500
2 0.958929 0.624375 0.016071 0.011250
2 0.737054 0.802500 0.014286 0.011250
2 0.744643 0.797813 0.016071 0.011250
2 0.751339 0.792188 0.016071 0.012500
2 0.755804 0.789375 0.016071 0.010000
2 0.763393 0.784375 0.017857 0.012500
2 0.769196 0.779062 0.016071 0.011250
2 0.772321 0.775625 0.017857 0.013750
2 0.849554 0.701875 0.016071 0.010000
2 0.836161 0.709688 0.016071 0.010000
2 0.831696 0.714375 0.016071 0.010000
2 0.797768 0.861563 0.019643 0.013750
2 0.734821 0.788750 0.014286 0.008750
2 0.745536 0.779687 0.017857 0.012500
2 0.751339 0.775000 0.016071 0.012500
2 0.755804 0.770625 0.016071 0.010000
2 0.761607 0.766563 0.014286 0.011250
2 0.768304 0.762813 0.014286 0.010000
2 0.773661 0.758125 0.016071 0.010000
2 0.780357 0.753437 0.016071 0.010000
2 0.784821 0.750938 0.016071 0.011250
2 0.789286 0.744688 0.016071 0.011250
2 0.797321 0.739375 0.014286 0.010000
2 0.801339 0.736250 0.017857 0.010000
2 0.807143 0.732812 0.016071 0.012500
2 0.814732 0.728125 0.017857 0.012500
2 0.820089 0.724375 0.019643 0.011250
2 0.825893 0.719062 0.017857 0.010000
2 0.786607 0.766250 0.019643 0.013750
2 0.895089 0.633437 0.017857 0.013750
2 0.899554 0.628750 0.017857 0.013750
2 0.906250 0.623437 0.017857 0.012500
2 0.911607 0.620313 0.019643 0.012500
2 0.918304 0.615625 0.019643 0.012500
2 0.924107 0.610313 0.017857 0.011250
2 0.930804 0.606250 0.017857 0.012500
2 0.753571 0.756250 0.016071 0.012500
2 0.921429 0.076250 0.021429 0.015000
2 0.941964 0.088750 0.017857 0.015000
2 0.803571 0.116875 0.017857 0.015000
2 0.806696 0.139688 0.019643 0.013750
2 0.887946 0.638437 0.012500 0.011250
2 0.881696 0.642813 0.017857 0.013750
2 0.877232 0.646875 0.017857 0.012500
2 0.869643 0.650000 0.016071 0.012500
2 0.911607 0.602812 0.010714 0.008750
2 0.919196 0.598750 0.012500 0.010000
2 0.715625 0.764375 0.016071 0.010000
2 0.719196 0.761875 0.014286 0.011250
2 0.726786 0.757188 0.016071 0.011250
2 0.735714 0.752500 0.016071 0.011250
2 0.742857 0.744688 0.012500 0.011250
2 0.747768 0.740625 0.017857 0.012500
2 0.753125 0.735313 0.019643 0.011250
2 0.761161 0.731250 0.017857 0.012500
2 0.767857 0.725000 0.017857 0.012500
2 0.777232 0.720313 0.014286 0.012500
2 0.784821 0.715625 0.016071 0.012500
2 0.789286 0.710625 0.016071 0.008750
2 0.794643 0.704688 0.017857 0.012500
2 0.804464 0.697500 0.019643 0.013750
2 0.811161 0.691563 0.019643 0.011250
2 0.816964 0.689375 0.017857 0.010000
2 0.825893 0.684688 0.017857 0.010000
2 0.830357 0.679063 0.017857 0.011250
2 0.836161 0.676562 0.016071 0.012500
2 0.841518 0.671875 0.017857 0.012500
2 0.847321 0.667812 0.016071 0.013750
2 0.854911 0.664062 0.017857 0.012500
2 0.864732 0.655625 0.019643 0.011250
2 0.779911 0.771875 0.019643 0.012500
2 0.790179 0.761250 0.017857 0.010000
2 0.859375 0.828750 0.017857 0.013750
2 0.821429 0.858750 0.017857 0.011250
2 0.827679 0.851562 0.021429 0.012500
2 0.832589 0.846250 0.017857 0.011250
2 0.837946 0.841875 0.019643 0.015000
2 0.844643 0.839375 0.019643 0.016250
2 0.851786 0.833437 0.016071 0.013750
2 0.862054 0.822813 0.014286 0.011250
2 0.842857 0.821250 0.016071 0.011250
2 0.869196 0.821875 0.019643 0.012500
2 0.871875 0.816563 0.016071 0.011250
2 0.881250 0.813125 0.021429 0.013750
2 0.885714 0.810000 0.021429 0.013750
2 0.894196 0.803438 0.016071 0.010000
2 0.899554 0.800938 0.017857 0.011250
2 0.906250 0.796875 0.017857 0.012500
2 0.912054 0.790625 0.016071 0.012500
2 0.919643 0.787500 0.017857 0.012500
2 0.924107 0.783750 0.017857 0.011250
2 0.929464 0.777500 0.019643 0.011250
2 0.932143 0.773438 0.016071 0.012500
2 0.854018 0.812813 0.016071 0.010000
2 0.861607 0.807813 0.017857 0.012500
2 0.867411 0.801875 0.016071 0.010000
2 0.872768 0.799375 0.017857 0.011250
2 0.881250 0.796875 0.021429 0.012500
2 0.887054 0.791250 0.019643 0.013750
2 0.891518 0.785937 0.019643 0.012500
2 0.896429 0.782188 0.016071 0.011250
2 0.907143 0.778125 0.019643 0.012500
2 0.909821 0.773438 0.016071 0.012500
2 0.915179 0.768750 0.017857 0.012500
2 0.920982 0.765000 0.016071 0.011250
2 0.926786 0.759687 0.014286 0.010000
2 0.933036 0.755625 0.017857 0.011250
2 0.937500 0.751875 0.017857 0.010000
2 0.944643 0.746250 0.014286 0.011250
2 0.951339 0.743125 0.014286 0.011250
2 0.966964 0.730000 0.014286 0.010000
2 0.975446 0.726875 0.017857 0.010000
2 0.980357 0.721562 0.014286 0.008750
2 0.985714 0.718125 0.016071 0.011250
2 0.939732 0.769375 0.017857 0.013750
2 0.946429 0.765625 0.017857 0.012500
2 0.952679 0.760938 0.021429 0.012500
2 0.956250 0.756250 0.019643 0.012500
2 0.962500 0.753125 0.023214 0.012500
2 0.969196 0.748437 0.023214 0.012500
2 0.974107 0.742812 0.019643 0.013750
2 0.979911 0.740000 0.017857 0.011250
2 0.986607 0.735313 0.017857 0.011250
2 0.991071 0.731250 0.017857 0.012500
2 0.858482 0.864062 0.016071 0.012500
2 0.865625 0.860000 0.021429 0.013750
2 0.872768 0.856250 0.017857 0.012500
2 0.879464 0.852812 0.017857 0.015000
2 0.885268 0.846250 0.016071 0.011250
2 0.888393 0.844375 0.017857 0.013750
2 0.897321 0.840625 0.017857 0.012500
2 0.902679 0.834375 0.019643 0.012500
2 0.907143 0.830313 0.019643 0.013750
2 0.915179 0.825937 0.017857 0.011250
2 0.917411 0.821875 0.017857 0.012500
2 0.925000 0.816875 0.019643 0.015000
2 0.933929 0.812813 0.019643 0.016250
2 0.988393 0.767188 0.021429 0.012500
2 0.848214 0.816563 0.017857 0.011250
2 0.838393 0.825937 0.016071 0.011250
2 0.798214 0.757812 0.016071 0.012500
2 0.837500 0.766563 0.014286 0.011250
2 0.764286 0.819688 0.019643 0.011250
2 0.770089 0.815000 0.017857 0.011250
2 0.776786 0.809375 0.017857 0.012500
2 0.782143 0.805312 0.019643 0.013750
2 0.788393 0.802500 0.014286 0.011250
2 0.795089 0.796875 0.014286 0.012500
2 0.799107 0.792812 0.017857 0.013750
2 0.808036 0.789062 0.017857 0.012500
2 0.812500 0.784062 0.017857 0.008750
2 0.816071 0.780000 0.016071 0.010000
2 0.824107 0.775938 0.014286 0.011250
2 0.831696 0.771250 0.016071 0.011250
2 0.843304 0.762813 0.012500 0.010000
2 0.833929 0.829063 0.016071 0.011250
2 0.850446 0.760000 0.017857 0.013750
2 0.854018 0.754687 0.016071 0.012500
2 0.859821 0.750938 0.014286 0.011250
2 0.866071 0.746250 0.017857 0.011250
2 0.870536 0.741563 0.017857 0.011250
2 0.878571 0.736875 0.016071 0.011250
2 0.883036 0.733125 0.016071 0.010000
2 0.887500 0.728437 0.016071 0.010000
2 0.895536 0.725313 0.014286 0.010000
2 0.900446 0.718750 0.019643 0.012500
2 0.905357 0.715000 0.016071 0.011250
2 0.914286 0.711562 0.016071 0.013750
2 0.967857 0.633750 0.016071 0.011250
2 0.964286 0.638437 0.017857 0.011250
2 0.958929 0.642500 0.016071 0.010000
2 0.951786 0.647500 0.019643 0.013750
2 0.801339 0.754375 0.017857 0.015000
2 0.808929 0.747500 0.019643 0.013750
2 0.816518 0.743437 0.021429 0.015000
2 0.824554 0.739687 0.019643 0.013750
2 0.829018 0.735000 0.019643 0.013750
2 0.834821 0.731250 0.017857 0.012500
2 0.837054 0.728750 0.017857 0.013750
2 0.842411 0.723125 0.019643 0.015000
2 0.851339 0.719375 0.019643 0.013750
2 0.855804 0.715625 0.019643 0.012500
2 0.862500 0.710000 0.019643 0.013750
2 0.868304 0.705313 0.017857 0.013750
2 0.871875 0.702187 0.016071 0.013750
2 0.880357 0.697500 0.019643 0.013750
2 0.885714 0.693750 0.021429 0.012500
2 0.893750 0.690000 0.019643 0.011250
2 0.896429 0.685937 0.016071 0.012500
2 0.904018 0.680937 0.017857 0.015000
2 0.909375 0.676562 0.019643 0.012500
2 0.915179 0.672500 0.017857 0.013750
2 0.923214 0.666875 0.016071 0.015000
2 0.927679 0.664062 0.016071 0.012500
2 0.933036 0.659687 0.017857 0.016250
2 0.939732 0.655938 0.017857 0.015000
2 0.944196 0.651563 0.017857 0.012500
2 0.920536 0.707188 0.019643 0.011250
2 0.923214 0.702500 0.016071 0.011250
2 0.930804 0.697813 0.017857 0.011250
2 0.879018 0.754687 0.021429 0.012500
2 0.891518 0.746250 0.019643 0.011250
2 0.899554 0.743437 0.017857 0.008750
2 0.906250 0.738438 0.017857 0.011250
2 0.910714 0.734375 0.017857 0.012500
2 0.915179 0.729688 0.017857 0.012500
2 0.925000 0.725938 0.019643 0.011250
2 0.928125 0.721250 0.021429 0.011250
2 0.933036 0.716562 0.017857 0.011250
2 0.940625 0.713125 0.019643 0.013750
2 0.947321 0.706875 0.019643 0.013750
2 0.953125 0.703125 0.017857 0.012500
2 0.960714 0.697813 0.019643 0.011250
2 0.962946 0.695625 0.019643 0.010000
2 0.969643 0.691563 0.019643 0.011250
2 0.976339 0.685937 0.019643 0.012500
2 0.979464 0.681875 0.021429 0.013750
2 0.987500 0.678750 0.019643 0.013750
2 0.808929 0.848437 0.019643 0.012500
2 0.813839 0.842500 0.016071 0.010000
2 0.820536 0.837813 0.016071 0.010000
2 0.825000 0.833125 0.016071 0.010000
2 0.886607 0.750938 0.014286 0.011250
2 0.875000 0.760938 0.017857 0.012500
2 0.936607 0.694063 0.016071 0.010000
2 0.869196 0.765625 0.019643 0.012500
2 0.941071 0.689375 0.016071 0.010000
2 0.946429 0.684688 0.017857 0.010000
2 0.951786 0.681562 0.019643 0.010000
2 0.959821 0.677500 0.017857 0.011250
2 0.963393 0.672187 0.016071 0.010000
2 0.968750 0.667188 0.017857 0.012500
2 0.977679 0.663125 0.017857 0.013750
2 0.985268 0.660000 0.019643 0.013750
2 0.990179 0.657188 0.016071 0.011250
2 0.779018 0.829063 0.017857 0.011250
2 0.787054 0.825313 0.016071 0.010000
2 0.791518 0.821250 0.016071 0.011250
2 0.799107 0.815625 0.017857 0.012500
2 0.802679 0.810937 0.016071 0.012500
2 0.807143 0.808750 0.016071 0.011250
2 0.816071 0.803125 0.016071 0.012500
2 0.823214 0.801250 0.021429 0.015000
2 0.825893 0.794687 0.017857 0.011250
2 0.833929 0.790625 0.016071 0.012500
2 0.835714 0.785625 0.019643 0.015000
2 0.843750 0.782188 0.017857 0.011250
2 0.851339 0.777187 0.019643 0.013750
2 0.856250 0.771875 0.016071 0.012500
2 0.862946 0.768125 0.016071 0.011250
2 0.361607 0.966250 0.017857 0.013750
