2 0.981696 0.989687 0.021429 0.020000
2 0.958929 0.992812 0.016071 0.013750
2 0.946875 0.995000 0.014286 0.008750
2 0.937054 0.943437 0.030357 0.027500
2 0.928571 0.947500 0.026786 0.026250
2 0.918304 0.953125 0.028571 0.025000
2 0.908929 0.956250 0.023214 0.025000
2 0.889732 0.963125 0.025000 0.026250
2 0.830357 0.987500 0.026786 0.025000
2 0.800000 0.992812 0.019643 0.013750
2 0.977679 0.922500 0.035714 0.020000
2 0.970982 0.915625 0.035714 0.018750
2 0.956696 0.901563 0.025000 0.012500
2 0.956250 0.935937 0.028571 0.025000
2 0.941071 0.916250 0.016071 0.013750
2 0.922321 0.922500 0.014286 0.013750
2 0.915625 0.925000 0.014286 0.012500
2 0.905357 0.928750 0.016071 0.013750
2 0.897768 0.931250 0.014286 0.012500
2 0.889732 0.934375 0.016071 0.012500
2 0.882143 0.939688 0.014286 0.013750
2 0.875446 0.942187 0.014286 0.012500
2 0.991964 0.868125 0.010714 0.011250
2 0.984375 0.871250 0.008929 0.011250
2 0.979018 0.871250 0.007143 0.011250
2 0.803571 0.452500 0.017857 0.011250
2 0.925000 0.393750 0.019643 0.012500
2 0.913839 0.419688 0.019643 0.011250
2 0.769196 0.380000 0.016071 0.010000
2 0.647321 0.321875 0.017857 0.012500
2 0.576339 0.369062 0.014286 0.010000
2 0.586607 0.382188 0.021429 0.011250
2 0.500893 0.353125 0.019643 0.012500
2 0.454911 0.328125 0.021429 0.012500
2 0.550000 0.321250 0.019643 0.011250
2 0.540179 0.305625 0.017857 0.011250
2 0.529018 0.272187 0.017857 0.010000
2 0.505804 0.276250 0.016071 0.008750
2 0.450893 0.276250 0.017857 0.008750
2 0.701786 0.410938 0.019643 0.012500
2 0.825893 0.445625 0.017857 0.010000
2 0.930804 0.487187 0.017857 0.008750
2 0.367411 0.762500 0.016071 0.006250
2 0.405804 0.763437 0.012500 0.005000
2 0.449107 0.765625 0.014286 0.006250
2 0.504018 0.764062 0.012500 0.006250
2 0.226339 0.521875 0.010714 0.031250
2 0.861607 0.417500 0.035714 0.016250
2 0.941071 0.480625 0.016071 0.011250
2 0.970982 0.873750 0.008929 0.010000
2 0.392411 0.233438 0.021429 0.013750
2 0.326786 0.202500 0.019643 0.011250
2 0.317857 0.208125 0.019643 0.010000
2 0.277679 0.226875 0.019643 0.010000
2 0.181250 0.238125 0.014286 0.007500
2 0.157143 0.239375 0.019643 0.010000
2 0.089286 0.166875 0.017857 0.008750
2 0.177679 0.156875 0.016071 0.007500
2 0.044643 0.122188 0.017857 0.010000
2 0.251786 0.043125 0.012500 0.005000
2 0.252679 0.053125 0.014286 0.006250
2 0.225000 0.055000 0.012500 0.003750
2 0.225000 0.041563 0.012500 0.005000
2 0.225893 0.030625 0.014286 0.005000
2 0.364286 0.184375 0.023214 0.012500
2 0.416964 0.234375 0.021429 0.012500
2 0.698214 0.113125 0.012500 0.007500
2 0.885714 0.061250 0.012500 0.003750
2 0.884375 0.057500 0.014286 0.002500
2 0.809375 0.255312 0.016071 0.007500
2 0.700446 0.082500 0.012500 0.008750
2 0.699554 0.094375 0.010714 0.007500
2 0.699107 0.101250 0.014286 0.008750
2 0.698214 0.106250 0.012500 0.006250
2 0.350893 0.761875 0.014286 0.005000
2 0.298214 0.761562 0.016071 0.007500
2 0.256250 0.760938 0.012500 0.006250
2 0.740625 0.926875 0.012500 0.010000
2 0.755357 0.922813 0.010714 0.011250
2 0.757589 0.910937 0.010714 0.012500
2 0.764286 0.908125 0.010714 0.010000
2 0.770089 0.906563 0.008929 0.010000
2 0.776786 0.906563 0.008929 0.010000
2 0.748661 0.911250 0.010714 0.010000
2 0.741071 0.913438 0.008929 0.011250
2 0.733036 0.915625 0.010714 0.012500
2 0.719643 0.917500 0.010714 0.010000
2 0.712946 0.920625 0.010714 0.010000
2 0.983036 0.833750 0.010714 0.011250
2 0.971875 0.835313 0.010714 0.011250
2 0.962946 0.837500 0.010714 0.012500
2 0.947321 0.840625 0.010714 0.012500
2 0.748661 0.925938 0.010714 0.011250
2 0.733036 0.927500 0.010714 0.011250
2 0.226786 0.789062 0.007143 0.012500
2 0.723214 0.928125 0.008929 0.012500
2 0.964286 0.875000 0.008929 0.012500
2 0.956250 0.877500 0.010714 0.011250
2 0.987054 0.858125 0.014286 0.010000
2 0.982143 0.858750 0.008929 0.011250
2 0.973214 0.860625 0.008929 0.008750
2 0.966518 0.863438 0.008929 0.011250
2 0.957589 0.864375 0.008929 0.010000
2 0.950446 0.865000 0.012500 0.011250
2 0.749107 0.959688 0.007143 0.010000
2 0.928571 0.870625 0.008929 0.010000
2 0.912946 0.887813 0.008929 0.010000
2 0.870089 0.896250 0.012500 0.011250
2 0.864732 0.900938 0.010714 0.011250
2 0.805804 0.899375 0.008929 0.011250
2 0.716518 0.931563 0.008929 0.010000
2 0.939732 0.840938 0.008929 0.010000
2 0.927232 0.846250 0.010714 0.011250
2 0.919643 0.846250 0.008929 0.011250
2 0.911607 0.848437 0.010714 0.012500
2 0.840179 0.866563 0.010714 0.011250
2 0.827232 0.869688 0.007143 0.011250
2 0.795536 0.875000 0.010714 0.012500
2 0.759821 0.884375 0.010714 0.012500
2 0.747768 0.886562 0.008929 0.013750
2 0.738839 0.888437 0.008929 0.011250
2 0.733036 0.890000 0.010714 0.011250
2 0.723214 0.890625 0.008929 0.012500
2 0.707143 0.893750 0.012500 0.012500
2 0.681696 0.902500 0.010714 0.011250
2 0.370982 0.945937 0.014286 0.007500
2 0.349554 0.938125 0.016071 0.007500
2 0.222321 0.873750 0.007143 0.010000
2 0.223214 0.842187 0.008929 0.012500
2 0.222321 0.815625 0.007143 0.012500
2 0.671429 0.920625 0.012500 0.010000
2 0.676786 0.925313 0.014286 0.010000
2 0.681250 0.929375 0.014286 0.008750
2 0.745982 0.995625 0.014286 0.010000
2 0.896875 0.853125 0.012500 0.012500
2 0.862500 0.858750 0.010714 0.011250
2 0.750446 0.997812 0.014286 0.005000
2 0.742857 0.990312 0.012500 0.008750
2 0.689286 0.938750 0.012500 0.008750
2 0.733929 0.982187 0.012500 0.011250
2 0.718304 0.970000 0.012500 0.008750
2 0.716071 0.965312 0.012500 0.008750
2 0.712500 0.960000 0.014286 0.007500
2 0.707143 0.955000 0.012500 0.010000
2 0.693750 0.941875 0.012500 0.008750
2 0.854018 0.326875 0.016071 0.010000
