2 0.646875 0.839375 0.012500 0.010000
2 0.654911 0.844063 0.010714 0.010000
2 0.660268 0.850938 0.012500 0.011250
2 0.671429 0.860938 0.012500 0.012500
2 0.540625 0.907188 0.014286 0.005000
2 0.861161 0.923750 0.012500 0.010000
2 0.782143 0.929375 0.010714 0.008750
2 0.787500 0.937500 0.012500 0.006250
2 0.801786 0.953125 0.014286 0.006250
2 0.815625 0.968750 0.010714 0.006250
2 0.827679 0.981250 0.012500 0.006250
2 0.791964 0.983437 0.012500 0.007500
2 0.727679 0.906875 0.008929 0.007500
2 0.741071 0.921562 0.008929 0.008750
2 0.732143 0.914687 0.008929 0.007500
2 0.106250 0.707500 0.007143 0.008750
2 0.097321 0.708125 0.007143 0.010000
2 0.091964 0.705937 0.005357 0.008750
2 0.115179 0.665000 0.007143 0.011250
2 0.108482 0.664375 0.007143 0.010000
2 0.098661 0.665312 0.005357 0.008750
2 0.299554 0.635938 0.014286 0.006250
2 0.833036 0.500000 0.014286 0.006250
2 0.833929 0.538125 0.016071 0.007500
2 0.805804 0.527500 0.008929 0.011250
2 0.786161 0.502500 0.014286 0.005000
2 0.829464 0.487500 0.016071 0.006250
2 0.821875 0.492188 0.014286 0.006250
2 0.824107 0.479687 0.014286 0.006250
2 0.785268 0.496250 0.012500 0.005000
2 0.673214 0.438438 0.016071 0.005000
2 0.617857 0.452500 0.012500 0.005000
2 0.603125 0.452500 0.014286 0.005000
2 0.404464 0.117813 0.014286 0.007500
2 0.391071 0.131250 0.014286 0.006250
2 0.716071 0.031563 0.012500 0.010000
2 0.722768 0.026875 0.012500 0.010000
2 0.728125 0.022187 0.014286 0.010000
2 0.747321 0.038125 0.012500 0.007500
2 0.762500 0.038750 0.007143 0.008750
2 0.752679 0.032500 0.014286 0.008750
2 0.762054 0.020938 0.010714 0.007500
2 0.770982 0.021250 0.010714 0.011250
2 0.776786 0.014688 0.008929 0.007500
2 0.783929 0.012812 0.014286 0.010000
2 0.791071 0.007500 0.010714 0.008750
2 0.797768 0.005312 0.010714 0.007500
2 0.769196 0.039062 0.007143 0.012500
2 0.775893 0.036250 0.007143 0.010000
2 0.783929 0.037812 0.005357 0.010000
2 0.791518 0.038750 0.007143 0.008750
2 0.818304 0.039375 0.007143 0.010000
2 0.830357 0.039375 0.008929 0.010000
2 0.830357 0.029063 0.008929 0.011250
2 0.840625 0.027187 0.007143 0.007500
2 0.812500 0.028437 0.008929 0.010000
2 0.848214 0.038750 0.008929 0.008750
2 0.840625 0.039375 0.007143 0.010000
2 0.857143 0.037812 0.008929 0.010000
