2 0.378571 0.855312 0.051786 0.013750
2 0.988393 0.435313 0.012500 0.011250
2 0.856250 0.344687 0.007143 0.011250
2 0.991071 0.315000 0.008929 0.011250
2 0.942857 0.331250 0.010714 0.012500
2 0.920536 0.335313 0.010714 0.011250
2 0.904018 0.338438 0.008929 0.011250
2 0.898214 0.365625 0.010714 0.012500
2 0.911607 0.361875 0.010714 0.011250
2 0.938393 0.376875 0.010714 0.010000
2 0.964286 0.397813 0.008929 0.011250
2 0.946429 0.355000 0.008929 0.010000
2 0.954464 0.353437 0.007143 0.010000
2 0.866071 0.371875 0.008929 0.012500
2 0.989732 0.346250 0.010714 0.011250
2 0.856250 0.371250 0.007143 0.011250
2 0.994196 0.371250 0.010714 0.011250
2 0.920982 0.379062 0.007143 0.011250
2 0.883036 0.411875 0.007143 0.011250
2 0.938393 0.451875 0.010714 0.010000
2 0.875000 0.342500 0.008929 0.010000
2 0.889732 0.340000 0.007143 0.011250
2 0.883036 0.367500 0.007143 0.010000
2 0.963393 0.351875 0.007143 0.010000
2 0.972321 0.351875 0.007143 0.010000
2 0.979911 0.348125 0.008929 0.008750
2 0.978571 0.395625 0.010714 0.010000
2 0.962054 0.420000 0.008929 0.008750
2 0.904464 0.383125 0.005357 0.010000
2 0.911161 0.381562 0.005357 0.010000
2 0.891964 0.410313 0.007143 0.011250
2 0.875000 0.414062 0.008929 0.012500
2 0.894196 0.453125 0.007143 0.012500
2 0.906250 0.456562 0.008929 0.010000
2 0.780357 0.863125 0.016071 0.007500
2 0.541071 0.854688 0.019643 0.006250
2 0.569196 0.843125 0.017857 0.005000
2 0.639286 0.861875 0.019643 0.005000
2 0.860714 0.891875 0.016071 0.008750
2 0.448661 0.852812 0.017857 0.008750
2 0.472321 0.866250 0.016071 0.007500
2 0.943750 0.589063 0.012500 0.012500
2 0.965179 0.584375 0.010714 0.012500
2 0.975446 0.584375 0.008929 0.012500
2 0.983036 0.586875 0.010714 0.011250
2 0.795982 0.643125 0.016071 0.011250
2 0.734821 0.619375 0.014286 0.007500
2 0.743750 0.623125 0.014286 0.008750
2 0.764732 0.650938 0.016071 0.011250
2 0.752679 0.651250 0.014286 0.008750
2 0.744643 0.655938 0.016071 0.008750
2 0.726339 0.659062 0.010714 0.008750
2 0.921429 0.453750 0.012500 0.013750
2 0.928571 0.333750 0.008929 0.011250
2 0.935268 0.333750 0.008929 0.011250
