2 0.873661 0.995625 0.019643 0.010000
2 0.869196 0.990000 0.019643 0.011250
2 0.863839 0.978750 0.008929 0.013750
2 0.854018 0.968750 0.007143 0.012500
2 0.844643 0.963438 0.010714 0.011250
2 0.835268 0.954688 0.014286 0.012500
2 0.882589 0.981563 0.019643 0.010000
2 0.907143 0.967812 0.019643 0.013750
2 0.911607 0.973437 0.019643 0.012500
2 0.916964 0.979688 0.021429 0.012500
2 0.925000 0.985313 0.019643 0.011250
2 0.927232 0.990625 0.019643 0.012500
2 0.933036 0.995625 0.017857 0.010000
2 0.725893 0.713125 0.014286 0.013750
2 0.737054 0.756875 0.014286 0.013750
2 0.746875 0.752188 0.016071 0.013750
2 0.756696 0.747500 0.017857 0.013750
2 0.765625 0.741250 0.017857 0.013750
2 0.779018 0.737187 0.017857 0.015000
2 0.787946 0.730938 0.017857 0.015000
2 0.736607 0.710625 0.017857 0.015000
2 0.746875 0.702187 0.016071 0.013750
2 0.755804 0.698438 0.016071 0.012500
2 0.763393 0.693750 0.017857 0.012500
2 0.809821 0.635313 0.021429 0.011250
2 0.758929 0.646875 0.017857 0.012500
2 0.774107 0.591562 0.012500 0.011250
2 0.785268 0.592187 0.012500 0.012500
2 0.795536 0.590625 0.010714 0.012500
2 0.807143 0.593438 0.016071 0.015000
2 0.815179 0.598125 0.014286 0.015000
2 0.821875 0.603750 0.014286 0.013750
2 0.563393 0.596875 0.019643 0.012500
2 0.779911 0.515000 0.019643 0.011250
2 0.914286 0.934375 0.016071 0.012500
2 0.923214 0.931875 0.016071 0.013750
2 0.931250 0.925000 0.014286 0.012500
2 0.938839 0.922500 0.016071 0.013750
2 0.946429 0.918437 0.017857 0.015000
2 0.952232 0.914062 0.016071 0.012500
2 0.973214 0.908438 0.017857 0.013750
2 0.981250 0.903750 0.016071 0.013750
2 0.916518 0.909375 0.016071 0.012500
2 0.948661 0.894688 0.017857 0.011250
2 0.962946 0.888437 0.019643 0.011250
2 0.848661 0.945625 0.014286 0.016250
2 0.856696 0.941250 0.012500 0.013750
2 0.865625 0.938750 0.012500 0.015000
2 0.876339 0.934688 0.016071 0.016250
2 0.885714 0.930000 0.012500 0.016250
2 0.694196 0.539375 0.017857 0.010000
2 0.843750 0.403125 0.017857 0.012500
2 0.860714 0.492188 0.016071 0.006250
2 0.865179 0.498437 0.016071 0.006250
2 0.868304 0.503750 0.017857 0.007500
2 0.873661 0.510938 0.019643 0.006250
2 0.866071 0.483750 0.017857 0.011250
2 0.873214 0.478125 0.014286 0.012500
2 0.881696 0.380312 0.017857 0.013750
2 0.888839 0.375000 0.014286 0.012500
2 0.908482 0.366250 0.017857 0.013750
2 0.917411 0.360000 0.017857 0.013750
2 0.925446 0.354687 0.016071 0.012500
2 0.933036 0.350000 0.017857 0.012500
2 0.943304 0.346562 0.016071 0.015000
2 0.949107 0.340625 0.014286 0.012500
2 0.960714 0.335938 0.010714 0.012500
2 0.971875 0.328750 0.010714 0.013750
2 0.857589 0.472500 0.014286 0.013750
2 0.810268 0.426563 0.017857 0.012500
2 0.725446 0.415000 0.017857 0.011250
2 0.186607 0.762500 0.016071 0.006250
2 0.212946 0.705313 0.010714 0.013750
2 0.223214 0.704688 0.008929 0.012500
2 0.244196 0.710000 0.010714 0.013750
2 0.257589 0.712500 0.010714 0.012500
2 0.270089 0.715625 0.008929 0.012500
2 0.237500 0.741563 0.019643 0.011250
2 0.701786 0.432188 0.019643 0.011250
2 0.719643 0.396250 0.019643 0.011250
2 0.728571 0.390000 0.019643 0.011250
2 0.743304 0.407188 0.017857 0.011250
2 0.753125 0.400938 0.019643 0.011250
2 0.736607 0.409687 0.017857 0.010000
2 0.716518 0.421875 0.017857 0.012500
2 0.181696 0.770000 0.019643 0.008750
2 0.767411 0.390625 0.021429 0.012500
2 0.792857 0.376563 0.023214 0.012500
2 0.800000 0.371250 0.019643 0.011250
2 0.808929 0.368125 0.019643 0.011250
2 0.787946 0.363750 0.017857 0.008750
2 0.782143 0.358125 0.019643 0.010000
2 0.773214 0.351250 0.019643 0.008750
2 0.768750 0.345000 0.019643 0.008750
2 0.816518 0.363437 0.021429 0.011250
2 0.824554 0.359375 0.019643 0.012500
2 0.833482 0.354063 0.019643 0.011250
2 0.821429 0.346250 0.017857 0.011250
2 0.834821 0.339062 0.017857 0.012500
2 0.157143 0.763750 0.019643 0.008750
2 0.221875 0.769375 0.019643 0.007500
2 0.843750 0.475000 0.008929 0.012500
2 0.266518 0.895000 0.019643 0.008750
2 0.116964 0.943437 0.019643 0.008750
2 0.120536 0.935625 0.017857 0.008750
2 0.129464 0.927187 0.017857 0.007500
2 0.179464 0.925938 0.019643 0.011250
2 0.183036 0.918125 0.017857 0.011250
2 0.193750 0.904062 0.021429 0.011250
2 0.201786 0.899375 0.019643 0.011250
2 0.239732 0.912187 0.019643 0.008750
2 0.264286 0.923125 0.019643 0.008750
2 0.224107 0.888750 0.019643 0.008750
2 0.300000 0.913750 0.019643 0.008750
2 0.284375 0.909062 0.019643 0.008750
2 0.275893 0.903750 0.016071 0.007500
2 0.257589 0.888125 0.019643 0.007500
2 0.218750 0.779687 0.017857 0.006250
2 0.251786 0.879063 0.021429 0.011250
2 0.243304 0.867188 0.017857 0.006250
2 0.233036 0.859062 0.019643 0.008750
2 0.223214 0.827500 0.008929 0.011250
2 0.011161 0.874687 0.017857 0.008750
2 0.017857 0.855625 0.017857 0.011250
2 0.024554 0.846562 0.017857 0.008750
2 0.034375 0.836250 0.019643 0.010000
2 0.040179 0.828438 0.017857 0.010000
2 0.152679 0.770625 0.019643 0.010000
2 0.175000 0.777187 0.019643 0.007500
2 0.217857 0.791875 0.016071 0.015000
2 0.841518 0.350000 0.017857 0.012500
2 0.850446 0.344687 0.017857 0.011250
2 0.816964 0.341562 0.017857 0.011250
2 0.933036 0.253750 0.017857 0.013750
2 0.941964 0.248125 0.017857 0.015000
2 0.969643 0.273438 0.019643 0.012500
2 0.977679 0.269687 0.017857 0.011250
2 0.986607 0.265000 0.017857 0.011250
2 0.942857 0.209687 0.010714 0.016250
2 0.980357 0.211875 0.023214 0.011250
2 0.808036 0.336875 0.017857 0.011250
2 0.976339 0.203437 0.028571 0.016250
2 0.970089 0.195625 0.025000 0.016250
2 0.963393 0.188750 0.025000 0.015000
2 0.826339 0.482812 0.023214 0.006250
2 0.841964 0.496875 0.014286 0.012500
2 0.848661 0.502500 0.014286 0.011250
2 0.851786 0.509375 0.016071 0.012500
2 0.858482 0.517188 0.016071 0.012500
2 0.819196 0.474375 0.017857 0.005000
2 0.817857 0.468750 0.019643 0.006250
2 0.813393 0.459375 0.019643 0.006250
2 0.948661 0.288438 0.017857 0.011250
2 0.941964 0.292500 0.017857 0.010000
2 0.930804 0.296875 0.017857 0.012500
2 0.923661 0.300937 0.021429 0.011250
2 0.804464 0.331562 0.019643 0.010000
2 0.796429 0.326562 0.021429 0.012500
2 0.790179 0.320625 0.017857 0.010000
2 0.803571 0.313125 0.017857 0.013750
2 0.811607 0.317500 0.016071 0.016250
2 0.815179 0.323125 0.014286 0.015000
2 0.822768 0.329375 0.016071 0.015000
2 0.828571 0.334375 0.014286 0.012500
2 0.868304 0.334375 0.017857 0.012500
2 0.875893 0.329062 0.019643 0.011250
2 0.884821 0.324375 0.019643 0.011250
2 0.860714 0.322500 0.016071 0.013750
2 0.853125 0.315625 0.014286 0.012500
2 0.847321 0.297500 0.016071 0.013750
2 0.855804 0.303125 0.010714 0.012500
2 0.860714 0.306875 0.016071 0.013750
2 0.868750 0.310937 0.014286 0.012500
2 0.893750 0.319688 0.019643 0.011250
2 0.902679 0.315937 0.019643 0.010000
2 0.906250 0.310312 0.017857 0.011250
2 0.863393 0.277188 0.012500 0.013750
2 0.872321 0.279375 0.012500 0.015000
2 0.878125 0.285000 0.010714 0.013750
2 0.884821 0.291250 0.010714 0.013750
2 0.892411 0.294375 0.012500 0.013750
2 0.900446 0.300000 0.010714 0.012500
2 0.914732 0.304688 0.021429 0.012500
