2 0.598661 0.216250 0.023214 0.007500
2 0.600893 0.197500 0.023214 0.007500
2 0.493750 0.187500 0.023214 0.006250
2 0.962946 0.104375 0.010714 0.015000
2 0.983929 0.072500 0.012500 0.013750
2 0.926339 0.365313 0.008929 0.015000
2 0.618304 0.218438 0.017857 0.008750
2 0.661607 0.182812 0.010714 0.012500
2 0.651339 0.182500 0.012500 0.015000
2 0.683036 0.174375 0.017857 0.005000
2 0.902232 0.265937 0.023214 0.010000
2 0.875893 0.263125 0.028571 0.007500
2 0.813839 0.244375 0.025000 0.007500
2 0.835268 0.258437 0.023214 0.007500
2 0.880804 0.244375 0.025000 0.007500
2 0.792857 0.236875 0.023214 0.005000
2 0.765179 0.231250 0.021429 0.006250
2 0.662500 0.204687 0.021429 0.006250
2 0.958929 0.180000 0.016071 0.016250
2 0.860714 0.174063 0.025000 0.007500
2 0.860268 0.225000 0.019643 0.006250
2 0.836607 0.222187 0.021429 0.003750
2 0.780357 0.217188 0.025000 0.006250
2 0.756250 0.215625 0.021429 0.006250
2 0.754911 0.187500 0.023214 0.006250
2 0.760714 0.181875 0.021429 0.007500
2 0.765179 0.175313 0.021429 0.003750
2 0.701786 0.208750 0.019643 0.005000
2 0.649554 0.197813 0.017857 0.005000
2 0.707589 0.185938 0.017857 0.006250
2 0.680357 0.184375 0.021429 0.006250
2 0.379018 0.859688 0.021429 0.010000
2 0.186607 0.726875 0.025000 0.010000
2 0.113393 0.744062 0.021429 0.010000
2 0.133482 0.795625 0.021429 0.010000
2 0.091071 0.776250 0.021429 0.008750
2 0.044643 0.805937 0.008929 0.015000
2 0.025446 0.898750 0.010714 0.016250
2 0.074107 0.834062 0.014286 0.015000
2 0.017857 0.930312 0.008929 0.013750
2 0.314732 0.773750 0.008929 0.016250
2 0.398214 0.806563 0.019643 0.010000
2 0.883482 0.355625 0.021429 0.011250
2 0.947321 0.375625 0.010714 0.020000
2 0.625893 0.814063 0.010714 0.012500
2 0.719196 0.757812 0.014286 0.012500
2 0.712946 0.757188 0.010714 0.011250
2 0.703125 0.755625 0.017857 0.017500
2 0.691964 0.754375 0.017857 0.015000
2 0.621429 0.717812 0.019643 0.007500
2 0.593304 0.714687 0.021429 0.007500
2 0.714286 0.725000 0.008929 0.012500
2 0.704018 0.724688 0.010714 0.015000
2 0.697321 0.723750 0.010714 0.016250
2 0.688393 0.723125 0.010714 0.015000
2 0.633482 0.775000 0.012500 0.012500
2 0.384821 0.366250 0.010714 0.013750
2 0.628571 0.798438 0.007143 0.012500
2 0.674554 0.743750 0.023214 0.006250
2 0.640179 0.745000 0.012500 0.015000
2 0.524554 0.804063 0.017857 0.017500
2 0.485268 0.827187 0.019643 0.007500
2 0.462500 0.825000 0.023214 0.006250
2 0.629911 0.741250 0.014286 0.013750
2 0.592411 0.739062 0.010714 0.012500
2 0.584821 0.739687 0.008929 0.013750
2 0.566964 0.741250 0.008929 0.013750
2 0.731250 0.759375 0.016071 0.012500
2 0.746875 0.761562 0.016071 0.013750
2 0.753571 0.763750 0.016071 0.015000
2 0.763393 0.765625 0.017857 0.012500
2 0.883036 0.836875 0.007143 0.011250
2 0.891964 0.836562 0.007143 0.013750
2 0.889732 0.849375 0.007143 0.011250
2 0.880804 0.849375 0.007143 0.011250
2 0.885714 0.697500 0.012500 0.013750
2 0.850000 0.880312 0.012500 0.013750
2 0.659821 0.869063 0.025000 0.010000
2 0.855804 0.853750 0.010714 0.013750
2 0.860268 0.841250 0.010714 0.013750
2 0.861161 0.825000 0.012500 0.012500
2 0.847768 0.824375 0.012500 0.017500
2 0.800893 0.784062 0.012500 0.015000
2 0.845982 0.781875 0.008929 0.013750
2 0.871429 0.780938 0.010714 0.015000
2 0.867411 0.676875 0.016071 0.016250
2 0.741071 0.725625 0.008929 0.013750
2 0.727232 0.725625 0.012500 0.013750
2 0.805804 0.769688 0.017857 0.017500
2 0.796875 0.767813 0.017857 0.013750
2 0.782589 0.766875 0.016071 0.015000
2 0.772321 0.766875 0.017857 0.015000
2 0.551786 0.737187 0.014286 0.015000
2 0.425893 0.701250 0.021429 0.008750
2 0.404464 0.673125 0.023214 0.015000
2 0.974107 0.518750 0.019643 0.006250
2 0.905357 0.479375 0.016071 0.021250
2 0.930357 0.475625 0.012500 0.013750
2 0.925893 0.391875 0.012500 0.015000
2 0.914286 0.425625 0.016071 0.013750
2 0.912500 0.439687 0.012500 0.013750
2 0.877679 0.418438 0.014286 0.015000
2 0.714286 0.493750 0.017857 0.006250
2 0.734821 0.452187 0.023214 0.007500
2 0.706250 0.457813 0.019643 0.006250
2 0.707589 0.448437 0.017857 0.006250
2 0.658036 0.461562 0.021429 0.007500
2 0.649107 0.485938 0.021429 0.006250
2 0.321429 0.478125 0.008929 0.012500
2 0.305357 0.430938 0.012500 0.015000
2 0.296429 0.429375 0.012500 0.015000
2 0.340179 0.400625 0.010714 0.013750
2 0.322321 0.399688 0.010714 0.015000
2 0.337946 0.371563 0.010714 0.015000
2 0.404464 0.361563 0.014286 0.013750
2 0.845536 0.525000 0.021429 0.006250
2 0.313393 0.710000 0.010714 0.013750
2 0.293304 0.517813 0.010714 0.013750
2 0.323214 0.673125 0.012500 0.015000
2 0.850446 0.733125 0.008929 0.016250
2 0.928571 0.750625 0.008929 0.013750
2 0.928571 0.731250 0.017857 0.006250
2 0.886161 0.710000 0.008929 0.013750
2 0.893750 0.663750 0.010714 0.015000
2 0.913393 0.637813 0.014286 0.016250
2 0.895982 0.645625 0.010714 0.016250
2 0.916071 0.597187 0.010714 0.016250
2 0.901786 0.606250 0.008929 0.012500
2 0.832143 0.653125 0.021429 0.012500
2 0.808929 0.650938 0.019643 0.011250
2 0.357143 0.623125 0.008929 0.015000
2 0.286607 0.633125 0.010714 0.016250
2 0.783929 0.580000 0.023214 0.010000
2 0.304911 0.615625 0.007143 0.012500
2 0.391518 0.607500 0.019643 0.008750
2 0.399554 0.595938 0.008929 0.013750
2 0.398214 0.576250 0.010714 0.015000
2 0.300000 0.547187 0.010714 0.016250
2 0.311607 0.530938 0.007143 0.015000
2 0.788393 0.612187 0.014286 0.021250
2 0.772321 0.610000 0.017857 0.026250
2 0.891964 0.898438 0.007143 0.012500
2 0.885714 0.882812 0.012500 0.012500
2 0.875000 0.890312 0.008929 0.015000
2 0.881696 0.898125 0.008929 0.015000
2 0.363839 0.813438 0.017857 0.011250
2 0.443750 0.876250 0.021429 0.008750
2 0.923214 0.265313 0.016071 0.008750
2 0.960268 0.311250 0.014286 0.016250
2 0.889286 0.421563 0.019643 0.015000
2 0.913839 0.703125 0.010714 0.012500
2 0.876786 0.742812 0.012500 0.013750
2 0.804911 0.615000 0.016071 0.023750
