2 0.475000 0.983437 0.012500 0.020000
2 0.420089 0.967812 0.023214 0.013750
2 0.390179 0.991875 0.021429 0.015000
2 0.017857 0.175000 0.017857 0.018750
2 0.023214 0.232187 0.019643 0.017500
2 0.037500 0.227500 0.021429 0.017500
2 0.060268 0.219062 0.017857 0.016250
2 0.084375 0.208750 0.021429 0.017500
2 0.102679 0.227188 0.017857 0.013750
2 0.087946 0.230625 0.019643 0.017500
2 0.074107 0.234063 0.014286 0.015000
2 0.062500 0.239375 0.017857 0.016250
2 0.051339 0.244688 0.017857 0.017500
2 0.039286 0.247500 0.016071 0.013750
2 0.018750 0.257812 0.019643 0.018750
2 0.120089 0.213438 0.021429 0.017500
2 0.142411 0.202188 0.021429 0.020000
2 0.154911 0.197813 0.019643 0.017500
2 0.180357 0.186875 0.021429 0.017500
2 0.235714 0.159688 0.016071 0.016250
2 0.257143 0.150000 0.023214 0.018750
2 0.268750 0.143750 0.019643 0.018750
2 0.277232 0.136875 0.023214 0.017500
2 0.275446 0.198750 0.019643 0.016250
2 0.253125 0.205625 0.019643 0.017500
2 0.117411 0.273750 0.016071 0.016250
2 0.096875 0.284062 0.019643 0.015000
2 0.084821 0.290313 0.017857 0.015000
2 0.075893 0.295625 0.017857 0.016250
2 0.061161 0.300312 0.019643 0.016250
2 0.049107 0.304375 0.017857 0.015000
2 0.037946 0.310625 0.017857 0.015000
2 0.026339 0.316562 0.021429 0.017500
2 0.015625 0.322813 0.017857 0.017500
2 0.009375 0.327188 0.014286 0.020000
2 0.007589 0.243125 0.010714 0.017500
