2 0.765179 0.851562 0.021429 0.012500
2 0.676339 0.602500 0.017857 0.011250
2 0.774554 0.655312 0.017857 0.013750
2 0.729464 0.631250 0.021429 0.012500
2 0.591964 0.640000 0.014286 0.011250
2 0.573661 0.631563 0.017857 0.010000
2 0.639732 0.671875 0.016071 0.012500
2 0.657143 0.679375 0.019643 0.015000
2 0.707143 0.698438 0.012500 0.012500
2 0.737054 0.720625 0.014286 0.016250
2 0.802679 0.671250 0.016071 0.011250
2 0.041518 0.815938 0.025000 0.010000
2 0.927679 0.746875 0.016071 0.012500
2 0.942411 0.847500 0.014286 0.013750
2 0.967857 0.860625 0.016071 0.015000
2 0.067857 0.750625 0.010714 0.013750
2 0.340179 0.712500 0.019643 0.012500
2 0.053571 0.754375 0.008929 0.015000
