2 0.577232 0.331875 0.016071 0.007500
2 0.576339 0.338750 0.014286 0.008750
2 0.566518 0.375000 0.021429 0.006250
2 0.563393 0.381875 0.019643 0.007500
2 0.562054 0.388125 0.021429 0.007500
2 0.607143 0.396875 0.008929 0.012500
2 0.617411 0.397500 0.007143 0.013750
2 0.627232 0.399688 0.008929 0.015000
2 0.642857 0.401250 0.008929 0.015000
2 0.652679 0.402187 0.010714 0.013750
2 0.661607 0.403750 0.010714 0.013750
2 0.670982 0.404375 0.007143 0.015000
2 0.679464 0.405938 0.010714 0.015000
2 0.686607 0.408750 0.007143 0.011250
2 0.697321 0.408437 0.010714 0.013750
2 0.741964 0.409375 0.010714 0.012500
2 0.682143 0.023125 0.025000 0.008750
2 0.611607 0.713125 0.017857 0.007500
2 0.636161 0.716875 0.017857 0.008750
2 0.773661 0.719375 0.016071 0.007500
2 0.793304 0.720313 0.019643 0.006250
2 0.862500 0.741250 0.019643 0.007500
2 0.742857 0.964375 0.012500 0.010000
