2 0.969196 0.957812 0.014286 0.012500
2 0.824107 0.984375 0.014286 0.012500
2 0.813839 0.994688 0.016071 0.011250
2 0.769643 0.995625 0.012500 0.010000
2 0.955357 0.935625 0.017857 0.015000
2 0.938839 0.927812 0.016071 0.015000
2 0.932143 0.924063 0.016071 0.013750
2 0.961161 0.953750 0.016071 0.013750
2 0.840625 0.992188 0.016071 0.012500
2 0.952232 0.951562 0.016071 0.012500
2 0.944196 0.947500 0.017857 0.013750
2 0.935268 0.944375 0.017857 0.013750
2 0.929018 0.939688 0.014286 0.013750
2 0.919643 0.938750 0.017857 0.015000
2 0.946429 0.965000 0.017857 0.011250
2 0.832589 0.986563 0.017857 0.013750
2 0.824107 0.995937 0.014286 0.007500
2 0.856250 0.995000 0.016071 0.008750
2 0.848661 0.994688 0.014286 0.011250
2 0.940179 0.980937 0.014286 0.015000
2 0.932143 0.976562 0.016071 0.012500
2 0.923214 0.970938 0.016071 0.013750
2 0.803571 0.839687 0.017857 0.013750
2 0.876339 0.870937 0.016071 0.013750
2 0.867411 0.866250 0.016071 0.013750
2 0.852232 0.859375 0.012500 0.012500
2 0.844196 0.856250 0.014286 0.012500
2 0.836161 0.852187 0.016071 0.013750
2 0.817411 0.846875 0.014286 0.012500
2 0.795089 0.835938 0.014286 0.012500
2 0.906696 0.966875 0.014286 0.015000
2 0.780357 0.829375 0.016071 0.015000
2 0.763393 0.822500 0.017857 0.013750
2 0.737500 0.826562 0.019643 0.012500
2 0.675000 0.801562 0.019643 0.012500
2 0.948214 0.750625 0.021429 0.013750
2 0.658036 0.591250 0.021429 0.013750
2 0.897321 0.912187 0.017857 0.015000
2 0.886607 0.923438 0.014286 0.012500
2 0.864286 0.952187 0.014286 0.013750
2 0.873214 0.953750 0.014286 0.013750
2 0.846429 0.960000 0.014286 0.013750
2 0.853125 0.960938 0.014286 0.012500
2 0.862946 0.964063 0.016071 0.012500
2 0.871875 0.967812 0.016071 0.013750
2 0.880804 0.971875 0.016071 0.012500
2 0.886607 0.976562 0.014286 0.012500
2 0.896429 0.980312 0.016071 0.013750
2 0.904464 0.983437 0.014286 0.013750
2 0.920089 0.988125 0.014286 0.013750
2 0.929911 0.991875 0.016071 0.015000
2 0.937946 0.995625 0.014286 0.010000
2 0.889732 0.960000 0.016071 0.013750
2 0.897321 0.965312 0.017857 0.015000
2 0.667857 0.146562 0.023214 0.015000
2 0.717411 0.172500 0.019643 0.013750
2 0.648214 0.171250 0.019643 0.011250
2 0.656250 0.165000 0.017857 0.011250
2 0.661607 0.159375 0.019643 0.012500
2 0.638393 0.158750 0.017857 0.011250
2 0.647321 0.153125 0.017857 0.012500
2 0.647321 0.135937 0.017857 0.012500
2 0.626786 0.133438 0.021429 0.013750
2 0.620089 0.138437 0.021429 0.011250
2 0.732143 0.179062 0.017857 0.011250
2 0.749107 0.187812 0.016071 0.010000
2 0.651786 0.229375 0.017857 0.015000
2 0.670536 0.243438 0.019643 0.015000
2 0.700893 0.255938 0.017857 0.015000
2 0.747321 0.281562 0.021429 0.016250
2 0.775446 0.408750 0.019643 0.011250
2 0.781250 0.401250 0.017857 0.008750
2 0.616071 0.760625 0.062500 0.033750
2 0.755804 0.059062 0.025000 0.015000
2 0.784821 0.093125 0.033929 0.023750
