2 0.595982 0.992500 0.035714 0.010000
2 0.583482 0.733750 0.019643 0.023750
2 0.599107 0.730625 0.019643 0.023750
2 0.682589 0.985625 0.039286 0.015000
2 0.744196 0.979375 0.037500 0.015000
2 0.780804 0.976562 0.039286 0.012500
2 0.897768 0.966875 0.032143 0.015000
2 0.858482 0.969375 0.033929 0.013750
2 0.818750 0.972500 0.039286 0.013750
2 0.937054 0.963125 0.039286 0.013750
2 0.890179 0.290625 0.021429 0.025000
2 0.823214 0.239063 0.021429 0.025000
2 0.635714 0.989687 0.039286 0.013750
2 0.982589 0.958750 0.032143 0.011250
