2 0.906696 0.316250 0.023214 0.007500
2 0.783036 0.214688 0.021429 0.013750
2 0.862946 0.209375 0.007143 0.012500
2 0.756250 0.256875 0.021429 0.007500
2 0.795982 0.208125 0.016071 0.016250
2 0.918750 0.976875 0.025000 0.010000
2 0.823214 0.991875 0.012500 0.015000
2 0.326786 0.961250 0.028571 0.010000
2 0.050893 0.715938 0.012500 0.016250
2 0.233929 0.725000 0.012500 0.018750
2 0.497768 0.574062 0.017857 0.007500
2 0.008482 0.603750 0.012500 0.007500
2 0.427232 0.524375 0.010714 0.017500
2 0.630357 0.682500 0.028571 0.008750
2 0.687500 0.709063 0.026786 0.008750
2 0.708482 0.735625 0.010714 0.021250
2 0.723214 0.735000 0.017857 0.020000
2 0.861161 0.713750 0.030357 0.008750
2 0.881696 0.578750 0.035714 0.013750
2 0.774107 0.501875 0.021429 0.010000
2 0.399107 0.303125 0.021429 0.006250
2 0.407143 0.215313 0.028571 0.008750
2 0.506696 0.254062 0.026786 0.011250
2 0.508482 0.277813 0.030357 0.008750
2 0.509375 0.267500 0.023214 0.010000
2 0.047768 0.193750 0.010714 0.012500
2 0.009375 0.296875 0.014286 0.006250
2 0.009375 0.307812 0.014286 0.006250
2 0.016071 0.332500 0.023214 0.008750
2 0.117411 0.482500 0.025000 0.008750
2 0.041071 0.498125 0.010714 0.015000
2 0.012946 0.550625 0.021429 0.007500
2 0.867857 0.121250 0.012500 0.023750
2 0.884821 0.126250 0.010714 0.015000
2 0.921429 0.126875 0.012500 0.016250
2 0.937946 0.127812 0.014286 0.015000
2 0.949554 0.128125 0.010714 0.018750
2 0.963839 0.130000 0.012500 0.016250
2 0.982143 0.126562 0.008929 0.018750
2 0.991964 0.127500 0.010714 0.017500
2 0.279911 0.024375 0.010714 0.017500
2 0.295536 0.025000 0.010714 0.018750
2 0.103125 0.022812 0.014286 0.017500
2 0.766071 0.732187 0.014286 0.017500
2 0.582589 0.915000 0.008929 0.011250
2 0.963839 0.992812 0.012500 0.013750
2 0.892411 0.738750 0.012500 0.015000
2 0.879911 0.298750 0.023214 0.016250
2 0.883929 0.588438 0.026786 0.011250
