2 0.044643 0.948438 0.017857 0.025000
2 0.106250 0.932500 0.016071 0.021250
2 0.147321 0.937187 0.017857 0.027500
2 0.164286 0.927812 0.016071 0.021250
2 0.181250 0.937500 0.014286 0.018750
2 0.197768 0.942812 0.016071 0.020000
2 0.331696 0.931875 0.016071 0.020000
2 0.396429 0.926875 0.016071 0.022500
2 0.424554 0.992500 0.014286 0.016250
2 0.482589 0.989687 0.014286 0.020000
2 0.502679 0.988750 0.014286 0.021250
2 0.494643 0.935625 0.016071 0.027500
2 0.514732 0.930000 0.016071 0.022500
2 0.620536 0.927500 0.017857 0.023750
2 0.638839 0.927187 0.014286 0.020000
2 0.700893 0.939688 0.017857 0.026250
2 0.775893 0.935625 0.016071 0.027500
2 0.805804 0.940312 0.017857 0.021250
2 0.827679 0.939375 0.021429 0.022500
2 0.969196 0.931250 0.023214 0.025000
