2 0.045089 0.013437 0.005357 0.011250
2 0.257589 0.013125 0.010714 0.013750
2 0.291518 0.030625 0.007143 0.011250
2 0.255357 0.029063 0.010714 0.011250
2 0.232143 0.030625 0.008929 0.011250
2 0.232143 0.013750 0.008929 0.008750
2 0.222321 0.014375 0.007143 0.010000
2 0.205357 0.015000 0.008929 0.011250
2 0.197768 0.029063 0.007143 0.011250
2 0.716518 0.228437 0.008929 0.010000
2 0.693750 0.274062 0.012500 0.013750
2 0.170982 0.014063 0.007143 0.012500
2 0.153125 0.015313 0.007143 0.015000
2 0.024554 0.176875 0.008929 0.010000
2 0.008036 0.175937 0.007143 0.011250
2 0.016071 0.177500 0.005357 0.011250
2 0.033482 0.177500 0.008929 0.011250
2 0.042857 0.177500 0.005357 0.011250
2 0.101786 0.178125 0.007143 0.012500
2 0.092857 0.176875 0.007143 0.010000
2 0.083929 0.177500 0.007143 0.011250
2 0.075893 0.176250 0.008929 0.008750
2 0.066071 0.176875 0.007143 0.010000
2 0.060268 0.177500 0.008929 0.011250
2 0.051339 0.176875 0.008929 0.010000
2 0.093750 0.207813 0.008929 0.012500
2 0.083929 0.206562 0.007143 0.010000
2 0.075000 0.205625 0.007143 0.011250
2 0.066964 0.205625 0.008929 0.011250
2 0.021429 0.208125 0.007143 0.010000
2 0.010268 0.208125 0.007143 0.010000
2 0.004018 0.206562 0.003571 0.010000
2 0.155357 0.030000 0.007143 0.010000
2 0.165179 0.210938 0.008929 0.012500
2 0.119643 0.209375 0.007143 0.012500
2 0.107143 0.208437 0.008929 0.013750
2 0.112054 0.177500 0.005357 0.011250
2 0.109375 0.158750 0.008929 0.011250
2 0.095089 0.129688 0.007143 0.012500
2 0.086161 0.128125 0.007143 0.012500
2 0.092411 0.110000 0.010714 0.013750
2 0.043750 0.078125 0.007143 0.012500
2 0.033482 0.078125 0.008929 0.012500
2 0.019196 0.080000 0.007143 0.010000
2 0.009375 0.078438 0.005357 0.010000
2 0.004911 0.080000 0.005357 0.010000
2 0.034821 0.110312 0.007143 0.011250
2 0.026786 0.110000 0.008929 0.013750
2 0.008929 0.110312 0.008929 0.011250
2 0.003125 0.110937 0.001786 0.012500
2 0.024554 0.130625 0.008929 0.011250
2 0.013393 0.129688 0.008929 0.012500
2 0.117411 0.177500 0.007143 0.011250
2 0.126339 0.177500 0.007143 0.011250
2 0.162054 0.029375 0.007143 0.008750
2 0.144196 0.028437 0.007143 0.010000
2 0.136161 0.028437 0.008929 0.010000
2 0.130804 0.014375 0.007143 0.010000
2 0.125000 0.029063 0.008929 0.011250
2 0.154018 0.060937 0.008929 0.012500
2 0.012500 0.013750 0.007143 0.008750
2 0.037054 0.012812 0.007143 0.010000
2 0.281696 0.060313 0.005357 0.011250
2 0.195536 0.082812 0.007143 0.012500
2 0.187500 0.081875 0.008929 0.013750
2 0.168750 0.080625 0.007143 0.011250
2 0.152679 0.079687 0.010714 0.012500
2 0.213393 0.110000 0.007143 0.013750
2 0.275000 0.183750 0.005357 0.011250
2 0.217857 0.209375 0.007143 0.012500
2 0.207589 0.210312 0.008929 0.011250
2 0.186607 0.178437 0.007143 0.010000
2 0.177679 0.180000 0.007143 0.010000
2 0.186607 0.132187 0.007143 0.011250
2 0.187500 0.109375 0.008929 0.012500
2 0.150893 0.178125 0.007143 0.012500
2 0.143304 0.178437 0.005357 0.010000
2 0.134375 0.180000 0.005357 0.010000
2 0.030357 0.207187 0.007143 0.011250
2 0.037946 0.207813 0.008929 0.012500
2 0.046875 0.207187 0.008929 0.011250
2 0.055804 0.206250 0.008929 0.012500
2 0.052232 0.079375 0.010714 0.015000
2 0.180804 0.014063 0.008929 0.012500
2 0.188393 0.012500 0.010714 0.012500
