2 0.811161 0.332500 0.019643 0.008750
2 0.859821 0.336875 0.023214 0.011250
2 0.837500 0.391562 0.023214 0.011250
2 0.832143 0.398750 0.021429 0.010000
2 0.829018 0.405938 0.019643 0.008750
2 0.820982 0.420000 0.021429 0.008750
2 0.818750 0.426250 0.021429 0.008750
2 0.846875 0.370625 0.019643 0.010000
2 0.816964 0.326250 0.017857 0.008750
2 0.819196 0.319375 0.017857 0.007500
2 0.890179 0.208125 0.021429 0.010000
2 0.877232 0.214375 0.017857 0.010000
2 0.049554 0.268125 0.014286 0.017500
2 0.020536 0.205313 0.014286 0.013750
2 0.042857 0.251563 0.023214 0.012500
2 0.150000 0.268125 0.014286 0.017500
