2 0.012500 0.438438 0.016071 0.017500
2 0.435268 0.456250 0.017857 0.012500
2 0.446429 0.441563 0.017857 0.011250
2 0.616518 0.826562 0.014286 0.012500
2 0.609375 0.840938 0.017857 0.016250
2 0.580357 0.834375 0.017857 0.012500
2 0.574107 0.850938 0.014286 0.011250
2 0.644196 0.728750 0.016071 0.013750
2 0.670536 0.740938 0.010714 0.016250
2 0.624107 0.765625 0.016071 0.012500
2 0.491071 0.907500 0.026786 0.008750
2 0.460714 0.876875 0.019643 0.016250
2 0.687946 0.915625 0.023214 0.012500
2 0.579911 0.158438 0.021429 0.013750
2 0.810714 0.138750 0.023214 0.008750
2 0.973661 0.105313 0.023214 0.020000
2 0.580804 0.910625 0.014286 0.015000
2 0.590625 0.925625 0.016071 0.013750
2 0.235268 0.898750 0.028571 0.010000
2 0.247768 0.915000 0.026786 0.011250
2 0.307143 0.752188 0.016071 0.013750
2 0.572321 0.609687 0.019643 0.010000
2 0.775446 0.489687 0.019643 0.007500
2 0.755804 0.504063 0.025000 0.011250
2 0.908036 0.422500 0.021429 0.007500
