2 0.033036 0.120625 0.021429 0.010000
2 0.025446 0.130000 0.019643 0.010000
2 0.022321 0.137813 0.017857 0.010000
2 0.003125 0.189062 0.001786 0.006250
2 0.030357 0.219062 0.025000 0.010000
2 0.038839 0.207500 0.019643 0.008750
2 0.056696 0.171250 0.019643 0.011250
2 0.059821 0.162812 0.021429 0.010000
2 0.067857 0.146562 0.019643 0.008750
2 0.067857 0.138750 0.019643 0.008750
2 0.420536 0.879375 0.010714 0.015000
2 0.446429 0.953750 0.008929 0.013750
2 0.978571 0.296250 0.019643 0.011250
2 0.864286 0.253437 0.023214 0.010000
2 0.849554 0.006563 0.016071 0.010000
2 0.858482 0.004687 0.016071 0.006250
2 0.188839 0.008125 0.016071 0.010000
2 0.154018 0.803125 0.017857 0.006250
2 0.157143 0.794375 0.019643 0.007500
2 0.150893 0.783438 0.016071 0.007500
2 0.454018 0.487500 0.019643 0.006250
2 0.553125 0.404063 0.021429 0.011250
2 0.393304 0.128125 0.023214 0.012500
2 0.706696 0.540937 0.016071 0.010000
2 0.724554 0.570000 0.016071 0.008750
