2 0.023214 0.966875 0.019643 0.008750
2 0.025446 0.972188 0.019643 0.010000
2 0.037054 0.984062 0.016071 0.008750
2 0.054911 0.981250 0.016071 0.006250
2 0.049554 0.976250 0.014286 0.008750
2 0.058482 0.996875 0.014286 0.006250
2 0.411161 0.922813 0.014286 0.011250
2 0.406696 0.946250 0.014286 0.011250
2 0.392857 0.935312 0.017857 0.011250
2 0.345536 0.970625 0.012500 0.010000
2 0.957143 0.926875 0.021429 0.010000
2 0.092857 0.965938 0.016071 0.003750
2 0.095089 0.970938 0.016071 0.007500
2 0.133036 0.997812 0.016071 0.005000
2 0.358482 0.940000 0.016071 0.011250
