2 0.928571 0.889687 0.026786 0.026250
2 0.961607 0.903125 0.030357 0.025000
2 0.975000 0.914375 0.030357 0.022500
2 0.983929 0.922500 0.030357 0.020000
2 0.808929 0.338750 0.019643 0.021250
2 0.818750 0.437188 0.021429 0.021250
2 0.265625 0.872500 0.026786 0.013750
2 0.233036 0.877188 0.037500 0.013750
2 0.303571 0.538438 0.026786 0.023750
2 0.479911 0.937813 0.026786 0.010000
2 0.442411 0.947188 0.023214 0.010000
2 0.587500 0.948438 0.023214 0.012500
2 0.882143 0.530938 0.023214 0.021250
2 0.584821 0.936875 0.026786 0.011250
2 0.148661 0.590938 0.033929 0.022500
2 0.064286 0.556875 0.021429 0.020000
2 0.370089 0.706250 0.039286 0.018750
2 0.245089 0.781562 0.030357 0.022500
2 0.605357 0.791875 0.032143 0.015000
2 0.713839 0.270313 0.021429 0.025000
2 0.695089 0.040625 0.028571 0.012500
2 0.675893 0.300312 0.030357 0.028750
2 0.620536 0.600625 0.035714 0.020000
2 0.390179 0.021563 0.030357 0.015000
2 0.191071 0.263750 0.042857 0.046250
2 0.413393 0.140625 0.094643 0.025000
2 0.538393 0.225625 0.085714 0.026250
2 0.544643 0.314688 0.035714 0.045000
2 0.815179 0.710000 0.032143 0.020000
2 0.896875 0.825625 0.030357 0.013750
2 0.134821 0.962187 0.028571 0.015000
2 0.904911 0.615000 0.028571 0.023750
2 0.950893 0.659375 0.026786 0.025000
2 0.873661 0.601250 0.028571 0.021250
2 0.867857 0.555937 0.030357 0.027500
2 0.945536 0.896875 0.025000 0.025000
2 0.917857 0.884062 0.023214 0.021250
2 0.233929 0.870000 0.030357 0.008750
2 0.338393 0.901250 0.025000 0.008750
2 0.366964 0.903125 0.028571 0.012500
2 0.446429 0.923125 0.026786 0.008750
2 0.440625 0.935000 0.028571 0.013750
2 0.472321 0.925313 0.025000 0.010000
2 0.475446 0.948125 0.026786 0.008750
2 0.473214 0.958750 0.026786 0.011250
2 0.470089 0.970625 0.025000 0.010000
2 0.466964 0.985625 0.032143 0.015000
2 0.728125 0.880000 0.014286 0.022500
2 0.692411 0.958125 0.032143 0.010000
2 0.691518 0.970625 0.030357 0.010000
2 0.691071 0.982500 0.025000 0.008750
2 0.686607 0.993125 0.025000 0.011250
2 0.580804 0.971250 0.032143 0.011250
2 0.664286 0.942812 0.025000 0.013750
2 0.657143 0.957188 0.028571 0.011250
2 0.662946 0.967187 0.026786 0.012500
2 0.660268 0.978438 0.030357 0.010000
2 0.656696 0.990000 0.032143 0.011250
2 0.654018 0.998125 0.026786 0.002500
2 0.695982 0.946250 0.030357 0.011250
2 0.581250 0.984375 0.028571 0.012500
2 0.578125 0.999062 0.026786 0.001250
2 0.547768 0.992500 0.028571 0.010000
2 0.550893 0.967500 0.030357 0.010000
2 0.550446 0.959375 0.033929 0.012500
2 0.553125 0.937813 0.039286 0.010000
2 0.225446 0.890625 0.026786 0.012500
2 0.692857 0.879687 0.019643 0.018750
2 0.900893 0.880625 0.025000 0.023750
2 0.680357 0.879375 0.012500 0.021250
2 0.354911 0.832500 0.026786 0.021250
2 0.400000 0.847188 0.023214 0.022500
2 0.448214 0.860625 0.021429 0.027500
2 0.477679 0.865312 0.017857 0.021250
2 0.514286 0.870625 0.019643 0.022500
2 0.530804 0.874375 0.021429 0.023750
2 0.550000 0.874062 0.019643 0.020000
2 0.566071 0.875000 0.016071 0.025000
2 0.580357 0.876875 0.017857 0.022500
2 0.612946 0.877812 0.016071 0.021250
2 0.629464 0.879063 0.017857 0.023750
2 0.649107 0.880937 0.012500 0.021250
2 0.666964 0.877500 0.021429 0.023750
2 0.013839 0.960313 0.023214 0.011250
2 0.013839 0.948750 0.023214 0.010000
2 0.014732 0.936875 0.025000 0.011250
2 0.011161 0.983750 0.017857 0.011250
2 0.008482 0.995000 0.012500 0.008750
2 0.888393 0.953438 0.026786 0.010000
2 0.892411 0.964687 0.030357 0.013750
2 0.883036 0.997812 0.025000 0.005000
2 0.805357 0.957188 0.030357 0.011250
2 0.798661 0.993750 0.030357 0.012500
2 0.882589 0.878125 0.019643 0.025000
2 0.911607 0.998750 0.028571 0.003750
2 0.914732 0.980000 0.030357 0.010000
2 0.914732 0.990938 0.030357 0.010000
2 0.886607 0.977812 0.032143 0.015000
2 0.881250 0.989375 0.030357 0.010000
2 0.771429 0.943750 0.033929 0.012500
2 0.803571 0.945625 0.026786 0.010000
2 0.771875 0.955000 0.030357 0.010000
2 0.773661 0.965000 0.025000 0.011250
2 0.769643 0.975938 0.030357 0.011250
2 0.767857 0.988438 0.026786 0.011250
2 0.768750 0.998750 0.028571 0.003750
2 0.496875 0.870000 0.016071 0.021250
