2 0.199554 0.778125 0.010714 0.012500
2 0.187500 0.780625 0.008929 0.011250
2 0.177679 0.782188 0.007143 0.011250
2 0.159821 0.783750 0.007143 0.011250
2 0.304911 0.840938 0.007143 0.010000
2 0.292411 0.840312 0.008929 0.015000
2 0.298214 0.865938 0.016071 0.016250
2 0.768750 0.905312 0.010714 0.013750
2 0.654911 0.904687 0.010714 0.012500
2 0.641518 0.905312 0.010714 0.013750
2 0.401786 0.923438 0.008929 0.012500
2 0.336607 0.931563 0.012500 0.016250
2 0.323661 0.929688 0.008929 0.012500
2 0.287500 0.932500 0.012500 0.015000
2 0.270089 0.933750 0.008929 0.011250
2 0.260268 0.933750 0.007143 0.011250
2 0.668750 0.996875 0.016071 0.006250
2 0.600893 0.987500 0.014286 0.012500
2 0.588839 0.989687 0.012500 0.013750
2 0.031250 0.527187 0.017857 0.007500
2 0.062500 0.519375 0.017857 0.007500
2 0.114732 0.564375 0.019643 0.010000
2 0.103571 0.530938 0.019643 0.008750
2 0.119196 0.502500 0.010714 0.011250
2 0.130804 0.485000 0.016071 0.007500
2 0.091071 0.185000 0.021429 0.013750
2 0.099554 0.598750 0.007143 0.010000
2 0.091518 0.595313 0.008929 0.012500
2 0.081250 0.593125 0.010714 0.011250
2 0.064286 0.589687 0.012500 0.013750
2 0.073661 0.591562 0.008929 0.011250
2 0.288839 0.765625 0.019643 0.012500
2 0.331696 0.772500 0.016071 0.013750
2 0.344643 0.720625 0.019643 0.010000
2 0.666071 0.482812 0.019643 0.006250
2 0.691964 0.496875 0.017857 0.006250
2 0.689732 0.507812 0.017857 0.006250
2 0.688839 0.520312 0.016071 0.006250
2 0.585714 0.551250 0.019643 0.008750
2 0.421875 0.544687 0.008929 0.011250
2 0.432143 0.543125 0.007143 0.011250
2 0.541518 0.534375 0.007143 0.012500
2 0.551339 0.535625 0.008929 0.015000
2 0.551339 0.518750 0.008929 0.012500
2 0.586607 0.508437 0.021429 0.007500
2 0.540625 0.505938 0.023214 0.008750
2 0.505804 0.532813 0.007143 0.012500
2 0.524554 0.534375 0.008929 0.012500
2 0.311607 0.515000 0.007143 0.011250
2 0.328125 0.515625 0.008929 0.012500
2 0.292411 0.514062 0.008929 0.012500
2 0.166071 0.510000 0.010714 0.013750
2 0.258929 0.514375 0.008929 0.010000
2 0.633036 0.568750 0.007143 0.012500
2 0.598214 0.566250 0.008929 0.013750
2 0.566964 0.566563 0.008929 0.011250
2 0.692411 0.757188 0.014286 0.011250
2 0.691071 0.484375 0.016071 0.006250
2 0.666071 0.496875 0.019643 0.006250
2 0.187500 0.750938 0.008929 0.011250
2 0.739732 0.487500 0.019643 0.006250
2 0.559375 0.346250 0.007143 0.011250
2 0.550446 0.347812 0.007143 0.011250
2 0.625000 0.366250 0.008929 0.013750
2 0.710268 0.337500 0.014286 0.006250
2 0.497768 0.340000 0.008929 0.011250
2 0.489286 0.311875 0.014286 0.005000
2 0.413393 0.290937 0.023214 0.010000
2 0.394643 0.314688 0.012500 0.013750
2 0.385714 0.313125 0.012500 0.013750
2 0.246429 0.290000 0.019643 0.011250
2 0.278571 0.328750 0.012500 0.013750
2 0.271875 0.342813 0.012500 0.013750
2 0.258482 0.381875 0.012500 0.013750
2 0.251339 0.395625 0.007143 0.010000
2 0.245089 0.410625 0.012500 0.015000
2 0.260714 0.417187 0.012500 0.012500
2 0.318750 0.387500 0.021429 0.006250
2 0.354911 0.410000 0.017857 0.007500
2 0.264286 0.442188 0.010714 0.012500
2 0.736161 0.530625 0.021429 0.005000
2 0.732589 0.537500 0.023214 0.006250
2 0.733036 0.545312 0.019643 0.006250
2 0.736161 0.500938 0.021429 0.005000
2 0.702679 0.754063 0.012500 0.011250
2 0.714732 0.755312 0.014286 0.013750
2 0.757589 0.758437 0.019643 0.013750
2 0.739732 0.761875 0.019643 0.017500
2 0.457143 0.622812 0.012500 0.005000
2 0.434375 0.624062 0.016071 0.007500
2 0.326786 0.631875 0.019643 0.007500
2 0.308036 0.630625 0.017857 0.005000
2 0.251786 0.691563 0.012500 0.011250
2 0.265625 0.702500 0.008929 0.011250
2 0.254464 0.704063 0.008929 0.011250
2 0.273214 0.704375 0.010714 0.015000
2 0.217411 0.707500 0.010714 0.015000
2 0.188839 0.709063 0.007143 0.008750
2 0.179911 0.711562 0.007143 0.013750
2 0.170536 0.714063 0.010714 0.012500
2 0.161607 0.715625 0.010714 0.012500
2 0.187500 0.736875 0.008929 0.011250
2 0.197321 0.737500 0.010714 0.012500
2 0.214286 0.736875 0.008929 0.011250
2 0.238839 0.734375 0.008929 0.012500
2 0.248214 0.733125 0.005357 0.010000
2 0.258036 0.731250 0.007143 0.012500
2 0.260714 0.745937 0.012500 0.013750
2 0.216071 0.751250 0.012500 0.015000
2 0.206250 0.749688 0.010714 0.015000
2 0.198661 0.750625 0.008929 0.013750
2 0.454911 0.629687 0.021429 0.006250
2 0.458036 0.635625 0.014286 0.008750
2 0.631696 0.634375 0.017857 0.006250
2 0.679911 0.661875 0.016071 0.005000
2 0.712500 0.766250 0.014286 0.013750
2 0.676339 0.766875 0.017857 0.015000
2 0.683036 0.756875 0.017857 0.013750
2 0.754911 0.735000 0.014286 0.013750
2 0.743750 0.734375 0.014286 0.012500
2 0.725000 0.734375 0.012500 0.012500
2 0.713393 0.731875 0.016071 0.013750
2 0.700446 0.732812 0.012500 0.012500
2 0.756696 0.676250 0.008929 0.015000
2 0.682143 0.650000 0.016071 0.006250
2 0.679464 0.668750 0.019643 0.006250
2 0.601786 0.650938 0.016071 0.005000
2 0.681250 0.681562 0.014286 0.003750
2 0.678571 0.699375 0.017857 0.005000
2 0.674554 0.705625 0.014286 0.005000
2 0.677679 0.714687 0.016071 0.007500
2 0.620536 0.733750 0.017857 0.005000
2 0.621875 0.725000 0.016071 0.006250
2 0.620536 0.711562 0.017857 0.007500
2 0.473214 0.729688 0.017857 0.006250
2 0.604911 0.666563 0.017857 0.005000
2 0.602679 0.657813 0.017857 0.006250
2 0.381696 0.260937 0.008929 0.012500
2 0.391964 0.261563 0.007143 0.013750
2 0.401786 0.250000 0.008929 0.012500
2 0.862500 0.762188 0.019643 0.015000
2 0.859375 0.736875 0.017857 0.017500
2 0.838393 0.735625 0.016071 0.015000
2 0.790625 0.734375 0.014286 0.012500
2 0.825000 0.652500 0.007143 0.011250
2 0.803571 0.653750 0.008929 0.013750
2 0.791518 0.652500 0.007143 0.011250
2 0.790179 0.625625 0.017857 0.007500
2 0.803125 0.759687 0.021429 0.016250
2 0.983036 0.896875 0.010714 0.012500
2 0.900446 0.906875 0.010714 0.013750
2 0.825893 0.907500 0.017857 0.008750
2 0.978571 0.869375 0.010714 0.013750
2 0.959821 0.870313 0.008929 0.012500
2 0.950000 0.868750 0.007143 0.012500
2 0.930357 0.872500 0.012500 0.013750
2 0.911607 0.872500 0.010714 0.013750
2 0.808036 0.831250 0.017857 0.006250
2 0.784375 0.841250 0.019643 0.007500
2 0.883929 0.615625 0.008929 0.012500
2 0.919643 0.609375 0.008929 0.012500
2 0.991071 0.610938 0.008929 0.012500
2 0.969643 0.543125 0.019643 0.005000
2 0.991071 0.545312 0.017857 0.006250
2 0.968750 0.567187 0.017857 0.006250
2 0.985714 0.569688 0.016071 0.005000
2 0.968750 0.580625 0.017857 0.005000
2 0.927232 0.582188 0.019643 0.005000
2 0.908482 0.574375 0.017857 0.005000
2 0.863839 0.565625 0.017857 0.006250
2 0.865625 0.558750 0.021429 0.005000
2 0.865625 0.545312 0.021429 0.006250
2 0.866071 0.533750 0.017857 0.005000
2 0.870089 0.512500 0.021429 0.006250
2 0.835714 0.495312 0.019643 0.012500
2 0.869643 0.492188 0.025000 0.006250
2 0.869196 0.475625 0.019643 0.007500
2 0.870536 0.468750 0.017857 0.006250
2 0.872321 0.443125 0.021429 0.005000
2 0.918304 0.456250 0.019643 0.006250
2 0.918304 0.447813 0.019643 0.005000
2 0.917857 0.435937 0.023214 0.006250
2 0.917857 0.428125 0.023214 0.006250
2 0.920536 0.418125 0.019643 0.005000
2 0.872321 0.425000 0.021429 0.006250
2 0.970089 0.550938 0.016071 0.005000
2 0.970982 0.557813 0.017857 0.006250
2 0.928571 0.562500 0.017857 0.006250
2 0.910714 0.549063 0.017857 0.007500
2 0.928571 0.543125 0.017857 0.005000
2 0.927679 0.550000 0.016071 0.006250
2 0.867411 0.385937 0.016071 0.006250
2 0.416964 0.236250 0.012500 0.016250
2 0.195982 0.018125 0.030357 0.017500
2 0.761607 0.097812 0.014286 0.005000
2 0.760268 0.114062 0.016071 0.006250
2 0.762500 0.121250 0.016071 0.005000
2 0.758929 0.129688 0.017857 0.006250
2 0.763393 0.138125 0.017857 0.007500
2 0.761161 0.144687 0.017857 0.005000
2 0.761161 0.152500 0.017857 0.005000
2 0.759375 0.164375 0.014286 0.003750
2 0.668750 0.154062 0.007143 0.011250
2 0.687500 0.154062 0.008929 0.011250
2 0.695536 0.165625 0.007143 0.012500
2 0.677679 0.168750 0.007143 0.012500
2 0.729018 0.176563 0.016071 0.012500
2 0.741071 0.193750 0.008929 0.012500
2 0.428571 0.283750 0.008929 0.011250
2 0.445982 0.280000 0.012500 0.016250
2 0.300000 0.263125 0.019643 0.007500
2 0.348214 0.260313 0.008929 0.011250
2 0.358036 0.261875 0.010714 0.011250
2 0.369643 0.262188 0.016071 0.015000
2 0.417411 0.201563 0.008929 0.012500
2 0.406250 0.223438 0.008929 0.012500
2 0.416071 0.216875 0.010714 0.015000
2 0.762054 0.082812 0.019643 0.006250
2 0.763393 0.075000 0.017857 0.006250
2 0.763393 0.068125 0.017857 0.005000
2 0.670982 0.040000 0.007143 0.011250
2 0.317857 0.127812 0.037500 0.021250
2 0.325893 0.117500 0.035714 0.022500
2 0.712054 0.065625 0.008929 0.012500
2 0.701786 0.066562 0.010714 0.011250
2 0.689732 0.065625 0.008929 0.012500
2 0.682143 0.065625 0.007143 0.012500
2 0.656250 0.058750 0.017857 0.005000
2 0.655357 0.051562 0.016071 0.006250
2 0.657143 0.043750 0.019643 0.006250
2 0.656250 0.035937 0.017857 0.006250
2 0.684375 0.040625 0.007143 0.012500
2 0.761161 0.057813 0.017857 0.012500
2 0.693304 0.040000 0.007143 0.011250
2 0.704018 0.037500 0.010714 0.012500
2 0.714286 0.041250 0.008929 0.013750
2 0.725446 0.041250 0.008929 0.013750
2 0.726786 0.052187 0.016071 0.007500
2 0.736607 0.033125 0.008929 0.010000
2 0.700893 0.019688 0.017857 0.005000
2 0.719643 0.019688 0.019643 0.005000
2 0.760714 0.034375 0.012500 0.012500
2 0.761607 0.045312 0.014286 0.012500
2 0.877232 0.020938 0.017857 0.007500
2 0.942857 0.340313 0.010714 0.015000
2 0.925446 0.340000 0.007143 0.011250
2 0.947768 0.177500 0.016071 0.005000
2 0.946429 0.147500 0.017857 0.013750
2 0.947321 0.139063 0.019643 0.012500
2 0.945982 0.126562 0.021429 0.012500
2 0.881250 0.041250 0.012500 0.013750
2 0.428571 0.322500 0.008929 0.013750
2 0.404911 0.316562 0.010714 0.011250
