2 0.317411 0.646250 0.014286 0.011250
2 0.333036 0.649687 0.014286 0.008750
2 0.296429 0.671250 0.012500 0.011250
2 0.752232 0.121875 0.017857 0.006250
2 0.773214 0.126250 0.019643 0.008750
2 0.687054 0.112500 0.021429 0.006250
2 0.892857 0.229063 0.008929 0.011250
2 0.863393 0.339375 0.012500 0.010000
2 0.852679 0.365000 0.008929 0.011250
2 0.839732 0.412812 0.014286 0.022500
2 0.825893 0.451250 0.008929 0.015000
2 0.869643 0.468750 0.016071 0.006250
2 0.806250 0.518437 0.014286 0.015000
2 0.802232 0.534375 0.010714 0.012500
2 0.791071 0.572500 0.010714 0.013750
2 0.813393 0.501250 0.010714 0.008750
2 0.767857 0.665625 0.008929 0.012500
2 0.804018 0.677500 0.014286 0.011250
2 0.626339 0.701250 0.016071 0.008750
2 0.595536 0.702500 0.012500 0.005000
2 0.570536 0.704688 0.025000 0.006250
2 0.555357 0.941563 0.012500 0.011250
2 0.566964 0.962500 0.008929 0.012500
2 0.576786 0.923438 0.010714 0.012500
2 0.565179 0.990000 0.014286 0.017500
2 0.109821 0.768750 0.014286 0.006250
2 0.091518 0.774375 0.008929 0.005000
2 0.058482 0.781250 0.014286 0.006250
2 0.180357 0.795312 0.012500 0.012500
2 0.304464 0.771875 0.010714 0.012500
2 0.014732 0.872812 0.016071 0.011250
2 0.208036 0.682188 0.014286 0.011250
2 0.216071 0.618750 0.012500 0.006250
2 0.019196 0.687812 0.016071 0.010000
2 0.244196 0.695000 0.010714 0.008750
2 0.245536 0.662500 0.008929 0.006250
2 0.252232 0.665625 0.008929 0.006250
2 0.280357 0.583437 0.016071 0.007500
2 0.262054 0.610625 0.010714 0.008750
2 0.188839 0.628437 0.016071 0.010000
2 0.133482 0.649687 0.012500 0.008750
2 0.137500 0.642813 0.016071 0.007500
2 0.141071 0.638125 0.014286 0.007500
2 0.150000 0.623125 0.014286 0.008750
2 0.154018 0.614687 0.017857 0.007500
2 0.255804 0.620937 0.016071 0.007500
2 0.206696 0.599375 0.016071 0.011250
2 0.224554 0.608125 0.016071 0.010000
2 0.227232 0.601250 0.012500 0.008750
2 0.090179 0.695937 0.010714 0.007500
2 0.017411 0.712187 0.012500 0.008750
2 0.055357 0.729063 0.012500 0.011250
2 0.076339 0.723750 0.014286 0.010000
2 0.280357 0.615938 0.016071 0.010000
2 0.025446 0.626563 0.019643 0.006250
2 0.016964 0.609375 0.016071 0.006250
2 0.017857 0.618750 0.017857 0.006250
2 0.160714 0.676250 0.008929 0.008750
2 0.115625 0.691875 0.012500 0.008750
2 0.227232 0.689375 0.012500 0.010000
2 0.151339 0.708125 0.012500 0.010000
2 0.879911 0.241250 0.014286 0.013750
2 0.885714 0.256875 0.012500 0.013750
2 0.872768 0.296250 0.008929 0.011250
2 0.783036 0.595938 0.012500 0.013750
2 0.581250 0.905312 0.010714 0.013750
2 0.586607 0.891250 0.012500 0.013750
