2 0.029018 0.974062 0.017857 0.007500
2 0.031250 0.966250 0.017857 0.007500
2 0.035714 0.952187 0.017857 0.007500
2 0.041071 0.945625 0.019643 0.010000
2 0.049107 0.924687 0.017857 0.008750
2 0.044196 0.931563 0.021429 0.010000
2 0.028571 0.898750 0.021429 0.010000
2 0.030804 0.891563 0.021429 0.011250
2 0.036607 0.876250 0.019643 0.008750
2 0.041518 0.870000 0.016071 0.008750
2 0.046875 0.854688 0.026786 0.012500
2 0.051786 0.840312 0.023214 0.008750
2 0.070536 0.791875 0.025000 0.008750
2 0.075893 0.779375 0.017857 0.008750
2 0.256250 0.770000 0.021429 0.008750
2 0.031250 0.763750 0.017857 0.008750
2 0.026786 0.775938 0.017857 0.011250
2 0.022321 0.790312 0.017857 0.008750
2 0.014286 0.801875 0.019643 0.010000
2 0.007589 0.824375 0.010714 0.011250
2 0.010268 0.945625 0.016071 0.010000
