2 0.563393 0.541250 0.010714 0.013750
2 0.505804 0.480000 0.016071 0.010000
2 0.522321 0.485313 0.017857 0.005000
2 0.612500 0.495000 0.010714 0.015000
2 0.462946 0.484375 0.019643 0.006250
2 0.466071 0.491563 0.021429 0.005000
2 0.467411 0.499375 0.019643 0.005000
2 0.548214 0.539375 0.007143 0.016250
2 0.555804 0.541875 0.008929 0.015000
2 0.584821 0.545625 0.008929 0.016250
2 0.603125 0.302187 0.005357 0.013750
2 0.506696 0.553125 0.017857 0.012500
2 0.492411 0.549063 0.016071 0.013750
2 0.478125 0.549063 0.014286 0.013750
2 0.471429 0.546875 0.014286 0.012500
2 0.238393 0.589687 0.021429 0.007500
2 0.299107 0.599062 0.008929 0.013750
2 0.276786 0.655312 0.008929 0.013750
2 0.272321 0.639062 0.008929 0.012500
2 0.683036 0.515000 0.008929 0.011250
2 0.652679 0.503750 0.019643 0.007500
2 0.696429 0.479687 0.008929 0.012500
2 0.200893 0.550000 0.017857 0.006250
2 0.343750 0.272187 0.008929 0.010000
2 0.346429 0.283125 0.005357 0.010000
2 0.347321 0.300937 0.007143 0.011250
2 0.353125 0.328125 0.005357 0.012500
2 0.607143 0.336562 0.008929 0.013750
2 0.621875 0.348750 0.007143 0.016250
2 0.613839 0.375000 0.008929 0.012500
2 0.666071 0.388437 0.019643 0.005000
2 0.334821 0.445000 0.017857 0.008750
2 0.427679 0.433125 0.016071 0.003750
2 0.468750 0.418125 0.008929 0.011250
2 0.481696 0.462500 0.021429 0.006250
2 0.625000 0.467187 0.008929 0.012500
2 0.254464 0.500625 0.008929 0.013750
2 0.294643 0.531875 0.008929 0.013750
2 0.261161 0.566875 0.008929 0.015000
2 0.298214 0.565625 0.007143 0.012500
2 0.489286 0.560000 0.023214 0.007500
2 0.471875 0.568438 0.010714 0.015000
2 0.480804 0.571875 0.010714 0.012500
2 0.496429 0.705625 0.019643 0.005000
2 0.634821 0.667812 0.010714 0.013750
2 0.655357 0.665000 0.007143 0.011250
2 0.649554 0.624062 0.008929 0.013750
2 0.666518 0.675625 0.007143 0.013750
2 0.657589 0.699062 0.007143 0.013750
2 0.641964 0.710938 0.007143 0.012500
2 0.629464 0.712812 0.008929 0.010000
2 0.633036 0.726875 0.007143 0.010000
2 0.323661 0.757500 0.008929 0.015000
2 0.266518 0.781250 0.019643 0.006250
2 0.291518 0.769375 0.007143 0.013750
2 0.295536 0.795937 0.010714 0.013750
2 0.294643 0.810000 0.008929 0.013750
2 0.301339 0.847500 0.008929 0.013750
2 0.163839 0.857812 0.010714 0.012500
2 0.196429 0.860313 0.008929 0.011250
2 0.204911 0.859375 0.012500 0.012500
2 0.494196 0.714063 0.019643 0.006250
2 0.496429 0.700937 0.019643 0.005000
2 0.491071 0.573438 0.008929 0.012500
2 0.494643 0.689063 0.016071 0.006250
2 0.500893 0.573438 0.010714 0.012500
2 0.636161 0.536562 0.008929 0.013750
2 0.608036 0.563125 0.010714 0.013750
2 0.623214 0.564063 0.005357 0.012500
2 0.640179 0.575313 0.012500 0.016250
2 0.651786 0.569688 0.008929 0.011250
2 0.726339 0.578750 0.010714 0.013750
2 0.616071 0.601250 0.008929 0.015000
2 0.615179 0.616875 0.007143 0.015000
2 0.627232 0.611250 0.008929 0.016250
2 0.239732 0.689063 0.019643 0.006250
2 0.285714 0.725000 0.008929 0.012500
2 0.624107 0.664687 0.007143 0.013750
2 0.477232 0.611250 0.021429 0.010000
2 0.482143 0.641250 0.017857 0.007500
2 0.493304 0.665625 0.017857 0.006250
2 0.491964 0.679063 0.019643 0.005000
2 0.341518 0.257812 0.008929 0.012500
2 0.543750 0.299687 0.007143 0.015000
2 0.149554 0.875000 0.017857 0.006250
2 0.533929 0.301563 0.005357 0.012500
2 0.587054 0.132812 0.008929 0.012500
2 0.348661 0.174375 0.005357 0.011250
2 0.320536 0.183750 0.016071 0.005000
2 0.623661 0.155625 0.019643 0.005000
2 0.528571 0.162500 0.021429 0.006250
2 0.570089 0.178125 0.010714 0.012500
2 0.557143 0.188437 0.007143 0.011250
2 0.561607 0.217188 0.007143 0.012500
2 0.043750 0.121250 0.007143 0.011250
2 0.041518 0.136875 0.007143 0.011250
2 0.035714 0.153125 0.008929 0.012500
2 0.033482 0.166250 0.008929 0.013750
2 0.356250 0.231562 0.007143 0.016250
2 0.541071 0.231875 0.010714 0.013750
2 0.579464 0.262813 0.007143 0.010000
2 0.611607 0.265625 0.008929 0.012500
2 0.607143 0.232813 0.008929 0.012500
2 0.518304 0.300000 0.005357 0.012500
2 0.328125 0.144375 0.008929 0.013750
2 0.758929 0.055000 0.017857 0.010000
2 0.724107 0.056250 0.019643 0.012500
2 0.060714 0.040625 0.014286 0.012500
2 0.553571 0.069375 0.008929 0.013750
2 0.640179 0.082812 0.021429 0.006250
2 0.274107 0.857812 0.021429 0.006250
2 0.633929 0.743750 0.008929 0.012500
2 0.918750 0.269375 0.007143 0.013750
2 0.934821 0.165625 0.012500 0.012500
2 0.927232 0.192188 0.010714 0.012500
2 0.976339 0.110937 0.010714 0.012500
2 0.942857 0.291875 0.010714 0.015000
2 0.636161 0.756250 0.008929 0.012500
2 0.697321 0.955937 0.010714 0.015000
2 0.744196 0.766250 0.010714 0.013750
2 0.767857 0.768125 0.008929 0.011250
2 0.725446 0.766250 0.008929 0.013750
2 0.703125 0.761875 0.008929 0.011250
2 0.771429 0.807813 0.007143 0.012500
2 0.770536 0.824375 0.005357 0.011250
2 0.761161 0.838750 0.008929 0.015000
2 0.683036 0.854375 0.008929 0.015000
2 0.746875 0.928125 0.016071 0.006250
2 0.744196 0.935000 0.019643 0.007500
2 0.745536 0.942187 0.017857 0.006250
2 0.745536 0.946875 0.017857 0.006250
2 0.748661 0.916563 0.019643 0.005000
2 0.750446 0.922813 0.014286 0.005000
2 0.423661 0.946250 0.021429 0.005000
2 0.447321 0.948438 0.019643 0.006250
2 0.491071 0.953438 0.017857 0.003750
2 0.741071 0.721250 0.017857 0.005000
2 0.745536 0.727500 0.017857 0.005000
2 0.743304 0.733750 0.017857 0.005000
2 0.744196 0.739375 0.019643 0.003750
2 0.647321 0.771250 0.008929 0.011250
2 0.668304 0.757188 0.010714 0.011250
2 0.641964 0.784375 0.007143 0.012500
2 0.641964 0.802500 0.007143 0.011250
2 0.645982 0.816563 0.010714 0.011250
2 0.647321 0.833750 0.008929 0.011250
2 0.678125 0.816250 0.012500 0.013750
2 0.696429 0.697187 0.017857 0.003750
2 0.712054 0.701562 0.008929 0.012500
2 0.697321 0.703125 0.019643 0.006250
2 0.706250 0.718125 0.010714 0.011250
2 0.721875 0.727187 0.010714 0.013750
2 0.697321 0.727187 0.010714 0.013750
2 0.720982 0.750938 0.017857 0.005000
2 0.702679 0.749375 0.021429 0.005000
2 0.744643 0.752500 0.016071 0.005000
2 0.745536 0.746250 0.017857 0.005000
2 0.538839 0.890000 0.019643 0.005000
2 0.544643 0.874375 0.017857 0.005000
2 0.143750 0.940625 0.010714 0.012500
2 0.879464 0.571875 0.008929 0.012500
2 0.877232 0.585938 0.008929 0.012500
2 0.894196 0.422500 0.007143 0.013750
2 0.898661 0.390625 0.007143 0.012500
2 0.874107 0.647813 0.007143 0.011250
2 0.152679 0.941875 0.010714 0.015000
2 0.872768 0.663125 0.008929 0.013750
2 0.162946 0.944375 0.008929 0.013750
2 0.196429 0.947500 0.008929 0.013750
2 0.121875 0.958437 0.016071 0.007500
2 0.051339 0.906875 0.017857 0.007500
2 0.032589 0.906250 0.016071 0.006250
2 0.012500 0.913125 0.016071 0.007500
2 0.891964 0.953125 0.007143 0.012500
2 0.965179 0.873437 0.019643 0.006250
2 0.868304 0.798438 0.008929 0.012500
2 0.867411 0.738438 0.007143 0.011250
2 0.871875 0.677500 0.007143 0.011250
2 0.551786 0.447500 0.041071 0.013750
2 0.591071 0.214062 0.012500 0.031250
2 0.049107 0.179062 0.008929 0.011250
2 0.354018 0.342500 0.007143 0.010000
2 0.191964 0.408437 0.017857 0.007500
2 0.525000 0.263750 0.023214 0.008750
2 0.590179 0.345938 0.010714 0.013750
2 0.314732 0.709375 0.008929 0.012500
2 0.318304 0.734375 0.007143 0.012500
2 0.345536 0.943125 0.021429 0.011250
2 0.678571 0.961875 0.008929 0.011250
2 0.686161 0.877812 0.010714 0.015000
2 0.565625 0.033125 0.010714 0.016250
2 0.949554 0.889062 0.019643 0.006250
2 0.940625 0.870000 0.019643 0.008750
2 0.891964 0.937500 0.007143 0.012500
