2 0.057143 0.864375 0.033929 0.010000
2 0.061161 0.873437 0.028571 0.012500
2 0.058482 0.886250 0.032143 0.010000
2 0.056250 0.896562 0.032143 0.008750
2 0.107589 0.878438 0.014286 0.028750
2 0.057143 0.963750 0.033929 0.008750
2 0.056696 0.976250 0.028571 0.008750
2 0.058929 0.995625 0.028571 0.010000
2 0.153125 0.880937 0.016071 0.021250
2 0.195536 0.876875 0.016071 0.022500
2 0.236607 0.874062 0.017857 0.026250
2 0.259375 0.875625 0.014286 0.026250
2 0.125446 0.920625 0.014286 0.022500
2 0.150893 0.920312 0.016071 0.025000
2 0.139286 0.945312 0.019643 0.025000
2 0.180357 0.920625 0.012500 0.022500
2 0.197321 0.920312 0.019643 0.025000
2 0.237946 0.920625 0.016071 0.022500
2 0.179911 0.945000 0.016071 0.021250
2 0.197321 0.943125 0.019643 0.023750
2 0.236607 0.941563 0.017857 0.023750
2 0.252679 0.940938 0.014286 0.022500
2 0.267857 0.940312 0.017857 0.021250
2 0.295982 0.939063 0.016071 0.025000
2 0.164286 0.982500 0.016071 0.021250
2 0.191518 0.983125 0.012500 0.022500
2 0.208036 0.982500 0.014286 0.021250
2 0.220089 0.983125 0.016071 0.022500
2 0.237054 0.982812 0.014286 0.018750
2 0.252679 0.982812 0.014286 0.018750
2 0.279464 0.982500 0.014286 0.021250
2 0.297321 0.983125 0.014286 0.022500
2 0.333929 0.983125 0.016071 0.022500
2 0.351786 0.985313 0.016071 0.023750
