2 0.301786 0.592812 0.014286 0.026250
2 0.271429 0.591875 0.016071 0.027500
2 0.221875 0.590625 0.019643 0.025000
2 0.203571 0.589375 0.014286 0.028750
2 0.238839 0.745313 0.044643 0.012500
2 0.225893 0.778125 0.032143 0.012500
2 0.332143 0.763437 0.039286 0.011250
2 0.330357 0.782188 0.035714 0.011250
2 0.378571 0.547813 0.033929 0.011250
2 0.381250 0.402500 0.039286 0.011250
2 0.377679 0.383750 0.032143 0.011250
2 0.175446 0.527500 0.033929 0.011250
2 0.111161 0.199687 0.039286 0.008750
2 0.245089 0.206250 0.039286 0.031250
2 0.184821 0.290625 0.039286 0.012500
2 0.182143 0.320625 0.033929 0.010000
2 0.183929 0.346875 0.037500 0.012500
2 0.179018 0.368125 0.032143 0.011250
2 0.176786 0.383750 0.032143 0.011250
2 0.177679 0.407188 0.025000 0.011250
2 0.177679 0.453125 0.033929 0.012500
2 0.469643 0.906250 0.019643 0.025000
2 0.467857 0.830937 0.025000 0.058750
2 0.502679 0.812813 0.041071 0.060000
2 0.930804 0.695312 0.026786 0.012500
2 0.911161 0.714687 0.041071 0.013750
2 0.831250 0.711250 0.046429 0.016250
2 0.762946 0.677187 0.030357 0.013750
2 0.674107 0.998125 0.017857 0.002500
2 0.511161 0.300625 0.017857 0.020000
2 0.410714 0.648438 0.026786 0.025000
2 0.628571 0.672813 0.033929 0.011250
2 0.596429 0.689375 0.041071 0.010000
2 0.593750 0.707812 0.035714 0.012500
2 0.656696 0.690000 0.041071 0.011250
2 0.740179 0.693750 0.033929 0.012500
