2 0.417857 0.830625 0.041071 0.036250
2 0.411161 0.778125 0.067857 0.062500
2 0.413393 0.745625 0.067857 0.060000
2 0.423661 0.706562 0.039286 0.035000
2 0.427679 0.644375 0.042857 0.038750
2 0.435714 0.579063 0.041071 0.036250
2 0.368750 0.587500 0.014286 0.031250
2 0.389286 0.516250 0.037500 0.038750
2 0.460714 0.467500 0.046429 0.041250
2 0.585714 0.011562 0.028571 0.020000
2 0.560268 0.034375 0.017857 0.037500
2 0.350000 0.096875 0.012500 0.056250
2 0.600000 0.051875 0.039286 0.035000
2 0.601339 0.145625 0.037500 0.035000
2 0.301786 0.192188 0.014286 0.037500
2 0.447321 0.427813 0.037500 0.033750
2 0.423661 0.561875 0.066071 0.061250
2 0.383036 0.061250 0.016071 0.003750
2 0.501786 0.057188 0.021429 0.005000
2 0.499554 0.064062 0.021429 0.006250
2 0.500000 0.069687 0.017857 0.005000
2 0.385268 0.026875 0.025000 0.010000
2 0.384821 0.031250 0.019643 0.006250
2 0.382589 0.042812 0.019643 0.007500
2 0.381250 0.049375 0.021429 0.005000
2 0.381696 0.055625 0.017857 0.005000
2 0.382589 0.067187 0.019643 0.006250
2 0.447768 0.082187 0.007143 0.011250
2 0.380804 0.071250 0.016071 0.005000
2 0.381696 0.076563 0.017857 0.006250
2 0.379464 0.082187 0.017857 0.005000
2 0.380357 0.088125 0.019643 0.007500
2 0.377679 0.094688 0.023214 0.005000
2 0.417411 0.083750 0.008929 0.011250
2 0.425446 0.082187 0.007143 0.011250
2 0.434821 0.080312 0.012500 0.013750
2 0.502232 0.050938 0.017857 0.005000
2 0.500000 0.042500 0.017857 0.003750
2 0.503125 0.035313 0.019643 0.005000
2 0.471875 0.035313 0.019643 0.005000
2 0.436607 0.056250 0.007143 0.012500
2 0.444196 0.057188 0.008929 0.011250
2 0.454018 0.056250 0.010714 0.012500
2 0.461161 0.057188 0.007143 0.011250
2 0.468750 0.058437 0.008929 0.013750
2 0.468750 0.044688 0.008929 0.011250
2 0.458482 0.044688 0.010714 0.011250
2 0.445536 0.044688 0.007143 0.011250
2 0.435268 0.042812 0.008929 0.013750
2 0.427679 0.043750 0.007143 0.012500
2 0.419643 0.043750 0.008929 0.012500
2 0.419643 0.059375 0.008929 0.012500
2 0.447768 0.033750 0.016071 0.005000
2 0.441071 0.082187 0.007143 0.011250
2 0.456250 0.083750 0.010714 0.011250
2 0.488839 0.233125 0.017857 0.003750
2 0.422321 0.131875 0.005357 0.013750
2 0.378125 0.122500 0.019643 0.007500
2 0.379464 0.130625 0.017857 0.005000
2 0.495536 0.160938 0.017857 0.006250
2 0.495536 0.137500 0.017857 0.006250
2 0.495089 0.130625 0.021429 0.005000
2 0.454464 0.133125 0.007143 0.010000
2 0.437500 0.133438 0.008929 0.013750
2 0.429911 0.132187 0.007143 0.011250
2 0.410714 0.131250 0.008929 0.012500
2 0.467857 0.082187 0.007143 0.011250
2 0.379464 0.146250 0.017857 0.005000
2 0.460714 0.171250 0.010714 0.011250
2 0.436161 0.170938 0.010714 0.013750
2 0.452232 0.170313 0.007143 0.012500
2 0.411607 0.168437 0.010714 0.015000
2 0.491071 0.189062 0.017857 0.006250
2 0.493750 0.211875 0.014286 0.005000
2 0.490179 0.216562 0.016071 0.005000
2 0.380357 0.110937 0.019643 0.006250
2 0.381250 0.101562 0.021429 0.006250
2 0.422768 0.160000 0.010714 0.013750
2 0.412054 0.115937 0.007143 0.010000
2 0.498661 0.079687 0.019643 0.006250
2 0.500000 0.086875 0.017857 0.005000
2 0.496429 0.092500 0.019643 0.003750
2 0.498214 0.097812 0.023214 0.005000
2 0.463393 0.096875 0.007143 0.012500
2 0.455804 0.094375 0.005357 0.013750
2 0.448661 0.092812 0.008929 0.013750
2 0.438839 0.095000 0.007143 0.015000
2 0.416071 0.094375 0.010714 0.013750
2 0.496429 0.108750 0.019643 0.005000
2 0.498214 0.114688 0.023214 0.007500
2 0.496429 0.120313 0.019643 0.006250
2 0.455357 0.121875 0.008929 0.012500
2 0.444643 0.121875 0.005357 0.012500
2 0.437500 0.120313 0.008929 0.012500
2 0.429911 0.120625 0.007143 0.010000
2 0.420982 0.118125 0.007143 0.011250
2 0.472321 0.021250 0.007143 0.011250
2 0.445536 0.020000 0.007143 0.008750
2 0.436607 0.019062 0.007143 0.010000
2 0.429911 0.019688 0.007143 0.011250
2 0.419643 0.018125 0.008929 0.011250
2 0.388393 0.004063 0.017857 0.005000
2 0.454464 0.018750 0.007143 0.012500
2 0.464286 0.007812 0.008929 0.012500
2 0.470982 0.009375 0.008929 0.012500
2 0.446429 0.007812 0.008929 0.012500
2 0.440179 0.007187 0.005357 0.011250
2 0.429911 0.007812 0.007143 0.012500
2 0.419643 0.007187 0.008929 0.011250
2 0.503571 0.002187 0.016071 0.001250
2 0.490179 0.223438 0.016071 0.006250
2 0.487500 0.240625 0.019643 0.006250
2 0.456250 0.246250 0.010714 0.011250
2 0.434375 0.272813 0.007143 0.011250
2 0.374107 0.214062 0.016071 0.006250
2 0.372768 0.226562 0.017857 0.006250
2 0.371429 0.233750 0.019643 0.005000
2 0.372768 0.243750 0.017857 0.006250
2 0.372321 0.249375 0.021429 0.005000
2 0.372768 0.257812 0.017857 0.006250
2 0.450446 0.273125 0.012500 0.015000
2 0.441964 0.271875 0.008929 0.012500
2 0.427679 0.272813 0.007143 0.011250
2 0.415179 0.272813 0.008929 0.011250
2 0.407143 0.271875 0.010714 0.012500
2 0.400000 0.270625 0.005357 0.010000
2 0.390179 0.273125 0.012500 0.015000
2 0.796875 0.310000 0.017857 0.007500
2 0.798661 0.301563 0.021429 0.006250
2 0.798661 0.295000 0.021429 0.008750
2 0.774554 0.301875 0.008929 0.016250
2 0.373661 0.207187 0.019643 0.005000
2 0.372321 0.202188 0.021429 0.007500
2 0.375893 0.193125 0.019643 0.005000
2 0.417411 0.194375 0.008929 0.013750
2 0.446429 0.244688 0.008929 0.011250
2 0.436607 0.245312 0.007143 0.012500
2 0.429911 0.244375 0.007143 0.013750
2 0.423214 0.243125 0.007143 0.011250
2 0.414286 0.243125 0.007143 0.011250
2 0.406250 0.244375 0.008929 0.013750
2 0.456250 0.233750 0.010714 0.011250
2 0.447768 0.231250 0.007143 0.012500
2 0.436607 0.230625 0.007143 0.011250
2 0.431250 0.228750 0.005357 0.013750
2 0.405804 0.229687 0.012500 0.012500
2 0.450446 0.195312 0.012500 0.012500
2 0.458929 0.208437 0.007143 0.013750
2 0.444196 0.208437 0.008929 0.013750
2 0.419643 0.206250 0.008929 0.012500
2 0.410714 0.207187 0.008929 0.011250
2 0.426339 0.194687 0.008929 0.011250
2 0.762500 0.369375 0.016071 0.013750
2 0.746429 0.358438 0.019643 0.013750
2 0.833929 0.416250 0.007143 0.013750
2 0.243304 0.723437 0.008929 0.012500
2 0.275446 0.270937 0.010714 0.013750
2 0.275893 0.223750 0.007143 0.010000
2 0.277679 0.209063 0.010714 0.015000
2 0.251786 0.541250 0.012500 0.013750
2 0.274554 0.254688 0.008929 0.012500
2 0.275446 0.237188 0.010714 0.015000
2 0.279464 0.190938 0.014286 0.016250
2 0.286607 0.069375 0.010714 0.013750
2 0.236161 0.053125 0.021429 0.006250
2 0.236161 0.032813 0.021429 0.006250
2 0.237500 0.011875 0.019643 0.005000
2 0.238839 0.004063 0.017857 0.005000
2 0.825893 0.416250 0.008929 0.013750
2 0.816071 0.414062 0.007143 0.012500
2 0.825446 0.455625 0.021429 0.005000
2 0.526786 0.334063 0.008929 0.015000
2 0.352232 0.787813 0.012500 0.016250
2 0.370536 0.847500 0.008929 0.013750
2 0.333482 0.879375 0.010714 0.015000
2 0.227232 0.978125 0.012500 0.018750
2 0.233929 0.858437 0.012500 0.013750
2 0.385268 0.345313 0.016071 0.012500
2 0.154464 0.442812 0.023214 0.007500
2 0.420536 0.406875 0.010714 0.013750
2 0.384821 0.016563 0.019643 0.011250
