2 0.037946 0.197500 0.017857 0.007500
2 0.085714 0.202188 0.019643 0.007500
2 0.113393 0.205938 0.021429 0.008750
2 0.140625 0.209687 0.017857 0.010000
2 0.082143 0.272500 0.012500 0.013750
2 0.077679 0.287500 0.012500 0.012500
2 0.990625 0.459063 0.012500 0.015000
2 0.885268 0.448125 0.016071 0.015000
2 0.910714 0.453125 0.008929 0.012500
2 0.938393 0.456562 0.010714 0.016250
2 0.960714 0.458437 0.010714 0.013750
2 0.969643 0.459375 0.010714 0.012500
2 0.979911 0.459375 0.008929 0.012500
2 0.872321 0.450313 0.012500 0.016250
2 0.860714 0.453750 0.007143 0.013750
2 0.850000 0.452813 0.012500 0.015000
2 0.839732 0.449062 0.014286 0.013750
2 0.821429 0.443750 0.008929 0.012500
2 0.813393 0.445000 0.010714 0.015000
2 0.857143 0.415625 0.008929 0.012500
2 0.848214 0.415000 0.008929 0.011250
2 0.837054 0.415000 0.008929 0.011250
2 0.823214 0.415625 0.012500 0.012500
2 0.812500 0.410000 0.008929 0.013750
2 0.801339 0.407188 0.008929 0.011250
2 0.790179 0.405000 0.008929 0.016250
2 0.830357 0.403125 0.008929 0.012500
2 0.840179 0.403125 0.010714 0.012500
2 0.853571 0.400625 0.010714 0.013750
2 0.758482 0.360000 0.012500 0.013750
2 0.950000 0.321250 0.016071 0.017500
2 0.960268 0.320000 0.014286 0.015000
2 0.972768 0.320000 0.012500 0.015000
2 0.984821 0.321875 0.014286 0.012500
2 0.921875 0.320937 0.017857 0.007500
2 0.920982 0.311875 0.025000 0.011250
2 0.921875 0.302813 0.017857 0.008750
2 0.906250 0.336562 0.017857 0.007500
2 0.906250 0.345000 0.017857 0.008750
2 0.903571 0.359063 0.021429 0.008750
2 0.881696 0.374688 0.026786 0.015000
2 0.895982 0.385937 0.019643 0.006250
2 0.896429 0.398125 0.016071 0.008750
2 0.889286 0.410938 0.019643 0.006250
2 0.941518 0.425625 0.021429 0.007500
2 0.975893 0.421875 0.014286 0.012500
2 0.988839 0.424062 0.017857 0.013750
2 0.926786 0.796875 0.014286 0.012500
2 0.969196 0.798125 0.023214 0.008750
2 0.953571 0.768750 0.023214 0.012500
2 0.958036 0.775312 0.023214 0.010000
2 0.962500 0.787813 0.023214 0.010000
2 0.966964 0.792500 0.023214 0.010000
2 0.971429 0.805000 0.023214 0.010000
2 0.975000 0.811250 0.021429 0.010000
2 0.983929 0.819688 0.021429 0.011250
2 0.972768 0.828125 0.012500 0.012500
2 0.948214 0.816875 0.012500 0.015000
2 0.949107 0.789062 0.014286 0.012500
2 0.941071 0.777187 0.016071 0.013750
2 0.744196 0.360000 0.010714 0.013750
2 0.733036 0.358438 0.010714 0.013750
2 0.725000 0.356875 0.012500 0.013750
2 0.899107 0.315000 0.021429 0.011250
2 0.631696 0.002187 0.008929 0.001250
2 0.640625 0.003438 0.008929 0.003750
2 0.687500 0.286562 0.017857 0.013750
2 0.806696 0.249063 0.010714 0.013750
2 0.762054 0.247187 0.010714 0.016250
2 0.666071 0.327188 0.019643 0.013750
2 0.666964 0.312812 0.021429 0.016250
2 0.670536 0.304375 0.019643 0.015000
2 0.675000 0.293438 0.019643 0.015000
2 0.710714 0.285000 0.010714 0.013750
2 0.742857 0.286562 0.012500 0.013750
2 0.776786 0.290625 0.008929 0.012500
2 0.801786 0.293750 0.014286 0.012500
2 0.812054 0.292187 0.012500 0.012500
2 0.824107 0.295938 0.014286 0.013750
2 0.836607 0.295938 0.012500 0.013750
2 0.845536 0.238125 0.021429 0.007500
2 0.824554 0.276875 0.019643 0.010000
2 0.887054 0.240313 0.010714 0.015000
2 0.849107 0.232500 0.019643 0.008750
2 0.850000 0.225625 0.021429 0.007500
2 0.854464 0.171875 0.021429 0.012500
2 0.866964 0.125625 0.019643 0.007500
2 0.888393 0.050000 0.017857 0.012500
2 0.931696 0.020313 0.010714 0.012500
2 0.920536 0.785000 0.010714 0.013750
2 0.930804 0.810000 0.008929 0.013750
2 0.100000 0.291875 0.012500 0.015000
2 0.087946 0.063125 0.019643 0.013750
2 0.112500 0.066250 0.019643 0.013750
2 0.102232 0.112500 0.021429 0.012500
2 0.103571 0.096875 0.019643 0.012500
2 0.103571 0.087500 0.019643 0.012500
2 0.110268 0.073438 0.019643 0.012500
2 0.088839 0.054062 0.021429 0.011250
2 0.085714 0.070312 0.019643 0.012500
2 0.249107 0.059688 0.016071 0.016250
2 0.085714 0.078125 0.019643 0.012500
2 0.084821 0.087813 0.017857 0.010000
2 0.084821 0.095312 0.017857 0.012500
2 0.079018 0.101562 0.019643 0.012500
2 0.076786 0.108438 0.019643 0.013750
2 0.078125 0.117813 0.017857 0.013750
2 0.112500 0.049375 0.019643 0.011250
2 0.114732 0.041563 0.019643 0.011250
2 0.158929 0.055000 0.023214 0.010000
2 0.161607 0.040000 0.019643 0.011250
2 0.152679 0.078438 0.019643 0.010000
2 0.148661 0.094375 0.016071 0.007500
2 0.148214 0.107500 0.019643 0.008750
2 0.143750 0.116250 0.019643 0.007500
2 0.143750 0.124063 0.019643 0.007500
2 0.140179 0.132500 0.021429 0.008750
2 0.188839 0.207813 0.007143 0.012500
2 0.223214 0.164062 0.017857 0.012500
2 0.248214 0.130000 0.014286 0.016250
2 0.268750 0.141875 0.010714 0.015000
2 0.256696 0.100625 0.008929 0.013750
2 0.277679 0.098437 0.010714 0.012500
2 0.077679 0.127188 0.021429 0.013750
2 0.247768 0.009062 0.053571 0.015000
2 0.921429 0.809375 0.012500 0.012500
2 0.145536 0.560000 0.014286 0.013750
2 0.205804 0.388125 0.014286 0.020000
2 0.217411 0.387500 0.010714 0.012500
2 0.213393 0.409375 0.007143 0.012500
2 0.194643 0.450313 0.014286 0.016250
2 0.188393 0.472500 0.010714 0.013750
2 0.166964 0.517188 0.012500 0.012500
2 0.126339 0.595000 0.016071 0.015000
2 0.081696 0.663125 0.016071 0.013750
2 0.131696 0.240625 0.008929 0.012500
2 0.121429 0.240313 0.010714 0.015000
2 0.109375 0.240313 0.008929 0.015000
2 0.099107 0.236563 0.010714 0.013750
2 0.089286 0.235937 0.008929 0.012500
2 0.225000 0.363125 0.012500 0.020000
2 0.206250 0.245000 0.019643 0.021250
2 0.306696 0.275000 0.019643 0.018750
2 0.293750 0.190625 0.025000 0.018750
2 0.284375 0.083750 0.010714 0.011250
2 0.286607 0.075000 0.010714 0.012500
2 0.262054 0.072500 0.010714 0.013750
2 0.443304 0.878125 0.016071 0.012500
2 0.474107 0.941563 0.010714 0.011250
2 0.424554 0.916875 0.014286 0.015000
2 0.464286 0.840625 0.017857 0.006250
2 0.465625 0.863125 0.016071 0.013750
2 0.459821 0.867188 0.017857 0.012500
2 0.450000 0.872500 0.016071 0.013750
2 0.435268 0.881250 0.017857 0.012500
2 0.553571 0.746250 0.008929 0.011250
2 0.427679 0.885000 0.016071 0.013750
2 0.420982 0.889687 0.016071 0.013750
2 0.402232 0.890000 0.014286 0.011250
2 0.415179 0.894375 0.017857 0.013750
2 0.407143 0.900625 0.019643 0.013750
2 0.406250 0.907188 0.017857 0.011250
2 0.491964 0.934375 0.010714 0.012500
2 0.550893 0.759687 0.012500 0.016250
2 0.268750 0.041250 0.010714 0.013750
2 0.578125 0.802187 0.017857 0.013750
2 0.633036 0.834375 0.007143 0.012500
2 0.612946 0.816250 0.016071 0.013750
2 0.612500 0.829688 0.010714 0.012500
2 0.599107 0.794375 0.010714 0.013750
2 0.588839 0.781562 0.012500 0.016250
2 0.588393 0.816250 0.016071 0.013750
2 0.570089 0.789375 0.019643 0.010000
2 0.561161 0.716250 0.010714 0.013750
2 0.568750 0.783125 0.021429 0.010000
2 0.567411 0.775625 0.023214 0.007500
2 0.566964 0.768125 0.017857 0.005000
2 0.566964 0.762500 0.017857 0.006250
2 0.570536 0.756250 0.016071 0.006250
2 0.570089 0.742188 0.019643 0.006250
2 0.400446 0.910937 0.019643 0.012500
2 0.399554 0.920000 0.017857 0.008750
2 0.396429 0.928125 0.016071 0.012500
2 0.375000 0.881875 0.017857 0.007500
2 0.312946 0.900000 0.014286 0.006250
2 0.314286 0.893750 0.021429 0.006250
2 0.317857 0.888125 0.019643 0.007500
2 0.324554 0.882812 0.019643 0.006250
2 0.339286 0.889687 0.017857 0.007500
2 0.371429 0.888125 0.019643 0.007500
2 0.381250 0.875000 0.021429 0.006250
2 0.388393 0.936875 0.017857 0.011250
2 0.507143 0.825313 0.023214 0.010000
2 0.504018 0.816250 0.021429 0.007500
2 0.397321 0.862500 0.008929 0.012500
2 0.376786 0.860625 0.012500 0.015000
2 0.339286 0.852500 0.008929 0.011250
2 0.368750 0.860000 0.014286 0.013750
2 0.316071 0.906250 0.016071 0.006250
2 0.308036 0.912500 0.017857 0.006250
2 0.308036 0.919687 0.017857 0.005000
2 0.305357 0.925000 0.021429 0.006250
2 0.305804 0.931875 0.017857 0.007500
2 0.302232 0.938125 0.019643 0.007500
2 0.325893 0.914062 0.017857 0.006250
2 0.326786 0.919687 0.019643 0.005000
2 0.326786 0.925000 0.019643 0.006250
2 0.325446 0.931875 0.021429 0.007500
2 0.321429 0.938125 0.017857 0.007500
2 0.343750 0.914062 0.017857 0.006250
2 0.342857 0.920312 0.016071 0.006250
2 0.345089 0.927500 0.016071 0.005000
2 0.337500 0.939063 0.014286 0.006250
2 0.334375 0.947500 0.021429 0.007500
2 0.351786 0.946250 0.016071 0.011250
2 0.626786 0.831250 0.012500 0.018750
2 0.642857 0.833437 0.008929 0.013750
2 0.653125 0.835000 0.007143 0.013750
2 0.896875 0.746563 0.021429 0.008750
2 0.879018 0.725625 0.021429 0.007500
2 0.841518 0.709375 0.017857 0.012500
2 0.837946 0.717812 0.019643 0.013750
2 0.837946 0.727187 0.019643 0.013750
2 0.835268 0.733750 0.014286 0.011250
2 0.833929 0.740625 0.016071 0.012500
2 0.877232 0.732812 0.017857 0.006250
2 0.888393 0.615625 0.017857 0.006250
2 0.871875 0.753750 0.016071 0.007500
2 0.852232 0.759375 0.021429 0.012500
2 0.816518 0.762500 0.021429 0.012500
2 0.793304 0.764687 0.019643 0.007500
2 0.884821 0.795937 0.010714 0.013750
2 0.851339 0.778438 0.019643 0.010000
2 0.900446 0.725625 0.019643 0.007500
2 0.904911 0.719375 0.019643 0.007500
2 0.879464 0.718750 0.017857 0.006250
2 0.882143 0.712500 0.023214 0.006250
2 0.882143 0.706875 0.023214 0.007500
2 0.883482 0.700625 0.021429 0.007500
2 0.961607 0.702813 0.021429 0.008750
2 0.960714 0.720000 0.019643 0.008750
2 0.962500 0.740625 0.023214 0.012500
2 0.986161 0.735313 0.021429 0.011250
2 0.850000 0.640625 0.012500 0.012500
2 0.880357 0.622188 0.019643 0.010000
2 0.862500 0.595000 0.010714 0.015000
2 0.850893 0.599062 0.014286 0.013750
2 0.662946 0.835625 0.008929 0.015000
2 0.680804 0.793750 0.008929 0.012500
2 0.604464 0.727187 0.021429 0.007500
2 0.584821 0.724062 0.017857 0.007500
2 0.605804 0.736563 0.019643 0.007500
2 0.606696 0.745937 0.021429 0.007500
2 0.697321 0.824687 0.010714 0.015000
2 0.687500 0.809375 0.008929 0.012500
2 0.615179 0.799375 0.016071 0.005000
2 0.835714 0.654375 0.019643 0.015000
2 0.634821 0.806875 0.019643 0.007500
2 0.655804 0.805937 0.021429 0.008750
2 0.654911 0.811562 0.019643 0.007500
2 0.651786 0.817812 0.017857 0.007500
2 0.632589 0.814063 0.019643 0.006250
2 0.672321 0.834688 0.014286 0.016250
2 0.605804 0.759375 0.019643 0.006250
2 0.626786 0.753125 0.021429 0.006250
2 0.626786 0.745937 0.021429 0.007500
2 0.727232 0.782813 0.021429 0.006250
2 0.726786 0.792188 0.025000 0.006250
2 0.725893 0.775000 0.023214 0.006250
2 0.743304 0.804375 0.008929 0.015000
2 0.753125 0.803750 0.010714 0.013750
2 0.763393 0.797500 0.008929 0.013750
2 0.775446 0.810937 0.019643 0.012500
2 0.800000 0.798438 0.019643 0.012500
2 0.588839 0.669375 0.021429 0.007500
2 0.591071 0.680937 0.021429 0.008750
2 0.726786 0.651875 0.016071 0.022500
2 0.622321 0.563125 0.021429 0.007500
2 0.661161 0.567812 0.023214 0.007500
2 0.779018 0.613438 0.008929 0.011250
2 0.324107 0.857812 0.014286 0.012500
2 0.315179 0.855625 0.014286 0.011250
2 0.320089 0.846875 0.019643 0.006250
2 0.579911 0.280938 0.012500 0.015000
2 0.468304 0.346875 0.012500 0.012500
2 0.483036 0.348438 0.010714 0.012500
2 0.510714 0.350625 0.012500 0.013750
2 0.630357 0.313750 0.010714 0.015000
2 0.605804 0.291875 0.019643 0.015000
2 0.593304 0.281875 0.012500 0.013750
2 0.562946 0.276875 0.014286 0.016250
2 0.386607 0.257812 0.014286 0.012500
2 0.529464 0.274062 0.014286 0.013750
2 0.503125 0.269687 0.010714 0.011250
2 0.475000 0.267188 0.012500 0.012500
2 0.528571 0.255938 0.021429 0.008750
2 0.471875 0.250625 0.019643 0.007500
2 0.454911 0.266250 0.012500 0.013750
2 0.458036 0.348125 0.014286 0.015000
2 0.483036 0.377188 0.019643 0.007500
2 0.469643 0.383125 0.019643 0.010000
2 0.466518 0.388750 0.017857 0.008750
2 0.460268 0.399062 0.023214 0.007500
2 0.458929 0.405000 0.025000 0.010000
2 0.458929 0.417812 0.025000 0.007500
2 0.451786 0.425000 0.019643 0.006250
2 0.451786 0.431250 0.019643 0.006250
2 0.513839 0.560625 0.023214 0.008750
2 0.538839 0.534062 0.019643 0.008750
2 0.236161 0.645937 0.021429 0.007500
2 0.239286 0.638125 0.023214 0.007500
2 0.255357 0.649062 0.019643 0.007500
2 0.252679 0.675000 0.014286 0.006250
2 0.271875 0.675625 0.021429 0.007500
2 0.555804 0.622500 0.008929 0.013750
2 0.435714 0.264062 0.014286 0.012500
2 0.361161 0.255312 0.012500 0.013750
2 0.547768 0.665625 0.010714 0.012500
2 0.410714 0.093750 0.008929 0.012500
2 0.497768 0.090625 0.008929 0.012500
2 0.482143 0.087188 0.008929 0.015000
2 0.464286 0.085000 0.008929 0.013750
2 0.438393 0.085625 0.010714 0.015000
2 0.429464 0.081875 0.010714 0.013750
2 0.420536 0.079375 0.010714 0.015000
2 0.401786 0.092188 0.008929 0.012500
2 0.343750 0.260000 0.017857 0.013750
2 0.400893 0.079687 0.007143 0.012500
2 0.375000 0.075625 0.008929 0.013750
2 0.366071 0.072500 0.008929 0.013750
2 0.350446 0.063750 0.017857 0.008750
2 0.353571 0.049688 0.019643 0.008750
2 0.278571 0.016250 0.012500 0.013750
2 0.506696 0.090000 0.008929 0.011250
2 0.524554 0.103125 0.017857 0.006250
2 0.522321 0.111563 0.017857 0.007500
2 0.404911 0.166250 0.019643 0.013750
2 0.425893 0.179688 0.021429 0.012500
2 0.553571 0.160938 0.008929 0.012500
2 0.572321 0.115625 0.010714 0.012500
2 0.593750 0.151562 0.008929 0.012500
2 0.583482 0.085625 0.010714 0.015000
2 0.621429 0.219375 0.019643 0.007500
2 0.439286 0.228750 0.021429 0.007500
2 0.335714 0.231250 0.019643 0.006250
2 0.447321 0.237500 0.019643 0.006250
2 0.608929 0.246875 0.021429 0.006250
2 0.658482 0.241250 0.017857 0.013750
2 0.697321 0.236250 0.010714 0.016250
2 0.723214 0.240625 0.008929 0.012500
2 0.552232 0.653125 0.010714 0.012500
2 0.545536 0.684375 0.010714 0.012500
2 0.324107 0.831250 0.023214 0.006250
2 0.530357 0.657813 0.016071 0.006250
2 0.467857 0.715625 0.007143 0.012500
2 0.375000 0.712500 0.017857 0.006250
2 0.375000 0.706250 0.017857 0.006250
2 0.399554 0.701250 0.017857 0.008750
2 0.381696 0.699062 0.017857 0.007500
2 0.363839 0.696875 0.017857 0.006250
2 0.528125 0.664062 0.016071 0.006250
2 0.455357 0.681250 0.008929 0.012500
2 0.527679 0.670937 0.019643 0.007500
2 0.523661 0.677187 0.016071 0.007500
2 0.521429 0.685000 0.016071 0.007500
2 0.519196 0.689688 0.016071 0.007500
2 0.482143 0.683750 0.008929 0.011250
2 0.473214 0.682813 0.008929 0.012500
2 0.479911 0.716250 0.008929 0.013750
2 0.495089 0.724062 0.012500 0.013750
2 0.364732 0.756875 0.010714 0.013750
2 0.495982 0.776563 0.014286 0.012500
2 0.512054 0.778750 0.010714 0.013750
2 0.253571 0.781875 0.025000 0.013750
2 0.249554 0.790625 0.021429 0.012500
2 0.228571 0.758750 0.019643 0.011250
2 0.239286 0.753125 0.023214 0.012500
2 0.207143 0.770000 0.021429 0.008750
2 0.202679 0.776875 0.021429 0.010000
2 0.199107 0.785625 0.023214 0.008750
2 0.135268 0.812187 0.016071 0.015000
2 0.339286 0.792812 0.026786 0.007500
2 0.331250 0.805312 0.019643 0.007500
2 0.328125 0.813125 0.017857 0.007500
2 0.327679 0.824687 0.021429 0.008750
2 0.464286 0.682813 0.008929 0.012500
2 0.447321 0.679688 0.010714 0.012500
2 0.422768 0.636562 0.019643 0.007500
2 0.358036 0.662500 0.019643 0.006250
2 0.468750 0.656250 0.017857 0.006250
2 0.491518 0.653750 0.014286 0.007500
2 0.468750 0.651563 0.017857 0.006250
2 0.448661 0.650625 0.017857 0.007500
2 0.367411 0.671875 0.007143 0.012500
2 0.359375 0.671250 0.008929 0.011250
2 0.379464 0.661875 0.017857 0.005000
2 0.437500 0.679063 0.008929 0.011250
2 0.380804 0.656875 0.016071 0.007500
2 0.387946 0.651250 0.021429 0.008750
2 0.382589 0.645000 0.019643 0.008750
2 0.399554 0.646875 0.017857 0.006250
2 0.399554 0.639062 0.017857 0.006250
2 0.399107 0.634375 0.021429 0.006250
2 0.447321 0.656250 0.019643 0.006250
2 0.425000 0.660937 0.019643 0.006250
2 0.444196 0.661562 0.017857 0.007500
2 0.444196 0.668750 0.017857 0.006250
2 0.465179 0.670937 0.019643 0.007500
2 0.465179 0.663125 0.019643 0.007500
2 0.487500 0.660000 0.019643 0.007500
2 0.487500 0.666250 0.019643 0.007500
2 0.486607 0.672500 0.017857 0.007500
2 0.500893 0.670937 0.010714 0.013750
2 0.509821 0.672500 0.010714 0.013750
2 0.375000 0.671875 0.008929 0.012500
2 0.384821 0.672500 0.010714 0.013750
2 0.401786 0.674063 0.008929 0.013750
2 0.410714 0.675625 0.008929 0.013750
2 0.420536 0.677187 0.010714 0.013750
2 0.427679 0.678125 0.007143 0.012500
2 0.237500 0.278125 0.010714 0.012500
2 0.234375 0.296875 0.008929 0.012500
2 0.233036 0.319062 0.010714 0.016250
2 0.227679 0.343438 0.008929 0.015000
2 0.216518 0.309375 0.008929 0.012500
2 0.723661 0.848125 0.023214 0.015000
2 0.704464 0.856875 0.025000 0.013750
