2 0.865179 0.316875 0.025000 0.027500
2 0.861607 0.282500 0.026786 0.027500
2 0.862500 0.230625 0.028571 0.030000
2 0.829464 0.227813 0.025000 0.027500
2 0.783929 0.282187 0.041071 0.017500
2 0.959821 0.655312 0.035714 0.013750
2 0.983482 0.790000 0.025000 0.030000
2 0.985714 0.816250 0.025000 0.026250
2 0.986161 0.854375 0.021429 0.021250
2 0.808482 0.010312 0.023214 0.017500
2 0.863393 0.345625 0.021429 0.028750
2 0.962946 0.667812 0.028571 0.013750
2 0.965179 0.678750 0.028571 0.007500
2 0.964286 0.690625 0.026786 0.012500
2 0.963839 0.702187 0.030357 0.013750
2 0.958036 0.714687 0.032143 0.013750
2 0.962054 0.727812 0.035714 0.015000
2 0.978571 0.759687 0.019643 0.022500
2 0.987054 0.881250 0.014286 0.025000
