2 0.739732 0.923125 0.019643 0.027500
2 0.704464 0.922813 0.025000 0.030000
2 0.954464 0.968750 0.033929 0.012500
2 0.712054 0.756875 0.026786 0.026250
2 0.765179 0.922813 0.021429 0.023750
2 0.799107 0.924063 0.017857 0.026250
2 0.782143 0.925000 0.019643 0.025000
2 0.817857 0.925625 0.019643 0.026250
2 0.747768 0.751250 0.017857 0.021250
2 0.765179 0.750000 0.021429 0.025000
2 0.895982 0.595938 0.046429 0.013750
2 0.920982 0.926875 0.016071 0.022500
2 0.905357 0.926875 0.016071 0.022500
2 0.887500 0.926875 0.016071 0.022500
2 0.864732 0.925625 0.019643 0.026250
2 0.844643 0.924687 0.019643 0.027500
2 0.723214 0.124375 0.035714 0.023750
2 0.718304 0.102500 0.039286 0.023750
2 0.733036 0.755312 0.019643 0.026250
2 0.774554 0.866250 0.017857 0.026250
2 0.755357 0.866875 0.019643 0.027500
2 0.556250 0.766875 0.041071 0.027500
2 0.705357 0.865625 0.017857 0.025000
2 0.722321 0.864375 0.016071 0.022500
2 0.740179 0.863125 0.016071 0.026250
