2 0.994196 0.516250 0.010714 0.026250
2 0.981250 0.517500 0.016071 0.028750
2 0.964286 0.517500 0.017857 0.028750
2 0.942857 0.517813 0.019643 0.026250
2 0.994196 0.566563 0.010714 0.023750
2 0.978571 0.568125 0.019643 0.023750
2 0.958036 0.566875 0.023214 0.027500
2 0.992411 0.487812 0.016071 0.028750
2 0.962946 0.489063 0.019643 0.025000
2 0.679911 0.469688 0.042857 0.061250
2 0.938839 0.645000 0.025000 0.027500
2 0.898214 0.641875 0.019643 0.027500
2 0.879911 0.644375 0.014286 0.026250
2 0.861607 0.645312 0.017857 0.025000
2 0.843750 0.639062 0.017857 0.025000
2 0.823661 0.641875 0.026786 0.027500
2 0.694643 0.651563 0.041071 0.018750
2 0.943750 0.490625 0.021429 0.025000
2 0.866071 0.417187 0.035714 0.012500
2 0.871875 0.452500 0.033929 0.011250
2 0.908036 0.453750 0.030357 0.007500
2 0.980357 0.450000 0.041071 0.012500
2 0.983482 0.425625 0.033929 0.013750
2 0.980804 0.412500 0.037500 0.012500
2 0.905357 0.427500 0.033929 0.011250
2 0.902232 0.414062 0.032143 0.012500
2 0.866071 0.403125 0.035714 0.012500
2 0.868304 0.390000 0.035714 0.011250
2 0.868304 0.376875 0.035714 0.010000
2 0.865179 0.351562 0.033929 0.012500
2 0.866071 0.365000 0.035714 0.011250
2 0.862946 0.340625 0.033929 0.012500
2 0.866071 0.309375 0.035714 0.012500
2 0.775446 0.301875 0.037500 0.022500
2 0.753125 0.262813 0.037500 0.016250
2 0.856696 0.260625 0.039286 0.015000
2 0.866518 0.287188 0.041071 0.015000
2 0.946875 0.316250 0.023214 0.026250
2 0.863839 0.325625 0.035714 0.013750
2 0.993750 0.131562 0.014286 0.022500
2 0.905357 0.389375 0.033929 0.016250
2 0.906696 0.374063 0.032143 0.013750
2 0.905804 0.347187 0.030357 0.016250
2 0.982143 0.399062 0.035714 0.013750
2 0.979464 0.372500 0.039286 0.013750
2 0.979464 0.360000 0.039286 0.013750
2 0.978125 0.345625 0.041071 0.010000
2 0.976339 0.334375 0.037500 0.012500
2 0.978571 0.321875 0.037500 0.012500
2 0.978125 0.307500 0.032143 0.015000
2 0.785268 0.444688 0.030357 0.011250
2 0.787946 0.429375 0.035714 0.015000
2 0.778571 0.417187 0.030357 0.012500
2 0.781250 0.403125 0.026786 0.012500
2 0.779911 0.389062 0.028571 0.012500
2 0.779018 0.351562 0.044643 0.018750
2 0.907589 0.465000 0.033929 0.011250
