2 0.243750 0.230000 0.014286 0.010000
2 0.600446 0.340625 0.017857 0.012500
2 0.424107 0.199375 0.008929 0.011250
2 0.439732 0.200625 0.008929 0.013750
2 0.403125 0.228437 0.016071 0.010000
2 0.411607 0.233125 0.010714 0.010000
2 0.416071 0.236875 0.010714 0.011250
2 0.425446 0.238437 0.007143 0.011250
2 0.454018 0.244688 0.010714 0.011250
2 0.438393 0.240000 0.010714 0.011250
2 0.242857 0.097812 0.021429 0.005000
2 0.613839 0.201250 0.017857 0.015000
2 0.566964 0.177500 0.008929 0.011250
2 0.577232 0.178750 0.007143 0.013750
