2 0.506696 0.471250 0.026786 0.011250
2 0.146429 0.266250 0.007143 0.007500
2 0.159821 0.226250 0.007143 0.008750
2 0.288393 0.406875 0.014286 0.007500
2 0.452679 0.456250 0.030357 0.012500
2 0.030804 0.653438 0.012500 0.022500
2 0.021429 0.538438 0.016071 0.023750
2 0.016071 0.330937 0.023214 0.008750
2 0.250000 0.151562 0.017857 0.018750
2 0.273214 0.403125 0.010714 0.006250
2 0.261161 0.400000 0.008929 0.006250
2 0.251339 0.397187 0.007143 0.003750
2 0.303571 0.411875 0.008929 0.005000
2 0.102679 0.354687 0.017857 0.006250
2 0.112500 0.448125 0.010714 0.008750
2 0.242857 0.390625 0.012500 0.006250
2 0.274554 0.398438 0.008929 0.006250
2 0.315625 0.408750 0.010714 0.005000
2 0.341071 0.415625 0.012500 0.006250
2 0.362946 0.422813 0.007143 0.005000
2 0.635268 0.506875 0.016071 0.007500
