2 0.915179 0.463125 0.017857 0.007500
2 0.930804 0.424062 0.017857 0.007500
2 0.933929 0.418438 0.019643 0.008750
2 0.937054 0.412812 0.021429 0.010000
2 0.939732 0.405000 0.017857 0.010000
2 0.943750 0.394062 0.021429 0.010000
2 0.913839 0.469375 0.019643 0.007500
2 0.921429 0.455937 0.021429 0.008750
2 0.833929 0.426875 0.025000 0.010000
2 0.925893 0.443438 0.021429 0.008750
2 0.857589 0.427500 0.023214 0.011250
2 0.864286 0.413438 0.023214 0.011250
2 0.871429 0.405938 0.019643 0.008750
2 0.872768 0.393750 0.017857 0.006250
2 0.852232 0.390313 0.021429 0.008750
2 0.846875 0.401250 0.019643 0.008750
2 0.844643 0.409687 0.019643 0.010000
2 0.874554 0.386250 0.021429 0.010000
2 0.876786 0.378750 0.021429 0.007500
2 0.878571 0.368750 0.016071 0.006250
2 0.880357 0.362187 0.019643 0.008750
2 0.886161 0.356250 0.017857 0.006250
2 0.864732 0.352187 0.019643 0.007500
2 0.925893 0.356563 0.021429 0.010000
2 0.922768 0.364687 0.019643 0.007500
2 0.921429 0.372500 0.021429 0.007500
2 0.918304 0.380312 0.019643 0.007500
2 0.916964 0.385625 0.021429 0.008750
2 0.914732 0.393750 0.021429 0.006250
2 0.910268 0.402187 0.021429 0.007500
2 0.907143 0.413750 0.019643 0.008750
2 0.897768 0.430312 0.023214 0.007500
2 0.927232 0.437188 0.019643 0.008750
2 0.853571 0.435625 0.019643 0.008750
2 0.830804 0.435313 0.023214 0.011250
2 0.127679 0.300000 0.014286 0.018750
2 0.164732 0.308438 0.012500 0.020000
2 0.176786 0.310000 0.014286 0.020000
2 0.187946 0.313125 0.014286 0.020000
2 0.413393 0.353125 0.014286 0.018750
2 0.422768 0.354687 0.010714 0.018750
2 0.432589 0.356250 0.012500 0.018750
2 0.443750 0.359063 0.012500 0.015000
2 0.454911 0.360312 0.012500 0.017500
2 0.466071 0.362812 0.012500 0.016250
2 0.689286 0.230313 0.012500 0.013750
2 0.682143 0.247500 0.016071 0.013750
2 0.645536 0.257500 0.014286 0.015000
2 0.666964 0.284375 0.012500 0.012500
2 0.675893 0.287500 0.012500 0.012500
2 0.684375 0.290313 0.016071 0.015000
2 0.693304 0.291250 0.016071 0.013750
2 0.658036 0.315625 0.012500 0.012500
2 0.666964 0.315625 0.012500 0.012500
2 0.677232 0.316875 0.010714 0.015000
2 0.686161 0.317812 0.010714 0.013750
2 0.662500 0.331250 0.012500 0.012500
2 0.650893 0.329375 0.016071 0.015000
2 0.562054 0.356250 0.012500 0.012500
2 0.139732 0.301563 0.016071 0.018750
2 0.247321 0.300000 0.021429 0.006250
2 0.828571 0.442188 0.023214 0.012500
2 0.250000 0.280000 0.026786 0.010000
2 0.171429 0.014688 0.012500 0.013750
2 0.048214 0.004687 0.016071 0.006250
2 0.032589 0.004063 0.016071 0.005000
2 0.089732 0.137813 0.023214 0.010000
2 0.189286 0.161562 0.012500 0.013750
2 0.203571 0.266250 0.014286 0.013750
2 0.246429 0.288125 0.019643 0.007500
2 0.580804 0.356875 0.014286 0.013750
2 0.645536 0.356875 0.014286 0.013750
2 0.658929 0.359375 0.014286 0.012500
2 0.654464 0.404687 0.014286 0.012500
2 0.820536 0.515937 0.025000 0.010000
2 0.826786 0.507500 0.019643 0.008750
2 0.826786 0.501250 0.019643 0.008750
2 0.805357 0.500625 0.021429 0.007500
2 0.811607 0.494688 0.025000 0.011250
2 0.768750 0.488750 0.019643 0.008750
2 0.771875 0.476875 0.021429 0.010000
2 0.774107 0.470625 0.021429 0.010000
2 0.779464 0.463438 0.023214 0.011250
2 0.781696 0.457188 0.023214 0.011250
2 0.783929 0.449375 0.023214 0.011250
2 0.785268 0.441563 0.021429 0.011250
2 0.818750 0.482500 0.021429 0.008750
2 0.819643 0.474688 0.023214 0.008750
2 0.835714 0.484063 0.019643 0.008750
2 0.838839 0.475312 0.021429 0.010000
2 0.880804 0.475312 0.025000 0.010000
2 0.904464 0.494062 0.023214 0.010000
2 0.841964 0.469062 0.023214 0.010000
2 0.844196 0.461250 0.023214 0.010000
2 0.845536 0.451875 0.021429 0.010000
2 0.824107 0.448437 0.023214 0.012500
2 0.846429 0.446250 0.023214 0.011250
2 0.879018 0.562188 0.021429 0.008750
2 0.880357 0.550312 0.019643 0.010000
2 0.887054 0.537188 0.019643 0.008750
2 0.200446 0.494062 0.021429 0.010000
2 0.649107 0.417812 0.012500 0.013750
2 0.541964 0.511250 0.030357 0.010000
2 0.537500 0.520625 0.030357 0.010000
2 0.533036 0.526875 0.030357 0.010000
2 0.527679 0.539375 0.028571 0.010000
2 0.455357 0.670000 0.026786 0.021250
2 0.220536 0.437188 0.021429 0.008750
2 0.210714 0.462188 0.019643 0.008750
2 0.195089 0.502812 0.019643 0.008750
2 0.857143 0.535313 0.017857 0.005000
2 0.192857 0.510625 0.019643 0.008750
2 0.023661 0.648438 0.025000 0.012500
2 0.384375 0.606563 0.023214 0.010000
2 0.514286 0.589063 0.019643 0.006250
2 0.522768 0.615625 0.014286 0.012500
2 0.547321 0.615313 0.023214 0.008750
2 0.805357 0.623125 0.021429 0.008750
2 0.740625 0.548125 0.021429 0.008750
2 0.800893 0.539062 0.021429 0.006250
2 0.799107 0.530938 0.017857 0.008750
2 0.940625 0.015000 0.019643 0.011250
2 0.684821 0.681875 0.021429 0.007500
2 0.249107 0.317500 0.025000 0.010000
2 0.019643 0.286875 0.030357 0.011250
2 0.255357 0.308750 0.037500 0.011250
2 0.617857 0.410938 0.012500 0.012500
2 0.630357 0.413125 0.010714 0.013750
