2 0.879911 0.015313 0.041071 0.027500
2 0.787500 0.152812 0.030357 0.021250
2 0.778571 0.712500 0.021429 0.093750
2 0.828571 0.712812 0.023214 0.091250
2 0.854464 0.712187 0.021429 0.090000
2 0.905357 0.715313 0.025000 0.090000
2 0.598661 0.807813 0.023214 0.093750
2 0.623214 0.811250 0.023214 0.091250
2 0.651786 0.809688 0.026786 0.091250
2 0.674554 0.809688 0.023214 0.091250
2 0.723661 0.810000 0.023214 0.095000
2 0.775000 0.811875 0.023214 0.092500
2 0.752679 0.711250 0.023214 0.097500
2 0.828571 0.810937 0.023214 0.093750
2 0.590625 0.485000 0.025000 0.095000
2 0.915625 0.495000 0.023214 0.096250
2 0.799554 0.811875 0.023214 0.092500
2 0.853125 0.811875 0.023214 0.092500
2 0.951786 0.818125 0.028571 0.092500
2 0.992857 0.819063 0.012500 0.091250
2 0.941964 0.989062 0.089286 0.018750
2 0.979464 0.716875 0.021429 0.090000
2 0.953571 0.715625 0.023214 0.087500
2 0.929018 0.716250 0.023214 0.088750
2 0.987946 0.494375 0.025000 0.095000
2 0.588839 0.168750 0.039286 0.025000
2 0.630357 0.180938 0.037500 0.027500
2 0.640625 0.198750 0.035714 0.022500
2 0.666071 0.217188 0.037500 0.025000
2 0.680357 0.226562 0.039286 0.025000
2 0.693750 0.235625 0.039286 0.027500
2 0.683036 0.259375 0.035714 0.012500
2 0.620536 0.273125 0.017857 0.027500
2 0.602679 0.273125 0.017857 0.027500
