2 0.771875 0.045312 0.012500 0.012500
2 0.673661 0.398438 0.021429 0.012500
2 0.693304 0.389375 0.016071 0.010000
2 0.743304 0.365937 0.017857 0.010000
2 0.728571 0.348438 0.019643 0.012500
2 0.785268 0.321875 0.021429 0.012500
2 0.792857 0.039688 0.014286 0.013750
2 0.781696 0.041250 0.014286 0.013750
2 0.762946 0.048438 0.012500 0.012500
2 0.895536 0.270937 0.014286 0.013750
2 0.896429 0.010625 0.016071 0.015000
2 0.886607 0.012188 0.014286 0.015000
2 0.878571 0.013750 0.016071 0.015000
2 0.868750 0.016875 0.014286 0.015000
2 0.789732 0.245000 0.021429 0.008750
2 0.904464 0.273438 0.014286 0.012500
2 0.937054 0.315000 0.021429 0.011250
2 0.979464 0.562500 0.012500 0.012500
2 0.991518 0.471875 0.014286 0.012500
2 0.990179 0.450000 0.016071 0.006250
2 0.990179 0.442188 0.016071 0.006250
2 0.954018 0.317812 0.019643 0.013750
