2 0.654464 0.764375 0.032143 0.010000
2 0.895536 0.778750 0.041071 0.013750
2 0.898214 0.755312 0.037500 0.007500
2 0.897768 0.742500 0.032143 0.010000
2 0.897321 0.766563 0.035714 0.011250
2 0.809375 0.766563 0.033929 0.011250
2 0.774107 0.765000 0.039286 0.011250
2 0.816071 0.752500 0.033929 0.011250
2 0.773661 0.752500 0.033929 0.011250
2 0.812946 0.741250 0.041071 0.013750
2 0.813393 0.728437 0.037500 0.010000
2 0.776339 0.740000 0.039286 0.011250
2 0.774107 0.727500 0.039286 0.011250
2 0.695536 0.764062 0.042857 0.012500
2 0.656250 0.750938 0.035714 0.011250
2 0.316071 0.796250 0.033929 0.011250
2 0.691071 0.750625 0.033929 0.007500
2 0.692857 0.737812 0.037500 0.010000
2 0.689286 0.728125 0.030357 0.012500
2 0.700893 0.710938 0.035714 0.012500
2 0.695536 0.700937 0.033929 0.011250
2 0.695982 0.690625 0.039286 0.012500
2 0.695536 0.676875 0.033929 0.010000
2 0.695089 0.662813 0.037500 0.010000
2 0.690625 0.651250 0.037500 0.008750
2 0.656250 0.740000 0.035714 0.011250
2 0.657143 0.727500 0.037500 0.011250
2 0.659821 0.714375 0.033929 0.010000
2 0.662946 0.703125 0.035714 0.012500
2 0.891518 0.804688 0.037500 0.012500
2 0.567857 0.751250 0.037500 0.008750
2 0.415625 0.649375 0.032143 0.011250
2 0.415179 0.664375 0.035714 0.010000
2 0.278571 0.793125 0.030357 0.011250
2 0.277232 0.782813 0.032143 0.012500
2 0.317411 0.769688 0.032143 0.011250
2 0.320982 0.743437 0.030357 0.008750
2 0.281250 0.732187 0.035714 0.011250
2 0.362500 0.696875 0.019643 0.025000
2 0.320982 0.706562 0.030357 0.010000
2 0.320982 0.693750 0.030357 0.006250
2 0.281696 0.680312 0.032143 0.013750
2 0.318304 0.669687 0.033929 0.011250
2 0.321875 0.657813 0.032143 0.012500
2 0.315179 0.645000 0.032143 0.008750
2 0.317857 0.633125 0.037500 0.010000
2 0.322768 0.608125 0.033929 0.010000
2 0.318304 0.583125 0.033929 0.010000
2 0.321429 0.558750 0.035714 0.011250
2 0.326339 0.546563 0.041071 0.015000
2 0.452679 0.651875 0.039286 0.010000
2 0.450000 0.665000 0.033929 0.011250
2 0.450000 0.678125 0.033929 0.006250
2 0.450893 0.689375 0.035714 0.010000
2 0.446875 0.714375 0.032143 0.010000
2 0.406250 0.725000 0.035714 0.012500
2 0.408482 0.710000 0.035714 0.013750
2 0.407143 0.697813 0.037500 0.011250
2 0.406250 0.686250 0.035714 0.010000
2 0.412946 0.675938 0.035714 0.011250
2 0.658036 0.689063 0.039286 0.012500
2 0.662054 0.674375 0.033929 0.011250
2 0.540179 0.735000 0.035714 0.013750
2 0.663839 0.586562 0.037500 0.013750
2 0.810268 0.703437 0.035714 0.010000
2 0.813839 0.692500 0.033929 0.010000
2 0.813839 0.677500 0.033929 0.011250
2 0.813839 0.667500 0.033929 0.010000
2 0.817857 0.654062 0.037500 0.011250
2 0.772768 0.690000 0.032143 0.011250
2 0.776786 0.677500 0.035714 0.011250
2 0.775446 0.665000 0.037500 0.011250
2 0.779464 0.651250 0.041071 0.015000
2 0.816071 0.630312 0.033929 0.013750
2 0.815179 0.617188 0.032143 0.012500
2 0.811607 0.603750 0.033929 0.013750
2 0.813393 0.589375 0.028571 0.010000
2 0.816518 0.578750 0.030357 0.013750
2 0.823661 0.565625 0.035714 0.012500
2 0.816964 0.553125 0.035714 0.012500
2 0.816071 0.541875 0.033929 0.015000
2 0.816964 0.528125 0.035714 0.012500
2 0.782589 0.540000 0.033929 0.011250
2 0.784821 0.553125 0.033929 0.012500
2 0.785714 0.565625 0.035714 0.012500
2 0.784375 0.576875 0.028571 0.010000
2 0.780804 0.590938 0.030357 0.010000
2 0.782143 0.602500 0.037500 0.011250
2 0.777679 0.615625 0.037500 0.012500
2 0.899554 0.705313 0.035714 0.013750
2 0.896875 0.691250 0.048214 0.013750
2 0.542411 0.525312 0.035714 0.010000
2 0.662946 0.573438 0.044643 0.012500
2 0.570536 0.737187 0.033929 0.015000
2 0.698214 0.562500 0.030357 0.012500
2 0.574107 0.724062 0.032143 0.013750
2 0.577679 0.711875 0.039286 0.011250
2 0.576339 0.699375 0.032143 0.011250
2 0.579464 0.689063 0.033929 0.012500
2 0.580357 0.675938 0.035714 0.011250
2 0.579018 0.661875 0.037500 0.011250
2 0.542857 0.659687 0.032143 0.010000
2 0.540179 0.675312 0.035714 0.010000
2 0.541964 0.687500 0.039286 0.012500
2 0.539286 0.698750 0.033929 0.010000
2 0.541964 0.711875 0.039286 0.011250
2 0.535268 0.722500 0.039286 0.013750
2 0.578125 0.626563 0.035714 0.012500
2 0.577679 0.610938 0.039286 0.012500
2 0.578125 0.601250 0.035714 0.015000
2 0.578125 0.585313 0.035714 0.011250
2 0.579464 0.560937 0.033929 0.012500
2 0.541071 0.559375 0.037500 0.012500
2 0.539732 0.571250 0.039286 0.011250
2 0.540625 0.585938 0.041071 0.012500
2 0.542411 0.599375 0.035714 0.011250
2 0.542411 0.610938 0.035714 0.012500
2 0.663839 0.613125 0.037500 0.013750
2 0.697768 0.628750 0.042857 0.013750
2 0.702679 0.602500 0.039286 0.011250
2 0.700000 0.586875 0.033929 0.011250
2 0.700000 0.575625 0.033929 0.013750
2 0.317857 0.784375 0.037500 0.012500
2 0.417411 0.808125 0.017857 0.022500
2 0.442411 0.809375 0.023214 0.025000
2 0.305804 0.885625 0.044643 0.015000
2 0.109375 0.820937 0.035714 0.013750
2 0.856250 0.837500 0.016071 0.025000
2 0.835268 0.836562 0.014286 0.026250
2 0.803571 0.840625 0.017857 0.025000
2 0.783036 0.837500 0.012500 0.031250
2 0.768750 0.837187 0.010714 0.027500
2 0.748661 0.836250 0.019643 0.022500
2 0.735714 0.835000 0.016071 0.026250
2 0.714286 0.835938 0.017857 0.025000
2 0.694643 0.838125 0.014286 0.026250
2 0.548661 0.823750 0.021429 0.028750
2 0.529018 0.819688 0.017857 0.030000
2 0.512054 0.819375 0.019643 0.026250
2 0.227679 0.871875 0.035714 0.012500
2 0.900446 0.680937 0.037500 0.015000
2 0.900893 0.653750 0.042857 0.013750
2 0.898661 0.631250 0.033929 0.012500
2 0.900446 0.616250 0.037500 0.013750
2 0.801786 0.004063 0.032143 0.005000
2 0.832143 0.004063 0.030357 0.005000
2 0.835714 0.014375 0.037500 0.010000
2 0.833929 0.026250 0.033929 0.015000
2 0.799554 0.022500 0.032143 0.013750
2 0.833036 0.036875 0.032143 0.011250
2 0.832143 0.051875 0.030357 0.010000
2 0.798214 0.049375 0.033929 0.011250
2 0.788393 0.062500 0.032143 0.012500
2 0.830804 0.062500 0.032143 0.012500
2 0.826339 0.076875 0.032143 0.010000
2 0.789286 0.078125 0.033929 0.012500
2 0.903571 0.472500 0.030357 0.013750
2 0.910268 0.446250 0.030357 0.011250
2 0.911607 0.458125 0.028571 0.010000
2 0.676786 0.144063 0.041071 0.010000
2 0.673214 0.160625 0.033929 0.015000
2 0.677679 0.134688 0.033929 0.010000
2 0.628571 0.252500 0.016071 0.023750
2 0.673214 0.244688 0.033929 0.011250
2 0.670536 0.232813 0.037500 0.012500
2 0.789286 0.384375 0.033929 0.012500
2 0.821429 0.384375 0.035714 0.012500
2 0.819196 0.371563 0.035714 0.008750
2 0.821875 0.360000 0.032143 0.013750
2 0.825893 0.345625 0.035714 0.010000
2 0.823661 0.333750 0.035714 0.011250
2 0.789286 0.346250 0.033929 0.011250
2 0.790179 0.333750 0.035714 0.011250
2 0.787946 0.320312 0.035714 0.012500
2 0.790179 0.309375 0.035714 0.012500
2 0.825893 0.310000 0.035714 0.013750
2 0.829464 0.296250 0.033929 0.011250
2 0.794643 0.296250 0.035714 0.011250
2 0.789286 0.272500 0.033929 0.013750
2 0.825893 0.271563 0.035714 0.015000
2 0.828125 0.245312 0.035714 0.012500
2 0.829464 0.220625 0.033929 0.010000
2 0.791964 0.219687 0.039286 0.011250
2 0.906696 0.436250 0.032143 0.010000
2 0.905357 0.423438 0.033929 0.012500
2 0.905357 0.410313 0.033929 0.011250
2 0.907143 0.397500 0.037500 0.013750
2 0.910714 0.385313 0.035714 0.011250
2 0.908036 0.370312 0.039286 0.012500
2 0.910714 0.359375 0.035714 0.012500
2 0.709821 0.257188 0.035714 0.011250
2 0.667411 0.270000 0.044643 0.015000
2 0.915625 0.336562 0.041071 0.013750
2 0.668750 0.282813 0.033929 0.012500
2 0.902232 0.603750 0.041071 0.013750
2 0.902679 0.590625 0.037500 0.012500
2 0.905357 0.578125 0.033929 0.012500
2 0.903571 0.545000 0.030357 0.008750
2 0.903571 0.528750 0.039286 0.013750
2 0.448214 0.455000 0.030357 0.028750
2 0.787500 0.449688 0.012500 0.021250
2 0.805357 0.449375 0.021429 0.023750
2 0.754464 0.450313 0.017857 0.028750
2 0.734821 0.452813 0.023214 0.027500
2 0.716071 0.451875 0.021429 0.028750
2 0.699107 0.447500 0.014286 0.026250
2 0.680357 0.449062 0.021429 0.026250
2 0.587054 0.410313 0.035714 0.011250
2 0.585268 0.394687 0.032143 0.011250
2 0.587054 0.377188 0.035714 0.013750
2 0.590625 0.360938 0.033929 0.012500
2 0.587054 0.344375 0.035714 0.013750
2 0.670089 0.371875 0.041071 0.012500
2 0.704464 0.359375 0.033929 0.012500
2 0.708036 0.345313 0.032143 0.012500
2 0.674107 0.329375 0.035714 0.008750
2 0.668304 0.307188 0.037500 0.011250
2 0.708036 0.309375 0.032143 0.012500
2 0.706250 0.296563 0.028571 0.015000
2 0.708482 0.283750 0.028571 0.011250
2 0.911161 0.348438 0.032143 0.012500
2 0.916964 0.323750 0.039286 0.010000
2 0.679018 0.123125 0.032143 0.008750
2 0.601786 0.003438 0.033929 0.003750
2 0.595536 0.015625 0.030357 0.012500
2 0.600000 0.034375 0.039286 0.012500
2 0.595982 0.046250 0.035714 0.011250
2 0.597321 0.063750 0.033929 0.015000
2 0.682143 0.002812 0.033929 0.002500
2 0.714286 0.002187 0.026786 0.001250
2 0.715625 0.011875 0.033929 0.011250
2 0.678125 0.023125 0.030357 0.008750
2 0.717411 0.035937 0.028571 0.012500
2 0.715625 0.061250 0.033929 0.010000
2 0.675000 0.059062 0.037500 0.008750
2 0.681250 0.071250 0.032143 0.011250
2 0.675000 0.082812 0.037500 0.012500
2 0.675893 0.097812 0.039286 0.011250
2 0.678571 0.108750 0.035714 0.011250
2 0.715625 0.121875 0.033929 0.012500
2 0.916071 0.298125 0.037500 0.015000
2 0.913839 0.285312 0.037500 0.011250
2 0.913839 0.274375 0.037500 0.011250
2 0.916071 0.259687 0.037500 0.010000
2 0.915179 0.249063 0.035714 0.013750
2 0.914732 0.235937 0.039286 0.012500
2 0.912500 0.222187 0.039286 0.010000
2 0.791518 0.165000 0.033929 0.011250
2 0.828571 0.161250 0.032143 0.010000
2 0.826786 0.150000 0.037500 0.012500
2 0.827679 0.139063 0.039286 0.012500
2 0.828125 0.125937 0.035714 0.011250
2 0.795089 0.112500 0.032143 0.012500
2 0.833929 0.099375 0.025000 0.011250
2 0.916964 0.153438 0.039286 0.010000
2 0.915625 0.140937 0.032143 0.010000
2 0.914286 0.126250 0.033929 0.008750
2 0.917411 0.114062 0.035714 0.012500
2 0.916518 0.090938 0.033929 0.010000
2 0.916964 0.080000 0.039286 0.016250
2 0.920089 0.054062 0.041071 0.011250
2 0.919643 0.041250 0.035714 0.013750
2 0.920982 0.016250 0.042857 0.013750
2 0.925000 0.005312 0.037500 0.007500
