2 0.278571 0.936875 0.012500 0.011250
2 0.235714 0.616563 0.016071 0.005000
2 0.237946 0.583750 0.016071 0.005000
2 0.238839 0.588438 0.017857 0.005000
2 0.237946 0.593750 0.016071 0.006250
2 0.238839 0.599375 0.017857 0.005000
2 0.237946 0.606250 0.016071 0.006250
2 0.236607 0.610938 0.017857 0.006250
2 0.235714 0.631875 0.016071 0.007500
2 0.824107 0.481875 0.014286 0.020000
2 0.237946 0.637500 0.016071 0.006250
2 0.236607 0.643125 0.017857 0.005000
2 0.270089 0.656562 0.008929 0.010000
2 0.270089 0.671250 0.008929 0.011250
2 0.281250 0.657813 0.008929 0.012500
2 0.357143 0.657813 0.008929 0.012500
2 0.237946 0.579063 0.016071 0.005000
2 0.235714 0.574375 0.016071 0.005000
2 0.236607 0.562500 0.017857 0.006250
2 0.235714 0.556250 0.016071 0.006250
2 0.238839 0.550938 0.017857 0.005000
2 0.237946 0.545312 0.016071 0.006250
2 0.237946 0.541563 0.016071 0.005000
2 0.237946 0.537500 0.016071 0.006250
2 0.237946 0.518750 0.016071 0.006250
2 0.238839 0.531250 0.017857 0.006250
2 0.428571 0.632812 0.008929 0.012500
2 0.417411 0.632812 0.008929 0.012500
2 0.401786 0.632188 0.008929 0.011250
2 0.384821 0.631563 0.010714 0.010000
2 0.357143 0.633750 0.008929 0.011250
2 0.341518 0.631563 0.008929 0.010000
2 0.323661 0.631250 0.008929 0.012500
2 0.392857 0.658750 0.008929 0.011250
2 0.409821 0.658125 0.007143 0.010000
2 0.480357 0.630625 0.014286 0.005000
2 0.525893 0.694688 0.016071 0.011250
2 0.441964 0.741563 0.008929 0.011250
2 0.525000 0.716562 0.014286 0.011250
2 0.515179 0.716562 0.012500 0.011250
2 0.504911 0.715625 0.014286 0.012500
2 0.495982 0.715000 0.014286 0.011250
2 0.485714 0.715000 0.016071 0.011250
2 0.440625 0.713125 0.010714 0.013750
2 0.426339 0.713438 0.008929 0.011250
2 0.443304 0.699375 0.007143 0.011250
2 0.435268 0.700313 0.008929 0.010000
2 0.424107 0.699375 0.008929 0.011250
2 0.484821 0.693125 0.014286 0.011250
2 0.505357 0.693125 0.010714 0.011250
2 0.516071 0.695000 0.014286 0.008750
2 0.536161 0.694688 0.014286 0.011250
2 0.480357 0.636875 0.014286 0.005000
2 0.342857 0.698750 0.007143 0.010000
2 0.382589 0.672813 0.010714 0.011250
2 0.392857 0.672813 0.008929 0.011250
2 0.408482 0.672813 0.008929 0.011250
2 0.424107 0.673438 0.008929 0.012500
2 0.434375 0.673438 0.007143 0.012500
2 0.442411 0.673438 0.005357 0.012500
2 0.479018 0.673438 0.016071 0.006250
2 0.481250 0.668125 0.016071 0.005000
2 0.426786 0.658125 0.005357 0.010000
2 0.436161 0.657813 0.010714 0.012500
2 0.478125 0.655625 0.014286 0.005000
2 0.477232 0.650938 0.012500 0.005000
2 0.479911 0.642188 0.017857 0.006250
2 0.299107 0.629063 0.008929 0.011250
2 0.270982 0.630312 0.010714 0.013750
2 0.445089 0.618125 0.010714 0.011250
2 0.560268 0.589375 0.008929 0.010000
2 0.385714 0.590625 0.012500 0.012500
2 0.395089 0.590625 0.008929 0.012500
2 0.418304 0.590938 0.010714 0.010000
2 0.428571 0.590938 0.008929 0.010000
2 0.436607 0.590938 0.007143 0.010000
2 0.444196 0.591562 0.008929 0.011250
2 0.484375 0.590000 0.008929 0.011250
2 0.492411 0.590000 0.007143 0.011250
2 0.499107 0.590000 0.007143 0.011250
2 0.508929 0.590000 0.008929 0.011250
2 0.520982 0.591562 0.010714 0.011250
2 0.529018 0.590938 0.008929 0.010000
2 0.537946 0.590625 0.008929 0.012500
2 0.545982 0.591562 0.007143 0.011250
2 0.568304 0.589375 0.007143 0.010000
2 0.366071 0.591250 0.008929 0.013750
2 0.574554 0.590000 0.010714 0.011250
2 0.607589 0.589063 0.014286 0.006250
2 0.607589 0.595313 0.014286 0.006250
2 0.641518 0.594688 0.019643 0.005000
2 0.640625 0.588438 0.017857 0.005000
2 0.606250 0.577500 0.007143 0.011250
2 0.623214 0.571562 0.014286 0.008750
2 0.292411 0.574375 0.008929 0.011250
2 0.301339 0.574375 0.008929 0.011250
2 0.307143 0.575937 0.007143 0.011250
2 0.323661 0.577500 0.008929 0.011250
2 0.333929 0.575937 0.007143 0.011250
2 0.343750 0.576875 0.008929 0.010000
2 0.357143 0.575937 0.008929 0.011250
2 0.375000 0.590625 0.008929 0.012500
2 0.358482 0.590625 0.007143 0.012500
2 0.436607 0.619062 0.007143 0.010000
2 0.341518 0.615625 0.008929 0.012500
2 0.427679 0.618125 0.007143 0.011250
2 0.418750 0.615625 0.007143 0.012500
2 0.410714 0.617188 0.008929 0.012500
2 0.400893 0.618125 0.007143 0.011250
2 0.392857 0.615938 0.008929 0.010000
2 0.383929 0.616563 0.008929 0.011250
2 0.376339 0.615625 0.007143 0.012500
2 0.482143 0.614062 0.008929 0.012500
2 0.504464 0.616250 0.008929 0.013750
2 0.514732 0.616250 0.007143 0.013750
2 0.520536 0.615625 0.005357 0.012500
2 0.528125 0.615625 0.007143 0.012500
2 0.367411 0.615625 0.007143 0.012500
2 0.357143 0.617188 0.008929 0.012500
2 0.333929 0.617188 0.007143 0.012500
2 0.333482 0.590000 0.010714 0.011250
2 0.323661 0.615625 0.008929 0.012500
2 0.314732 0.616563 0.008929 0.011250
2 0.301339 0.615625 0.008929 0.012500
2 0.290179 0.616875 0.008929 0.008750
2 0.282589 0.615625 0.007143 0.012500
2 0.272321 0.615625 0.008929 0.012500
2 0.273661 0.588438 0.007143 0.011250
2 0.274554 0.574375 0.008929 0.011250
2 0.283482 0.575000 0.008929 0.012500
2 0.281696 0.588438 0.005357 0.011250
2 0.300446 0.590000 0.007143 0.011250
2 0.308036 0.589375 0.008929 0.010000
2 0.316071 0.589375 0.007143 0.010000
2 0.324554 0.590625 0.010714 0.012500
2 0.433036 0.741563 0.008929 0.011250
2 0.424107 0.740000 0.008929 0.011250
2 0.416518 0.740000 0.007143 0.011250
2 0.291518 0.322500 0.016071 0.007500
2 0.248661 0.226250 0.019643 0.008750
2 0.250000 0.232500 0.017857 0.008750
2 0.253571 0.238125 0.016071 0.007500
2 0.254464 0.242813 0.017857 0.007500
2 0.255804 0.249063 0.016071 0.007500
2 0.261607 0.253750 0.014286 0.007500
2 0.262500 0.258437 0.016071 0.007500
2 0.266071 0.265313 0.014286 0.008750
2 0.269196 0.271563 0.016071 0.008750
2 0.271875 0.276250 0.012500 0.008750
2 0.277679 0.288750 0.019643 0.008750
2 0.284821 0.305312 0.016071 0.007500
2 0.290179 0.316250 0.017857 0.007500
2 0.279464 0.300625 0.014286 0.007500
2 0.295089 0.328750 0.014286 0.007500
2 0.302679 0.383750 0.007143 0.011250
2 0.297321 0.333437 0.014286 0.007500
2 0.319643 0.299063 0.014286 0.007500
2 0.316071 0.293438 0.016071 0.008750
2 0.313839 0.285938 0.016071 0.006250
2 0.312500 0.280313 0.017857 0.007500
2 0.309375 0.275000 0.016071 0.006250
2 0.297768 0.245625 0.019643 0.010000
2 0.291964 0.240313 0.021429 0.008750
2 0.302232 0.256562 0.019643 0.010000
2 0.303571 0.263750 0.017857 0.008750
2 0.420536 0.290625 0.010714 0.012500
2 0.429464 0.293750 0.010714 0.012500
2 0.330357 0.318750 0.017857 0.006250
2 0.298214 0.338125 0.016071 0.007500
2 0.311607 0.383750 0.007143 0.011250
2 0.294643 0.382812 0.008929 0.012500
2 0.308036 0.350625 0.017857 0.007500
2 0.027679 0.433125 0.019643 0.010000
2 0.025000 0.442188 0.023214 0.012500
2 0.137946 0.477500 0.021429 0.011250
2 0.275893 0.382188 0.007143 0.011250
2 0.174107 0.406875 0.017857 0.007500
2 0.173214 0.413438 0.016071 0.005000
2 0.179464 0.426250 0.019643 0.008750
2 0.184821 0.433125 0.021429 0.010000
2 0.186161 0.438125 0.019643 0.007500
2 0.191518 0.444688 0.021429 0.011250
2 0.191964 0.450625 0.017857 0.007500
2 0.202232 0.470937 0.016071 0.020000
2 0.198661 0.395625 0.008929 0.010000
2 0.207143 0.394062 0.012500 0.010000
2 0.229464 0.387500 0.012500 0.012500
2 0.238839 0.385937 0.008929 0.012500
2 0.258929 0.383125 0.008929 0.010000
2 0.266964 0.383125 0.007143 0.010000
2 0.302679 0.344375 0.016071 0.007500
2 0.307143 0.356250 0.016071 0.006250
2 0.408482 0.740625 0.008929 0.012500
2 0.275893 0.465625 0.007143 0.012500
2 0.281250 0.410000 0.008929 0.013750
2 0.272321 0.410313 0.008929 0.011250
2 0.233482 0.450938 0.007143 0.011250
2 0.250000 0.451875 0.008929 0.010000
2 0.258929 0.451875 0.008929 0.010000
2 0.275893 0.452500 0.007143 0.011250
2 0.285714 0.451250 0.008929 0.008750
2 0.293750 0.450938 0.007143 0.011250
2 0.302232 0.450938 0.010714 0.011250
2 0.311607 0.451875 0.007143 0.010000
2 0.329464 0.453125 0.007143 0.012500
2 0.250000 0.465625 0.008929 0.012500
2 0.258929 0.465625 0.008929 0.012500
2 0.266964 0.466250 0.007143 0.013750
2 0.294643 0.464687 0.008929 0.013750
2 0.299107 0.411875 0.008929 0.011250
2 0.302232 0.463750 0.010714 0.015000
2 0.310268 0.465313 0.008929 0.015000
2 0.318304 0.465625 0.007143 0.012500
2 0.337054 0.465000 0.008929 0.011250
2 0.345982 0.466563 0.008929 0.011250
2 0.261607 0.978125 0.014286 0.012500
2 0.240625 0.950937 0.012500 0.011250
2 0.308929 0.974375 0.010714 0.011250
2 0.273661 0.825937 0.007143 0.011250
2 0.284821 0.825313 0.007143 0.010000
2 0.292411 0.824375 0.008929 0.011250
2 0.274554 0.800313 0.008929 0.010000
2 0.455357 0.778125 0.008929 0.012500
2 0.371429 0.740000 0.010714 0.011250
2 0.290179 0.410938 0.008929 0.012500
2 0.308929 0.411875 0.010714 0.011250
2 0.308036 0.362500 0.017857 0.006250
2 0.470089 0.371250 0.007143 0.011250
2 0.308036 0.368125 0.017857 0.005000
2 0.411607 0.361875 0.010714 0.011250
2 0.388393 0.323125 0.017857 0.008750
2 0.421875 0.335313 0.008929 0.011250
2 0.429464 0.339375 0.010714 0.010000
2 0.438393 0.339375 0.010714 0.010000
2 0.448214 0.340938 0.012500 0.010000
2 0.471875 0.346875 0.010714 0.012500
2 0.480357 0.347500 0.014286 0.013750
2 0.425893 0.364687 0.012500 0.013750
2 0.434821 0.365000 0.012500 0.011250
2 0.442857 0.367812 0.010714 0.013750
2 0.449554 0.368125 0.010714 0.011250
2 0.458482 0.369375 0.010714 0.013750
2 0.477232 0.374063 0.012500 0.013750
2 0.316071 0.411562 0.007143 0.013750
2 0.491071 0.378125 0.008929 0.012500
2 0.500893 0.378125 0.010714 0.012500
2 0.509821 0.380312 0.010714 0.013750
2 0.216964 0.420312 0.014286 0.012500
2 0.225893 0.418125 0.014286 0.011250
2 0.234821 0.416563 0.014286 0.011250
2 0.241964 0.415625 0.010714 0.012500
2 0.238839 0.429688 0.017857 0.006250
2 0.255804 0.423438 0.007143 0.012500
2 0.263393 0.424375 0.008929 0.011250
2 0.272321 0.423438 0.008929 0.012500
2 0.287946 0.424062 0.008929 0.013750
2 0.296875 0.424062 0.008929 0.013750
2 0.307143 0.422500 0.007143 0.013750
2 0.367411 0.575937 0.007143 0.011250
2 0.376339 0.575937 0.007143 0.011250
2 0.383929 0.576562 0.008929 0.012500
2 0.645089 0.481250 0.017857 0.006250
2 0.438839 0.467187 0.007143 0.012500
2 0.447321 0.467187 0.010714 0.012500
2 0.463393 0.467187 0.007143 0.012500
2 0.472321 0.466563 0.007143 0.011250
2 0.507589 0.468750 0.010714 0.012500
2 0.523661 0.468125 0.007143 0.011250
2 0.532589 0.466563 0.007143 0.011250
2 0.546875 0.469688 0.008929 0.011250
2 0.558036 0.470313 0.008929 0.012500
2 0.575893 0.469062 0.008929 0.010000
2 0.591518 0.468125 0.008929 0.011250
2 0.600446 0.468125 0.008929 0.011250
2 0.609375 0.468125 0.008929 0.011250
2 0.647321 0.487500 0.017857 0.006250
2 0.645089 0.476562 0.017857 0.006250
2 0.412946 0.466563 0.008929 0.011250
2 0.646429 0.471250 0.016071 0.005000
2 0.647321 0.466563 0.017857 0.005000
2 0.647321 0.461875 0.017857 0.005000
2 0.646429 0.455625 0.016071 0.005000
2 0.647321 0.450000 0.017857 0.006250
2 0.377232 0.451875 0.008929 0.010000
2 0.389286 0.452500 0.010714 0.011250
2 0.397768 0.453437 0.005357 0.010000
2 0.406250 0.453125 0.008929 0.012500
2 0.429464 0.452500 0.010714 0.011250
2 0.446429 0.453125 0.008929 0.012500
2 0.455357 0.453125 0.008929 0.012500
2 0.463393 0.453125 0.007143 0.012500
2 0.473214 0.453437 0.008929 0.010000
2 0.420536 0.466563 0.010714 0.011250
2 0.405357 0.465625 0.007143 0.012500
2 0.491071 0.455000 0.008929 0.010000
2 0.368304 0.494375 0.008929 0.013750
2 0.579464 0.496250 0.007143 0.011250
2 0.571429 0.496250 0.008929 0.011250
2 0.560268 0.496250 0.008929 0.011250
2 0.530357 0.496250 0.007143 0.011250
2 0.520089 0.494688 0.008929 0.011250
2 0.276786 0.493750 0.008929 0.012500
2 0.284375 0.493750 0.010714 0.012500
2 0.293750 0.495312 0.007143 0.012500
2 0.302232 0.492812 0.010714 0.013750
2 0.317857 0.493125 0.010714 0.011250
2 0.328125 0.493750 0.008929 0.012500
2 0.336161 0.493750 0.007143 0.012500
2 0.344643 0.494688 0.010714 0.011250
2 0.358482 0.493750 0.007143 0.012500
2 0.377232 0.495312 0.008929 0.012500
2 0.397321 0.466250 0.008929 0.013750
2 0.383929 0.494375 0.008929 0.013750
2 0.393750 0.495312 0.010714 0.012500
2 0.405357 0.494688 0.007143 0.011250
2 0.415179 0.495625 0.008929 0.010000
2 0.426339 0.494688 0.008929 0.011250
2 0.444196 0.494688 0.008929 0.011250
2 0.455357 0.495625 0.008929 0.010000
2 0.465179 0.494688 0.010714 0.011250
2 0.474554 0.495625 0.007143 0.010000
2 0.485714 0.496250 0.007143 0.011250
2 0.505804 0.496250 0.007143 0.011250
2 0.362500 0.466563 0.010714 0.011250
2 0.378125 0.465625 0.010714 0.012500
2 0.388393 0.465625 0.008929 0.012500
2 0.482143 0.455000 0.008929 0.010000
2 0.500000 0.455625 0.008929 0.011250
2 0.592857 0.510313 0.007143 0.011250
2 0.978571 0.730000 0.010714 0.010000
2 0.805804 0.940000 0.017857 0.011250
2 0.811607 0.932188 0.016071 0.011250
2 0.817857 0.921562 0.019643 0.008750
2 0.820089 0.911250 0.019643 0.010000
2 0.826786 0.905000 0.019643 0.010000
2 0.844643 0.884062 0.019643 0.008750
2 0.845536 0.878438 0.021429 0.010000
2 0.854464 0.865938 0.021429 0.010000
2 0.800893 0.884688 0.021429 0.010000
2 0.804018 0.878438 0.023214 0.010000
2 0.808929 0.873125 0.019643 0.008750
2 0.816964 0.858125 0.017857 0.010000
2 0.820982 0.851875 0.021429 0.010000
2 0.787946 0.906563 0.017857 0.010000
2 0.974107 0.715625 0.010714 0.012500
2 0.520089 0.353125 0.017857 0.012500
2 0.779911 0.510000 0.010714 0.013750
2 0.775446 0.320625 0.019643 0.010000
2 0.762946 0.315625 0.012500 0.006250
2 0.770536 0.296250 0.023214 0.011250
2 0.835268 0.279687 0.014286 0.012500
2 0.828571 0.293750 0.014286 0.012500
2 0.782589 0.281562 0.016071 0.010000
2 0.803125 0.265313 0.030357 0.015000
2 0.795982 0.257812 0.033929 0.012500
2 0.968750 0.184375 0.017857 0.012500
2 0.991071 0.164062 0.017857 0.012500
2 0.801786 0.945937 0.014286 0.007500
2 0.663393 0.390000 0.014286 0.005000
2 0.507589 0.455312 0.010714 0.013750
2 0.456696 0.425312 0.007143 0.010000
2 0.531250 0.455625 0.008929 0.011250
2 0.543304 0.455312 0.010714 0.013750
2 0.558929 0.455000 0.010714 0.010000
2 0.566964 0.456562 0.008929 0.010000
2 0.574554 0.455625 0.010714 0.011250
2 0.599107 0.457188 0.010714 0.011250
2 0.358482 0.426563 0.007143 0.012500
2 0.379911 0.426563 0.005357 0.012500
2 0.387054 0.425625 0.010714 0.013750
2 0.397321 0.425000 0.008929 0.012500
2 0.406250 0.425625 0.008929 0.013750
2 0.422768 0.425625 0.010714 0.013750
2 0.438393 0.425000 0.010714 0.012500
2 0.448661 0.425000 0.008929 0.012500
2 0.463393 0.425938 0.007143 0.011250
2 0.541964 0.388437 0.012500 0.011250
2 0.473214 0.426563 0.008929 0.012500
2 0.482143 0.427500 0.008929 0.011250
2 0.509821 0.427500 0.010714 0.011250
2 0.525446 0.428125 0.010714 0.012500
2 0.541518 0.426563 0.007143 0.012500
2 0.550000 0.428125 0.010714 0.012500
2 0.559375 0.427500 0.007143 0.011250
2 0.566964 0.428750 0.008929 0.013750
2 0.575893 0.429063 0.008929 0.011250
2 0.583929 0.428750 0.007143 0.013750
2 0.593750 0.429063 0.008929 0.011250
2 0.602679 0.428125 0.008929 0.012500
2 0.610268 0.428125 0.010714 0.012500
2 0.517857 0.383437 0.008929 0.013750
2 0.597321 0.496875 0.007143 0.012500
2 0.584821 0.510313 0.008929 0.011250
2 0.392857 0.575937 0.008929 0.011250
2 0.505804 0.551875 0.007143 0.010000
2 0.385268 0.549375 0.007143 0.011250
2 0.392857 0.548438 0.008929 0.012500
2 0.401786 0.550000 0.008929 0.012500
2 0.409821 0.550938 0.007143 0.011250
2 0.419643 0.550000 0.008929 0.012500
2 0.428571 0.550938 0.008929 0.011250
2 0.436607 0.551250 0.007143 0.008750
2 0.445536 0.550312 0.007143 0.010000
2 0.454464 0.550938 0.007143 0.011250
2 0.463393 0.550625 0.007143 0.013750
2 0.470982 0.552500 0.008929 0.011250
2 0.479018 0.551562 0.007143 0.012500
2 0.486607 0.550938 0.008929 0.011250
2 0.495536 0.550938 0.008929 0.011250
2 0.519196 0.551562 0.007143 0.012500
2 0.368304 0.550000 0.008929 0.012500
2 0.528125 0.550938 0.007143 0.011250
2 0.536607 0.551875 0.010714 0.010000
2 0.546875 0.550938 0.008929 0.011250
2 0.553571 0.551562 0.008929 0.012500
2 0.562500 0.551562 0.008929 0.012500
2 0.571429 0.550938 0.008929 0.011250
2 0.589286 0.552187 0.008929 0.013750
2 0.598214 0.551562 0.008929 0.012500
2 0.607143 0.552500 0.008929 0.011250
2 0.589286 0.537500 0.008929 0.012500
2 0.579464 0.537500 0.007143 0.012500
2 0.641964 0.555625 0.016071 0.005000
2 0.641964 0.550312 0.016071 0.003750
2 0.645089 0.525000 0.017857 0.006250
2 0.376339 0.548438 0.007143 0.012500
2 0.359375 0.550000 0.008929 0.012500
2 0.275893 0.533750 0.007143 0.011250
2 0.532589 0.578125 0.007143 0.012500
2 0.400893 0.576875 0.007143 0.010000
2 0.410714 0.577500 0.008929 0.011250
2 0.419643 0.576562 0.008929 0.012500
2 0.428571 0.577500 0.008929 0.011250
2 0.437500 0.577187 0.008929 0.013750
2 0.445536 0.578125 0.007143 0.012500
2 0.475000 0.568750 0.012500 0.012500
2 0.596875 0.577500 0.010714 0.011250
2 0.583929 0.576562 0.007143 0.012500
2 0.575893 0.576875 0.008929 0.010000
2 0.567857 0.576562 0.010714 0.012500
2 0.560268 0.577500 0.008929 0.011250
2 0.543750 0.578125 0.007143 0.012500
2 0.537054 0.577500 0.007143 0.011250
2 0.484375 0.578125 0.008929 0.012500
2 0.343750 0.549375 0.008929 0.011250
2 0.491071 0.578125 0.008929 0.012500
2 0.500000 0.578750 0.008929 0.013750
2 0.507143 0.577500 0.005357 0.011250
2 0.522321 0.577500 0.008929 0.011250
2 0.514732 0.577187 0.007143 0.013750
2 0.640625 0.562500 0.017857 0.006250
2 0.275893 0.547187 0.007143 0.010000
2 0.283482 0.547187 0.008929 0.010000
2 0.292411 0.547813 0.008929 0.011250
2 0.299107 0.548438 0.008929 0.012500
2 0.308036 0.548750 0.008929 0.010000
2 0.316964 0.548750 0.008929 0.010000
2 0.325893 0.549375 0.008929 0.011250
2 0.334821 0.550000 0.008929 0.012500
2 0.645089 0.530625 0.017857 0.005000
2 0.283482 0.534375 0.008929 0.012500
2 0.575893 0.510938 0.008929 0.012500
2 0.418750 0.507188 0.007143 0.011250
2 0.294643 0.507188 0.008929 0.011250
2 0.303571 0.508125 0.008929 0.010000
2 0.310268 0.507812 0.008929 0.012500
2 0.318304 0.507188 0.007143 0.011250
2 0.327232 0.505625 0.007143 0.011250
2 0.333929 0.507188 0.007143 0.011250
2 0.345536 0.507188 0.012500 0.011250
2 0.357143 0.507812 0.008929 0.012500
2 0.368304 0.508437 0.008929 0.013750
2 0.377232 0.509375 0.008929 0.012500
2 0.385268 0.509375 0.007143 0.012500
2 0.395089 0.508125 0.008929 0.010000
2 0.401786 0.507812 0.008929 0.012500
2 0.412054 0.507188 0.007143 0.011250
2 0.427679 0.507188 0.007143 0.011250
2 0.276786 0.506250 0.008929 0.012500
2 0.436607 0.508750 0.007143 0.011250
2 0.444196 0.508125 0.008929 0.010000
2 0.454464 0.508125 0.007143 0.010000
2 0.463393 0.507812 0.007143 0.012500
2 0.473214 0.508750 0.008929 0.011250
2 0.481250 0.509375 0.007143 0.012500
2 0.488839 0.509375 0.008929 0.012500
2 0.506696 0.508750 0.008929 0.011250
2 0.530357 0.509687 0.007143 0.010000
2 0.519196 0.508125 0.007143 0.010000
2 0.540179 0.509687 0.008929 0.010000
2 0.549107 0.509687 0.008929 0.010000
2 0.558929 0.509375 0.010714 0.012500
2 0.568304 0.509375 0.007143 0.012500
2 0.285714 0.507188 0.008929 0.011250
2 0.571429 0.538438 0.008929 0.011250
2 0.292411 0.534375 0.008929 0.012500
2 0.427679 0.536875 0.007143 0.011250
2 0.301339 0.534375 0.008929 0.012500
2 0.309375 0.534687 0.007143 0.010000
2 0.319196 0.535313 0.008929 0.011250
2 0.328125 0.533750 0.008929 0.011250
2 0.337054 0.534375 0.008929 0.012500
2 0.345982 0.533750 0.008929 0.011250
2 0.357143 0.533750 0.008929 0.011250
2 0.366071 0.535000 0.008929 0.013750
2 0.377232 0.533750 0.008929 0.011250
2 0.386161 0.534687 0.008929 0.010000
2 0.394196 0.535313 0.007143 0.011250
2 0.403125 0.534375 0.007143 0.012500
2 0.412946 0.534375 0.008929 0.012500
2 0.419643 0.536875 0.008929 0.011250
2 0.437500 0.536875 0.008929 0.011250
2 0.566071 0.538438 0.007143 0.011250
2 0.446429 0.536875 0.008929 0.011250
2 0.455357 0.536875 0.008929 0.011250
2 0.463393 0.535937 0.007143 0.012500
2 0.473214 0.535313 0.008929 0.011250
2 0.482143 0.536250 0.008929 0.010000
2 0.488839 0.534687 0.008929 0.010000
2 0.498214 0.535313 0.005357 0.011250
2 0.505804 0.534687 0.007143 0.010000
2 0.520982 0.535313 0.010714 0.011250
2 0.580357 0.550000 0.008929 0.012500
2 0.529911 0.535937 0.010714 0.012500
2 0.539286 0.535313 0.007143 0.011250
2 0.548214 0.536250 0.007143 0.010000
2 0.558036 0.535937 0.008929 0.012500
