2 0.763393 0.615625 0.035714 0.012500
2 0.139286 0.881563 0.037500 0.010000
2 0.014732 0.619688 0.025000 0.011250
2 0.138393 0.693750 0.035714 0.012500
2 0.135714 0.681875 0.039286 0.013750
2 0.096875 0.683750 0.037500 0.011250
2 0.094643 0.670000 0.037500 0.015000
2 0.135268 0.657188 0.033929 0.011250
2 0.139732 0.645000 0.042857 0.015000
2 0.097321 0.644688 0.042857 0.011250
2 0.099107 0.632500 0.037500 0.008750
2 0.012946 0.680625 0.021429 0.011250
2 0.013839 0.667812 0.023214 0.013750
2 0.013839 0.655312 0.023214 0.013750
2 0.013839 0.642500 0.023214 0.010000
2 0.013839 0.633125 0.023214 0.010000
2 0.138839 0.620625 0.032143 0.010000
2 0.098214 0.618750 0.035714 0.012500
2 0.096429 0.608750 0.041071 0.011250
2 0.136607 0.610000 0.032143 0.013750
2 0.136607 0.595625 0.032143 0.010000
2 0.099107 0.595625 0.037500 0.010000
2 0.099554 0.581562 0.033929 0.010000
2 0.101339 0.557188 0.037500 0.011250
2 0.014732 0.569688 0.025000 0.011250
2 0.012946 0.556875 0.021429 0.007500
2 0.015625 0.542188 0.026786 0.012500
2 0.013839 0.530938 0.023214 0.008750
2 0.014732 0.518125 0.025000 0.011250
2 0.015625 0.507500 0.026786 0.008750
2 0.093750 0.692500 0.035714 0.010000
2 0.095536 0.705625 0.039286 0.011250
2 0.137054 0.707188 0.037500 0.011250
2 0.096429 0.716562 0.041071 0.011250
2 0.220536 0.819063 0.039286 0.010000
2 0.225000 0.833437 0.048214 0.013750
2 0.216071 0.851562 0.048214 0.012500
2 0.271429 0.858750 0.042857 0.011250
2 0.510268 0.860313 0.042857 0.011250
2 0.513393 0.887813 0.044643 0.010000
2 0.598661 0.900000 0.041071 0.012500
2 0.512500 0.900938 0.033929 0.011250
2 0.516518 0.911875 0.037500 0.011250
2 0.475446 0.911562 0.044643 0.013750
2 0.512500 0.926875 0.033929 0.010000
2 0.509821 0.936875 0.037500 0.011250
2 0.509821 0.950313 0.037500 0.010000
2 0.511607 0.962187 0.032143 0.008750
2 0.507589 0.973750 0.037500 0.010000
2 0.221429 0.733750 0.041071 0.011250
2 0.259821 0.721875 0.046429 0.012500
2 0.260714 0.709375 0.048214 0.012500
2 0.220982 0.695625 0.035714 0.010000
2 0.266071 0.685312 0.041071 0.011250
2 0.267857 0.659375 0.044643 0.012500
2 0.224554 0.611250 0.042857 0.010000
2 0.133482 0.733750 0.039286 0.011250
2 0.137946 0.719062 0.039286 0.010000
2 0.094643 0.733125 0.037500 0.010000
2 0.012946 0.727500 0.021429 0.011250
2 0.016518 0.483125 0.028571 0.010000
2 0.144196 0.508750 0.042857 0.011250
2 0.142411 0.520000 0.039286 0.008750
2 0.102679 0.533125 0.035714 0.010000
2 0.138839 0.546250 0.041071 0.011250
2 0.647321 0.502500 0.035714 0.011250
2 0.261607 0.808750 0.032143 0.011250
2 0.131250 0.856875 0.039286 0.013750
2 0.137946 0.844063 0.039286 0.010000
2 0.012054 0.990938 0.019643 0.010000
2 0.011161 0.967812 0.017857 0.007500
2 0.011161 0.954688 0.017857 0.012500
2 0.009375 0.939375 0.014286 0.010000
2 0.009375 0.913750 0.014286 0.008750
2 0.008482 0.889375 0.012500 0.010000
2 0.010268 0.878438 0.016071 0.010000
2 0.011161 0.865625 0.017857 0.012500
2 0.008482 0.854375 0.012500 0.008750
2 0.012054 0.841562 0.019643 0.011250
2 0.009375 0.829375 0.014286 0.008750
2 0.013839 0.815625 0.023214 0.012500
2 0.015625 0.802500 0.026786 0.011250
2 0.128125 0.916563 0.046429 0.011250
2 0.089732 0.894063 0.041071 0.010000
2 0.089732 0.868125 0.041071 0.011250
2 0.092857 0.817500 0.033929 0.010000
2 0.100000 0.804688 0.030357 0.012500
2 0.137500 0.805000 0.033929 0.010000
2 0.134821 0.815625 0.037500 0.012500
2 0.134821 0.831563 0.037500 0.010000
2 0.094643 0.842187 0.037500 0.012500
