2 0.071875 0.034687 0.023214 0.010000
2 0.285714 0.100937 0.026786 0.011250
2 0.493750 0.053750 0.023214 0.013750
2 0.919643 0.147812 0.026786 0.011250
2 0.281250 0.381250 0.017857 0.006250
2 0.180357 0.377500 0.030357 0.011250
2 0.340179 0.401875 0.028571 0.010000
2 0.438839 0.406250 0.033929 0.012500
2 0.176339 0.725625 0.017857 0.020000
2 0.599107 0.452500 0.010714 0.023750
2 0.990179 0.510938 0.016071 0.018750
2 0.537054 0.854063 0.016071 0.023750
2 0.928125 0.855625 0.012500 0.017500
2 0.723214 0.161875 0.008929 0.017500
2 0.842857 0.446250 0.016071 0.017500
2 0.478571 0.364375 0.010714 0.016250
2 0.066964 0.348750 0.008929 0.016250
2 0.632589 0.367500 0.010714 0.016250
2 0.496429 0.762188 0.028571 0.008750
