2 0.821429 0.481250 0.044643 0.012500
2 0.828125 0.498750 0.044643 0.010000
2 0.879464 0.476875 0.035714 0.010000
2 0.590179 0.789375 0.010714 0.016250
2 0.614732 0.788750 0.010714 0.015000
2 0.604018 0.789375 0.007143 0.016250
2 0.626786 0.786250 0.012500 0.016250
2 0.593750 0.826875 0.008929 0.016250
2 0.606250 0.826250 0.007143 0.015000
2 0.616071 0.824687 0.008929 0.015000
2 0.625893 0.824687 0.010714 0.015000
2 0.634821 0.824687 0.010714 0.015000
2 0.645982 0.823750 0.010714 0.016250
2 0.689732 0.823750 0.008929 0.016250
2 0.698661 0.822813 0.008929 0.017500
2 0.712054 0.820625 0.008929 0.016250
2 0.696429 0.786250 0.008929 0.016250
2 0.719643 0.785625 0.010714 0.015000
2 0.731250 0.784687 0.007143 0.016250
2 0.741071 0.782500 0.008929 0.015000
2 0.722321 0.818125 0.007143 0.017500
2 0.733036 0.818750 0.010714 0.018750
2 0.744643 0.819063 0.007143 0.016250
2 0.750893 0.782500 0.010714 0.015000
2 0.761161 0.781875 0.008929 0.013750
2 0.773214 0.781875 0.010714 0.020000
2 0.785714 0.782500 0.008929 0.015000
2 0.795982 0.780938 0.007143 0.015000
2 0.808036 0.780938 0.008929 0.015000
2 0.819196 0.779375 0.008929 0.015000
2 0.830357 0.780625 0.008929 0.017500
2 0.755357 0.818750 0.010714 0.018750
2 0.776786 0.818125 0.008929 0.017500
2 0.787946 0.820625 0.008929 0.016250
2 0.798214 0.819063 0.007143 0.016250
2 0.809821 0.818125 0.012500 0.017500
2 0.821429 0.818125 0.008929 0.017500
2 0.857143 0.620313 0.026786 0.012500
2 0.854464 0.626875 0.021429 0.010000
2 0.853571 0.633750 0.019643 0.011250
2 0.857143 0.644062 0.017857 0.010000
2 0.920536 0.632500 0.019643 0.008750
2 0.933036 0.610625 0.008929 0.015000
2 0.892411 0.611250 0.012500 0.016250
2 0.913839 0.654687 0.019643 0.012500
2 0.919196 0.660937 0.021429 0.012500
2 0.905804 0.677500 0.021429 0.011250
2 0.924107 0.681250 0.017857 0.012500
2 0.904911 0.708750 0.019643 0.011250
2 0.925000 0.699062 0.019643 0.013750
2 0.925000 0.709688 0.019643 0.010000
2 0.925000 0.717500 0.019643 0.010000
2 0.925000 0.725938 0.019643 0.011250
2 0.926786 0.733125 0.023214 0.010000
2 0.927232 0.740000 0.019643 0.011250
2 0.927232 0.755625 0.019643 0.011250
2 0.747321 0.948125 0.012500 0.015000
2 0.758929 0.947500 0.008929 0.013750
2 0.768750 0.948750 0.010714 0.016250
2 0.783482 0.948750 0.008929 0.016250
2 0.848214 0.932500 0.008929 0.015000
2 0.970536 0.740000 0.021429 0.011250
2 0.972321 0.730000 0.025000 0.010000
2 0.969643 0.720625 0.019643 0.010000
2 0.970536 0.711250 0.021429 0.010000
2 0.969196 0.695312 0.023214 0.012500
2 0.968750 0.686250 0.017857 0.010000
2 0.951786 0.595938 0.019643 0.007500
2 0.961607 0.625000 0.021429 0.006250
2 0.962946 0.632812 0.019643 0.006250
2 0.965179 0.643750 0.019643 0.006250
2 0.965179 0.652813 0.019643 0.008750
2 0.987054 0.635313 0.014286 0.005000
2 0.922768 0.610625 0.010714 0.015000
2 0.901786 0.610000 0.008929 0.013750
2 0.911607 0.611250 0.010714 0.016250
2 0.862946 0.700313 0.016071 0.010000
2 0.863839 0.709063 0.017857 0.008750
2 0.865179 0.717812 0.016071 0.007500
2 0.866518 0.726875 0.014286 0.010000
2 0.866518 0.732812 0.014286 0.006250
2 0.866964 0.741875 0.019643 0.008750
2 0.868304 0.749688 0.017857 0.008750
2 0.610268 0.573438 0.010714 0.018750
2 0.669643 0.822500 0.008929 0.020000
2 0.657589 0.822500 0.007143 0.013750
2 0.683929 0.787813 0.010714 0.016250
2 0.803571 0.947188 0.008929 0.016250
