2 0.225893 0.028125 0.032143 0.012500
2 0.332143 0.013437 0.039286 0.011250
2 0.330357 0.032188 0.035714 0.011250
2 0.589732 0.975000 0.014286 0.025000
2 0.692857 0.975625 0.019643 0.026250
2 0.710268 0.974687 0.014286 0.027500
2 0.727679 0.976250 0.017857 0.027500
2 0.762500 0.975000 0.016071 0.025000
2 0.779464 0.975625 0.014286 0.026250
2 0.793750 0.976562 0.016071 0.025000
2 0.815179 0.949687 0.032143 0.015000
2 0.812500 0.939063 0.035714 0.012500
2 0.781250 0.902500 0.017857 0.023750
2 0.761607 0.902500 0.014286 0.023750
2 0.747768 0.902812 0.017857 0.027500
2 0.731250 0.903125 0.016071 0.025000
2 0.697321 0.902187 0.019643 0.026250
2 0.683036 0.902187 0.017857 0.026250
2 0.663393 0.902812 0.014286 0.027500
2 0.630804 0.900625 0.016071 0.026250
2 0.592857 0.900000 0.016071 0.031250
2 0.734821 0.552500 0.032143 0.011250
2 0.682589 0.521875 0.012500 0.025000
2 0.450000 0.989375 0.016071 0.022500
2 0.664286 0.522500 0.016071 0.026250
2 0.645089 0.517500 0.017857 0.028750
2 0.629464 0.518437 0.017857 0.027500
2 0.469643 0.156250 0.019643 0.025000
2 0.467857 0.080937 0.025000 0.058750
2 0.502679 0.062813 0.041071 0.060000
2 0.610268 0.517813 0.019643 0.026250
2 0.833482 0.272187 0.019643 0.022500
2 0.861607 0.272187 0.017857 0.022500
2 0.897321 0.274375 0.017857 0.030000
2 0.941964 0.271563 0.017857 0.027500
2 0.674107 0.263125 0.017857 0.032500
2 0.968750 0.278438 0.017857 0.028750
2 0.985714 0.276875 0.016071 0.022500
2 0.796875 0.270937 0.017857 0.026250
2 0.770982 0.297812 0.037500 0.011250
2 0.758929 0.331250 0.017857 0.025000
2 0.649554 0.423438 0.017857 0.025000
2 0.646429 0.458125 0.016071 0.022500
2 0.663393 0.460000 0.014286 0.026250
2 0.683482 0.460000 0.023214 0.026250
2 0.702679 0.459687 0.012500 0.022500
2 0.720536 0.463125 0.021429 0.026250
2 0.737946 0.460938 0.016071 0.025000
2 0.789286 0.459687 0.016071 0.022500
2 0.807143 0.461875 0.016071 0.023750
2 0.826786 0.459375 0.019643 0.025000
2 0.851786 0.461250 0.016071 0.022500
2 0.868750 0.461562 0.014286 0.020000
2 0.887500 0.460625 0.016071 0.027500
2 0.906696 0.460313 0.014286 0.023750
2 0.922321 0.463438 0.014286 0.023750
2 0.941964 0.463438 0.017857 0.023750
2 0.960714 0.464375 0.019643 0.022500
2 0.976339 0.464375 0.019643 0.022500
2 0.682143 0.424062 0.016071 0.026250
2 0.592411 0.519688 0.019643 0.023750
2 0.554464 0.494062 0.046429 0.010000
2 0.556250 0.482188 0.041071 0.011250
2 0.877232 0.633125 0.035714 0.010000
2 0.556696 0.468125 0.037500 0.011250
2 0.556250 0.456250 0.041071 0.012500
2 0.554018 0.445625 0.041071 0.010000
2 0.552679 0.433750 0.042857 0.011250
2 0.558036 0.421250 0.035714 0.011250
2 0.557143 0.406562 0.033929 0.010000
2 0.553571 0.394687 0.035714 0.011250
2 0.555804 0.381875 0.035714 0.013750
2 0.556250 0.369688 0.032143 0.011250
2 0.556250 0.357187 0.032143 0.011250
2 0.557143 0.317188 0.033929 0.012500
2 0.820536 0.524375 0.016071 0.023750
2 0.837054 0.525625 0.017857 0.026250
2 0.858036 0.526875 0.019643 0.022500
2 0.877232 0.525938 0.017857 0.023750
2 0.894196 0.524687 0.016071 0.027500
2 0.912946 0.523438 0.017857 0.025000
2 0.929464 0.524375 0.019643 0.023750
2 0.945089 0.525000 0.019643 0.025000
2 0.965179 0.524062 0.019643 0.026250
2 0.985268 0.522500 0.019643 0.026250
2 0.668750 0.424375 0.016071 0.023750
2 0.700000 0.424687 0.016071 0.027500
2 0.794643 0.333437 0.017857 0.026250
2 0.828125 0.366875 0.017857 0.027500
2 0.875446 0.367500 0.014286 0.022500
2 0.894196 0.368125 0.016071 0.023750
2 0.912054 0.369688 0.016071 0.023750
2 0.930357 0.369375 0.021429 0.020000
2 0.947321 0.369062 0.019643 0.022500
2 0.965625 0.367500 0.016071 0.022500
2 0.982143 0.366250 0.017857 0.026250
2 0.985268 0.337188 0.019643 0.027500
2 0.948661 0.337188 0.017857 0.027500
2 0.932143 0.335938 0.016071 0.031250
2 0.914286 0.335938 0.016071 0.025000
2 0.893750 0.335000 0.019643 0.026250
2 0.861607 0.334375 0.017857 0.025000
2 0.832589 0.334687 0.017857 0.022500
2 0.857143 0.367812 0.017857 0.020000
2 0.812500 0.367500 0.017857 0.022500
2 0.719643 0.427187 0.019643 0.026250
2 0.795089 0.369062 0.014286 0.022500
2 0.741518 0.423438 0.014286 0.025000
2 0.755357 0.423438 0.019643 0.025000
2 0.789286 0.427813 0.016071 0.027500
2 0.809375 0.429063 0.016071 0.023750
2 0.827679 0.429375 0.021429 0.027500
2 0.854911 0.427813 0.017857 0.027500
2 0.875446 0.427500 0.014286 0.023750
2 0.891071 0.426875 0.014286 0.022500
2 0.910268 0.429063 0.021429 0.023750
2 0.929911 0.429063 0.016071 0.023750
2 0.943304 0.427500 0.016071 0.023750
2 0.964286 0.428750 0.017857 0.026250
2 0.978571 0.428750 0.019643 0.026250
2 0.651786 0.365313 0.017857 0.021250
2 0.669643 0.364375 0.017857 0.022500
2 0.687946 0.366563 0.014286 0.030000
2 0.707589 0.365000 0.017857 0.023750
2 0.723214 0.365625 0.017857 0.025000
2 0.738839 0.365000 0.017857 0.023750
2 0.758482 0.365000 0.021429 0.023750
2 0.776786 0.365313 0.017857 0.021250
