2 0.884375 0.150938 0.023214 0.017500
2 0.841071 0.357812 0.030357 0.018750
2 0.891071 0.155938 0.023214 0.015000
2 0.645089 0.345625 0.008929 0.010000
2 0.964286 0.492500 0.017857 0.016250
2 0.643304 0.140000 0.014286 0.011250
2 0.656250 0.131562 0.017857 0.010000
2 0.794643 0.100000 0.017857 0.012500
2 0.816071 0.084375 0.016071 0.012500
2 0.728571 0.050625 0.019643 0.013750
2 0.656250 0.019062 0.017857 0.010000
2 0.639732 0.002187 0.016071 0.001250
2 0.717857 0.015625 0.016071 0.012500
2 0.703125 0.005312 0.017857 0.007500
2 0.809375 0.005625 0.016071 0.011250
2 0.808036 0.012812 0.017857 0.010000
2 0.799107 0.018125 0.017857 0.011250
2 0.793304 0.027500 0.019643 0.011250
2 0.783482 0.035937 0.017857 0.012500
2 0.777679 0.041563 0.019643 0.011250
2 0.768750 0.046875 0.019643 0.012500
2 0.654018 0.346875 0.008929 0.012500
2 0.633929 0.341562 0.008929 0.011250
2 0.626339 0.340000 0.007143 0.011250
2 0.614286 0.411875 0.014286 0.011250
2 0.604911 0.407813 0.017857 0.012500
2 0.700000 0.353437 0.007143 0.010000
2 0.693304 0.358750 0.007143 0.011250
2 0.684375 0.356563 0.007143 0.010000
2 0.676339 0.352500 0.008929 0.011250
2 0.665179 0.349375 0.008929 0.011250
2 0.579018 0.330625 0.010714 0.011250
2 0.618750 0.306250 0.014286 0.012500
2 0.624107 0.310312 0.016071 0.011250
2 0.608036 0.335000 0.010714 0.013750
2 0.617411 0.338438 0.007143 0.011250
