2 0.908482 0.872500 0.026786 0.013750
2 0.875893 0.877188 0.037500 0.013750
2 0.946429 0.538438 0.026786 0.023750
2 0.791518 0.590938 0.033929 0.022500
2 0.707143 0.556875 0.021429 0.020000
2 0.887946 0.781562 0.030357 0.022500
2 0.833929 0.263750 0.042857 0.046250
2 0.777679 0.962187 0.028571 0.015000
2 0.875893 0.867188 0.028571 0.012500
2 0.981250 0.901250 0.025000 0.008750
2 0.868304 0.890625 0.026786 0.012500
2 0.605357 0.928125 0.023214 0.025000
2 0.992411 0.832500 0.016071 0.021250
2 0.653571 0.960938 0.030357 0.012500
2 0.653571 0.948750 0.030357 0.010000
2 0.654911 0.936875 0.028571 0.011250
2 0.649554 0.983750 0.026786 0.011250
2 0.642857 0.995000 0.026786 0.008750
