2 0.805357 0.720625 0.021429 0.016250
2 0.768304 0.606875 0.023214 0.007500
2 0.767411 0.623437 0.021429 0.006250
2 0.768750 0.628750 0.019643 0.007500
2 0.771429 0.635938 0.016071 0.006250
2 0.717411 0.617812 0.019643 0.007500
2 0.719643 0.610000 0.019643 0.007500
2 0.715179 0.575625 0.019643 0.007500
2 0.716518 0.582812 0.017857 0.006250
2 0.696429 0.591250 0.017857 0.007500
2 0.698661 0.598437 0.017857 0.006250
2 0.700000 0.604688 0.016071 0.006250
2 0.698661 0.611563 0.017857 0.007500
2 0.691071 0.637500 0.033929 0.018750
2 0.879018 0.755000 0.030357 0.016250
2 0.742857 0.710000 0.012500 0.013750
2 0.734821 0.714063 0.014286 0.012500
2 0.720089 0.721875 0.016071 0.012500
2 0.757589 0.703437 0.019643 0.016250
2 0.791071 0.692500 0.019643 0.016250
2 0.768304 0.595313 0.023214 0.006250
2 0.766964 0.588125 0.025000 0.007500
2 0.767411 0.581250 0.021429 0.006250
2 0.765179 0.568125 0.021429 0.005000
2 0.766071 0.553750 0.023214 0.007500
2 0.764732 0.561562 0.025000 0.007500
2 0.804018 0.701250 0.023214 0.015000
2 0.798214 0.725625 0.016071 0.013750
2 0.789286 0.727812 0.016071 0.015000
2 0.867857 0.983437 0.021429 0.007500
2 0.842857 0.987500 0.016071 0.006250
2 0.807143 0.987500 0.016071 0.006250
2 0.904464 0.983750 0.041071 0.011250
2 0.573661 0.781562 0.017857 0.016250
2 0.773214 0.734063 0.019643 0.015000
2 0.750000 0.743437 0.026786 0.021250
2 0.664286 0.745937 0.016071 0.013750
2 0.696429 0.730938 0.017857 0.015000
2 0.641964 0.755312 0.016071 0.013750
2 0.627679 0.762500 0.014286 0.012500
2 0.610714 0.767188 0.016071 0.012500
2 0.600893 0.771875 0.014286 0.012500
2 0.673214 0.778125 0.016071 0.012500
2 0.443304 0.840625 0.016071 0.012500
2 0.665179 0.783438 0.017857 0.013750
2 0.720089 0.756875 0.016071 0.013750
2 0.698661 0.770000 0.017857 0.015000
2 0.502679 0.816875 0.014286 0.015000
2 0.515625 0.810625 0.017857 0.015000
2 0.492857 0.817812 0.012500 0.013750
2 0.485268 0.822500 0.010714 0.013750
2 0.476786 0.828750 0.016071 0.013750
2 0.968750 0.719688 0.017857 0.011250
2 0.986161 0.740625 0.021429 0.012500
2 0.962946 0.713438 0.019643 0.011250
2 0.055357 0.996875 0.012500 0.006250
2 0.065179 0.993750 0.014286 0.012500
2 0.154464 0.956250 0.014286 0.012500
2 0.237946 0.919375 0.016071 0.013750
2 0.231250 0.923438 0.016071 0.012500
2 0.225893 0.928750 0.014286 0.013750
2 0.216964 0.931250 0.014286 0.012500
2 0.209821 0.935625 0.017857 0.015000
2 0.201339 0.936875 0.014286 0.011250
2 0.193304 0.941250 0.016071 0.013750
2 0.177679 0.948438 0.016071 0.012500
2 0.147321 0.961562 0.017857 0.013750
2 0.075893 0.990625 0.017857 0.012500
2 0.128571 0.967812 0.016071 0.013750
2 0.145089 0.854688 0.017857 0.012500
2 0.132589 0.861250 0.019643 0.010000
2 0.124554 0.868125 0.021429 0.011250
2 0.112054 0.875313 0.023214 0.010000
2 0.083929 0.886250 0.025000 0.010000
2 0.097321 0.980937 0.016071 0.015000
2 0.081696 0.985938 0.016071 0.012500
2 0.787500 0.464687 0.012500 0.038750
2 0.757143 0.480312 0.014286 0.045000
2 0.635714 0.531875 0.012500 0.038750
2 0.698214 0.391562 0.039286 0.036250
2 0.662500 0.407813 0.039286 0.037500
2 0.624554 0.424375 0.039286 0.036250
2 0.600893 0.433750 0.041071 0.036250
2 0.523661 0.463125 0.033929 0.032500
2 0.489732 0.483125 0.037500 0.035000
2 0.428125 0.507812 0.039286 0.037500
2 0.392411 0.524375 0.039286 0.036250
2 0.249554 0.586875 0.039286 0.036250
2 0.072321 0.812187 0.064286 0.015000
2 0.019196 0.841875 0.033929 0.015000
2 0.011161 0.849375 0.017857 0.011250
2 0.006696 0.864375 0.008929 0.010000
2 0.771875 0.359375 0.039286 0.037500
2 0.783929 0.353125 0.041071 0.037500
2 0.951339 0.282187 0.041071 0.036250
2 0.974554 0.268750 0.033929 0.031250
2 0.758482 0.991875 0.066071 0.015000
2 0.443750 0.146250 0.039286 0.036250
2 0.248214 0.917188 0.014286 0.012500
2 0.254464 0.913125 0.017857 0.013750
2 0.264732 0.910937 0.016071 0.012500
2 0.346429 0.900000 0.023214 0.012500
2 0.295982 0.985000 0.016071 0.013750
2 0.325000 0.972188 0.016071 0.016250
2 0.336161 0.967500 0.016071 0.016250
2 0.262946 0.995000 0.012500 0.008750
2 0.250893 0.997812 0.010714 0.005000
2 0.534821 0.841250 0.016071 0.013750
2 0.626339 0.797500 0.016071 0.013750
2 0.603571 0.809375 0.019643 0.012500
2 0.515179 0.848750 0.012500 0.016250
2 0.506696 0.852187 0.008929 0.013750
2 0.501339 0.853125 0.016071 0.012500
2 0.492411 0.858750 0.016071 0.011250
2 0.485714 0.860000 0.016071 0.013750
2 0.475893 0.865312 0.014286 0.015000
2 0.468750 0.867500 0.017857 0.016250
2 0.321429 0.939688 0.017857 0.013750
2 0.255804 0.950313 0.016071 0.016250
2 0.242411 0.972500 0.016071 0.013750
2 0.249107 0.967812 0.016071 0.013750
2 0.258036 0.965312 0.016071 0.015000
2 0.270536 0.956875 0.014286 0.013750
2 0.282143 0.955937 0.019643 0.015000
2 0.297321 0.946875 0.014286 0.012500
2 0.331696 0.936250 0.016071 0.016250
2 0.271429 0.944375 0.016071 0.013750
2 0.233482 0.960625 0.016071 0.015000
2 0.281250 0.941250 0.017857 0.013750
2 0.293750 0.933437 0.016071 0.013750
2 0.304018 0.928125 0.014286 0.012500
2 0.310714 0.927187 0.014286 0.013750
2 0.320536 0.923125 0.016071 0.015000
2 0.376339 0.927500 0.016071 0.011250
2 0.362054 0.918750 0.023214 0.012500
2 0.354018 0.905000 0.016071 0.010000
2 0.241518 0.958437 0.014286 0.013750
2 0.224554 0.965312 0.016071 0.015000
2 0.159821 0.990312 0.016071 0.015000
2 0.135714 0.996875 0.012500 0.006250
2 0.152232 0.992812 0.014286 0.013750
2 0.165179 0.986250 0.017857 0.016250
2 0.217857 0.967812 0.016071 0.013750
2 0.185268 0.993750 0.017857 0.012500
2 0.184375 0.980312 0.016071 0.013750
2 0.194643 0.991250 0.014286 0.013750
2 0.192411 0.977812 0.014286 0.015000
2 0.202232 0.989062 0.016071 0.012500
2 0.199107 0.972500 0.014286 0.013750
2 0.217857 0.983437 0.016071 0.013750
2 0.225893 0.978125 0.014286 0.012500
2 0.915179 0.627812 0.017857 0.015000
2 0.900446 0.635625 0.019643 0.015000
2 0.893750 0.638125 0.019643 0.013750
2 0.887500 0.641250 0.016071 0.013750
2 0.879464 0.644375 0.017857 0.013750
2 0.870536 0.647500 0.017857 0.013750
2 0.858482 0.653750 0.016071 0.013750
2 0.878571 0.660000 0.016071 0.013750
2 0.886607 0.656250 0.014286 0.012500
2 0.896429 0.653125 0.016071 0.012500
2 0.904018 0.649062 0.017857 0.013750
2 0.912054 0.645937 0.016071 0.013750
2 0.918750 0.641250 0.016071 0.013750
2 0.926786 0.639687 0.014286 0.013750
2 0.932143 0.635000 0.016071 0.013750
2 0.942411 0.631250 0.014286 0.012500
2 0.974107 0.620625 0.010714 0.010000
2 0.981696 0.615000 0.012500 0.011250
2 0.932143 0.621875 0.016071 0.012500
2 0.950000 0.616250 0.016071 0.013750
2 0.978571 0.600000 0.010714 0.012500
2 0.877679 0.609375 0.014286 0.012500
2 0.957143 0.575000 0.012500 0.012500
2 0.947321 0.577500 0.010714 0.011250
2 0.924554 0.587500 0.014286 0.012500
2 0.917411 0.591250 0.017857 0.013750
2 0.908929 0.594375 0.014286 0.013750
2 0.900893 0.597500 0.016071 0.013750
2 0.895536 0.601562 0.014286 0.012500
2 0.887500 0.604688 0.016071 0.012500
2 0.871875 0.612500 0.016071 0.012500
2 0.987054 0.597500 0.014286 0.013750
2 0.860714 0.615313 0.016071 0.015000
2 0.854018 0.618437 0.016071 0.015000
2 0.846429 0.623750 0.014286 0.016250
2 0.839732 0.626250 0.014286 0.015000
2 0.832143 0.641563 0.021429 0.011250
2 0.917411 0.677813 0.017857 0.015000
2 0.934375 0.673125 0.016071 0.015000
2 0.941518 0.667188 0.012500 0.012500
2 0.990179 0.647500 0.016071 0.013750
2 0.984821 0.652187 0.014286 0.013750
2 0.975893 0.653750 0.014286 0.013750
2 0.965625 0.657500 0.016071 0.015000
2 0.958929 0.661250 0.016071 0.016250
2 0.950000 0.666875 0.016071 0.015000
2 0.963393 0.571562 0.016071 0.015000
2 0.973661 0.568750 0.014286 0.012500
2 0.987946 0.562188 0.016071 0.015000
2 0.878571 0.539687 0.016071 0.013750
2 0.889732 0.536562 0.016071 0.013750
2 0.896429 0.533438 0.016071 0.013750
2 0.906250 0.528750 0.017857 0.013750
2 0.914286 0.527187 0.016071 0.013750
2 0.922321 0.523125 0.014286 0.015000
2 0.929911 0.520000 0.016071 0.015000
2 0.936607 0.516875 0.016071 0.015000
2 0.945536 0.513125 0.016071 0.013750
2 0.954464 0.509375 0.016071 0.012500
2 0.961161 0.506875 0.016071 0.013750
2 0.968750 0.503750 0.017857 0.013750
2 0.976786 0.500625 0.016071 0.013750
2 0.984821 0.496875 0.014286 0.012500
2 0.984821 0.511562 0.014286 0.013750
2 0.978125 0.514687 0.014286 0.013750
2 0.811607 0.535000 0.016071 0.013750
2 0.820536 0.530312 0.016071 0.013750
2 0.828571 0.526563 0.014286 0.012500
2 0.914286 0.490625 0.016071 0.012500
2 0.961161 0.470000 0.016071 0.015000
2 0.951339 0.471875 0.014286 0.012500
2 0.945982 0.475625 0.012500 0.013750
2 0.938839 0.480312 0.016071 0.013750
2 0.923214 0.487500 0.016071 0.012500
2 0.904464 0.493750 0.014286 0.012500
2 0.835268 0.522813 0.014286 0.011250
2 0.897768 0.496875 0.014286 0.012500
2 0.889732 0.500625 0.016071 0.013750
2 0.883482 0.503125 0.012500 0.012500
2 0.874107 0.506875 0.016071 0.013750
2 0.866518 0.510938 0.014286 0.012500
2 0.859821 0.515000 0.014286 0.011250
2 0.850893 0.516563 0.014286 0.011250
2 0.842857 0.521563 0.016071 0.015000
2 0.970089 0.517813 0.016071 0.013750
2 0.961607 0.520937 0.012500 0.013750
2 0.952232 0.523438 0.016071 0.012500
2 0.954464 0.560625 0.016071 0.015000
2 0.893304 0.585938 0.014286 0.012500
2 0.900000 0.585000 0.014286 0.013750
2 0.906250 0.580313 0.017857 0.013750
2 0.914286 0.576562 0.016071 0.012500
2 0.923214 0.574062 0.016071 0.013750
2 0.933036 0.570937 0.017857 0.013750
2 0.939732 0.566875 0.017857 0.015000
2 0.946875 0.563750 0.014286 0.015000
2 0.960268 0.556875 0.014286 0.013750
2 0.876339 0.592812 0.016071 0.013750
2 0.968750 0.553750 0.017857 0.013750
2 0.976786 0.549687 0.016071 0.015000
2 0.885268 0.591250 0.016071 0.013750
2 0.869643 0.597500 0.016071 0.013750
2 0.946875 0.527500 0.014286 0.011250
2 0.876339 0.556875 0.016071 0.013750
2 0.941071 0.533438 0.016071 0.013750
2 0.932143 0.535000 0.016071 0.013750
2 0.923214 0.537500 0.016071 0.012500
2 0.916518 0.541250 0.016071 0.013750
2 0.907589 0.545937 0.016071 0.013750
2 0.900000 0.546875 0.014286 0.012500
2 0.891964 0.549063 0.016071 0.013750
2 0.883036 0.554375 0.016071 0.015000
2 0.869643 0.560000 0.016071 0.013750
2 0.860714 0.599688 0.016071 0.015000
2 0.859821 0.564063 0.014286 0.012500
2 0.852232 0.568438 0.012500 0.015000
2 0.844196 0.570312 0.014286 0.012500
2 0.838839 0.575625 0.012500 0.013750
2 0.829911 0.577187 0.012500 0.013750
2 0.836607 0.611563 0.012500 0.013750
2 0.842857 0.606250 0.016071 0.012500
2 0.851786 0.603125 0.016071 0.012500
