2 0.048661 0.611563 0.021429 0.007500
2 0.095536 0.602812 0.021429 0.008750
2 0.248661 0.604688 0.019643 0.006250
2 0.108929 0.569375 0.021429 0.007500
2 0.462500 0.621563 0.023214 0.008750
2 0.160714 0.191250 0.017857 0.013750
2 0.150893 0.195312 0.016071 0.012500
2 0.141964 0.197813 0.016071 0.011250
2 0.258482 0.245938 0.021429 0.007500
2 0.267411 0.237188 0.021429 0.008750
2 0.265179 0.224375 0.021429 0.005000
2 0.266071 0.197500 0.023214 0.007500
2 0.277232 0.184062 0.023214 0.008750
2 0.279018 0.175625 0.017857 0.007500
2 0.277679 0.166250 0.019643 0.007500
2 0.285268 0.157500 0.021429 0.008750
2 0.268750 0.204375 0.019643 0.008750
2 0.241071 0.002187 0.008929 0.001250
2 0.266518 0.213750 0.019643 0.008750
2 0.566964 0.581250 0.017857 0.006250
2 0.872321 0.625625 0.021429 0.007500
2 0.979911 0.619375 0.017857 0.007500
