2 0.935268 0.403125 0.026786 0.025000
2 0.934375 0.430938 0.025000 0.027500
2 0.946875 0.734375 0.023214 0.025000
2 0.944643 0.593438 0.023214 0.027500
2 0.946429 0.759375 0.026786 0.025000
2 0.133482 0.998750 0.021429 0.003750
2 0.085714 0.998125 0.019643 0.002500
2 0.054911 0.998125 0.025000 0.002500
2 0.147321 0.944063 0.017857 0.022500
2 0.116071 0.941563 0.017857 0.023750
2 0.098661 0.944688 0.023214 0.023750
2 0.075893 0.943750 0.017857 0.025000
2 0.054911 0.944375 0.016071 0.026250
2 0.232589 0.895937 0.023214 0.026250
2 0.197768 0.899062 0.025000 0.026250
2 0.164286 0.897188 0.025000 0.022500
2 0.145982 0.900625 0.019643 0.026250
2 0.082589 0.897188 0.017857 0.022500
2 0.887054 0.949062 0.028571 0.032500
2 0.153125 0.998750 0.016071 0.003750
2 0.233929 0.936562 0.021429 0.026250
2 0.214732 0.938125 0.023214 0.026250
2 0.179018 0.940625 0.023214 0.025000
2 0.935714 0.483750 0.023214 0.030000
2 0.891518 0.554688 0.037500 0.031250
2 0.932143 0.373125 0.025000 0.027500
