2 0.010268 0.181875 0.007143 0.013750
2 0.018304 0.192812 0.005357 0.013750
2 0.028125 0.180625 0.007143 0.011250
2 0.060714 0.194687 0.005357 0.011250
2 0.072768 0.183750 0.007143 0.011250
2 0.081696 0.185625 0.007143 0.015000
2 0.097321 0.188750 0.007143 0.015000
2 0.104018 0.220938 0.007143 0.013750
2 0.114286 0.220312 0.005357 0.012500
2 0.123214 0.220312 0.005357 0.012500
2 0.147768 0.227500 0.005357 0.011250
2 0.484821 0.265000 0.014286 0.005000
2 0.502232 0.261875 0.017857 0.005000
2 0.546875 0.265000 0.017857 0.005000
2 0.561607 0.244375 0.016071 0.007500
2 0.584821 0.249375 0.017857 0.005000
2 0.701339 0.252500 0.014286 0.005000
2 0.670982 0.297812 0.007143 0.011250
2 0.629464 0.275312 0.017857 0.003750
2 0.629911 0.279062 0.014286 0.005000
2 0.628571 0.289375 0.016071 0.003750
2 0.630357 0.321250 0.019643 0.005000
2 0.630804 0.324375 0.016071 0.005000
2 0.551786 0.019062 0.005357 0.010000
