2 0.399554 0.811562 0.008929 0.013750
2 0.436607 0.815625 0.007143 0.012500
2 0.427679 0.815625 0.007143 0.012500
2 0.415179 0.816250 0.008929 0.013750
2 0.388393 0.810937 0.008929 0.012500
2 0.395982 0.824062 0.019643 0.007500
2 0.391071 0.830313 0.023214 0.007500
2 0.391518 0.838125 0.019643 0.007500
2 0.428571 0.833437 0.008929 0.013750
2 0.448661 0.817187 0.008929 0.012500
2 0.457589 0.817812 0.008929 0.013750
2 0.311161 0.824062 0.019643 0.007500
2 0.468750 0.817812 0.008929 0.013750
2 0.483482 0.821875 0.016071 0.012500
2 0.479464 0.832812 0.021429 0.012500
2 0.369643 0.839063 0.016071 0.006250
2 0.388393 0.871875 0.017857 0.006250
2 0.391518 0.847500 0.019643 0.007500
2 0.390179 0.855312 0.021429 0.007500
2 0.370536 0.861563 0.017857 0.007500
2 0.370536 0.853750 0.017857 0.007500
2 0.371429 0.845938 0.019643 0.007500
2 0.368304 0.826562 0.017857 0.006250
2 0.478571 0.841562 0.019643 0.011250
2 0.368304 0.820312 0.017857 0.006250
2 0.365179 0.809375 0.007143 0.012500
2 0.312500 0.803750 0.017857 0.007500
2 0.332143 0.811562 0.021429 0.007500
2 0.333036 0.804375 0.023214 0.008750
2 0.313393 0.817812 0.019643 0.007500
2 0.389286 0.880312 0.019643 0.007500
2 0.384821 0.891250 0.019643 0.013750
2 0.412500 0.898438 0.012500 0.012500
2 0.428125 0.902187 0.012500 0.013750
2 0.440179 0.902187 0.014286 0.013750
2 0.458929 0.906875 0.016071 0.013750
2 0.470982 0.906250 0.017857 0.012500
2 0.472768 0.892188 0.021429 0.012500
2 0.452679 0.888125 0.021429 0.007500
2 0.477679 0.883750 0.017857 0.011250
2 0.451786 0.875000 0.019643 0.006250
2 0.479464 0.874375 0.021429 0.011250
2 0.477232 0.861563 0.021429 0.013750
2 0.478571 0.852500 0.019643 0.011250
2 0.453125 0.859375 0.017857 0.006250
2 0.456250 0.850000 0.019643 0.006250
2 0.457589 0.842187 0.017857 0.006250
2 0.334821 0.825000 0.017857 0.006250
2 0.311161 0.831250 0.019643 0.006250
2 0.308929 0.837500 0.019643 0.006250
2 0.518750 0.803125 0.019643 0.012500
2 0.274554 0.802187 0.017857 0.007500
2 0.505357 0.907813 0.010714 0.012500
2 0.507589 0.895937 0.019643 0.013750
2 0.514286 0.863750 0.019643 0.015000
2 0.516518 0.842812 0.019643 0.013750
2 0.515625 0.824375 0.017857 0.011250
2 0.518750 0.787500 0.019643 0.012500
2 0.519643 0.775625 0.021429 0.013750
2 0.522321 0.765625 0.017857 0.012500
2 0.522321 0.756563 0.017857 0.010000
2 0.524107 0.746875 0.021429 0.012500
2 0.276339 0.776563 0.021429 0.006250
2 0.386607 0.788750 0.023214 0.008750
2 0.273214 0.815000 0.019643 0.005000
2 0.270089 0.821875 0.017857 0.006250
2 0.274107 0.828125 0.021429 0.006250
2 0.274107 0.835625 0.021429 0.008750
2 0.272321 0.842812 0.017857 0.007500
2 0.268750 0.855312 0.019643 0.007500
2 0.267857 0.869375 0.017857 0.007500
2 0.239286 0.880937 0.023214 0.008750
2 0.327679 0.878750 0.021429 0.007500
2 0.326786 0.884375 0.019643 0.006250
2 0.340179 0.898125 0.019643 0.008750
2 0.307143 0.862500 0.016071 0.006250
2 0.325893 0.871875 0.017857 0.006250
2 0.325000 0.864062 0.016071 0.006250
2 0.325893 0.857812 0.017857 0.006250
2 0.325893 0.844375 0.017857 0.007500
2 0.328125 0.838125 0.017857 0.007500
2 0.257143 0.492812 0.023214 0.007500
2 0.312054 0.488750 0.021429 0.008750
2 0.663839 0.526250 0.019643 0.008750
2 0.600000 0.526875 0.021429 0.010000
2 0.306250 0.570937 0.023214 0.007500
2 0.334375 0.502188 0.021429 0.007500
2 0.671875 0.364375 0.026786 0.010000
2 0.881250 0.388125 0.030357 0.013750
2 0.914732 0.390625 0.030357 0.012500
2 0.855357 0.367812 0.023214 0.013750
2 0.839286 0.363750 0.026786 0.015000
2 0.891071 0.383125 0.023214 0.010000
2 0.810268 0.386250 0.017857 0.016250
2 0.821429 0.386250 0.017857 0.016250
2 0.832589 0.387188 0.017857 0.015000
2 0.850893 0.391250 0.014286 0.013750
2 0.843750 0.387813 0.017857 0.016250
2 0.701786 0.162500 0.019643 0.006250
2 0.701786 0.157500 0.019643 0.008750
2 0.628125 0.133438 0.010714 0.013750
2 0.715179 0.038125 0.019643 0.007500
2 0.711607 0.044375 0.021429 0.007500
2 0.709821 0.103125 0.017857 0.006250
2 0.709821 0.110937 0.017857 0.006250
2 0.708036 0.116562 0.023214 0.005000
2 0.707143 0.123438 0.021429 0.006250
2 0.704911 0.130312 0.021429 0.007500
2 0.703571 0.136875 0.023214 0.005000
2 0.706250 0.143750 0.019643 0.006250
2 0.625893 0.148438 0.010714 0.012500
2 0.823214 0.363437 0.012500 0.011250
