2 0.703125 0.747812 0.017857 0.011250
2 0.692857 0.705625 0.010714 0.011250
2 0.700893 0.711875 0.008929 0.011250
2 0.707143 0.721250 0.012500 0.011250
2 0.716964 0.726562 0.014286 0.012500
2 0.725446 0.738438 0.017857 0.011250
2 0.714286 0.743125 0.017857 0.011250
2 0.690179 0.741250 0.014286 0.013750
2 0.681250 0.734375 0.014286 0.012500
2 0.675893 0.728125 0.012500 0.012500
2 0.668750 0.720313 0.016071 0.012500
2 0.662500 0.715625 0.012500 0.012500
2 0.655357 0.709375 0.016071 0.012500
2 0.644196 0.703750 0.016071 0.013750
2 0.687054 0.698438 0.012500 0.012500
2 0.676339 0.696875 0.008929 0.012500
2 0.662946 0.696875 0.008929 0.012500
