2 0.179018 0.168437 0.032143 0.015000
2 0.011607 0.210000 0.014286 0.026250
2 0.414286 0.220938 0.016071 0.026250
2 0.396429 0.220625 0.016071 0.028750
2 0.032589 0.215625 0.016071 0.025000
2 0.379464 0.216562 0.017857 0.023750
2 0.361607 0.216250 0.017857 0.026250
2 0.343750 0.215937 0.017857 0.022500
2 0.322321 0.216250 0.019643 0.026250
2 0.237054 0.412500 0.032143 0.012500
2 0.238393 0.439063 0.030357 0.012500
2 0.153571 0.092500 0.039286 0.016250
2 0.182143 0.219375 0.016071 0.026250
2 0.162054 0.215000 0.016071 0.030000
2 0.172321 0.195625 0.032143 0.010000
2 0.075000 0.195312 0.033929 0.012500
2 0.075000 0.183125 0.033929 0.010000
2 0.070089 0.214375 0.019643 0.022500
2 0.050446 0.212500 0.016071 0.025000
