2 0.992857 0.694375 0.012500 0.013750
2 0.973214 0.696875 0.008929 0.012500
2 0.960714 0.694375 0.010714 0.013750
2 0.952232 0.694688 0.007143 0.011250
2 0.927679 0.690625 0.007143 0.012500
2 0.917411 0.691250 0.008929 0.013750
2 0.906250 0.691250 0.008929 0.013750
2 0.877232 0.703750 0.008929 0.013750
2 0.865179 0.703437 0.007143 0.010000
2 0.857589 0.687188 0.023214 0.021250
2 0.803571 0.653125 0.008929 0.012500
2 0.785714 0.653750 0.008929 0.013750
2 0.638393 0.685000 0.017857 0.007500
2 0.630357 0.674375 0.019643 0.005000
2 0.635714 0.666250 0.021429 0.007500
2 0.755357 0.738750 0.010714 0.015000
2 0.744643 0.975313 0.007143 0.010000
2 0.893750 0.729375 0.010714 0.015000
2 0.632589 0.950625 0.019643 0.007500
2 0.630357 0.931875 0.019643 0.007500
2 0.630357 0.915938 0.019643 0.010000
2 0.610268 0.934375 0.010714 0.012500
2 0.946429 0.869063 0.008929 0.010000
2 0.689732 0.864062 0.008929 0.012500
2 0.583482 0.825000 0.019643 0.006250
2 0.720089 0.773438 0.016071 0.012500
2 0.749554 0.786250 0.021429 0.010000
2 0.935268 0.795625 0.026786 0.010000
2 0.976339 0.725000 0.010714 0.012500
2 0.697768 0.599062 0.007143 0.013750
2 0.591518 0.613125 0.008929 0.013750
2 0.600446 0.614687 0.008929 0.013750
2 0.617411 0.615313 0.007143 0.015000
2 0.633929 0.616563 0.008929 0.011250
2 0.662054 0.593750 0.016071 0.006250
2 0.662946 0.586875 0.017857 0.005000
2 0.662946 0.581250 0.017857 0.006250
2 0.603571 0.571875 0.019643 0.006250
2 0.621875 0.560937 0.016071 0.006250
2 0.622321 0.533438 0.021429 0.007500
2 0.666071 0.550000 0.019643 0.006250
2 0.725000 0.560937 0.012500 0.006250
2 0.721875 0.546875 0.019643 0.006250
2 0.726786 0.537500 0.016071 0.006250
2 0.766964 0.490625 0.007143 0.012500
2 0.706250 0.498125 0.019643 0.021250
2 0.670982 0.485313 0.016071 0.011250
2 0.669643 0.477500 0.017857 0.011250
2 0.672768 0.432812 0.019643 0.012500
2 0.633929 0.968437 0.017857 0.008750
2 0.814732 0.968125 0.008929 0.011250
2 0.880357 0.428125 0.019643 0.006250
2 0.889732 0.012500 0.016071 0.006250
2 0.988839 0.724375 0.008929 0.011250
2 0.637500 0.993125 0.016071 0.005000
2 0.881696 0.401562 0.017857 0.006250
2 0.709821 0.388437 0.008929 0.011250
2 0.581696 0.344687 0.007143 0.011250
2 0.629464 0.280938 0.017857 0.015000
2 0.676339 0.300000 0.017857 0.006250
2 0.773661 0.306250 0.007143 0.012500
2 0.859821 0.305625 0.014286 0.017500
2 0.854018 0.300937 0.007143 0.011250
2 0.830357 0.297812 0.008929 0.011250
2 0.743304 0.297812 0.017857 0.005000
2 0.749554 0.279687 0.021429 0.006250
2 0.717857 0.270000 0.007143 0.015000
2 0.747768 0.232813 0.017857 0.006250
2 0.751339 0.215000 0.016071 0.005000
2 0.750893 0.206250 0.019643 0.006250
2 0.687500 0.143125 0.017857 0.011250
2 0.687946 0.122188 0.023214 0.016250
2 0.591964 0.050000 0.023214 0.006250
