2 0.104911 0.560625 0.008929 0.015000
2 0.114732 0.653125 0.010714 0.012500
2 0.097321 0.760313 0.007143 0.011250
2 0.098214 0.774375 0.008929 0.011250
2 0.137500 0.110312 0.016071 0.005000
2 0.179464 0.108125 0.019643 0.003750
2 0.404018 0.100000 0.017857 0.006250
2 0.337500 0.750000 0.023214 0.006250
2 0.330357 0.757188 0.026786 0.005000
2 0.719196 0.385000 0.023214 0.007500
2 0.754464 0.159062 0.008929 0.015000
2 0.818750 0.993750 0.021429 0.006250
2 0.861607 0.954375 0.008929 0.015000
2 0.861607 0.966250 0.008929 0.013750
2 0.884821 0.934375 0.010714 0.012500
2 0.859375 0.934375 0.008929 0.012500
2 0.875000 0.837500 0.008929 0.012500
2 0.877232 0.872500 0.008929 0.013750
2 0.879464 0.889687 0.008929 0.013750
2 0.875000 0.815000 0.008929 0.011250
2 0.843750 0.795312 0.008929 0.012500
2 0.845982 0.811250 0.008929 0.010000
2 0.944643 0.715000 0.023214 0.005000
2 0.116071 0.918437 0.008929 0.015000
2 0.119196 0.940625 0.010714 0.012500
2 0.413393 0.059062 0.014286 0.015000
2 0.901786 0.295312 0.008929 0.018750
