2 0.163393 0.589687 0.014286 0.013750
2 0.146429 0.793750 0.025000 0.006250
2 0.093304 0.456875 0.012500 0.013750
2 0.155357 0.005938 0.007143 0.008750
2 0.133036 0.033750 0.025000 0.011250
2 0.087946 0.389375 0.010714 0.010000
2 0.383482 0.127188 0.012500 0.013750
2 0.225893 0.182812 0.014286 0.012500
2 0.279464 0.163125 0.014286 0.013750
2 0.029464 0.287500 0.014286 0.012500
2 0.041964 0.283438 0.012500 0.013750
2 0.034375 0.268750 0.010714 0.012500
2 0.050893 0.303125 0.012500 0.012500
2 0.059821 0.317812 0.012500 0.013750
2 0.082143 0.375625 0.012500 0.013750
