2 0.134821 0.832188 0.010714 0.011250
2 0.301339 0.817812 0.008929 0.013750
2 0.293750 0.817187 0.007143 0.012500
2 0.285714 0.816250 0.008929 0.013750
2 0.267857 0.814688 0.008929 0.013750
2 0.320089 0.820312 0.010714 0.012500
2 0.143750 0.831250 0.010714 0.012500
2 0.161607 0.834375 0.010714 0.012500
2 0.335714 0.592812 0.010714 0.013750
2 0.325893 0.591875 0.008929 0.015000
2 0.187054 0.649375 0.012500 0.011250
2 0.316964 0.848437 0.008929 0.012500
2 0.310268 0.848437 0.008929 0.012500
2 0.301339 0.846250 0.008929 0.011250
2 0.292411 0.846875 0.008929 0.012500
2 0.284821 0.846875 0.007143 0.012500
2 0.275893 0.846250 0.007143 0.011250
2 0.266964 0.846250 0.007143 0.011250
2 0.260268 0.845625 0.007143 0.010000
2 0.250000 0.841250 0.008929 0.013750
2 0.227679 0.842500 0.008929 0.010000
2 0.235714 0.841562 0.007143 0.011250
2 0.217411 0.840625 0.010714 0.012500
2 0.188393 0.835938 0.010714 0.012500
2 0.196429 0.838125 0.008929 0.013750
2 0.258036 0.814063 0.007143 0.012500
2 0.249107 0.814063 0.007143 0.012500
2 0.242411 0.812500 0.007143 0.012500
2 0.236607 0.812500 0.008929 0.012500
2 0.133482 0.799063 0.012500 0.013750
2 0.126786 0.797500 0.012500 0.013750
2 0.116964 0.797500 0.010714 0.013750
2 0.108036 0.796250 0.010714 0.011250
2 0.099107 0.794687 0.010714 0.011250
2 0.091964 0.793750 0.014286 0.012500
2 0.084375 0.791250 0.012500 0.013750
2 0.075446 0.790625 0.012500 0.012500
2 0.067411 0.787500 0.014286 0.012500
2 0.016964 0.739687 0.016071 0.013750
2 0.018304 0.996875 0.014286 0.006250
2 0.009375 0.995625 0.014286 0.010000
2 0.006696 0.991250 0.008929 0.013750
2 0.150446 0.803125 0.010714 0.012500
2 0.158482 0.802500 0.008929 0.011250
2 0.167411 0.805000 0.008929 0.010000
2 0.157143 0.133438 0.019643 0.013750
2 0.224554 0.810937 0.007143 0.012500
2 0.207589 0.809375 0.008929 0.012500
2 0.192857 0.807813 0.010714 0.012500
2 0.272768 0.740625 0.023214 0.006250
2 0.255804 0.608437 0.016071 0.013750
2 0.129464 0.114062 0.017857 0.012500
2 0.150893 0.128125 0.016071 0.012500
2 0.095982 0.036875 0.017857 0.011250
2 0.184375 0.805312 0.007143 0.013750
2 0.349554 0.594375 0.007143 0.013750
2 0.359375 0.596875 0.008929 0.012500
2 0.366518 0.596875 0.005357 0.012500
2 0.525000 0.847500 0.005357 0.013750
2 0.985714 0.602500 0.016071 0.011250
2 0.968750 0.841875 0.017857 0.008750
2 0.812054 0.774375 0.021429 0.011250
2 0.785268 0.769062 0.021429 0.010000
2 0.612946 0.853125 0.007143 0.012500
2 0.604911 0.851562 0.008929 0.012500
2 0.579018 0.848125 0.010714 0.015000
2 0.553571 0.846875 0.008929 0.012500
2 0.534821 0.847813 0.007143 0.011250
2 0.508929 0.847813 0.008929 0.011250
2 0.375893 0.596875 0.010714 0.012500
2 0.497768 0.846250 0.008929 0.011250
2 0.526786 0.818125 0.008929 0.011250
2 0.502232 0.817812 0.008929 0.013750
2 0.493304 0.818125 0.008929 0.011250
2 0.485714 0.818125 0.007143 0.011250
2 0.477679 0.818125 0.008929 0.011250
2 0.470089 0.817500 0.007143 0.010000
2 0.462054 0.817500 0.008929 0.010000
2 0.452232 0.817500 0.007143 0.010000
2 0.444196 0.818125 0.008929 0.011250
2 0.436161 0.818750 0.010714 0.012500
2 0.427679 0.817812 0.007143 0.013750
2 0.419643 0.818750 0.008929 0.012500
2 0.409821 0.818750 0.007143 0.012500
2 0.400446 0.817812 0.010714 0.013750
2 0.445536 0.759375 0.025000 0.006250
2 0.193750 0.646875 0.012500 0.012500
2 0.400446 0.571250 0.010714 0.011250
2 0.535714 0.818125 0.008929 0.011250
2 0.553571 0.831250 0.017857 0.006250
2 0.595982 0.821562 0.008929 0.015000
2 0.421875 0.848437 0.008929 0.012500
2 0.482143 0.849375 0.008929 0.011250
2 0.474107 0.849375 0.010714 0.011250
2 0.464286 0.850000 0.008929 0.012500
2 0.455357 0.847500 0.008929 0.013750
2 0.445536 0.848437 0.007143 0.012500
2 0.437500 0.847813 0.008929 0.011250
2 0.429911 0.848437 0.007143 0.012500
2 0.414286 0.848437 0.007143 0.012500
2 0.627232 0.825313 0.008929 0.010000
2 0.753571 0.771875 0.016071 0.006250
2 0.672321 0.652813 0.014286 0.015000
2 0.657589 0.645000 0.016071 0.015000
2 0.608929 0.593750 0.012500 0.012500
2 0.600000 0.590625 0.012500 0.012500
2 0.644643 0.825625 0.012500 0.013750
2 0.635714 0.825000 0.012500 0.012500
