2 0.178125 0.180000 0.021429 0.010000
2 0.295982 0.060000 0.025000 0.013750
2 0.404018 0.024375 0.026786 0.011250
2 0.481250 0.897500 0.016071 0.013750
2 0.411161 0.935000 0.014286 0.013750
2 0.627679 0.047813 0.032143 0.023750
2 0.823214 0.662813 0.012500 0.016250
2 0.291964 0.272500 0.021429 0.013750
2 0.248661 0.295625 0.028571 0.010000
2 0.176786 0.257500 0.023214 0.015000
2 0.443750 0.012812 0.021429 0.010000
2 0.858929 0.121250 0.021429 0.011250
2 0.603571 0.083750 0.019643 0.011250
2 0.468750 0.010625 0.017857 0.008750
