2 0.113839 0.722187 0.035714 0.016250
2 0.250446 0.855937 0.041071 0.015000
2 0.261161 0.820937 0.026786 0.026250
2 0.348214 0.541250 0.026786 0.026250
2 0.281696 0.538750 0.032143 0.021250
2 0.981250 0.050313 0.016071 0.022500
2 0.967857 0.050313 0.016071 0.022500
2 0.948214 0.050313 0.012500 0.022500
2 0.931250 0.050313 0.014286 0.022500
2 0.403125 0.027500 0.016071 0.023750
2 0.384375 0.028125 0.023214 0.025000
2 0.627679 0.010937 0.032143 0.012500
2 0.367857 0.033125 0.021429 0.022500
2 0.350446 0.033125 0.017857 0.022500
2 0.333036 0.034375 0.023214 0.025000
2 0.318750 0.033750 0.021429 0.023750
2 0.302232 0.035937 0.019643 0.025000
2 0.417411 0.027187 0.017857 0.026250
2 0.437500 0.027500 0.017857 0.023750
2 0.453125 0.027500 0.017857 0.023750
2 0.709821 0.040000 0.017857 0.023750
2 0.916071 0.048438 0.019643 0.025000
2 0.895089 0.048438 0.017857 0.025000
2 0.877679 0.046250 0.014286 0.023750
2 0.861607 0.046875 0.017857 0.025000
2 0.845982 0.046250 0.017857 0.023750
2 0.828125 0.044688 0.017857 0.023750
2 0.812054 0.043750 0.021429 0.025000
2 0.794643 0.041250 0.017857 0.026250
2 0.779018 0.040938 0.017857 0.022500
2 0.763393 0.041250 0.017857 0.026250
2 0.743750 0.040625 0.014286 0.025000
2 0.726786 0.040625 0.016071 0.025000
2 0.693304 0.039062 0.016071 0.025000
2 0.472321 0.027500 0.016071 0.023750
2 0.676339 0.035625 0.017857 0.027500
2 0.656250 0.034687 0.017857 0.022500
2 0.639732 0.033750 0.016071 0.023750
2 0.624107 0.033750 0.016071 0.023750
2 0.607143 0.033750 0.017857 0.023750
2 0.590625 0.033125 0.016071 0.022500
2 0.575000 0.033125 0.016071 0.022500
2 0.558482 0.029063 0.014286 0.023750
2 0.539286 0.030625 0.016071 0.023750
2 0.520536 0.029687 0.014286 0.025000
2 0.503571 0.029687 0.016071 0.025000
2 0.486607 0.027500 0.017857 0.023750
2 0.127232 0.863125 0.035714 0.020000
2 0.025893 0.067500 0.033929 0.016250
