2 0.691964 0.588438 0.035714 0.017500
2 0.029464 0.751250 0.032143 0.021250
2 0.204018 0.693438 0.028571 0.015000
2 0.060268 0.674375 0.035714 0.017500
2 0.536607 0.610625 0.028571 0.015000
2 0.723661 0.567812 0.023214 0.013750
2 0.695089 0.521875 0.037500 0.018750
2 0.912500 0.073438 0.030357 0.018750
2 0.681696 0.246250 0.019643 0.017500
2 0.667857 0.355938 0.023214 0.021250
2 0.810714 0.562812 0.085714 0.028750
2 0.751339 0.497813 0.078571 0.030000
2 0.733036 0.396875 0.028571 0.012500
2 0.702679 0.661562 0.021429 0.013750
2 0.901339 0.632188 0.021429 0.017500
2 0.892857 0.635313 0.017857 0.017500
2 0.879911 0.637188 0.014286 0.015000
2 0.862500 0.643125 0.019643 0.017500
2 0.775000 0.642188 0.023214 0.012500
2 0.724107 0.645625 0.019643 0.010000
2 0.637054 0.670625 0.019643 0.010000
2 0.716071 0.682813 0.021429 0.012500
2 0.662054 0.678125 0.025000 0.012500
2 0.666518 0.685937 0.025000 0.012500
2 0.674554 0.694063 0.023214 0.010000
2 0.913393 0.630000 0.014286 0.016250
2 0.920982 0.627188 0.016071 0.013750
2 0.932143 0.622500 0.016071 0.013750
2 0.940179 0.620625 0.014286 0.016250
2 0.951339 0.616875 0.014286 0.015000
2 0.959821 0.614687 0.017857 0.013750
2 0.970536 0.611250 0.012500 0.016250
2 0.988839 0.605938 0.017857 0.015000
2 0.709375 0.678125 0.021429 0.012500
2 0.595536 0.688438 0.021429 0.011250
2 0.818750 0.908125 0.021429 0.010000
2 0.812500 0.893437 0.026786 0.015000
2 0.804464 0.879687 0.028571 0.012500
2 0.794643 0.845313 0.026786 0.012500
2 0.722768 0.864062 0.021429 0.012500
2 0.604911 0.709063 0.017857 0.008750
2 0.823661 0.916875 0.026786 0.015000
2 0.860268 0.863438 0.019643 0.011250
2 0.858929 0.857812 0.021429 0.012500
2 0.870089 0.879063 0.021429 0.011250
2 0.882143 0.902500 0.023214 0.011250
2 0.910714 0.979688 0.026786 0.012500
2 0.465179 0.811875 0.019643 0.017500
2 0.482589 0.842500 0.014286 0.016250
2 0.500893 0.837813 0.019643 0.016250
2 0.543750 0.885000 0.025000 0.013750
2 0.539286 0.877500 0.025000 0.011250
2 0.550893 0.900000 0.021429 0.012500
2 0.457143 0.715000 0.021429 0.011250
2 0.576786 0.708437 0.019643 0.013750
2 0.575000 0.701875 0.025000 0.010000
2 0.534821 0.168750 0.025000 0.012500
2 0.825893 0.091563 0.017857 0.011250
2 0.262946 0.375000 0.021429 0.012500
2 0.200893 0.400938 0.017857 0.011250
2 0.229911 0.627500 0.017857 0.011250
2 0.274107 0.632500 0.021429 0.008750
2 0.328571 0.650312 0.023214 0.010000
2 0.258036 0.775312 0.025000 0.010000
2 0.468750 0.572813 0.017857 0.011250
2 0.444643 0.592500 0.023214 0.010000
2 0.879464 0.892813 0.017857 0.007500
2 0.805804 0.887813 0.017857 0.010000
2 0.884821 0.859062 0.019643 0.008750
2 0.854464 0.848437 0.021429 0.006250
2 0.575000 0.853125 0.016071 0.012500
2 0.260268 0.895937 0.016071 0.020000
2 0.319196 0.882812 0.017857 0.018750
2 0.650446 0.699688 0.019643 0.008750
2 0.647768 0.690312 0.023214 0.008750
2 0.641518 0.682500 0.019643 0.008750
2 0.743304 0.858125 0.017857 0.010000
2 0.766964 0.851875 0.025000 0.010000
