2 0.571875 0.017813 0.014286 0.020000
2 0.639732 0.029687 0.016071 0.025000
2 0.802679 0.033437 0.016071 0.020000
2 0.851786 0.142187 0.016071 0.018750
2 0.569643 0.264688 0.023214 0.020000
2 0.648214 0.239063 0.028571 0.012500
2 0.692411 0.286562 0.014286 0.020000
2 0.644196 0.508750 0.025000 0.011250
2 0.639286 0.522813 0.028571 0.011250
2 0.720536 0.509375 0.039286 0.012500
2 0.710714 0.521875 0.037500 0.012500
2 0.723214 0.471875 0.026786 0.012500
2 0.951339 0.547813 0.032143 0.011250
2 0.989286 0.551562 0.023214 0.018750
2 0.807143 0.727500 0.025000 0.017500
2 0.822768 0.719688 0.025000 0.017500
2 0.959375 0.741250 0.039286 0.013750
2 0.616518 0.965625 0.014286 0.018750
2 0.667411 0.982500 0.017857 0.027500
2 0.843750 0.990000 0.044643 0.011250
2 0.682143 0.170000 0.016071 0.021250
