2 0.269643 0.442812 0.012500 0.026250
2 0.271429 0.661875 0.016071 0.030000
2 0.224107 0.090000 0.010714 0.023750
2 0.238839 0.028125 0.008929 0.012500
2 0.229018 0.031250 0.007143 0.012500
2 0.231250 0.045625 0.007143 0.010000
2 0.231250 0.060313 0.007143 0.011250
2 0.232143 0.074375 0.008929 0.011250
2 0.261161 0.087500 0.008929 0.012500
2 0.238839 0.046250 0.008929 0.011250
2 0.084821 0.139063 0.017857 0.006250
2 0.086607 0.144375 0.021429 0.007500
2 0.031250 0.214688 0.017857 0.007500
2 0.100446 0.187500 0.017857 0.006250
2 0.108036 0.121875 0.010714 0.012500
2 0.133036 0.128125 0.016071 0.006250
2 0.244196 0.135000 0.010714 0.013750
2 0.234375 0.216562 0.008929 0.011250
2 0.238839 0.255000 0.008929 0.010000
2 0.095089 0.321875 0.007143 0.012500
2 0.084821 0.322813 0.008929 0.011250
2 0.041071 0.328125 0.010714 0.012500
2 0.018750 0.333125 0.010714 0.010000
2 0.042411 0.350625 0.017857 0.007500
2 0.071429 0.360938 0.017857 0.006250
2 0.070536 0.356250 0.016071 0.006250
2 0.107143 0.486875 0.017857 0.005000
2 0.043750 0.487500 0.016071 0.006250
2 0.028125 0.501563 0.016071 0.006250
2 0.078125 0.488125 0.017857 0.007500
2 0.241071 0.567500 0.008929 0.016250
2 0.250000 0.596875 0.008929 0.012500
2 0.020536 0.675000 0.014286 0.006250
2 0.021429 0.681250 0.016071 0.006250
2 0.023661 0.687500 0.016071 0.006250
2 0.056250 0.681250 0.014286 0.006250
2 0.025446 0.711875 0.019643 0.005000
2 0.085714 0.684375 0.019643 0.006250
2 0.083929 0.678125 0.016071 0.006250
2 0.085714 0.672813 0.019643 0.005000
2 0.128125 0.706250 0.019643 0.006250
2 0.023661 0.723437 0.016071 0.006250
2 0.149554 0.725000 0.008929 0.012500
2 0.155357 0.715625 0.016071 0.006250
2 0.155804 0.709375 0.021429 0.006250
2 0.170982 0.707812 0.016071 0.006250
2 0.158929 0.704688 0.014286 0.006250
2 0.171429 0.704063 0.012500 0.005000
2 0.195536 0.696875 0.016071 0.006250
2 0.032589 0.840625 0.016071 0.006250
2 0.032589 0.851562 0.016071 0.006250
2 0.030357 0.862500 0.016071 0.006250
2 0.031250 0.868125 0.017857 0.005000
2 0.081696 0.915000 0.007143 0.011250
2 0.122768 0.919375 0.008929 0.013750
2 0.113839 0.918125 0.008929 0.011250
2 0.104911 0.920312 0.008929 0.012500
2 0.134821 0.921875 0.010714 0.012500
2 0.189732 0.940000 0.008929 0.011250
2 0.223214 0.942812 0.008929 0.013750
2 0.230804 0.885938 0.010714 0.012500
2 0.232143 0.857812 0.008929 0.012500
2 0.233929 0.839063 0.012500 0.012500
2 0.236607 0.817812 0.008929 0.013750
2 0.116071 0.727500 0.008929 0.011250
2 0.196429 0.693125 0.017857 0.005000
2 0.196429 0.686875 0.017857 0.005000
2 0.199554 0.681250 0.019643 0.006250
2 0.198214 0.669375 0.021429 0.007500
2 0.198214 0.662500 0.021429 0.006250
2 0.302232 0.732500 0.019643 0.008750
2 0.393750 0.692187 0.010714 0.012500
2 0.392857 0.667812 0.008929 0.013750
2 0.304018 0.743125 0.023214 0.011250
2 0.429018 0.669063 0.014286 0.016250
2 0.464286 0.692812 0.008929 0.013750
2 0.276786 0.932500 0.017857 0.008750
2 0.301339 0.924375 0.017857 0.011250
2 0.318750 0.929375 0.012500 0.008750
2 0.345536 0.950625 0.012500 0.007500
2 0.348661 0.937187 0.014286 0.008750
2 0.368750 0.943125 0.023214 0.011250
2 0.365179 0.955313 0.016071 0.007500
2 0.382143 0.960938 0.014286 0.006250
2 0.394196 0.949062 0.016071 0.007500
2 0.409821 0.962500 0.016071 0.006250
2 0.423661 0.962500 0.012500 0.006250
2 0.442411 0.962500 0.014286 0.006250
2 0.496875 0.963125 0.016071 0.007500
2 0.520089 0.963125 0.017857 0.007500
2 0.572768 0.960000 0.016071 0.007500
2 0.550000 0.949687 0.019643 0.008750
2 0.604018 0.952812 0.016071 0.008750
2 0.686607 0.911875 0.016071 0.011250
2 0.696875 0.885313 0.014286 0.011250
2 0.714286 0.855625 0.008929 0.011250
2 0.719643 0.841250 0.010714 0.013750
2 0.740625 0.803125 0.012500 0.012500
2 0.723214 0.815625 0.008929 0.012500
2 0.741964 0.790000 0.010714 0.011250
2 0.723214 0.802187 0.008929 0.013750
2 0.475893 0.909375 0.014286 0.006250
2 0.474554 0.921875 0.016071 0.006250
2 0.241071 0.325937 0.008929 0.011250
2 0.241964 0.359375 0.010714 0.012500
2 0.241964 0.382812 0.010714 0.012500
2 0.242857 0.415937 0.012500 0.010000
2 0.413839 0.071250 0.010714 0.011250
2 0.420536 0.068750 0.010714 0.012500
2 0.433929 0.063438 0.010714 0.011250
2 0.459821 0.045312 0.008929 0.012500
2 0.468750 0.045937 0.008929 0.013750
2 0.980804 0.375312 0.010714 0.016250
2 0.993304 0.433750 0.008929 0.011250
2 0.988839 0.990000 0.008929 0.011250
2 0.973214 0.977500 0.008929 0.011250
2 0.974107 0.988438 0.010714 0.011250
2 0.990179 0.948750 0.007143 0.010000
2 0.975446 0.905625 0.008929 0.011250
2 0.974107 0.920312 0.010714 0.012500
2 0.991071 0.889062 0.008929 0.012500
2 0.991964 0.876563 0.010714 0.012500
2 0.978571 0.851250 0.010714 0.015000
2 0.991964 0.831875 0.010714 0.013750
