2 0.738393 0.273125 0.039286 0.027500
2 0.569643 0.605938 0.032143 0.021250
2 0.586161 0.601875 0.025000 0.022500
2 0.606250 0.595625 0.025000 0.022500
2 0.624107 0.590000 0.025000 0.023750
2 0.642857 0.585938 0.026786 0.025000
2 0.675446 0.583437 0.033929 0.026250
2 0.711161 0.590000 0.033929 0.011250
2 0.581250 0.655312 0.019643 0.026250
2 0.597321 0.655625 0.016071 0.023750
2 0.634821 0.658125 0.019643 0.022500
2 0.625446 0.631875 0.023214 0.026250
2 0.642857 0.633125 0.017857 0.022500
2 0.965179 0.746875 0.019643 0.025000
2 0.986607 0.746875 0.017857 0.025000
2 0.998214 0.747500 0.005357 0.026250
2 0.992411 0.621563 0.016071 0.027500
2 0.654911 0.657813 0.019643 0.025000
2 0.703125 0.630312 0.017857 0.026250
2 0.675446 0.655625 0.016071 0.023750
2 0.663839 0.633125 0.019643 0.022500
2 0.697321 0.655625 0.019643 0.023750
2 0.718304 0.654062 0.021429 0.023750
2 0.740179 0.651563 0.016071 0.025000
2 0.776339 0.645312 0.021429 0.025000
2 0.798214 0.648125 0.016071 0.027500
2 0.793304 0.617500 0.019643 0.028750
2 0.778125 0.621250 0.016071 0.023750
2 0.762054 0.620625 0.019643 0.028750
2 0.741071 0.626875 0.017857 0.022500
2 0.722768 0.627500 0.021429 0.023750
2 0.684821 0.629687 0.021429 0.025000
2 0.981250 0.617812 0.025000 0.026250
2 0.565179 0.716562 0.014286 0.023750
2 0.579464 0.715625 0.016071 0.025000
2 0.877232 0.502500 0.035714 0.011250
2 0.927679 0.603125 0.025000 0.025000
2 0.946429 0.610000 0.026786 0.026250
2 0.964732 0.613125 0.023214 0.026250
2 0.568750 0.978125 0.021429 0.025000
2 0.614732 0.655938 0.019643 0.027500
