2 0.689286 0.470625 0.030357 0.010000
2 0.689286 0.484687 0.039286 0.010000
2 0.688393 0.528438 0.028571 0.010000
2 0.606250 0.569375 0.016071 0.020000
2 0.626786 0.572813 0.012500 0.017500
2 0.645536 0.569375 0.014286 0.020000
2 0.711607 0.685937 0.030357 0.012500
2 0.714286 0.698750 0.026786 0.010000
2 0.721429 0.710000 0.032143 0.013750
2 0.725893 0.720938 0.032143 0.013750
2 0.726786 0.733750 0.025000 0.011250
2 0.734375 0.746250 0.026786 0.011250
2 0.745536 0.766250 0.026786 0.013750
2 0.749554 0.778125 0.030357 0.012500
2 0.755357 0.791875 0.028571 0.015000
2 0.761607 0.801875 0.032143 0.016250
2 0.769643 0.812187 0.030357 0.015000
2 0.772768 0.823750 0.032143 0.016250
2 0.782143 0.836250 0.028571 0.016250
2 0.787500 0.846562 0.030357 0.015000
2 0.794196 0.857500 0.030357 0.015000
2 0.796429 0.870625 0.030357 0.016250
2 0.803125 0.880625 0.030357 0.017500
2 0.811607 0.891875 0.033929 0.015000
2 0.697321 0.137500 0.037500 0.012500
2 0.753571 0.151562 0.016071 0.025000
