2 0.572768 0.078750 0.016071 0.020000
2 0.572321 0.242813 0.028571 0.013750
2 0.574107 0.147500 0.014286 0.020000
2 0.618750 0.136563 0.014286 0.020000
2 0.765625 0.064375 0.035714 0.010000
2 0.776786 0.046250 0.035714 0.011250
2 0.777232 0.006563 0.032143 0.010000
2 0.614286 0.233750 0.014286 0.023750
2 0.630357 0.234375 0.019643 0.025000
2 0.647321 0.236250 0.017857 0.022500
2 0.716964 0.235312 0.014286 0.023750
2 0.765625 0.236875 0.017857 0.023750
2 0.940625 0.095625 0.028571 0.010000
2 0.934821 0.114062 0.030357 0.012500
2 0.858036 0.899687 0.019643 0.027500
2 0.807143 0.900000 0.016071 0.025000
2 0.779464 0.900000 0.014286 0.025000
2 0.757589 0.905000 0.010714 0.022500
2 0.739286 0.904062 0.014286 0.023750
2 0.712054 0.903438 0.017857 0.022500
2 0.691071 0.908125 0.016071 0.022500
2 0.666071 0.908125 0.019643 0.022500
2 0.648661 0.908125 0.016071 0.022500
2 0.631696 0.909688 0.017857 0.022500
2 0.605357 0.914062 0.014286 0.018750
2 0.797321 0.967187 0.014286 0.025000
2 0.772768 0.971562 0.014286 0.021250
2 0.754018 0.973125 0.012500 0.021250
2 0.736161 0.975313 0.012500 0.022500
2 0.717857 0.975625 0.016071 0.020000
2 0.697768 0.978125 0.016071 0.025000
2 0.676786 0.977500 0.014286 0.023750
2 0.626786 0.988750 0.012500 0.021250
2 0.609821 0.988438 0.014286 0.023750
2 0.807143 0.814063 0.033929 0.012500
2 0.805804 0.789375 0.026786 0.010000
2 0.893750 0.800938 0.028571 0.011250
2 0.898661 0.961875 0.016071 0.017500
2 0.919643 0.955937 0.017857 0.027500
2 0.941964 0.958125 0.017857 0.022500
2 0.975893 0.951562 0.014286 0.018750
2 0.995536 0.952500 0.008929 0.017500
2 0.926339 0.872500 0.026786 0.020000
2 0.983929 0.868750 0.012500 0.018750
2 0.966071 0.869375 0.012500 0.020000
2 0.944196 0.860313 0.017857 0.023750
