2 0.843750 0.150938 0.017857 0.023750
2 0.933036 0.004687 0.026786 0.006250
2 0.872321 0.123438 0.021429 0.025000
2 0.887054 0.143437 0.019643 0.021250
2 0.781250 0.375312 0.017857 0.022500
2 0.816518 0.431250 0.021429 0.025000
2 0.757143 0.501875 0.023214 0.022500
2 0.735714 0.575000 0.016071 0.025000
2 0.724107 0.627500 0.019643 0.023750
2 0.769196 0.665312 0.016071 0.021250
2 0.828571 0.639062 0.032143 0.012500
2 0.758482 0.830937 0.030357 0.021250
2 0.820536 0.861875 0.033929 0.017500
2 0.744643 0.756875 0.016071 0.026250
2 0.755804 0.717500 0.016071 0.022500
2 0.581250 0.886250 0.028571 0.016250
2 0.698661 0.886875 0.035714 0.017500
2 0.936607 0.925313 0.025000 0.022500
2 0.973661 0.934062 0.023214 0.021250
2 0.962054 0.932813 0.026786 0.025000
2 0.948214 0.928125 0.030357 0.025000
2 0.775893 0.398750 0.016071 0.022500
2 0.910268 0.917500 0.012500 0.016250
2 0.616964 0.876875 0.028571 0.016250
