2 0.851339 0.795000 0.019643 0.008750
2 0.912054 0.468750 0.016071 0.006250
2 0.890179 0.463125 0.012500 0.013750
2 0.936161 0.435000 0.019643 0.007500
2 0.883929 0.354687 0.008929 0.012500
2 0.935268 0.240625 0.017857 0.006250
2 0.926339 0.219375 0.008929 0.013750
2 0.933036 0.195312 0.008929 0.012500
2 0.782143 0.244375 0.010714 0.013750
2 0.796875 0.203750 0.008929 0.013750
2 0.975446 0.107813 0.008929 0.012500
2 0.978571 0.095312 0.010714 0.012500
2 0.611607 0.104688 0.008929 0.012500
2 0.770536 0.117813 0.014286 0.007500
2 0.858036 0.161562 0.019643 0.007500
2 0.912054 0.185625 0.007143 0.015000
