2 0.927679 0.882500 0.016071 0.021250
2 0.844196 0.892813 0.014286 0.020000
2 0.935714 0.827187 0.014286 0.020000
2 0.946875 0.661562 0.014286 0.020000
2 0.887500 0.471562 0.016071 0.021250
2 0.939286 0.418125 0.012500 0.017500
2 0.887500 0.385937 0.016071 0.025000
2 0.946429 0.340313 0.017857 0.021250
2 0.669643 0.484063 0.026786 0.015000
2 0.584821 0.033750 0.026786 0.023750
2 0.921875 0.081250 0.026786 0.025000
2 0.970536 0.190000 0.021429 0.023750
2 0.955804 0.265937 0.014286 0.022500
2 0.904018 0.270000 0.017857 0.021250
2 0.894196 0.337812 0.016071 0.022500
2 0.943304 0.368125 0.016071 0.023750
2 0.943750 0.394062 0.021429 0.022500
2 0.593304 0.509062 0.030357 0.015000
2 0.695089 0.490937 0.028571 0.016250
2 0.886607 0.426875 0.014286 0.022500
2 0.976786 0.165000 0.016071 0.023750
