2 0.401339 0.301875 0.021429 0.010000
2 0.263393 0.216250 0.017857 0.013750
2 0.214732 0.186563 0.014286 0.013750
2 0.240625 0.209375 0.012500 0.012500
2 0.950893 0.185000 0.017857 0.013750
2 0.681250 0.831250 0.014286 0.018750
2 0.658036 0.869375 0.012500 0.013750
2 0.651786 0.905000 0.017857 0.016250
2 0.650000 0.921250 0.014286 0.011250
2 0.643304 0.940625 0.014286 0.012500
2 0.249554 0.214062 0.012500 0.012500
2 0.517411 0.325625 0.012500 0.013750
2 0.560268 0.076875 0.017857 0.010000
2 0.510714 0.124063 0.012500 0.013750
