2 0.895982 0.413750 0.037500 0.015000
2 0.691964 0.623437 0.035714 0.012500
2 0.687500 0.610313 0.035714 0.011250
2 0.690625 0.597500 0.037500 0.013750
2 0.745089 0.583750 0.021429 0.023750
2 0.692857 0.584375 0.037500 0.012500
2 0.686607 0.566563 0.033929 0.011250
2 0.600446 0.600000 0.035714 0.012500
2 0.602679 0.579375 0.035714 0.015000
2 0.601786 0.566250 0.033929 0.013750
2 0.695089 0.514375 0.019643 0.022500
2 0.714286 0.514687 0.017857 0.020000
2 0.737500 0.515000 0.019643 0.023750
2 0.763839 0.578437 0.014286 0.022500
2 0.692857 0.635938 0.037500 0.012500
