2 0.669643 0.088750 0.026786 0.008750
2 0.869643 0.048125 0.016071 0.008750
2 0.803571 0.072500 0.017857 0.007500
2 0.803571 0.087500 0.017857 0.006250
2 0.873214 0.102188 0.014286 0.007500
2 0.919643 0.144687 0.008929 0.011250
2 0.910714 0.171875 0.008929 0.012500
2 0.910714 0.285000 0.008929 0.013750
2 0.889732 0.325937 0.007143 0.011250
2 0.904018 0.365000 0.008929 0.011250
2 0.899554 0.455000 0.008929 0.010000
2 0.895089 0.499375 0.008929 0.011250
2 0.876339 0.516563 0.007143 0.011250
2 0.891964 0.572500 0.007143 0.013750
2 0.589286 0.083125 0.017857 0.010000
2 0.790625 0.063125 0.014286 0.007500
2 0.773661 0.065625 0.016071 0.006250
2 0.825893 0.056875 0.017857 0.007500
2 0.935714 0.033437 0.014286 0.007500
2 0.992411 0.022500 0.016071 0.007500
2 0.888393 0.350000 0.008929 0.012500
2 0.951786 0.386875 0.010714 0.011250
2 0.921875 0.128125 0.008929 0.012500
2 0.912946 0.133125 0.008929 0.010000
2 0.909821 0.187500 0.007143 0.012500
2 0.900893 0.188437 0.007143 0.011250
2 0.899554 0.200937 0.008929 0.011250
2 0.898661 0.212812 0.007143 0.010000
2 0.896429 0.223750 0.007143 0.010000
2 0.895089 0.239375 0.008929 0.010000
2 0.895089 0.251875 0.008929 0.010000
2 0.895089 0.264062 0.008929 0.012500
2 0.892857 0.277500 0.008929 0.011250
2 0.913839 0.271250 0.010714 0.011250
2 0.912946 0.260937 0.008929 0.012500
2 0.907589 0.199063 0.007143 0.007500
2 0.908482 0.208750 0.008929 0.011250
2 0.907589 0.222812 0.007143 0.011250
2 0.915179 0.225937 0.008929 0.011250
2 0.909821 0.312500 0.007143 0.012500
2 0.967411 0.385625 0.010714 0.008750
2 0.881696 0.429688 0.008929 0.012500
2 0.883036 0.415625 0.007143 0.012500
2 0.879464 0.480000 0.008929 0.010000
2 0.879464 0.493750 0.008929 0.012500
2 0.894196 0.521250 0.007143 0.011250
2 0.894196 0.534375 0.007143 0.012500
2 0.872768 0.575937 0.008929 0.011250
2 0.870536 0.596250 0.008929 0.011250
2 0.869643 0.608750 0.007143 0.011250
2 0.869196 0.621250 0.010714 0.011250
2 0.866071 0.650312 0.008929 0.010000
2 0.865179 0.659687 0.007143 0.010000
2 0.862946 0.722187 0.007143 0.010000
2 0.861607 0.737187 0.008929 0.008750
2 0.883036 0.700937 0.007143 0.011250
2 0.740179 0.808437 0.016071 0.007500
2 0.780357 0.816250 0.016071 0.007500
2 0.854464 0.827500 0.012500 0.011250
2 0.653125 0.808437 0.016071 0.007500
2 0.636607 0.814688 0.014286 0.007500
2 0.616071 0.808437 0.017857 0.007500
2 0.592857 0.807813 0.016071 0.006250
2 0.567411 0.809062 0.014286 0.008750
