2 0.805804 0.258750 0.026786 0.011250
2 0.743750 0.263750 0.032143 0.008750
2 0.519643 0.477500 0.030357 0.011250
2 0.066518 0.067812 0.012500 0.013750
2 0.069643 0.084062 0.014286 0.015000
2 0.071429 0.180000 0.008929 0.016250
2 0.217857 0.273438 0.025000 0.006250
2 0.185268 0.273438 0.017857 0.006250
2 0.012054 0.271875 0.019643 0.006250
2 0.012054 0.263437 0.019643 0.005000
2 0.010268 0.255312 0.016071 0.007500
2 0.198214 0.472187 0.021429 0.010000
2 0.176786 0.489687 0.023214 0.007500
2 0.248661 0.510625 0.010714 0.015000
2 0.249554 0.707500 0.021429 0.008750
2 0.047321 0.731875 0.023214 0.007500
2 0.699107 0.430312 0.014286 0.013750
2 0.558929 0.432500 0.019643 0.008750
2 0.841071 0.485625 0.012500 0.015000
2 0.744196 0.248125 0.019643 0.008750
2 0.877679 0.216875 0.023214 0.008750
2 0.905357 0.220000 0.025000 0.008750
2 0.937500 0.238125 0.017857 0.007500
2 0.877679 0.298750 0.014286 0.016250
2 0.939286 0.244375 0.021429 0.007500
