2 0.854464 0.943750 0.021429 0.012500
2 0.741964 0.614062 0.019643 0.012500
2 0.780804 0.628750 0.021429 0.013750
2 0.823661 0.578125 0.017857 0.012500
2 0.828125 0.589063 0.017857 0.012500
2 0.833482 0.594688 0.019643 0.011250
2 0.837054 0.600000 0.017857 0.012500
2 0.843304 0.604375 0.021429 0.015000
2 0.846875 0.610313 0.019643 0.011250
2 0.852679 0.619688 0.026786 0.011250
2 0.857143 0.634687 0.026786 0.016250
2 0.862946 0.641250 0.025000 0.013750
2 0.858929 0.660000 0.021429 0.013750
2 0.867411 0.663750 0.025000 0.015000
2 0.871429 0.669687 0.019643 0.011250
2 0.873214 0.675625 0.023214 0.013750
2 0.882143 0.683437 0.023214 0.013750
2 0.855357 0.698125 0.023214 0.015000
2 0.775893 0.808125 0.025000 0.022500
2 0.862500 0.918125 0.019643 0.011250
2 0.887500 0.928750 0.025000 0.013750
2 0.835714 0.933437 0.019643 0.013750
2 0.745536 0.618750 0.017857 0.012500
2 0.748661 0.624375 0.019643 0.011250
2 0.753125 0.631563 0.019643 0.010000
2 0.638839 0.703750 0.023214 0.013750
2 0.623214 0.658750 0.023214 0.011250
2 0.633929 0.671250 0.017857 0.011250
2 0.630357 0.665625 0.019643 0.012500
2 0.654911 0.649375 0.019643 0.011250
2 0.658482 0.654062 0.017857 0.011250
2 0.675893 0.675000 0.021429 0.012500
2 0.630357 0.696250 0.019643 0.011250
2 0.650893 0.688750 0.016071 0.008750
2 0.656696 0.694688 0.023214 0.011250
2 0.682589 0.686250 0.021429 0.010000
2 0.757589 0.636562 0.019643 0.013750
2 0.699107 0.673750 0.023214 0.010000
2 0.713839 0.658750 0.021429 0.011250
2 0.711607 0.650938 0.021429 0.011250
2 0.705804 0.645312 0.023214 0.012500
2 0.704911 0.635938 0.021429 0.012500
2 0.762946 0.604688 0.021429 0.012500
2 0.764286 0.613438 0.019643 0.011250
2 0.772321 0.621250 0.017857 0.011250
2 0.764286 0.645625 0.019643 0.010000
2 0.844643 0.938438 0.019643 0.011250
2 0.615625 0.654062 0.021429 0.011250
2 0.608036 0.667500 0.019643 0.010000
2 0.568750 0.705625 0.021429 0.011250
2 0.573214 0.711875 0.021429 0.011250
2 0.573214 0.681562 0.021429 0.010000
2 0.579464 0.686250 0.016071 0.010000
2 0.566071 0.701875 0.016071 0.010000
2 0.584375 0.695312 0.021429 0.012500
2 0.585714 0.697813 0.019643 0.011250
2 0.591964 0.704688 0.023214 0.012500
2 0.585714 0.119063 0.010714 0.016250
2 0.687946 0.203437 0.014286 0.016250
2 0.658929 0.248125 0.014286 0.015000
2 0.818750 0.288438 0.012500 0.017500
2 0.833036 0.295625 0.014286 0.016250
2 0.585714 0.650000 0.019643 0.012500
2 0.912054 0.695937 0.025000 0.013750
