2 0.638839 0.732187 0.005357 0.011250
2 0.687946 0.763437 0.005357 0.011250
2 0.754464 0.734375 0.008929 0.012500
2 0.771429 0.731563 0.007143 0.010000
2 0.781250 0.732187 0.008929 0.011250
2 0.789286 0.730938 0.007143 0.008750
2 0.798214 0.730938 0.007143 0.008750
2 0.807143 0.732500 0.007143 0.008750
2 0.813839 0.733125 0.007143 0.010000
2 0.830357 0.732500 0.008929 0.015000
2 0.850446 0.733750 0.008929 0.011250
2 0.863839 0.733750 0.008929 0.011250
2 0.900893 0.765000 0.007143 0.011250
2 0.934375 0.780625 0.007143 0.011250
2 0.898214 0.779062 0.010714 0.011250
2 0.875000 0.780625 0.008929 0.011250
2 0.875000 0.763750 0.008929 0.008750
2 0.865179 0.764375 0.007143 0.010000
2 0.848214 0.765000 0.008929 0.011250
2 0.833036 0.764375 0.005357 0.010000
2 0.839286 0.779687 0.008929 0.012500
2 0.645089 0.730625 0.008929 0.011250
2 0.871875 0.597500 0.007143 0.013750
2 0.860714 0.597500 0.007143 0.013750
2 0.838393 0.598437 0.007143 0.012500
2 0.826339 0.764375 0.005357 0.010000
2 0.813839 0.764062 0.007143 0.012500
2 0.795982 0.765313 0.007143 0.015000
2 0.667411 0.926875 0.008929 0.010000
2 0.650893 0.925938 0.007143 0.011250
2 0.641964 0.926875 0.007143 0.010000
2 0.632143 0.925938 0.005357 0.011250
2 0.616071 0.927187 0.008929 0.013750
2 0.606250 0.925000 0.007143 0.012500
2 0.598214 0.925938 0.008929 0.011250
2 0.590179 0.925938 0.010714 0.011250
2 0.580357 0.924375 0.008929 0.011250
2 0.571429 0.926562 0.008929 0.012500
2 0.658929 0.927500 0.005357 0.011250
2 0.676339 0.927500 0.008929 0.011250
2 0.685714 0.927500 0.005357 0.011250
2 0.744643 0.928125 0.007143 0.012500
2 0.735714 0.926875 0.007143 0.010000
2 0.726786 0.927500 0.007143 0.011250
2 0.718750 0.926250 0.008929 0.008750
2 0.708929 0.926875 0.007143 0.010000
2 0.703125 0.927500 0.008929 0.011250
2 0.694196 0.926875 0.008929 0.010000
2 0.736607 0.957812 0.008929 0.012500
2 0.726786 0.956563 0.007143 0.010000
2 0.717857 0.955625 0.007143 0.011250
2 0.709821 0.955625 0.008929 0.011250
2 0.698661 0.955625 0.008929 0.011250
2 0.689732 0.957812 0.008929 0.012500
2 0.682143 0.957812 0.007143 0.012500
2 0.627232 0.956563 0.008929 0.010000
2 0.798214 0.780000 0.007143 0.010000
2 0.808036 0.960938 0.008929 0.012500
2 0.762500 0.959375 0.007143 0.012500
2 0.750000 0.958437 0.008929 0.013750
2 0.754911 0.927500 0.005357 0.011250
2 0.752232 0.908750 0.008929 0.011250
2 0.737946 0.879687 0.007143 0.012500
2 0.729018 0.878125 0.007143 0.012500
2 0.736607 0.860000 0.008929 0.013750
2 0.695536 0.829063 0.007143 0.011250
2 0.686607 0.828125 0.007143 0.012500
2 0.676786 0.829063 0.005357 0.011250
2 0.662054 0.830000 0.007143 0.010000
2 0.652232 0.828438 0.005357 0.010000
2 0.645089 0.830000 0.008929 0.010000
2 0.633929 0.830625 0.008929 0.011250
2 0.677679 0.860313 0.007143 0.011250
2 0.669643 0.860000 0.008929 0.013750
2 0.651786 0.860313 0.008929 0.011250
2 0.642857 0.860938 0.008929 0.012500
2 0.633929 0.859375 0.008929 0.012500
2 0.667411 0.880625 0.008929 0.011250
2 0.658929 0.879063 0.005357 0.011250
2 0.641071 0.878125 0.005357 0.012500
2 0.642857 0.909375 0.008929 0.012500
2 0.607143 0.907813 0.008929 0.012500
2 0.780357 0.959375 0.007143 0.012500
2 0.760268 0.927500 0.007143 0.011250
2 0.609375 0.828750 0.008929 0.013750
2 0.769196 0.927500 0.007143 0.011250
2 0.804911 0.779375 0.007143 0.008750
2 0.787054 0.778438 0.007143 0.010000
2 0.779018 0.778438 0.008929 0.010000
2 0.773661 0.764375 0.007143 0.010000
2 0.767857 0.779062 0.008929 0.011250
2 0.796875 0.810937 0.008929 0.012500
2 0.655357 0.763750 0.007143 0.008750
2 0.679911 0.762813 0.007143 0.010000
2 0.921875 0.810312 0.008929 0.011250
2 0.838393 0.832812 0.007143 0.012500
2 0.830357 0.831875 0.008929 0.013750
2 0.811607 0.830625 0.007143 0.011250
2 0.795536 0.829688 0.010714 0.012500
2 0.856250 0.860000 0.007143 0.013750
2 0.917857 0.933750 0.005357 0.011250
2 0.860714 0.959375 0.007143 0.012500
2 0.850446 0.960313 0.008929 0.011250
2 0.829464 0.928438 0.007143 0.010000
2 0.820536 0.930000 0.007143 0.010000
2 0.829464 0.882188 0.007143 0.011250
2 0.830357 0.859375 0.008929 0.012500
2 0.793750 0.928125 0.007143 0.012500
2 0.786161 0.928438 0.005357 0.010000
2 0.777232 0.930000 0.005357 0.010000
2 0.606250 0.859375 0.007143 0.012500
2 0.598214 0.829063 0.008929 0.011250
2 0.589286 0.828125 0.008929 0.012500
2 0.581696 0.826875 0.007143 0.010000
2 0.572768 0.829063 0.007143 0.011250
2 0.632589 0.878750 0.010714 0.013750
2 0.573661 0.956250 0.008929 0.012500
2 0.582589 0.955313 0.008929 0.013750
2 0.593750 0.956250 0.008929 0.012500
2 0.600446 0.956250 0.008929 0.012500
2 0.610714 0.957812 0.007143 0.012500
2 0.617411 0.956250 0.007143 0.012500
2 0.636161 0.957500 0.008929 0.015000
2 0.645089 0.956875 0.008929 0.013750
2 0.654018 0.956875 0.008929 0.013750
2 0.662946 0.956875 0.008929 0.013750
2 0.671875 0.959375 0.008929 0.012500
