2 0.342411 0.173437 0.028571 0.018750
2 0.265179 0.187188 0.021429 0.015000
2 0.842411 0.058750 0.028571 0.017500
2 0.411607 0.008438 0.019643 0.013750
2 0.310268 0.046250 0.017857 0.011250
2 0.259821 0.251875 0.019643 0.010000
2 0.410714 0.137500 0.017857 0.012500
2 0.545089 0.095625 0.023214 0.010000
2 0.692411 0.116875 0.023214 0.015000
2 0.944643 0.016875 0.023214 0.008750
2 0.536161 0.747500 0.023214 0.013750
2 0.785714 0.757500 0.017857 0.008750
2 0.826339 0.765000 0.023214 0.011250
2 0.775000 0.780625 0.023214 0.011250
2 0.734375 0.770000 0.017857 0.008750
2 0.715625 0.776250 0.016071 0.008750
2 0.743750 0.804375 0.014286 0.015000
2 0.718304 0.813125 0.012500 0.020000
2 0.695982 0.818750 0.012500 0.018750
2 0.685268 0.819688 0.008929 0.017500
2 0.670536 0.826250 0.010714 0.021250
2 0.650000 0.844688 0.032143 0.011250
2 0.827232 0.950625 0.016071 0.020000
2 0.840179 0.949375 0.010714 0.017500
2 0.805357 0.956250 0.012500 0.018750
2 0.773214 0.974375 0.010714 0.017500
2 0.740625 0.984062 0.012500 0.015000
2 0.653571 0.954375 0.012500 0.015000
2 0.118304 0.341250 0.017857 0.013750
2 0.089286 0.386250 0.017857 0.016250
