2 0.070982 0.245000 0.021429 0.008750
2 0.021429 0.203750 0.016071 0.007500
2 0.023214 0.109062 0.019643 0.008750
2 0.025446 0.114375 0.019643 0.010000
2 0.037054 0.126250 0.016071 0.008750
2 0.054911 0.123438 0.016071 0.006250
2 0.049554 0.118438 0.014286 0.008750
2 0.042857 0.144375 0.014286 0.007500
2 0.046875 0.150313 0.017857 0.010000
2 0.049107 0.157500 0.017857 0.008750
2 0.057143 0.174063 0.016071 0.007500
2 0.058482 0.139063 0.014286 0.006250
2 0.065179 0.146875 0.014286 0.006250
2 0.079911 0.215625 0.012500 0.012500
2 0.186607 0.227813 0.016071 0.008750
2 0.081250 0.197813 0.010714 0.011250
2 0.102232 0.196875 0.012500 0.012500
2 0.261161 0.189375 0.017857 0.010000
2 0.411161 0.065000 0.014286 0.011250
2 0.406696 0.090000 0.014286 0.011250
2 0.392857 0.077500 0.017857 0.011250
2 0.345536 0.114375 0.012500 0.010000
2 0.018750 0.310000 0.010714 0.013750
2 0.017857 0.198125 0.017857 0.008750
2 0.014286 0.188750 0.019643 0.008750
2 0.011161 0.178750 0.017857 0.007500
2 0.007589 0.163750 0.010714 0.008750
2 0.208929 0.643437 0.016071 0.008750
2 0.141518 0.490937 0.019643 0.010000
2 0.135268 0.478750 0.016071 0.007500
2 0.131250 0.472500 0.021429 0.007500
2 0.129464 0.465313 0.017857 0.008750
2 0.109375 0.422187 0.017857 0.010000
2 0.091964 0.395937 0.014286 0.013750
2 0.117857 0.369375 0.021429 0.007500
2 0.079911 0.369375 0.012500 0.013750
2 0.044643 0.278125 0.008929 0.012500
2 0.029018 0.279687 0.008929 0.012500
2 0.033036 0.294063 0.012500 0.010000
2 0.287054 0.303750 0.007143 0.013750
2 0.169643 0.468125 0.008929 0.011250
2 0.187500 0.467187 0.008929 0.012500
2 0.196429 0.465625 0.008929 0.012500
2 0.206250 0.467187 0.010714 0.012500
2 0.222321 0.464375 0.007143 0.010000
2 0.241964 0.466250 0.010714 0.013750
2 0.250000 0.465625 0.008929 0.012500
2 0.258929 0.464687 0.008929 0.013750
2 0.267857 0.466563 0.008929 0.011250
2 0.275893 0.466563 0.007143 0.011250
2 0.304464 0.466250 0.010714 0.013750
2 0.312500 0.465625 0.008929 0.012500
2 0.202232 0.496250 0.007143 0.011250
2 0.202232 0.635000 0.016071 0.007500
2 0.221429 0.653750 0.023214 0.007500
2 0.223214 0.663125 0.017857 0.007500
2 0.016518 0.365937 0.019643 0.010000
2 0.021429 0.373437 0.016071 0.006250
2 0.024554 0.380938 0.017857 0.008750
2 0.026786 0.394375 0.017857 0.007500
2 0.010714 0.391250 0.012500 0.013750
2 0.004911 0.392188 0.005357 0.012500
2 0.009375 0.414687 0.014286 0.013750
2 0.041071 0.415313 0.019643 0.008750
2 0.034821 0.443750 0.016071 0.006250
2 0.105357 0.480938 0.014286 0.015000
2 0.125893 0.525938 0.010714 0.011250
2 0.102679 0.535625 0.017857 0.008750
2 0.108482 0.551875 0.016071 0.010000
2 0.119196 0.573750 0.019643 0.010000
2 0.123661 0.582500 0.019643 0.008750
2 0.131250 0.601875 0.021429 0.010000
2 0.075000 0.477813 0.016071 0.008750
2 0.063839 0.457500 0.016071 0.008750
2 0.168750 0.679375 0.016071 0.008750
2 0.160714 0.670000 0.017857 0.008750
2 0.232143 0.685000 0.017857 0.007500
2 0.469643 0.776875 0.019643 0.022500
2 0.478125 0.773438 0.023214 0.025000
2 0.572768 0.751875 0.033929 0.010000
2 0.125000 0.383125 0.017857 0.022500
2 0.285268 0.351562 0.021429 0.025000
2 0.046429 0.478437 0.030357 0.010000
2 0.098661 0.288750 0.032143 0.008750
2 0.094196 0.295000 0.032143 0.008750
2 0.211161 0.498437 0.007143 0.012500
2 0.220089 0.496250 0.007143 0.011250
2 0.229018 0.496875 0.007143 0.012500
2 0.247768 0.496875 0.008929 0.012500
2 0.535714 0.346875 0.008929 0.012500
2 0.583036 0.322500 0.014286 0.013750
2 0.590179 0.323437 0.010714 0.012500
2 0.602232 0.328750 0.012500 0.013750
2 0.575000 0.334063 0.016071 0.008750
2 0.558036 0.326250 0.017857 0.008750
2 0.523214 0.320625 0.019643 0.010000
2 0.582143 0.353125 0.012500 0.012500
2 0.589286 0.365000 0.008929 0.011250
2 0.579018 0.365625 0.010714 0.012500
2 0.568304 0.362812 0.007143 0.010000
2 0.558482 0.357187 0.005357 0.011250
2 0.545982 0.349375 0.007143 0.011250
2 0.529464 0.342187 0.005357 0.012500
2 0.517857 0.338438 0.008929 0.011250
2 0.508929 0.331562 0.008929 0.010000
2 0.498214 0.322813 0.005357 0.011250
2 0.488839 0.320625 0.008929 0.010000
2 0.478571 0.316250 0.010714 0.013750
2 0.560268 0.385313 0.008929 0.011250
2 0.549107 0.381250 0.008929 0.012500
2 0.539286 0.375937 0.007143 0.011250
2 0.530357 0.370938 0.007143 0.013750
2 0.520089 0.366250 0.008929 0.013750
2 0.508036 0.360312 0.007143 0.011250
2 0.492411 0.351562 0.007143 0.012500
2 0.573214 0.319688 0.012500 0.011250
2 0.561161 0.315625 0.010714 0.012500
2 0.549554 0.312500 0.014286 0.012500
2 0.542411 0.312812 0.008929 0.010000
2 0.415179 0.341562 0.017857 0.011250
2 0.420536 0.330000 0.019643 0.010000
2 0.423214 0.325625 0.016071 0.007500
2 0.433929 0.315000 0.019643 0.011250
2 0.476786 0.430625 0.016071 0.011250
2 0.518304 0.302500 0.014286 0.011250
2 0.527232 0.305000 0.005357 0.010000
2 0.533929 0.308750 0.014286 0.011250
2 0.483036 0.346875 0.010714 0.012500
2 0.472321 0.340625 0.007143 0.012500
2 0.465179 0.335000 0.010714 0.013750
2 0.957143 0.070625 0.021429 0.010000
2 0.983482 0.253750 0.016071 0.007500
2 0.911161 0.242500 0.014286 0.010000
2 0.859821 0.255938 0.014286 0.008750
2 0.855357 0.262188 0.014286 0.008750
2 0.845982 0.266562 0.017857 0.011250
2 0.868750 0.289062 0.014286 0.012500
2 0.860714 0.290625 0.016071 0.012500
2 0.902679 0.321250 0.019643 0.011250
2 0.909821 0.326875 0.016071 0.010000
2 0.916071 0.333437 0.019643 0.007500
2 0.536161 0.430625 0.014286 0.011250
2 0.523661 0.426875 0.016071 0.010000
2 0.537946 0.404375 0.008929 0.015000
2 0.529911 0.400625 0.010714 0.013750
2 0.511607 0.390313 0.014286 0.015000
2 0.481250 0.403125 0.007143 0.012500
2 0.470982 0.398438 0.008929 0.012500
2 0.464286 0.395313 0.008929 0.012500
2 0.473214 0.370938 0.008929 0.013750
2 0.456250 0.362500 0.010714 0.012500
2 0.448214 0.356875 0.012500 0.013750
2 0.443750 0.384375 0.012500 0.012500
2 0.423214 0.370312 0.007143 0.012500
2 0.422768 0.399062 0.019643 0.013750
2 0.424107 0.594688 0.008929 0.011250
2 0.440179 0.594688 0.005357 0.011250
2 0.447768 0.594688 0.007143 0.011250
2 0.453571 0.595313 0.005357 0.012500
2 0.462946 0.593438 0.010714 0.015000
2 0.482143 0.596875 0.008929 0.012500
2 0.542411 0.625000 0.017857 0.006250
2 0.450893 0.456250 0.017857 0.006250
2 0.437500 0.432500 0.017857 0.008750
2 0.434375 0.427187 0.016071 0.007500
2 0.510714 0.775000 0.012500 0.006250
2 0.511161 0.780938 0.017857 0.008750
2 0.077679 0.875000 0.021429 0.006250
2 0.095089 0.894688 0.007143 0.011250
2 0.338839 0.850938 0.012500 0.011250
2 0.328571 0.846562 0.014286 0.008750
2 0.269643 0.789062 0.012500 0.012500
2 0.297321 0.782188 0.014286 0.011250
2 0.307143 0.795625 0.016071 0.010000
2 0.309821 0.801875 0.012500 0.010000
2 0.315179 0.816563 0.014286 0.011250
2 0.433036 0.595313 0.008929 0.012500
2 0.405357 0.595313 0.007143 0.012500
2 0.520982 0.841875 0.019643 0.008750
2 0.395089 0.594688 0.008929 0.011250
2 0.263393 0.497500 0.008929 0.013750
2 0.281696 0.496875 0.005357 0.012500
2 0.292857 0.496250 0.005357 0.011250
2 0.303571 0.496875 0.008929 0.012500
2 0.220982 0.511875 0.017857 0.005000
2 0.264732 0.528125 0.007143 0.012500
2 0.222321 0.531875 0.007143 0.013750
2 0.212054 0.533438 0.008929 0.013750
2 0.167411 0.544375 0.017857 0.007500
2 0.170982 0.555312 0.016071 0.007500
2 0.173214 0.561562 0.016071 0.007500
2 0.177232 0.569063 0.019643 0.010000
2 0.145536 0.579063 0.014286 0.017500
2 0.350893 0.414687 0.014286 0.013750
2 0.329018 0.464375 0.010714 0.010000
2 0.270089 0.594688 0.008929 0.011250
2 0.282589 0.593750 0.007143 0.012500
2 0.291071 0.593750 0.010714 0.012500
2 0.300446 0.593125 0.007143 0.011250
2 0.318304 0.593125 0.007143 0.011250
2 0.325000 0.595313 0.007143 0.012500
2 0.345089 0.593125 0.007143 0.011250
2 0.354018 0.593750 0.007143 0.012500
2 0.362946 0.595625 0.007143 0.010000
2 0.369643 0.595625 0.007143 0.010000
2 0.321875 0.823750 0.014286 0.010000
2 0.563839 0.844688 0.016071 0.005000
2 0.562500 0.835313 0.017857 0.005000
2 0.586161 0.841562 0.016071 0.005000
2 0.587054 0.833750 0.017857 0.005000
2 0.584375 0.825000 0.021429 0.006250
2 0.586607 0.817187 0.021429 0.006250
2 0.549554 0.784687 0.014286 0.003750
2 0.571875 0.784375 0.014286 0.006250
2 0.191964 0.186875 0.008929 0.011250
2 0.176339 0.184375 0.008929 0.012500
2 0.092857 0.108125 0.016071 0.003750
2 0.095089 0.113125 0.016071 0.007500
2 0.133036 0.140625 0.016071 0.006250
2 0.358482 0.083750 0.016071 0.011250
2 0.448214 0.891250 0.012500 0.013750
2 0.460268 0.886875 0.014286 0.011250
2 0.475000 0.885625 0.012500 0.015000
