2 0.353571 0.533125 0.037500 0.022500
2 0.037500 0.020000 0.030357 0.015000
2 0.197321 0.438438 0.019643 0.023750
2 0.162946 0.500000 0.035714 0.012500
2 0.130357 0.526875 0.028571 0.022500
2 0.150000 0.522500 0.032143 0.026250
2 0.173214 0.520937 0.025000 0.026250
2 0.219196 0.528125 0.032143 0.012500
2 0.258036 0.530625 0.033929 0.011250
2 0.380357 0.528125 0.019643 0.025000
2 0.348214 0.546875 0.035714 0.025000
2 0.350446 0.564063 0.035714 0.025000
2 0.200893 0.566250 0.035714 0.013750
2 0.165179 0.567812 0.035714 0.013750
2 0.102679 0.550938 0.035714 0.011250
2 0.101786 0.573438 0.033929 0.012500
2 0.161161 0.579063 0.032143 0.011250
2 0.099107 0.587500 0.028571 0.012500
2 0.876339 0.052187 0.025000 0.095000
2 0.749554 0.054688 0.021429 0.093750
2 0.775893 0.055625 0.025000 0.092500
2 0.800446 0.054062 0.025000 0.092500
2 0.850893 0.055625 0.023214 0.092500
2 0.925893 0.057188 0.021429 0.092500
2 0.952679 0.053750 0.021429 0.095000
2 0.976786 0.056250 0.025000 0.093750
2 0.497768 0.048125 0.026786 0.090000
2 0.626786 0.002812 0.021429 0.002500
2 0.473661 0.051250 0.023214 0.090000
2 0.524107 0.049062 0.021429 0.088750
2 0.725893 0.002187 0.023214 0.001250
2 0.343304 0.063750 0.021429 0.065000
2 0.575893 0.051562 0.026786 0.093750
2 0.600000 0.049375 0.021429 0.092500
2 0.650893 0.050938 0.025000 0.092500
2 0.794196 0.583125 0.021429 0.060000
2 0.843304 0.583750 0.021429 0.061250
2 0.870982 0.584688 0.023214 0.060000
2 0.893304 0.585313 0.023214 0.061250
2 0.969196 0.585938 0.023214 0.062500
2 0.162500 0.590000 0.030357 0.011250
2 0.256250 0.587812 0.021429 0.022500
2 0.162500 0.604063 0.030357 0.011250
2 0.406250 0.567812 0.035714 0.020000
2 0.119643 0.436562 0.016071 0.020000
2 0.516964 0.736875 0.016071 0.023750
2 0.157143 0.706562 0.028571 0.010000
2 0.196875 0.708125 0.032143 0.010000
2 0.161607 0.719062 0.028571 0.010000
2 0.087500 0.727500 0.032143 0.011250
2 0.095982 0.881875 0.035714 0.013750
2 0.197321 0.612812 0.037500 0.010000
2 0.311161 0.705625 0.028571 0.011250
2 0.400893 0.670000 0.033929 0.021250
2 0.342857 0.681875 0.033929 0.013750
2 0.404018 0.683437 0.035714 0.020000
2 0.342857 0.696875 0.033929 0.012500
2 0.312054 0.679063 0.030357 0.011250
2 0.310714 0.669687 0.032143 0.011250
2 0.255357 0.691875 0.019643 0.027500
2 0.313393 0.692812 0.028571 0.013750
2 0.199107 0.668750 0.032143 0.012500
2 0.309821 0.656250 0.030357 0.012500
2 0.203125 0.680625 0.026786 0.011250
2 0.200446 0.691563 0.030357 0.011250
2 0.160714 0.681562 0.026786 0.010000
2 0.195089 0.721250 0.037500 0.011250
2 0.254464 0.719062 0.017857 0.028750
2 0.195536 0.735313 0.025000 0.011250
2 0.193750 0.748437 0.030357 0.012500
2 0.195982 0.763125 0.030357 0.013750
2 0.344643 0.665937 0.037500 0.016250
2 0.197321 0.655938 0.037500 0.015000
2 0.308036 0.729375 0.035714 0.015000
2 0.313393 0.633125 0.028571 0.010000
2 0.254464 0.610938 0.017857 0.025000
2 0.312946 0.609375 0.032143 0.012500
2 0.345536 0.595000 0.039286 0.021250
2 0.347768 0.582500 0.039286 0.021250
2 0.405357 0.582188 0.033929 0.017500
2 0.406696 0.595313 0.032143 0.018750
2 0.404464 0.609687 0.032143 0.016250
2 0.254911 0.638750 0.014286 0.021250
2 0.311607 0.619688 0.033929 0.011250
2 0.091518 0.652813 0.035714 0.015000
2 0.312946 0.643125 0.032143 0.011250
2 0.345982 0.648750 0.035714 0.016250
2 0.164286 0.615000 0.033929 0.011250
2 0.165179 0.627188 0.035714 0.013750
2 0.200000 0.632812 0.033929 0.012500
2 0.094643 0.615625 0.037500 0.012500
2 0.098214 0.628125 0.035714 0.012500
2 0.162054 0.638750 0.033929 0.015000
2 0.253571 0.746250 0.016071 0.023750
2 0.310714 0.716562 0.032143 0.011250
2 0.330357 0.868750 0.026786 0.012500
2 0.307589 0.801875 0.030357 0.010000
2 0.400893 0.799063 0.033929 0.020000
2 0.398661 0.813125 0.033929 0.020000
2 0.307143 0.778750 0.033929 0.013750
2 0.343304 0.781250 0.030357 0.012500
2 0.341071 0.791563 0.030357 0.011250
2 0.341964 0.803438 0.032143 0.010000
2 0.341518 0.815625 0.026786 0.012500
2 0.308036 0.815000 0.026786 0.011250
2 0.307143 0.790000 0.033929 0.011250
2 0.404464 0.769375 0.032143 0.020000
2 0.154464 0.809375 0.032143 0.012500
2 0.198214 0.808125 0.030357 0.010000
2 0.077679 0.821875 0.030357 0.012500
2 0.154464 0.839375 0.032143 0.010000
2 0.116964 0.865625 0.037500 0.012500
2 0.155357 0.865625 0.033929 0.012500
2 0.196429 0.865312 0.035714 0.015000
2 0.296429 0.867188 0.030357 0.012500
2 0.402679 0.784375 0.028571 0.018750
2 0.403125 0.757500 0.033929 0.021250
2 0.342857 0.728125 0.033929 0.012500
2 0.081250 0.753125 0.037500 0.012500
2 0.401786 0.728750 0.035714 0.020000
2 0.343304 0.740938 0.030357 0.010000
2 0.402679 0.743750 0.028571 0.018750
2 0.313393 0.743125 0.028571 0.011250
2 0.092857 0.712187 0.033929 0.015000
2 0.158036 0.732187 0.030357 0.011250
2 0.156250 0.744688 0.035714 0.011250
2 0.157143 0.757500 0.037500 0.015000
2 0.080357 0.767813 0.035714 0.013750
2 0.341964 0.754687 0.032143 0.012500
2 0.083036 0.782188 0.032143 0.011250
2 0.156250 0.783438 0.035714 0.013750
2 0.195536 0.772813 0.033929 0.011250
2 0.194196 0.785000 0.035714 0.013750
2 0.198214 0.797813 0.030357 0.011250
2 0.254464 0.801875 0.017857 0.022500
2 0.306696 0.767500 0.028571 0.010000
2 0.341964 0.768125 0.032143 0.011250
2 0.347768 0.609375 0.030357 0.012500
