2 0.005804 0.263750 0.007143 0.015000
2 0.311161 0.041875 0.010714 0.015000
2 0.291071 0.044688 0.010714 0.011250
2 0.219196 0.133750 0.014286 0.017500
2 0.933482 0.670000 0.014286 0.015000
2 0.952679 0.674375 0.012500 0.017500
2 0.638393 0.661562 0.017857 0.013750
2 0.595982 0.430312 0.026786 0.013750
2 0.134821 0.561562 0.010714 0.013750
2 0.165179 0.565937 0.017857 0.016250
2 0.283482 0.090625 0.008929 0.012500
2 0.300000 0.109375 0.010714 0.012500
2 0.015179 0.460938 0.021429 0.012500
2 0.026786 0.405625 0.017857 0.011250
2 0.006696 0.497188 0.008929 0.010000
2 0.034821 0.370625 0.016071 0.010000
2 0.977232 0.677187 0.012500 0.013750
2 0.966071 0.674375 0.012500 0.017500
2 0.991518 0.679688 0.014286 0.012500
2 0.527232 0.345938 0.023214 0.013750
2 0.011161 0.468125 0.017857 0.005000
2 0.009375 0.475312 0.014286 0.010000
2 0.036607 0.447187 0.019643 0.010000
2 0.258482 0.121250 0.012500 0.017500
2 0.185714 0.139063 0.014286 0.018750
2 0.243750 0.412188 0.014286 0.015000
2 0.238393 0.433125 0.021429 0.010000
2 0.665625 0.668750 0.014286 0.018750
2 0.664286 0.169063 0.025000 0.010000
2 0.530357 0.172500 0.016071 0.013750
2 0.799554 0.440000 0.014286 0.017500
2 0.808482 0.442188 0.014286 0.018750
2 0.821875 0.444688 0.014286 0.017500
2 0.729911 0.554375 0.017857 0.021250
2 0.852679 0.092812 0.017857 0.013750
2 0.817857 0.019375 0.028571 0.013750
2 0.938839 0.116250 0.016071 0.013750
2 0.929911 0.116875 0.016071 0.015000
2 0.829464 0.095937 0.016071 0.013750
2 0.795982 0.102813 0.016071 0.015000
2 0.780357 0.120000 0.016071 0.015000
2 0.760268 0.123750 0.016071 0.016250
