2 0.056696 0.894375 0.019643 0.045000
2 0.042411 0.877500 0.017857 0.036250
2 0.030357 0.874687 0.016071 0.040000
2 0.014286 0.876563 0.019643 0.043750
2 0.165179 0.997812 0.053571 0.005000
2 0.776786 0.768750 0.062500 0.012500
2 0.981250 0.215625 0.007143 0.012500
2 0.991071 0.216875 0.008929 0.015000
2 0.826786 0.306875 0.019643 0.013750
2 0.833929 0.300625 0.016071 0.013750
2 0.841071 0.295000 0.012500 0.008750
2 0.850893 0.293125 0.014286 0.011250
2 0.906250 0.304688 0.017857 0.012500
2 0.915179 0.309375 0.017857 0.012500
2 0.920536 0.317188 0.019643 0.012500
2 0.032143 0.996875 0.019643 0.006250
2 0.084375 0.945937 0.021429 0.007500
2 0.330357 0.131875 0.017857 0.007500
2 0.352232 0.136563 0.021429 0.007500
2 0.308036 0.130937 0.017857 0.008750
2 0.289286 0.128750 0.016071 0.007500
2 0.268750 0.126250 0.019643 0.008750
2 0.245536 0.125000 0.017857 0.006250
2 0.051339 0.040625 0.008929 0.012500
2 0.389286 0.039062 0.019643 0.006250
2 0.332143 0.070938 0.012500 0.013750
2 0.329018 0.090625 0.010714 0.012500
2 0.263393 0.091250 0.008929 0.013750
2 0.039286 0.104688 0.016071 0.006250
2 0.060268 0.105313 0.017857 0.007500
2 0.103125 0.110000 0.023214 0.007500
2 0.125000 0.113125 0.017857 0.007500
2 0.163839 0.117188 0.019643 0.006250
2 0.180804 0.118750 0.017857 0.006250
2 0.364732 0.004687 0.010714 0.006250
2 0.055357 0.028750 0.012500 0.013750
2 0.031250 0.011875 0.017857 0.005000
2 0.038393 0.002187 0.014286 0.001250
2 0.614732 0.033750 0.010714 0.011250
