2 0.192857 0.289375 0.019643 0.010000
2 0.141518 0.291250 0.010714 0.013750
2 0.201339 0.267500 0.023214 0.010000
2 0.196429 0.277813 0.017857 0.008750
2 0.226339 0.301563 0.019643 0.006250
2 0.224107 0.312500 0.019643 0.006250
2 0.221429 0.319375 0.023214 0.007500
2 0.234375 0.281875 0.017857 0.007500
2 0.258929 0.104375 0.008929 0.015000
2 0.279464 0.112187 0.023214 0.008750
2 0.284375 0.095000 0.019643 0.008750
2 0.287500 0.088125 0.021429 0.007500
2 0.290179 0.082500 0.026786 0.008750
2 0.289286 0.075313 0.025000 0.010000
2 0.052679 0.931875 0.007143 0.013750
2 0.106250 0.891875 0.007143 0.015000
2 0.046429 0.960313 0.021429 0.005000
2 0.050446 0.985625 0.016071 0.015000
2 0.273214 0.920312 0.019643 0.006250
2 0.308929 0.943750 0.019643 0.006250
2 0.309821 0.957812 0.021429 0.006250
2 0.303571 0.967500 0.017857 0.003750
2 0.303571 0.973750 0.017857 0.003750
2 0.208482 0.238125 0.019643 0.007500
2 0.205357 0.246563 0.017857 0.008750
2 0.235714 0.269375 0.016071 0.007500
2 0.237500 0.262188 0.019643 0.008750
