2 0.981696 0.065625 0.021429 0.025000
2 0.944196 0.073750 0.017857 0.028750
2 0.927679 0.070938 0.016071 0.026250
2 0.912054 0.070312 0.016071 0.025000
2 0.894196 0.069687 0.016071 0.023750
2 0.877232 0.067187 0.017857 0.025000
2 0.849554 0.065312 0.016071 0.021250
2 0.827679 0.065625 0.021429 0.025000
2 0.810714 0.066250 0.023214 0.026250
2 0.793750 0.066250 0.016071 0.026250
2 0.778125 0.065625 0.016071 0.025000
2 0.758036 0.065312 0.016071 0.027500
2 0.737054 0.062187 0.014286 0.021250
2 0.722321 0.058750 0.016071 0.030000
2 0.706696 0.060937 0.016071 0.025000
2 0.689732 0.060625 0.017857 0.027500
2 0.995536 0.012812 0.008929 0.022500
2 0.983482 0.012812 0.016071 0.022500
2 0.671875 0.060000 0.017857 0.026250
2 0.651786 0.058437 0.017857 0.026250
2 0.636161 0.055313 0.017857 0.026250
2 0.621875 0.056250 0.016071 0.025000
2 0.603125 0.054062 0.014286 0.023750
2 0.583036 0.052500 0.014286 0.023750
2 0.568750 0.051875 0.021429 0.022500
2 0.963839 0.073125 0.021429 0.027500
2 0.994196 0.072500 0.010714 0.026250
2 0.947321 0.012188 0.010714 0.021250
2 0.932143 0.012188 0.016071 0.021250
2 0.912500 0.011562 0.012500 0.020000
2 0.894643 0.012188 0.012500 0.021250
2 0.878125 0.010312 0.010714 0.017500
2 0.863839 0.009062 0.008929 0.015000
2 0.842411 0.009062 0.010714 0.015000
2 0.825446 0.008438 0.012500 0.013750
2 0.808929 0.007812 0.010714 0.012500
2 0.791964 0.007812 0.012500 0.012500
