2 0.338839 0.090000 0.021429 0.017500
2 0.256696 0.107813 0.026786 0.012500
2 0.269196 0.127500 0.025000 0.017500
2 0.594196 0.288750 0.032143 0.015000
2 0.573214 0.314688 0.021429 0.013750
2 0.494643 0.323437 0.025000 0.012500
2 0.479464 0.341562 0.021429 0.011250
2 0.461607 0.356875 0.021429 0.013750
2 0.454911 0.367500 0.030357 0.016250
2 0.546429 0.348750 0.030357 0.016250
2 0.532143 0.361250 0.028571 0.016250
2 0.509375 0.384687 0.023214 0.010000
2 0.466071 0.433125 0.030357 0.016250
2 0.452679 0.448750 0.030357 0.016250
2 0.419643 0.480000 0.026786 0.016250
2 0.355804 0.467500 0.028571 0.016250
2 0.402679 0.504375 0.028571 0.015000
2 0.274107 0.556875 0.021429 0.013750
2 0.293304 0.622188 0.028571 0.016250
2 0.023214 0.673125 0.028571 0.015000
2 0.232143 0.682500 0.026786 0.015000
2 0.208482 0.716250 0.028571 0.013750
2 0.108036 0.740000 0.028571 0.017500
2 0.140179 0.787188 0.030357 0.015000
2 0.161607 0.293125 0.028571 0.023750
2 0.198661 0.309688 0.026786 0.022500
