2 0.726339 0.322187 0.028571 0.010000
2 0.712054 0.979688 0.026786 0.012500
2 0.762500 0.642500 0.016071 0.022500
2 0.885714 0.258437 0.030357 0.013750
2 0.771875 0.366563 0.012500 0.023750
2 0.843304 0.364063 0.021429 0.006250
2 0.844196 0.375000 0.023214 0.006250
2 0.842857 0.384375 0.025000 0.006250
2 0.736161 0.387188 0.021429 0.008750
2 0.738393 0.425000 0.021429 0.006250
2 0.731696 0.444375 0.021429 0.007500
2 0.972321 0.110625 0.025000 0.008750
2 0.869643 0.110937 0.025000 0.006250
2 0.948214 0.135937 0.012500 0.018750
2 0.962946 0.137500 0.010714 0.018750
2 0.976339 0.136250 0.010714 0.016250
2 0.880357 0.025625 0.010714 0.020000
2 0.733929 0.093750 0.012500 0.018750
2 0.715179 0.091875 0.010714 0.015000
2 0.841964 0.139375 0.032143 0.010000
2 0.805357 0.139375 0.030357 0.010000
2 0.766518 0.138125 0.028571 0.007500
2 0.742857 0.132187 0.012500 0.017500
2 0.724107 0.131562 0.010714 0.016250
2 0.711607 0.132500 0.012500 0.015000
2 0.697321 0.130937 0.010714 0.015000
2 0.685714 0.131250 0.014286 0.018750
2 0.672321 0.131562 0.014286 0.016250
2 0.658036 0.130937 0.012500 0.015000
2 0.643750 0.130000 0.010714 0.016250
2 0.631696 0.130625 0.008929 0.017500
2 0.618750 0.129062 0.014286 0.017500
2 0.574554 0.127500 0.010714 0.017500
2 0.585714 0.127188 0.010714 0.013750
2 0.600000 0.130312 0.012500 0.013750
2 0.758036 0.928750 0.016071 0.013750
