2 0.663393 0.445312 0.041071 0.012500
2 0.851339 0.460625 0.019643 0.008750
2 0.929911 0.441250 0.016071 0.007500
2 0.965625 0.445000 0.016071 0.008750
2 0.972321 0.408750 0.042857 0.011250
2 0.842857 0.431250 0.016071 0.006250
2 0.680804 0.483437 0.017857 0.007500
2 0.674107 0.343125 0.008929 0.011250
2 0.755804 0.438750 0.025000 0.008750
2 0.833482 0.970000 0.028571 0.021250
2 0.822321 0.161250 0.046429 0.016250
2 0.730804 0.183438 0.046429 0.020000
2 0.746429 0.468438 0.019643 0.008750
2 0.590179 0.507188 0.010714 0.011250
2 0.653125 0.638437 0.016071 0.011250
2 0.850000 0.540000 0.021429 0.011250
