2 0.963393 0.370312 0.016071 0.012500
2 0.415625 0.325937 0.014286 0.005000
2 0.572321 0.027813 0.028571 0.027500
2 0.760268 0.767500 0.025000 0.010000
2 0.120089 0.585938 0.012500 0.012500
2 0.240179 0.622812 0.016071 0.011250
2 0.301339 0.676875 0.017857 0.010000
2 0.313839 0.687812 0.016071 0.010000
2 0.367857 0.732500 0.012500 0.008750
2 0.006696 0.550938 0.008929 0.005000
2 0.737946 0.099062 0.016071 0.013750
2 0.780357 0.151562 0.016071 0.012500
2 0.815179 0.307500 0.014286 0.015000
2 0.943304 0.382812 0.016071 0.012500
2 0.665179 0.124375 0.017857 0.017500
2 0.941964 0.474375 0.017857 0.017500
2 0.531250 0.556250 0.017857 0.018750
