2 0.962500 0.266875 0.023214 0.027500
2 0.522321 0.064687 0.035714 0.013750
2 0.223661 0.067187 0.050000 0.050000
2 0.544196 0.074375 0.066071 0.017500
2 0.533929 0.048438 0.067857 0.018750
2 0.372321 0.985313 0.021429 0.011250
2 0.392411 0.979063 0.021429 0.011250
2 0.083036 0.944375 0.014286 0.013750
2 0.068304 0.922500 0.016071 0.013750
2 0.059821 0.909375 0.012500 0.012500
2 0.206250 0.935937 0.019643 0.012500
2 0.211607 0.943750 0.021429 0.012500
2 0.794643 0.131250 0.008929 0.012500
2 0.785714 0.133125 0.008929 0.016250
2 0.734375 0.136250 0.008929 0.016250
2 0.722321 0.139688 0.007143 0.013750
2 0.701786 0.143437 0.010714 0.015000
2 0.803571 0.128750 0.008929 0.013750
2 0.812500 0.126562 0.008929 0.012500
2 0.822321 0.124687 0.010714 0.015000
2 0.738839 0.101562 0.008929 0.012500
2 0.744196 0.086563 0.010714 0.013750
2 0.755804 0.086563 0.007143 0.013750
2 0.765625 0.085000 0.008929 0.013750
2 0.781250 0.082187 0.008929 0.011250
2 0.791071 0.080625 0.010714 0.011250
2 0.805357 0.081875 0.012500 0.013750
2 0.703125 0.106250 0.008929 0.012500
2 0.720982 0.103750 0.008929 0.013750
2 0.731250 0.101562 0.007143 0.012500
2 0.749107 0.100625 0.007143 0.013750
2 0.844196 0.123125 0.014286 0.015000
2 0.756696 0.098437 0.008929 0.012500
2 0.767857 0.097812 0.008929 0.011250
2 0.776786 0.096875 0.008929 0.012500
2 0.785714 0.095000 0.008929 0.015000
2 0.794643 0.094375 0.008929 0.013750
2 0.878125 0.057813 0.019643 0.006250
2 0.878125 0.066875 0.019643 0.008750
2 0.882589 0.072188 0.019643 0.010000
2 0.890179 0.082812 0.012500 0.012500
2 0.909375 0.869063 0.010714 0.016250
2 0.981696 0.995000 0.012500 0.008750
2 0.215179 0.948438 0.019643 0.012500
2 0.263393 0.881875 0.017857 0.013750
2 0.279464 0.878125 0.014286 0.012500
2 0.233929 0.907500 0.021429 0.015000
2 0.004911 0.054375 0.005357 0.015000
2 0.013393 0.052187 0.008929 0.013750
2 0.020982 0.051250 0.010714 0.015000
2 0.029911 0.047500 0.010714 0.013750
2 0.040179 0.048125 0.008929 0.015000
2 0.049554 0.046562 0.005357 0.015000
2 0.079018 0.056563 0.010714 0.016250
2 0.063393 0.058125 0.010714 0.016250
2 0.344643 0.899687 0.019643 0.015000
2 0.238393 0.913125 0.021429 0.013750
2 0.241964 0.919687 0.019643 0.011250
2 0.273661 0.928750 0.016071 0.013750
2 0.283036 0.925938 0.021429 0.017500
2 0.291964 0.925000 0.021429 0.018750
2 0.304464 0.918125 0.019643 0.017500
2 0.314732 0.914375 0.017857 0.016250
2 0.327232 0.909062 0.016071 0.015000
2 0.334821 0.904375 0.017857 0.015000
2 0.352679 0.898750 0.017857 0.016250
2 0.359821 0.895625 0.014286 0.016250
2 0.372768 0.890625 0.017857 0.018750
2 0.271429 0.893437 0.016071 0.015000
2 0.282589 0.894063 0.016071 0.016250
2 0.288393 0.891250 0.014286 0.013750
2 0.304911 0.884688 0.016071 0.016250
2 0.313839 0.880625 0.016071 0.017500
2 0.321429 0.878438 0.017857 0.016250
2 0.004018 0.067187 0.003571 0.012500
2 0.010268 0.066250 0.007143 0.013750
2 0.017857 0.064687 0.008929 0.013750
2 0.033482 0.062187 0.008929 0.015000
2 0.068304 0.101875 0.025000 0.010000
2 0.043750 0.060937 0.007143 0.012500
2 0.051339 0.060625 0.008929 0.015000
2 0.145982 0.074687 0.010714 0.015000
2 0.134821 0.077187 0.010714 0.013750
2 0.098214 0.085000 0.008929 0.013750
2 0.083929 0.085000 0.007143 0.013750
2 0.074554 0.085625 0.010714 0.015000
2 0.063393 0.091250 0.010714 0.013750
2 0.046429 0.090938 0.012500 0.016250
2 0.037500 0.094063 0.012500 0.016250
2 0.026786 0.095625 0.008929 0.016250
2 0.018750 0.098750 0.010714 0.016250
2 0.009375 0.099375 0.014286 0.017500
2 0.003125 0.100312 0.001786 0.016250
2 0.733482 0.089063 0.007143 0.012500
2 0.726339 0.089688 0.010714 0.013750
2 0.716518 0.090625 0.008929 0.012500
2 0.707589 0.090938 0.008929 0.016250
2 0.700000 0.090625 0.007143 0.012500
2 0.165179 0.928750 0.017857 0.013750
2 0.246875 0.925625 0.016071 0.007500
2 0.469643 0.451875 0.019643 0.010000
