2 0.256696 0.287188 0.026786 0.046250
2 0.258929 0.854375 0.008929 0.015000
2 0.279464 0.862187 0.023214 0.008750
2 0.284375 0.845000 0.019643 0.008750
2 0.287500 0.838125 0.021429 0.007500
2 0.290179 0.832500 0.026786 0.008750
2 0.289286 0.825313 0.025000 0.010000
2 0.338839 0.697500 0.021429 0.007500
2 0.353571 0.661562 0.019643 0.007500
2 0.393304 0.694688 0.014286 0.017500
2 0.453571 0.675625 0.023214 0.007500
2 0.480357 0.680937 0.023214 0.008750
2 0.303125 0.641250 0.021429 0.007500
2 0.676339 0.354063 0.017857 0.005000
2 0.679911 0.370000 0.016071 0.008750
2 0.691964 0.400000 0.017857 0.006250
2 0.692857 0.416875 0.019643 0.008750
2 0.688393 0.423750 0.019643 0.010000
2 0.680804 0.430312 0.017857 0.013750
2 0.674107 0.435000 0.017857 0.013750
2 0.665179 0.437500 0.017857 0.012500
2 0.655804 0.442812 0.012500 0.013750
2 0.646875 0.442500 0.012500 0.016250
2 0.637054 0.442812 0.010714 0.013750
2 0.627232 0.443125 0.008929 0.017500
2 0.616071 0.441250 0.008929 0.013750
2 0.606250 0.441250 0.007143 0.013750
2 0.593750 0.438750 0.008929 0.015000
2 0.677679 0.362500 0.016071 0.006250
2 0.675893 0.345938 0.021429 0.007500
2 0.307143 0.611875 0.016071 0.005000
2 0.376339 0.583437 0.025000 0.007500
2 0.375000 0.592187 0.017857 0.006250
2 0.345536 0.499375 0.021429 0.005000
2 0.508482 0.223750 0.021429 0.010000
2 0.536607 0.263750 0.010714 0.015000
2 0.521429 0.262188 0.007143 0.015000
2 0.512500 0.261563 0.007143 0.013750
2 0.502232 0.262188 0.008929 0.015000
2 0.497768 0.286250 0.008929 0.016250
2 0.508036 0.286562 0.007143 0.013750
2 0.516071 0.289062 0.005357 0.012500
2 0.523661 0.290000 0.007143 0.011250
2 0.532589 0.290625 0.007143 0.012500
2 0.509821 0.439375 0.010714 0.016250
2 0.286161 0.750312 0.014286 0.010000
