2 0.285714 0.002812 0.008929 0.002500
2 0.184821 0.034375 0.012500 0.012500
2 0.151786 0.048125 0.017857 0.008750
2 0.551339 0.096875 0.008929 0.012500
2 0.558036 0.117188 0.008929 0.012500
2 0.426339 0.148125 0.017857 0.008750
2 0.537054 0.219062 0.016071 0.010000
2 0.474554 0.200625 0.016071 0.007500
2 0.548214 0.280625 0.016071 0.005000
2 0.296875 0.003438 0.008929 0.003750
2 0.587946 0.505000 0.019643 0.010000
2 0.321429 0.310937 0.017857 0.012500
2 0.641518 0.519375 0.019643 0.007500
2 0.577232 0.735625 0.016071 0.015000
2 0.599107 0.820312 0.010714 0.012500
2 0.531250 0.977500 0.008929 0.011250
2 0.527679 0.964687 0.010714 0.013750
2 0.495536 0.923438 0.017857 0.006250
2 0.545536 0.885000 0.010714 0.013750
2 0.508482 0.836875 0.012500 0.011250
2 0.513839 0.854375 0.014286 0.015000
2 0.497768 0.841562 0.017857 0.017500
2 0.424554 0.897500 0.014286 0.013750
2 0.400893 0.916563 0.025000 0.011250
2 0.170089 0.978750 0.014286 0.013750
2 0.329464 0.913750 0.016071 0.015000
2 0.754464 0.932813 0.017857 0.012500
2 0.875893 0.924063 0.019643 0.007500
2 0.728571 0.837187 0.019643 0.021250
2 0.720536 0.809062 0.012500 0.015000
2 0.696875 0.754375 0.014286 0.015000
2 0.689286 0.738125 0.012500 0.013750
2 0.849107 0.677500 0.019643 0.011250
2 0.535268 0.055937 0.012500 0.015000
2 0.686161 0.042500 0.019643 0.010000
2 0.787946 0.315312 0.017857 0.008750
2 0.938393 0.363750 0.010714 0.008750
2 0.973661 0.350312 0.014286 0.010000
2 0.758929 0.390313 0.017857 0.008750
2 0.761607 0.322500 0.014286 0.013750
2 0.758482 0.304375 0.012500 0.015000
2 0.766071 0.290625 0.014286 0.012500
2 0.758929 0.265625 0.017857 0.012500
2 0.797321 0.228750 0.014286 0.013750
2 0.751786 0.128750 0.012500 0.013750
2 0.302679 0.158125 0.016071 0.010000
2 0.656696 0.517500 0.014286 0.010000
