2 0.569643 0.130000 0.023214 0.028750
2 0.611161 0.230938 0.021429 0.027500
2 0.636607 0.233438 0.023214 0.026250
2 0.912946 0.288125 0.017857 0.026250
2 0.856696 0.245625 0.021429 0.028750
2 0.895089 0.251250 0.017857 0.027500
2 0.954911 0.254375 0.021429 0.027500
2 0.829911 0.282187 0.021429 0.030000
2 0.850000 0.285000 0.021429 0.026250
2 0.872321 0.285000 0.021429 0.026250
2 0.972768 0.291563 0.021429 0.030000
2 0.764286 0.281250 0.019643 0.031250
2 0.993750 0.290937 0.014286 0.028750
2 0.810714 0.281875 0.023214 0.032500
2 0.742411 0.280000 0.016071 0.028750
2 0.863393 0.166563 0.021429 0.030000
2 0.884821 0.166563 0.019643 0.030000
2 0.921875 0.172187 0.017857 0.028750
2 0.942857 0.172500 0.019643 0.026250
2 0.960714 0.174375 0.019643 0.030000
2 0.980804 0.174063 0.019643 0.026250
2 0.995536 0.176250 0.008929 0.027500
2 0.723214 0.280313 0.017857 0.026250
2 0.675000 0.235000 0.019643 0.026250
2 0.697768 0.235000 0.016071 0.026250
2 0.701786 0.276250 0.019643 0.027500
2 0.802679 0.163750 0.025000 0.033750
2 0.692857 0.352500 0.019643 0.023750
2 0.736161 0.351562 0.021429 0.031250
2 0.779911 0.354687 0.019643 0.025000
2 0.904911 0.362500 0.019643 0.031250
2 0.843304 0.165313 0.021429 0.027500
2 0.764286 0.163750 0.019643 0.027500
2 0.951339 0.361875 0.023214 0.030000
2 0.743304 0.162187 0.017857 0.027500
2 0.986607 0.143750 0.017857 0.031250
2 0.704464 0.128438 0.016071 0.028750
2 0.997321 0.144687 0.003571 0.030000
2 0.962500 0.143125 0.023214 0.030000
2 0.715179 0.686562 0.046429 0.013750
2 0.942857 0.140937 0.019643 0.028750
2 0.904018 0.137813 0.017857 0.028750
2 0.883929 0.137813 0.017857 0.028750
2 0.864732 0.135625 0.019643 0.027500
2 0.846429 0.136250 0.023214 0.028750
2 0.829464 0.135313 0.025000 0.030000
2 0.700893 0.157500 0.017857 0.027500
2 0.728571 0.130000 0.019643 0.028750
2 0.682589 0.671875 0.048214 0.012500
2 0.862054 0.355625 0.023214 0.030000
2 0.988393 0.364375 0.021429 0.022500
