2 0.016518 0.862500 0.028571 0.012500
2 0.014732 0.883750 0.025000 0.011250
2 0.012054 0.963438 0.019643 0.011250
2 0.012054 0.951875 0.019643 0.010000
2 0.100446 0.682188 0.035714 0.011250
2 0.108482 0.638437 0.033929 0.011250
2 0.022321 0.628125 0.035714 0.012500
2 0.102679 0.664062 0.035714 0.012500
2 0.020536 0.761250 0.032143 0.010000
2 0.016518 0.984375 0.028571 0.012500
2 0.092411 0.995625 0.037500 0.010000
2 0.091071 0.985313 0.030357 0.011250
2 0.091071 0.974375 0.030357 0.011250
2 0.090625 0.953125 0.025000 0.012500
2 0.091071 0.930312 0.030357 0.013750
2 0.090625 0.918437 0.033929 0.008750
2 0.090179 0.897500 0.037500 0.013750
2 0.092411 0.886562 0.037500 0.013750
2 0.092411 0.851875 0.037500 0.010000
2 0.092857 0.840625 0.033929 0.012500
2 0.094643 0.827500 0.037500 0.011250
2 0.097321 0.807188 0.033929 0.011250
2 0.100000 0.783750 0.039286 0.011250
2 0.095982 0.772188 0.035714 0.010000
2 0.100893 0.762813 0.032143 0.010000
