2 0.029018 0.224062 0.017857 0.007500
2 0.031250 0.216250 0.017857 0.007500
2 0.035714 0.202188 0.017857 0.007500
2 0.041071 0.195625 0.019643 0.010000
2 0.049107 0.174687 0.017857 0.008750
2 0.044196 0.181563 0.021429 0.010000
2 0.028571 0.148750 0.021429 0.010000
2 0.030804 0.141562 0.021429 0.011250
2 0.036607 0.126250 0.019643 0.008750
2 0.041518 0.120000 0.016071 0.008750
2 0.046875 0.104688 0.026786 0.012500
2 0.051786 0.090312 0.023214 0.008750
2 0.070536 0.041875 0.025000 0.008750
2 0.075893 0.029375 0.017857 0.008750
2 0.256250 0.020000 0.021429 0.008750
2 0.945089 0.363125 0.010714 0.013750
2 0.850446 0.564063 0.017857 0.006250
2 0.785268 0.640625 0.012500 0.012500
2 0.771875 0.638125 0.012500 0.013750
2 0.759821 0.635938 0.010714 0.012500
2 0.030804 0.012812 0.021429 0.010000
2 0.024554 0.025625 0.017857 0.007500
2 0.018750 0.039375 0.019643 0.010000
2 0.014286 0.053125 0.019643 0.006250
2 0.009375 0.075625 0.014286 0.007500
