2 0.245089 0.046875 0.012500 0.012500
2 0.544643 0.023438 0.017857 0.006250
2 0.572321 0.099375 0.010714 0.023750
2 0.563393 0.136250 0.010714 0.016250
2 0.563393 0.150625 0.010714 0.013750
2 0.556696 0.172812 0.010714 0.011250
2 0.554464 0.186563 0.010714 0.013750
2 0.553571 0.208437 0.008929 0.013750
2 0.552679 0.223438 0.007143 0.012500
2 0.552679 0.240937 0.007143 0.010000
2 0.487500 0.304375 0.010714 0.015000
2 0.504464 0.310000 0.008929 0.013750
2 0.508929 0.293438 0.008929 0.015000
2 0.638393 0.372500 0.017857 0.007500
2 0.534375 0.430312 0.010714 0.013750
2 0.485714 0.436250 0.016071 0.010000
2 0.947321 0.460938 0.010714 0.012500
2 0.988839 0.393750 0.017857 0.006250
2 0.868304 0.004687 0.008929 0.006250
2 0.957589 0.006875 0.017857 0.007500
2 0.986161 0.012500 0.021429 0.006250
2 0.984375 0.025625 0.017857 0.007500
2 0.985714 0.032813 0.016071 0.006250
2 0.366964 0.951562 0.010714 0.012500
2 0.411607 0.963750 0.010714 0.015000
2 0.446429 0.808750 0.008929 0.017500
2 0.466964 0.645625 0.014286 0.016250
2 0.569196 0.645000 0.017857 0.008750
2 0.387054 0.835938 0.010714 0.012500
2 0.384375 0.848750 0.014286 0.010000
2 0.582589 0.965000 0.008929 0.011250
2 0.718750 0.945000 0.017857 0.008750
2 0.903571 0.752188 0.012500 0.013750
