2 0.807589 0.548125 0.012500 0.027500
2 0.646875 0.427500 0.012500 0.023750
2 0.691964 0.445000 0.035714 0.008750
2 0.690625 0.452187 0.037500 0.007500
2 0.693304 0.459375 0.033929 0.012500
2 0.683036 0.476250 0.035714 0.008750
2 0.848214 0.422500 0.035714 0.013750
2 0.922321 0.410625 0.032143 0.008750
2 0.856696 0.456875 0.030357 0.007500
2 0.891071 0.421875 0.032143 0.012500
2 0.929018 0.421875 0.032143 0.012500
2 0.930804 0.429688 0.035714 0.012500
2 0.931250 0.434375 0.032143 0.012500
2 0.945089 0.591250 0.037500 0.013750
