2 0.625893 0.597500 0.073214 0.032500
2 0.621429 0.614375 0.046429 0.022500
2 0.836161 0.858750 0.033929 0.030000
2 0.852679 0.854063 0.035714 0.030000
2 0.866964 0.845313 0.028571 0.025000
2 0.758482 0.850625 0.030357 0.020000
2 0.747768 0.844063 0.035714 0.022500
2 0.564286 0.484375 0.021429 0.012500
2 0.566071 0.540312 0.016071 0.015000
2 0.676786 0.654062 0.014286 0.017500
2 0.690179 0.630938 0.014286 0.015000
2 0.701339 0.628750 0.014286 0.013750
2 0.659821 0.660625 0.016071 0.015000
2 0.657143 0.745625 0.019643 0.010000
2 0.666071 0.752500 0.019643 0.011250
2 0.672768 0.759375 0.019643 0.012500
2 0.713839 0.747500 0.021429 0.013750
2 0.738393 0.728125 0.021429 0.012500
2 0.742411 0.736875 0.025000 0.011250
2 0.755357 0.747500 0.019643 0.013750
2 0.732143 0.759375 0.026786 0.012500
2 0.749554 0.782188 0.021429 0.011250
2 0.777679 0.771250 0.019643 0.011250
2 0.826786 0.765937 0.019643 0.010000
2 0.806696 0.803125 0.019643 0.012500
2 0.775893 0.805625 0.025000 0.011250
2 0.787500 0.783750 0.021429 0.011250
2 0.754464 0.789375 0.017857 0.010000
2 0.920089 0.927812 0.014286 0.015000
