2 0.202679 0.020625 0.030357 0.010000
2 0.208929 0.030312 0.025000 0.013750
2 0.180357 0.037500 0.030357 0.012500
2 0.066964 0.083750 0.017857 0.023750
2 0.424554 0.165625 0.032143 0.012500
2 0.428571 0.175000 0.035714 0.012500
2 0.431696 0.185000 0.028571 0.013750
2 0.433482 0.196250 0.032143 0.011250
2 0.441518 0.218750 0.030357 0.012500
2 0.448661 0.240000 0.026786 0.011250
2 0.712946 0.273438 0.037500 0.012500
2 0.298214 0.178437 0.033929 0.010000
2 0.295089 0.151250 0.032143 0.008750
2 0.137500 0.036250 0.033929 0.016250
2 0.296875 0.158750 0.035714 0.011250
2 0.290179 0.140000 0.026786 0.011250
2 0.288839 0.128438 0.028571 0.010000
2 0.286607 0.115625 0.028571 0.012500
2 0.284821 0.103750 0.033929 0.013750
2 0.497321 0.058437 0.012500 0.020000
2 0.516518 0.059688 0.010714 0.022500
2 0.529018 0.057813 0.008929 0.018750
2 0.544196 0.057813 0.012500 0.018750
2 0.583929 0.058125 0.016071 0.022500
2 0.559821 0.058437 0.012500 0.020000
2 0.602232 0.057500 0.012500 0.021250
2 0.627679 0.061875 0.014286 0.023750
2 0.644643 0.060000 0.012500 0.026250
2 0.901786 0.089375 0.026786 0.010000
2 0.718750 0.303750 0.035714 0.013750
2 0.083036 0.080000 0.014286 0.016250
2 0.175000 0.026562 0.028571 0.012500
2 0.414732 0.050625 0.012500 0.013750
2 0.082589 0.020625 0.017857 0.022500
2 0.261607 0.012188 0.014286 0.015000
