2 0.625000 0.503125 0.017857 0.012500
2 0.563393 0.890000 0.019643 0.011250
2 0.692857 0.881250 0.019643 0.006250
2 0.660714 0.860625 0.008929 0.015000
2 0.711607 0.547500 0.021429 0.007500
2 0.718750 0.555312 0.017857 0.007500
2 0.727679 0.560000 0.017857 0.007500
2 0.746875 0.570625 0.025000 0.010000
2 0.751786 0.575625 0.021429 0.007500
2 0.762054 0.582188 0.019643 0.011250
2 0.770089 0.587187 0.017857 0.008750
2 0.777679 0.592500 0.019643 0.010000
2 0.701786 0.587812 0.019643 0.010000
2 0.691071 0.604063 0.016071 0.011250
2 0.776786 0.224062 0.026786 0.007500
2 0.994196 0.308125 0.010714 0.016250
2 0.850000 0.827500 0.012500 0.017500
2 0.678571 0.571875 0.017857 0.012500
2 0.717857 0.599688 0.016071 0.008750
2 0.725000 0.605000 0.012500 0.010000
2 0.734375 0.611875 0.017857 0.011250
