2 0.104911 0.405938 0.008929 0.027500
2 0.113839 0.611250 0.008929 0.022500
2 0.450000 0.480938 0.025000 0.015000
2 0.484375 0.375625 0.008929 0.007500
2 0.500000 0.373750 0.008929 0.010000
2 0.515625 0.369062 0.008929 0.010000
2 0.526786 0.363750 0.008929 0.008750
2 0.534821 0.363750 0.007143 0.008750
2 0.595982 0.362187 0.008929 0.008750
2 0.600446 0.360625 0.008929 0.008750
2 0.428125 0.526250 0.012500 0.008750
2 0.445982 0.627500 0.012500 0.011250
2 0.454911 0.628437 0.012500 0.010000
2 0.463839 0.638750 0.012500 0.008750
2 0.467411 0.642500 0.010714 0.010000
2 0.582143 0.659062 0.012500 0.008750
2 0.584375 0.662188 0.012500 0.008750
2 0.608036 0.670000 0.010714 0.008750
2 0.625893 0.674687 0.010714 0.008750
2 0.619196 0.673750 0.010714 0.010000
2 0.722321 0.888750 0.007143 0.008750
2 0.714286 0.885313 0.008929 0.011250
2 0.704464 0.881563 0.007143 0.010000
2 0.695089 0.880000 0.010714 0.010000
2 0.685268 0.872812 0.008929 0.011250
2 0.700893 0.901250 0.008929 0.008750
2 0.693304 0.897188 0.007143 0.010000
2 0.683036 0.892500 0.008929 0.010000
2 0.678571 0.871250 0.008929 0.011250
2 0.657143 0.859688 0.010714 0.010000
2 0.658482 0.846562 0.008929 0.008750
2 0.724107 0.783125 0.010714 0.010000
2 0.377232 0.732500 0.008929 0.008750
2 0.368304 0.733125 0.008929 0.010000
2 0.358929 0.736563 0.012500 0.007500
2 0.343750 0.738750 0.008929 0.008750
2 0.278571 0.774687 0.012500 0.008750
2 0.266071 0.784375 0.014286 0.006250
2 0.261607 0.788438 0.014286 0.005000
2 0.259375 0.793750 0.014286 0.006250
2 0.245536 0.813125 0.017857 0.007500
2 0.244643 0.829063 0.016071 0.005000
2 0.340625 0.924063 0.016071 0.007500
2 0.379464 0.943750 0.017857 0.006250
2 0.331250 0.939375 0.010714 0.010000
2 0.674107 0.887187 0.008929 0.008750
