2 0.217857 0.841875 0.016071 0.021250
2 0.782143 0.783125 0.019643 0.010000
2 0.776786 0.758437 0.017857 0.007500
2 0.702679 0.764687 0.021429 0.007500
2 0.700446 0.758437 0.021429 0.007500
2 0.701786 0.746563 0.019643 0.008750
2 0.039732 0.790625 0.021429 0.012500
2 0.130357 0.759375 0.019643 0.012500
2 0.292411 0.758125 0.017857 0.010000
2 0.500893 0.746875 0.010714 0.012500
2 0.926339 0.475312 0.017857 0.010000
2 0.603571 0.607187 0.019643 0.011250
2 0.609375 0.564375 0.017857 0.010000
2 0.416071 0.619062 0.019643 0.010000
2 0.215625 0.695625 0.016071 0.010000
2 0.195536 0.690312 0.016071 0.008750
2 0.269643 0.985625 0.012500 0.015000
2 0.820536 0.500625 0.060714 0.026250
