2 0.599554 0.943750 0.016071 0.006250
2 0.604911 0.955313 0.017857 0.007500
2 0.491964 0.760625 0.019643 0.008750
2 0.503571 0.777813 0.016071 0.008750
2 0.506696 0.792188 0.017857 0.006250
2 0.490179 0.737187 0.016071 0.008750
2 0.513839 0.740938 0.014286 0.010000
2 0.521429 0.751250 0.016071 0.008750
2 0.521875 0.759375 0.012500 0.012500
2 0.567857 0.840000 0.010714 0.011250
2 0.574107 0.846562 0.014286 0.008750
2 0.583482 0.864375 0.010714 0.010000
2 0.559821 0.656875 0.012500 0.007500
2 0.562054 0.663125 0.012500 0.007500
2 0.566071 0.667812 0.016071 0.007500
2 0.568750 0.673438 0.012500 0.006250
2 0.573661 0.685000 0.017857 0.007500
2 0.576786 0.688750 0.019643 0.008750
2 0.580804 0.695937 0.014286 0.007500
2 0.583929 0.702187 0.016071 0.007500
2 0.586607 0.707500 0.012500 0.008750
2 0.589732 0.713750 0.014286 0.008750
2 0.593304 0.718750 0.012500 0.006250
2 0.598661 0.722500 0.014286 0.007500
2 0.600893 0.729688 0.014286 0.006250
2 0.606250 0.741875 0.016071 0.008750
2 0.575000 0.650625 0.016071 0.007500
2 0.580804 0.658125 0.014286 0.010000
2 0.583929 0.664375 0.016071 0.010000
2 0.586607 0.667812 0.012500 0.007500
2 0.587054 0.674063 0.017857 0.007500
2 0.597321 0.691250 0.016071 0.007500
2 0.602232 0.695937 0.012500 0.007500
2 0.603125 0.702187 0.014286 0.007500
2 0.606250 0.708437 0.016071 0.007500
2 0.608929 0.715625 0.012500 0.006250
2 0.628125 0.740000 0.010714 0.011250
2 0.603125 0.629375 0.014286 0.008750
2 0.606250 0.636562 0.016071 0.007500
2 0.612946 0.649062 0.016071 0.007500
2 0.617411 0.658750 0.016071 0.011250
2 0.620089 0.663125 0.012500 0.007500
2 0.622768 0.669375 0.017857 0.007500
2 0.626339 0.674063 0.016071 0.007500
2 0.630804 0.680312 0.016071 0.007500
2 0.633036 0.685000 0.016071 0.007500
2 0.636607 0.688750 0.014286 0.008750
2 0.643304 0.701250 0.014286 0.008750
2 0.530804 0.680000 0.012500 0.010000
2 0.549107 0.708750 0.008929 0.011250
2 0.570089 0.722813 0.010714 0.011250
2 0.633929 0.828750 0.008929 0.013750
2 0.642411 0.864375 0.012500 0.010000
2 0.654911 0.892188 0.010714 0.012500
2 0.650893 0.718438 0.016071 0.008750
2 0.654911 0.722500 0.019643 0.007500
2 0.658929 0.729688 0.014286 0.006250
2 0.985714 0.753437 0.016071 0.010000
2 0.694643 0.840938 0.014286 0.010000
2 0.704018 0.840000 0.010714 0.011250
2 0.760714 0.824375 0.012500 0.011250
2 0.770536 0.820937 0.014286 0.013750
2 0.778571 0.817500 0.012500 0.010000
2 0.800000 0.809375 0.010714 0.012500
2 0.827232 0.814375 0.016071 0.010000
2 0.855357 0.796250 0.014286 0.011250
2 0.810714 0.809375 0.014286 0.012500
2 0.718750 0.922188 0.017857 0.010000
2 0.725446 0.934062 0.017857 0.008750
2 0.729018 0.938750 0.016071 0.008750
2 0.733482 0.945625 0.016071 0.010000
2 0.737054 0.955937 0.014286 0.008750
2 0.752679 0.957500 0.014286 0.008750
2 0.753571 0.979375 0.016071 0.008750
2 0.757143 0.985625 0.014286 0.008750
2 0.762500 0.990312 0.016071 0.008750
2 0.769643 0.972500 0.012500 0.013750
2 0.798214 0.976250 0.016071 0.008750
2 0.802679 0.984375 0.016071 0.006250
2 0.809375 0.992812 0.016071 0.007500
2 0.832589 0.956875 0.017857 0.007500
2 0.840625 0.974062 0.016071 0.007500
2 0.847321 0.982500 0.016071 0.008750
2 0.854018 0.990312 0.016071 0.008750
2 0.815625 0.834375 0.010714 0.012500
2 0.822321 0.832812 0.010714 0.012500
2 0.831250 0.830625 0.010714 0.011250
2 0.846429 0.825000 0.014286 0.012500
2 0.854464 0.822500 0.012500 0.013750
2 0.862946 0.823125 0.016071 0.015000
2 0.869196 0.817500 0.010714 0.010000
2 0.876786 0.815625 0.012500 0.012500
2 0.822321 0.804063 0.010714 0.011250
2 0.869196 0.790937 0.010714 0.010000
2 0.815179 0.850000 0.014286 0.012500
2 0.823214 0.848437 0.012500 0.012500
2 0.830357 0.845000 0.008929 0.008750
2 0.893750 0.826562 0.010714 0.012500
2 0.882143 0.828750 0.014286 0.013750
2 0.868304 0.832188 0.008929 0.011250
2 0.859375 0.835625 0.008929 0.008750
2 0.829911 0.872812 0.012500 0.011250
2 0.834375 0.870313 0.012500 0.012500
2 0.843304 0.867812 0.012500 0.013750
2 0.850000 0.864062 0.012500 0.012500
2 0.860268 0.862500 0.010714 0.012500
2 0.876786 0.858750 0.012500 0.011250
2 0.884821 0.856875 0.010714 0.013750
2 0.898214 0.852500 0.010714 0.011250
2 0.908482 0.849375 0.008929 0.011250
2 0.828125 0.885938 0.008929 0.012500
2 0.835714 0.883437 0.010714 0.013750
2 0.842411 0.881250 0.010714 0.012500
2 0.851339 0.878125 0.010714 0.012500
2 0.860268 0.875938 0.010714 0.011250
2 0.866964 0.873437 0.010714 0.012500
2 0.879464 0.872500 0.017857 0.013750
2 0.890179 0.869688 0.012500 0.011250
2 0.896875 0.864375 0.012500 0.010000
2 0.904464 0.864062 0.014286 0.012500
2 0.932589 0.834375 0.012500 0.012500
2 0.947768 0.925625 0.016071 0.007500
2 0.948661 0.930937 0.017857 0.008750
2 0.950000 0.937187 0.016071 0.008750
2 0.953571 0.942812 0.014286 0.007500
2 0.958929 0.947500 0.016071 0.007500
2 0.958929 0.953750 0.016071 0.007500
2 0.965625 0.956875 0.016071 0.007500
2 0.966518 0.963125 0.017857 0.007500
2 0.967857 0.970000 0.016071 0.008750
2 0.973214 0.975313 0.017857 0.010000
2 0.975446 0.981563 0.017857 0.010000
2 0.976786 0.985938 0.016071 0.006250
2 0.877679 0.943750 0.014286 0.006250
2 0.879464 0.953750 0.017857 0.007500
2 0.887500 0.961562 0.016071 0.007500
2 0.889732 0.970000 0.016071 0.008750
2 0.864286 0.917188 0.014286 0.012500
2 0.873214 0.915625 0.014286 0.012500
2 0.879464 0.913125 0.008929 0.013750
2 0.885714 0.908750 0.012500 0.011250
2 0.895536 0.909375 0.014286 0.012500
2 0.902679 0.904687 0.010714 0.012500
2 0.911607 0.903125 0.010714 0.012500
2 0.918304 0.900000 0.010714 0.012500
2 0.927232 0.896875 0.010714 0.012500
2 0.928125 0.884375 0.012500 0.012500
2 0.920536 0.885938 0.010714 0.012500
2 0.912500 0.887500 0.012500 0.012500
2 0.902679 0.890625 0.010714 0.012500
2 0.897768 0.893750 0.014286 0.012500
2 0.890179 0.896875 0.012500 0.012500
2 0.881250 0.898438 0.012500 0.012500
2 0.985714 0.919375 0.016071 0.007500
2 0.985714 0.925625 0.016071 0.007500
2 0.991518 0.931875 0.014286 0.007500
