2 0.273214 0.129375 0.019643 0.027500
2 0.235714 0.128438 0.025000 0.028750
2 0.255357 0.127812 0.019643 0.027500
2 0.326786 0.129375 0.019643 0.027500
2 0.348214 0.129375 0.017857 0.027500
2 0.437500 0.440312 0.017857 0.027500
2 0.386161 0.128125 0.017857 0.025000
2 0.394643 0.240625 0.021429 0.025000
2 0.477232 0.692187 0.021429 0.031250
2 0.458482 0.690000 0.019643 0.023750
2 0.433036 0.690000 0.017857 0.023750
2 0.391518 0.690625 0.019643 0.025000
2 0.372768 0.691563 0.017857 0.023750
2 0.353125 0.690312 0.014286 0.021250
2 0.333482 0.689375 0.019643 0.022500
2 0.237500 0.690312 0.019643 0.027500
2 0.219643 0.689375 0.019643 0.028750
2 0.135714 0.688438 0.021429 0.023750
2 0.156250 0.687812 0.017857 0.022500
2 0.913393 0.793438 0.041071 0.015000
2 0.900893 0.769375 0.033929 0.013750
2 0.414732 0.689375 0.021429 0.022500
