2 0.912946 0.342500 0.035714 0.022500
2 0.900000 0.351250 0.032143 0.021250
2 0.889286 0.367812 0.037500 0.020000
2 0.883482 0.383750 0.030357 0.011250
2 0.879464 0.397187 0.035714 0.010000
2 0.883036 0.406875 0.033929 0.013750
2 0.885714 0.431250 0.030357 0.012500
2 0.868750 0.443750 0.032143 0.012500
2 0.875893 0.458125 0.028571 0.010000
2 0.879018 0.471250 0.030357 0.011250
2 0.881250 0.483750 0.030357 0.011250
2 0.948214 0.435000 0.039286 0.013750
2 0.949554 0.425938 0.037500 0.011250
2 0.844196 0.023750 0.032143 0.028750
2 0.797321 0.007187 0.023214 0.011250
2 0.813393 0.011562 0.028571 0.020000
2 0.829911 0.015000 0.030357 0.023750
2 0.949554 0.402813 0.028571 0.015000
2 0.965179 0.385937 0.028571 0.018750
2 0.982143 0.393750 0.026786 0.025000
2 0.989732 0.398438 0.019643 0.025000
2 0.555804 0.913125 0.035714 0.013750
2 0.728125 0.935625 0.032143 0.015000
