2 0.620536 0.593125 0.017857 0.011250
2 0.651786 0.009375 0.008929 0.012500
2 0.640625 0.024375 0.008929 0.011250
2 0.633482 0.021875 0.012500 0.012500
2 0.800000 0.163750 0.019643 0.008750
2 0.815625 0.117813 0.019643 0.007500
2 0.820089 0.093437 0.019643 0.008750
2 0.608482 0.553125 0.016071 0.006250
2 0.642857 0.603750 0.017857 0.013750
2 0.657143 0.615625 0.019643 0.012500
2 0.581250 0.508750 0.010714 0.011250
2 0.751786 0.885000 0.012500 0.013750
2 0.651786 0.023438 0.008929 0.012500
2 0.663393 0.025625 0.014286 0.013750
2 0.679464 0.026875 0.010714 0.010000
2 0.689286 0.029063 0.012500 0.011250
2 0.916071 0.544375 0.019643 0.013750
2 0.899554 0.558750 0.017857 0.011250
2 0.888393 0.547500 0.017857 0.013750
2 0.848661 0.178750 0.014286 0.007500
2 0.762946 0.037187 0.012500 0.015000
2 0.715179 0.032813 0.010714 0.012500
2 0.651339 0.928750 0.012500 0.013750
2 0.663839 0.943125 0.010714 0.011250
2 0.671429 0.948438 0.012500 0.012500
2 0.678125 0.957188 0.012500 0.011250
2 0.684821 0.966875 0.012500 0.008750
2 0.693750 0.968437 0.012500 0.015000
2 0.701786 0.973750 0.010714 0.010000
2 0.712054 0.977500 0.008929 0.011250
2 0.646875 0.988125 0.021429 0.007500
2 0.638393 0.960000 0.017857 0.007500
2 0.621429 0.938125 0.019643 0.007500
2 0.582143 0.869063 0.012500 0.010000
2 0.669643 0.997812 0.017857 0.005000
2 0.595536 0.888750 0.021429 0.008750
2 0.614732 0.876875 0.019643 0.010000
2 0.817857 0.636875 0.019643 0.017500
2 0.863839 0.591250 0.017857 0.013750
2 0.684821 0.012188 0.012500 0.015000
2 0.653125 0.010000 0.007143 0.013750
2 0.943304 0.520312 0.016071 0.012500
2 0.593750 0.591250 0.017857 0.013750
