2 0.596429 0.365313 0.014286 0.015000
2 0.605357 0.329062 0.014286 0.011250
2 0.608036 0.317188 0.010714 0.012500
2 0.635714 0.232500 0.012500 0.015000
2 0.637054 0.215625 0.010714 0.012500
2 0.645536 0.185625 0.014286 0.015000
2 0.666964 0.161562 0.012500 0.013750
2 0.766071 0.074687 0.023214 0.015000
2 0.784821 0.084687 0.016071 0.010000
2 0.808929 0.095625 0.019643 0.010000
2 0.830804 0.106250 0.014286 0.012500
2 0.896429 0.140313 0.016071 0.015000
2 0.573661 0.019062 0.017857 0.010000
2 0.605357 0.024375 0.023214 0.011250
2 0.974554 0.180625 0.016071 0.011250
2 0.869196 0.246875 0.010714 0.018750
2 0.800446 0.439063 0.016071 0.012500
2 0.793750 0.456562 0.016071 0.016250
2 0.816071 0.390625 0.016071 0.012500
2 0.768304 0.538750 0.014286 0.015000
2 0.755357 0.574062 0.010714 0.013750
2 0.752679 0.614375 0.014286 0.022500
2 0.722768 0.654375 0.012500 0.015000
2 0.713839 0.685312 0.012500 0.017500
2 0.682589 0.766250 0.012500 0.020000
2 0.658929 0.835625 0.014286 0.015000
2 0.653571 0.852500 0.012500 0.011250
2 0.957143 0.715625 0.012500 0.018750
2 0.940179 0.750938 0.014286 0.017500
2 0.920982 0.810000 0.016071 0.013750
2 0.867857 0.958750 0.012500 0.023750
2 0.615179 0.955000 0.016071 0.016250
2 0.847321 0.115937 0.016071 0.010000
2 0.615625 0.303750 0.012500 0.013750
2 0.978571 0.647500 0.010714 0.013750
2 0.645536 0.879063 0.014286 0.017500
2 0.933482 0.773438 0.014286 0.012500
2 0.929018 0.788125 0.014286 0.013750
