2 0.200000 0.016250 0.007143 0.013750
2 0.223214 0.006875 0.017857 0.007500
2 0.018750 0.128750 0.010714 0.013750
2 0.108929 0.341250 0.012500 0.013750
2 0.014732 0.419063 0.007143 0.010000
2 0.119643 0.419688 0.016071 0.017500
2 0.207143 0.498125 0.012500 0.015000
2 0.254911 0.452187 0.014286 0.013750
2 0.277679 0.491250 0.010714 0.013750
2 0.282143 0.459687 0.019643 0.010000
2 0.399554 0.449688 0.008929 0.015000
2 0.241071 0.431875 0.008929 0.013750
2 0.254018 0.541875 0.012500 0.015000
2 0.300000 0.621875 0.010714 0.012500
2 0.287500 0.642813 0.012500 0.013750
2 0.333036 0.681875 0.014286 0.013750
2 0.381250 0.672500 0.012500 0.013750
2 0.366964 0.735938 0.019643 0.025000
2 0.430357 0.868750 0.012500 0.012500
2 0.403571 0.871875 0.012500 0.012500
2 0.424107 0.901250 0.017857 0.008750
2 0.694643 0.855312 0.014286 0.007500
2 0.781250 0.803750 0.017857 0.007500
2 0.829018 0.790937 0.019643 0.010000
2 0.851786 0.805937 0.016071 0.008750
2 0.876786 0.691875 0.012500 0.015000
2 0.768750 0.379375 0.010714 0.015000
2 0.563393 0.329688 0.010714 0.012500
2 0.601786 0.303750 0.016071 0.007500
2 0.688393 0.347812 0.010714 0.011250
