2 0.024107 0.824062 0.012500 0.013750
2 0.008929 0.826562 0.008929 0.012500
2 0.154911 0.474688 0.019643 0.008750
2 0.163393 0.485625 0.014286 0.015000
2 0.154464 0.489063 0.014286 0.012500
2 0.187054 0.555312 0.021429 0.007500
2 0.046429 0.410625 0.012500 0.015000
2 0.066071 0.453750 0.016071 0.013750
2 0.056250 0.455312 0.014286 0.013750
2 0.037500 0.379688 0.012500 0.012500
2 0.026339 0.383125 0.012500 0.016250
2 0.214732 0.491250 0.014286 0.013750
2 0.203125 0.481875 0.017857 0.007500
2 0.204911 0.492188 0.012500 0.012500
2 0.200893 0.011562 0.017857 0.007500
2 0.154464 0.063438 0.014286 0.017500
2 0.165179 0.100625 0.008929 0.013750
2 0.286607 0.170000 0.019643 0.008750
2 0.497321 0.080312 0.012500 0.013750
2 0.796429 0.152812 0.021429 0.008750
2 0.514286 0.084375 0.010714 0.012500
2 0.774554 0.148125 0.017857 0.008750
2 0.281250 0.495937 0.017857 0.007500
2 0.190179 0.190312 0.014286 0.015000
2 0.559821 0.178750 0.012500 0.013750
2 0.574107 0.217813 0.014286 0.013750
2 0.540625 0.219375 0.014286 0.013750
2 0.547321 0.233438 0.014286 0.013750
2 0.552679 0.251875 0.016071 0.016250
2 0.477232 0.293438 0.012500 0.015000
2 0.329464 0.169375 0.016071 0.007500
2 0.227679 0.156875 0.017857 0.007500
2 0.200000 0.187188 0.016071 0.015000
2 0.197321 0.335625 0.010714 0.015000
2 0.519643 0.334063 0.012500 0.015000
2 0.187500 0.337188 0.008929 0.015000
2 0.178571 0.338750 0.008929 0.015000
2 0.168304 0.340625 0.010714 0.012500
2 0.157143 0.339375 0.010714 0.016250
2 0.356250 0.455312 0.016071 0.020000
2 0.487500 0.550938 0.019643 0.011250
2 0.481696 0.535937 0.021429 0.012500
2 0.391518 0.500312 0.019643 0.010000
2 0.310714 0.458437 0.014286 0.013750
2 0.515179 0.347500 0.012500 0.013750
2 0.459821 0.276875 0.017857 0.022500
2 0.623661 0.132500 0.019643 0.008750
2 0.601786 0.215000 0.016071 0.011250
2 0.603125 0.145000 0.014286 0.015000
2 0.574554 0.139063 0.019643 0.012500
2 0.575893 0.147187 0.017857 0.010000
2 0.579018 0.153438 0.019643 0.010000
2 0.583482 0.160312 0.019643 0.011250
2 0.625000 0.200937 0.008929 0.011250
2 0.614732 0.200000 0.010714 0.012500
2 0.600446 0.200937 0.017857 0.011250
2 0.600000 0.208750 0.021429 0.011250
2 0.628125 0.229375 0.019643 0.008750
2 0.626786 0.518750 0.012500 0.012500
2 0.611607 0.233438 0.017857 0.007500
2 0.644643 0.391250 0.012500 0.013750
2 0.650000 0.408437 0.014286 0.013750
2 0.654464 0.426563 0.014286 0.012500
2 0.629018 0.412500 0.012500 0.012500
2 0.720536 0.620000 0.012500 0.015000
2 0.499554 0.599062 0.021429 0.007500
2 0.401786 0.613125 0.017857 0.007500
2 0.645536 0.524687 0.014286 0.015000
2 0.023214 0.228125 0.010714 0.012500
2 0.116964 0.205313 0.010714 0.013750
2 0.048661 0.219375 0.012500 0.013750
2 0.112946 0.178750 0.016071 0.007500
2 0.093750 0.184062 0.017857 0.008750
2 0.040179 0.193125 0.017857 0.011250
2 0.268750 0.860000 0.010714 0.013750
2 0.223661 0.761875 0.014286 0.017500
2 0.242857 0.810625 0.012500 0.015000
2 0.270982 0.817812 0.010714 0.013750
2 0.286607 0.860000 0.010714 0.013750
2 0.518750 0.826562 0.010714 0.012500
2 0.415179 0.863125 0.017857 0.007500
2 0.433036 0.860625 0.017857 0.008750
2 0.482143 0.862500 0.008929 0.012500
2 0.641518 0.853750 0.010714 0.013750
2 0.536161 0.855937 0.014286 0.015000
2 0.553571 0.883750 0.008929 0.011250
2 0.472768 0.878125 0.012500 0.012500
2 0.288393 0.930000 0.014286 0.016250
2 0.337946 0.986563 0.010714 0.013750
2 0.411607 0.977500 0.010714 0.011250
2 0.787500 0.991250 0.012500 0.013750
2 0.977232 0.171563 0.012500 0.015000
2 0.871429 0.967187 0.010714 0.012500
2 0.759821 0.702500 0.010714 0.011250
2 0.876339 0.870000 0.016071 0.015000
2 0.903125 0.866250 0.016071 0.013750
2 0.954464 0.816875 0.016071 0.015000
2 0.940179 0.822500 0.014286 0.013750
2 0.879911 0.837500 0.014286 0.012500
2 0.806250 0.823750 0.014286 0.016250
2 0.776339 0.775625 0.012500 0.013750
2 0.786607 0.770000 0.010714 0.015000
2 0.782143 0.754063 0.010714 0.011250
2 0.747321 0.661250 0.012500 0.016250
2 0.794196 0.664687 0.012500 0.013750
2 0.822321 0.659062 0.010714 0.015000
2 0.909375 0.463125 0.019643 0.007500
2 0.887946 0.471250 0.021429 0.011250
