2 0.545982 0.005312 0.025000 0.007500
2 0.578571 0.009062 0.032143 0.015000
2 0.551339 0.014063 0.026786 0.012500
2 0.590179 0.016250 0.028571 0.013750
2 0.562054 0.023125 0.030357 0.015000
2 0.592411 0.041563 0.028571 0.011250
2 0.596429 0.053125 0.032143 0.012500
2 0.564286 0.045625 0.030357 0.016250
2 0.565179 0.058750 0.032143 0.017500
2 0.575893 0.069375 0.026786 0.013750
2 0.601339 0.064687 0.028571 0.013750
2 0.583036 0.080625 0.032143 0.017500
2 0.244643 0.062500 0.033929 0.018750
2 0.437500 0.032500 0.026786 0.015000
2 0.369196 0.018438 0.028571 0.015000
2 0.361161 0.007187 0.030357 0.011250
2 0.247768 0.010312 0.035714 0.017500
2 0.261607 0.032813 0.032143 0.012500
2 0.233036 0.038437 0.028571 0.011250
2 0.271875 0.041875 0.030357 0.015000
2 0.277679 0.054375 0.028571 0.015000
2 0.278571 0.065312 0.030357 0.015000
2 0.285714 0.075313 0.026786 0.016250
2 0.237054 0.050313 0.032143 0.016250
2 0.258929 0.097500 0.026786 0.013750
2 0.387946 0.067812 0.021429 0.013750
2 0.382143 0.054375 0.023214 0.015000
2 0.378125 0.041250 0.028571 0.013750
2 0.340179 0.030000 0.028571 0.016250
2 0.519196 0.116875 0.033929 0.015000
2 0.528571 0.135625 0.030357 0.015000
2 0.537054 0.152188 0.025000 0.013750
2 0.538839 0.165313 0.028571 0.015000
2 0.547321 0.179375 0.023214 0.015000
2 0.552679 0.192188 0.033929 0.018750
2 0.558482 0.203750 0.023214 0.013750
2 0.485268 0.028750 0.019643 0.013750
2 0.447321 0.054375 0.028571 0.015000
2 0.617857 0.073125 0.030357 0.015000
2 0.691964 0.262188 0.035714 0.015000
2 0.617411 0.085625 0.025000 0.015000
2 0.590625 0.090625 0.025000 0.012500
2 0.625446 0.105000 0.032143 0.016250
2 0.592857 0.100625 0.025000 0.013750
2 0.597321 0.111563 0.025000 0.013750
2 0.634821 0.130000 0.028571 0.016250
2 0.600000 0.123125 0.030357 0.015000
2 0.602232 0.137187 0.030357 0.015000
2 0.727232 0.169063 0.030357 0.016250
2 0.733036 0.181250 0.028571 0.012500
2 0.737500 0.191250 0.028571 0.013750
2 0.744196 0.204375 0.028571 0.015000
2 0.687054 0.251875 0.030357 0.016250
2 0.680357 0.241250 0.030357 0.013750
2 0.671429 0.216875 0.030357 0.015000
2 0.652679 0.174375 0.028571 0.017500
2 0.622321 0.180938 0.030357 0.015000
2 0.657589 0.184688 0.025000 0.016250
2 0.628125 0.192500 0.028571 0.016250
2 0.633482 0.204375 0.030357 0.015000
2 0.659821 0.195625 0.025000 0.016250
2 0.563393 0.216875 0.028571 0.015000
2 0.667411 0.208125 0.026786 0.016250
2 0.644643 0.237188 0.030357 0.015000
2 0.643750 0.225625 0.028571 0.013750
2 0.649554 0.247500 0.026786 0.013750
2 0.659821 0.270625 0.025000 0.016250
2 0.669643 0.278750 0.026786 0.013750
2 0.152679 0.027500 0.028571 0.017500
2 0.012054 0.163125 0.019643 0.013750
2 0.355357 0.074375 0.032143 0.017500
2 0.291964 0.091875 0.030357 0.015000
2 0.591071 0.028750 0.030357 0.013750
2 0.573214 0.225625 0.030357 0.013750
2 0.572321 0.241250 0.028571 0.013750
2 0.516964 0.107813 0.025000 0.012500
