2 0.657143 0.360312 0.037500 0.011250
2 0.716071 0.385000 0.030357 0.026250
2 0.651339 0.375000 0.039286 0.012500
2 0.653571 0.637500 0.048214 0.012500
2 0.662500 0.672500 0.039286 0.013750
2 0.656250 0.837500 0.044643 0.012500
2 0.655357 0.820625 0.042857 0.010000
2 0.660714 0.346875 0.035714 0.012500
2 0.401786 0.196563 0.044643 0.015000
2 0.353571 0.190625 0.037500 0.012500
2 0.292857 0.184062 0.041071 0.015000
2 0.145089 0.173437 0.035714 0.012500
2 0.187054 0.177500 0.039286 0.011250
2 0.247768 0.183125 0.035714 0.010000
2 0.976339 0.402813 0.046429 0.015000
2 0.897321 0.341562 0.017857 0.023750
2 0.916071 0.342813 0.019643 0.026250
2 0.937054 0.340625 0.021429 0.031250
2 0.958036 0.344062 0.023214 0.022500
2 0.978571 0.348438 0.019643 0.031250
