2 0.470089 0.678125 0.016071 0.006250
2 0.704464 0.601250 0.016071 0.008750
2 0.685268 0.607187 0.017857 0.011250
2 0.666518 0.613750 0.016071 0.008750
2 0.640179 0.618750 0.021429 0.012500
2 0.618304 0.626250 0.017857 0.008750
2 0.538839 0.665000 0.010714 0.011250
2 0.495536 0.667188 0.017857 0.006250
2 0.497768 0.675625 0.017857 0.007500
2 0.395089 0.675625 0.017857 0.007500
2 0.609375 0.599688 0.017857 0.008750
2 0.220982 0.646563 0.017857 0.008750
2 0.542411 0.701562 0.008929 0.012500
2 0.555804 0.714063 0.008929 0.012500
2 0.558036 0.731250 0.008929 0.012500
2 0.552232 0.788750 0.010714 0.015000
2 0.575893 0.808750 0.008929 0.011250
2 0.554464 0.832500 0.010714 0.015000
2 0.554911 0.858750 0.007143 0.011250
2 0.628571 0.603125 0.016071 0.006250
2 0.561607 0.613438 0.007143 0.011250
2 0.156250 0.201875 0.008929 0.016250
2 0.508929 0.200000 0.008929 0.012500
2 0.509821 0.216250 0.010714 0.013750
2 0.511161 0.234375 0.008929 0.012500
2 0.513393 0.265937 0.008929 0.016250
2 0.537946 0.272813 0.008929 0.011250
2 0.514286 0.306562 0.010714 0.010000
2 0.516964 0.327500 0.007143 0.011250
2 0.575000 0.356875 0.016071 0.007500
2 0.726339 0.380938 0.019643 0.008750
2 0.552679 0.608750 0.007143 0.011250
2 0.448214 0.414687 0.021429 0.007500
2 0.461607 0.420937 0.021429 0.007500
2 0.527679 0.438750 0.010714 0.015000
2 0.528571 0.485625 0.012500 0.015000
2 0.155357 0.472187 0.025000 0.010000
2 0.532589 0.516250 0.007143 0.013750
2 0.525893 0.551250 0.007143 0.008750
2 0.549107 0.587187 0.008929 0.015000
2 0.562054 0.934062 0.012500 0.015000
2 0.021429 0.415937 0.016071 0.010000
2 0.009375 0.491250 0.014286 0.007500
2 0.533482 0.212188 0.008929 0.008750
2 0.551786 0.211563 0.014286 0.007500
2 0.506696 0.179688 0.008929 0.012500
2 0.923661 0.363750 0.021429 0.008750
2 0.896429 0.318750 0.016071 0.006250
2 0.508929 0.161875 0.008929 0.011250
2 0.485268 0.010000 0.010714 0.013750
2 0.488393 0.030312 0.012500 0.013750
2 0.492857 0.051250 0.012500 0.015000
2 0.508929 0.058437 0.008929 0.013750
2 0.495089 0.074687 0.012500 0.015000
2 0.499107 0.130312 0.007143 0.013750
2 0.500000 0.142187 0.008929 0.012500
2 0.526786 0.137500 0.008929 0.012500
2 0.536607 0.624062 0.010714 0.013750
