2 0.474107 0.450000 0.019643 0.006250
2 0.276786 0.108438 0.017857 0.013750
2 0.299107 0.119375 0.017857 0.013750
2 0.310268 0.123125 0.017857 0.015000
2 0.504464 0.189062 0.008929 0.012500
2 0.107143 0.430938 0.017857 0.015000
2 0.475000 0.444375 0.021429 0.007500
2 0.498661 0.456875 0.019643 0.007500
2 0.300446 0.070938 0.016071 0.013750
2 0.474107 0.459063 0.019643 0.008750
2 0.496429 0.464687 0.019643 0.007500
2 0.475446 0.467187 0.017857 0.006250
2 0.470536 0.475000 0.021429 0.006250
2 0.493304 0.476562 0.017857 0.006250
2 0.470089 0.481875 0.016071 0.007500
2 0.197768 0.090000 0.016071 0.011250
2 0.290625 0.064062 0.014286 0.012500
2 0.275893 0.055313 0.016071 0.013750
2 0.131250 0.038750 0.021429 0.015000
2 0.160268 0.063750 0.021429 0.015000
2 0.245536 0.040625 0.017857 0.012500
2 0.257589 0.046562 0.019643 0.015000
2 0.267857 0.051250 0.017857 0.015000
2 0.468750 0.487500 0.017857 0.006250
2 0.468750 0.494375 0.017857 0.007500
2 0.464286 0.503125 0.017857 0.006250
2 0.343750 0.510000 0.017857 0.007500
2 0.326786 0.494375 0.019643 0.007500
2 0.327679 0.479375 0.021429 0.008750
2 0.352232 0.480938 0.021429 0.008750
2 0.351339 0.486562 0.019643 0.007500
2 0.352232 0.495000 0.021429 0.008750
2 0.345982 0.502500 0.017857 0.005000
2 0.344643 0.519375 0.019643 0.007500
2 0.424107 0.456875 0.017857 0.007500
2 0.277679 0.500625 0.019643 0.007500
2 0.321429 0.533438 0.017857 0.007500
2 0.415179 0.512500 0.017857 0.006250
2 0.393304 0.518437 0.023214 0.008750
2 0.392857 0.525625 0.017857 0.007500
2 0.416071 0.528750 0.019643 0.007500
2 0.325893 0.500000 0.017857 0.006250
2 0.277679 0.489687 0.019643 0.007500
2 0.274107 0.481875 0.021429 0.007500
2 0.275000 0.475000 0.023214 0.006250
2 0.396429 0.506250 0.016071 0.006250
2 0.398214 0.495312 0.019643 0.006250
2 0.398214 0.489063 0.019643 0.006250
2 0.398214 0.481875 0.019643 0.007500
2 0.421875 0.481875 0.017857 0.007500
2 0.419643 0.490625 0.017857 0.006250
2 0.418304 0.497500 0.019643 0.007500
2 0.416071 0.505312 0.019643 0.007500
2 0.462946 0.510938 0.019643 0.006250
2 0.401786 0.474062 0.017857 0.007500
2 0.425000 0.471562 0.019643 0.008750
2 0.401786 0.467812 0.017857 0.007500
2 0.425000 0.463125 0.019643 0.007500
2 0.416964 0.536562 0.021429 0.007500
2 0.412054 0.544375 0.025000 0.007500
2 0.387054 0.550625 0.019643 0.007500
2 0.897321 0.792500 0.062500 0.035000
2 0.388393 0.562500 0.017857 0.006250
2 0.451786 0.604063 0.019643 0.005000
2 0.532143 0.544375 0.019643 0.007500
2 0.461607 0.545000 0.021429 0.008750
2 0.484375 0.546875 0.017857 0.006250
2 0.484375 0.551562 0.017857 0.006250
2 0.461607 0.560937 0.021429 0.006250
2 0.448214 0.625625 0.021429 0.007500
2 0.527679 0.594375 0.019643 0.007500
2 0.287500 0.708437 0.012500 0.013750
2 0.568750 0.215937 0.048214 0.041250
2 0.590179 0.605938 0.037500 0.046250
2 0.531250 0.537500 0.017857 0.006250
2 0.533036 0.527187 0.021429 0.007500
2 0.536161 0.511562 0.023214 0.007500
2 0.536607 0.503750 0.019643 0.007500
2 0.541964 0.497500 0.021429 0.007500
2 0.541964 0.490313 0.021429 0.008750
2 0.541964 0.476250 0.021429 0.008750
2 0.483929 0.538750 0.021429 0.008750
2 0.463393 0.536562 0.016071 0.007500
2 0.487500 0.526563 0.019643 0.006250
2 0.487500 0.519375 0.019643 0.007500
2 0.488393 0.511562 0.021429 0.007500
2 0.488393 0.505312 0.021429 0.007500
2 0.491964 0.495312 0.019643 0.006250
2 0.495089 0.487187 0.021429 0.008750
2 0.335714 0.582812 0.019643 0.006250
2 0.338839 0.558437 0.021429 0.007500
2 0.067857 0.479375 0.019643 0.008750
2 0.064732 0.466875 0.017857 0.008750
2 0.076339 0.549375 0.023214 0.011250
2 0.006696 0.485000 0.008929 0.013750
2 0.011161 0.437500 0.017857 0.006250
2 0.007589 0.428437 0.010714 0.010000
2 0.003125 0.418750 0.001786 0.006250
2 0.075446 0.484687 0.021429 0.010000
2 0.082589 0.493438 0.017857 0.008750
2 0.125446 0.774062 0.014286 0.013750
2 0.137500 0.773125 0.016071 0.015000
2 0.148214 0.769375 0.019643 0.013750
2 0.161161 0.788750 0.023214 0.008750
2 0.160268 0.796875 0.021429 0.006250
2 0.151339 0.653750 0.030357 0.045000
2 0.078125 0.379375 0.044643 0.040000
