2 0.699107 0.728437 0.032143 0.016250
2 0.740179 0.775625 0.025000 0.020000
2 0.400000 0.991875 0.014286 0.015000
2 0.406250 0.955000 0.026786 0.016250
2 0.396429 0.938750 0.016071 0.021250
2 0.253571 0.867188 0.016071 0.018750
2 0.505804 0.516875 0.025000 0.021250
2 0.793304 0.017813 0.019643 0.020000
2 0.550893 0.212812 0.021429 0.022500
2 0.503571 0.313125 0.016071 0.020000
2 0.320536 0.565937 0.016071 0.022500
2 0.383929 0.577187 0.017857 0.026250
2 0.459375 0.508125 0.021429 0.022500
2 0.502679 0.552187 0.032143 0.013750
2 0.580357 0.530625 0.026786 0.017500
2 0.604018 0.549375 0.033929 0.011250
2 0.512500 0.286875 0.016071 0.017500
2 0.526786 0.246563 0.017857 0.021250
2 0.517411 0.266250 0.021429 0.020000
2 0.885714 0.048438 0.030357 0.012500
2 0.925893 0.021875 0.021429 0.025000
2 0.324554 0.775625 0.010714 0.020000
2 0.308929 0.857500 0.028571 0.008750
2 0.338393 0.825313 0.016071 0.022500
2 0.020982 0.558750 0.028571 0.011250
2 0.040625 0.734687 0.014286 0.022500
2 0.005804 0.538125 0.007143 0.007500
2 0.012946 0.547813 0.021429 0.011250
2 0.075446 0.601875 0.030357 0.010000
2 0.033482 0.569688 0.026786 0.011250
2 0.065625 0.591250 0.028571 0.013750
2 0.321875 0.634375 0.014286 0.018750
2 0.320982 0.604375 0.012500 0.027500
2 0.034821 0.460000 0.033929 0.013750
2 0.065625 0.464062 0.028571 0.012500
2 0.102679 0.467812 0.035714 0.013750
2 0.141964 0.473438 0.025000 0.012500
2 0.169196 0.477187 0.030357 0.013750
2 0.903125 0.101250 0.016071 0.021250
2 0.676339 0.193750 0.035714 0.012500
2 0.859821 0.762188 0.014286 0.021250
2 0.785714 0.834375 0.017857 0.018750
2 0.833036 0.917812 0.023214 0.020000
2 0.790179 0.869375 0.026786 0.020000
2 0.900893 0.942187 0.033929 0.018750
2 0.953125 0.910313 0.035714 0.017500
2 0.981696 0.900000 0.030357 0.018750
2 0.849554 0.995625 0.025000 0.010000
2 0.816964 0.967812 0.026786 0.013750
2 0.234821 0.490000 0.032143 0.011250
2 0.663393 0.423438 0.023214 0.012500
