2 0.969196 0.207813 0.014286 0.012500
2 0.824107 0.234375 0.014286 0.012500
2 0.813839 0.246563 0.016071 0.015000
2 0.769643 0.247500 0.012500 0.013750
2 0.955357 0.185625 0.017857 0.015000
2 0.938839 0.177812 0.016071 0.015000
2 0.932143 0.174063 0.016071 0.013750
2 0.961161 0.203750 0.016071 0.013750
2 0.840625 0.242188 0.016071 0.012500
2 0.952232 0.201563 0.016071 0.012500
2 0.944196 0.197500 0.017857 0.013750
2 0.935268 0.194375 0.017857 0.013750
2 0.929018 0.189688 0.014286 0.013750
2 0.919643 0.188750 0.017857 0.015000
2 0.946429 0.215000 0.017857 0.011250
2 0.832589 0.236563 0.017857 0.013750
2 0.821429 0.249688 0.017857 0.015000
2 0.607143 0.426250 0.017857 0.015000
2 0.878571 0.273125 0.016071 0.015000
2 0.905357 0.269375 0.016071 0.013750
2 0.896429 0.266875 0.016071 0.015000
2 0.887500 0.260625 0.016071 0.015000
2 0.880804 0.257500 0.016071 0.015000
2 0.896429 0.280938 0.016071 0.015000
2 0.887500 0.276875 0.016071 0.016250
2 0.869643 0.270937 0.016071 0.013750
2 0.831696 0.253750 0.016071 0.013750
2 0.860714 0.266250 0.016071 0.013750
2 0.854018 0.261563 0.016071 0.013750
2 0.856250 0.247500 0.016071 0.013750
2 0.847321 0.245312 0.016071 0.012500
2 0.845982 0.258437 0.017857 0.013750
2 0.838393 0.254688 0.016071 0.012500
2 0.940179 0.230938 0.014286 0.015000
2 0.932143 0.226562 0.016071 0.012500
2 0.923214 0.220938 0.016071 0.013750
2 0.803571 0.089688 0.017857 0.013750
2 0.876339 0.120938 0.016071 0.013750
2 0.867411 0.116250 0.016071 0.013750
2 0.852232 0.109375 0.012500 0.012500
2 0.844196 0.106250 0.014286 0.012500
2 0.836161 0.102188 0.016071 0.013750
2 0.817411 0.096875 0.014286 0.012500
2 0.795089 0.085938 0.014286 0.012500
2 0.906696 0.216875 0.014286 0.015000
2 0.780357 0.079375 0.016071 0.015000
2 0.763393 0.072500 0.017857 0.013750
2 0.737500 0.076563 0.019643 0.012500
2 0.675000 0.051562 0.019643 0.012500
2 0.948214 0.004687 0.021429 0.006250
2 0.897321 0.162187 0.017857 0.015000
2 0.886607 0.173437 0.014286 0.012500
2 0.864286 0.202188 0.014286 0.013750
2 0.873214 0.203750 0.014286 0.013750
2 0.846429 0.210000 0.014286 0.013750
2 0.853125 0.210938 0.014286 0.012500
2 0.862946 0.214062 0.016071 0.012500
2 0.871875 0.217813 0.016071 0.013750
2 0.880804 0.221875 0.016071 0.012500
2 0.886607 0.226562 0.014286 0.012500
2 0.896429 0.230313 0.016071 0.013750
2 0.904464 0.233438 0.014286 0.013750
2 0.920089 0.238125 0.014286 0.013750
2 0.929911 0.242500 0.016071 0.016250
2 0.937946 0.246875 0.014286 0.012500
2 0.889732 0.210000 0.016071 0.013750
2 0.897321 0.215313 0.017857 0.015000
2 0.915179 0.272187 0.017857 0.016250
2 0.815179 0.281250 0.014286 0.012500
2 0.827232 0.287188 0.016071 0.015000
2 0.600000 0.366250 0.021429 0.013750
2 0.716964 0.395937 0.014286 0.013750
2 0.708929 0.391875 0.016071 0.015000
2 0.700000 0.388125 0.016071 0.013750
2 0.629464 0.388750 0.017857 0.015000
2 0.620536 0.382500 0.017857 0.015000
2 0.608036 0.373125 0.019643 0.015000
2 0.586607 0.358750 0.021429 0.011250
2 0.782589 0.372500 0.016071 0.013750
2 0.610714 0.326562 0.016071 0.012500
2 0.597321 0.323125 0.016071 0.015000
2 0.798214 0.378750 0.016071 0.013750
2 0.725893 0.398125 0.014286 0.015000
2 0.732589 0.402813 0.014286 0.015000
2 0.749107 0.408437 0.016071 0.013750
2 0.755804 0.414687 0.016071 0.013750
2 0.764732 0.416875 0.016071 0.015000
2 0.744643 0.425625 0.016071 0.013750
2 0.752679 0.429688 0.014286 0.012500
2 0.720536 0.416250 0.012500 0.013750
2 0.713393 0.411562 0.016071 0.013750
2 0.705804 0.407813 0.014286 0.012500
2 0.700000 0.404375 0.016071 0.015000
2 0.687500 0.400625 0.017857 0.013750
2 0.683929 0.435625 0.019643 0.015000
2 0.690625 0.439375 0.019643 0.016250
2 0.698661 0.441875 0.017857 0.015000
2 0.713393 0.449062 0.016071 0.013750
2 0.720089 0.452813 0.016071 0.015000
2 0.791518 0.375625 0.016071 0.013750
2 0.775000 0.369375 0.014286 0.013750
2 0.806250 0.293438 0.014286 0.015000
2 0.807143 0.331875 0.016071 0.013750
2 0.837500 0.360000 0.014286 0.013750
2 0.829464 0.355313 0.016071 0.013750
2 0.822768 0.352813 0.016071 0.015000
2 0.815179 0.350000 0.014286 0.012500
2 0.804018 0.347500 0.014286 0.013750
2 0.816071 0.335938 0.016071 0.012500
2 0.862500 0.342187 0.019643 0.012500
2 0.756696 0.360625 0.017857 0.015000
2 0.834375 0.327813 0.021429 0.008750
2 0.869643 0.306562 0.016071 0.016250
2 0.860714 0.317812 0.016071 0.013750
2 0.850893 0.297500 0.014286 0.013750
2 0.837500 0.309375 0.014286 0.012500
2 0.835268 0.294375 0.023214 0.020000
2 0.833036 0.340625 0.014286 0.012500
2 0.839732 0.344375 0.014286 0.013750
2 0.845089 0.348438 0.016071 0.012500
2 0.845536 0.379375 0.021429 0.015000
2 0.861607 0.379375 0.017857 0.015000
2 0.806250 0.397500 0.014286 0.013750
2 0.788393 0.389688 0.014286 0.013750
2 0.781250 0.386563 0.017857 0.013750
2 0.772321 0.385625 0.017857 0.015000
2 0.755804 0.377188 0.016071 0.013750
2 0.748214 0.372500 0.014286 0.013750
2 0.737946 0.372500 0.016071 0.013750
2 0.723214 0.363125 0.017857 0.013750
2 0.723214 0.348125 0.017857 0.015000
2 0.732589 0.350625 0.014286 0.013750
2 0.741071 0.355000 0.017857 0.016250
2 0.747768 0.356563 0.017857 0.016250
2 0.589286 0.411562 0.017857 0.013750
2 0.643750 0.467500 0.019643 0.016250
2 0.718750 0.508750 0.017857 0.011250
2 0.569196 0.550625 0.017857 0.013750
2 0.587054 0.541875 0.017857 0.015000
2 0.576786 0.545937 0.019643 0.013750
2 0.593750 0.536562 0.017857 0.013750
2 0.643750 0.453750 0.019643 0.013750
2 0.566071 0.510000 0.016071 0.013750
2 0.593750 0.491250 0.017857 0.013750
2 0.581696 0.500625 0.016071 0.013750
2 0.609375 0.527187 0.017857 0.013750
2 0.631696 0.510000 0.017857 0.013750
2 0.625000 0.515625 0.017857 0.012500
2 0.616964 0.522500 0.019643 0.013750
2 0.601786 0.486562 0.016071 0.013750
2 0.615179 0.442812 0.016071 0.013750
2 0.625000 0.440625 0.017857 0.012500
2 0.729018 0.456875 0.016071 0.013750
2 0.731696 0.525625 0.012500 0.013750
2 0.737500 0.589687 0.019643 0.013750
2 0.774107 0.618437 0.021429 0.015000
2 0.767411 0.614687 0.021429 0.013750
2 0.762054 0.610000 0.019643 0.013750
2 0.755357 0.603750 0.019643 0.013750
2 0.746429 0.599062 0.019643 0.013750
2 0.744196 0.592812 0.019643 0.013750
2 0.729464 0.585000 0.021429 0.013750
2 0.721875 0.578750 0.019643 0.013750
2 0.713839 0.573125 0.021429 0.015000
2 0.708482 0.567812 0.019643 0.013750
2 0.702679 0.563125 0.021429 0.013750
2 0.695089 0.558437 0.019643 0.013750
2 0.977679 0.719375 0.017857 0.013750
2 0.930357 0.685000 0.021429 0.013750
2 0.911161 0.685000 0.014286 0.013750
2 0.783929 0.623750 0.023214 0.016250
2 0.791964 0.630312 0.021429 0.013750
2 0.799554 0.635625 0.023214 0.015000
2 0.950893 0.754687 0.017857 0.012500
2 0.995536 0.838750 0.008929 0.008750
2 0.992411 0.834375 0.016071 0.012500
2 0.987500 0.828750 0.019643 0.013750
2 0.981250 0.823438 0.016071 0.012500
2 0.958482 0.759375 0.019643 0.012500
2 0.945536 0.749375 0.016071 0.011250
2 0.891518 0.709375 0.019643 0.012500
2 0.928571 0.752500 0.017857 0.011250
2 0.931696 0.741563 0.019643 0.011250
2 0.927232 0.733437 0.019643 0.013750
2 0.916071 0.731250 0.019643 0.012500
2 0.909375 0.726562 0.019643 0.012500
2 0.903571 0.720938 0.021429 0.013750
2 0.970982 0.858750 0.017857 0.011250
2 0.994196 0.866875 0.010714 0.015000
2 0.984375 0.878750 0.017857 0.013750
2 0.898214 0.716250 0.019643 0.013750
2 0.887500 0.704063 0.016071 0.011250
2 0.805357 0.640313 0.021429 0.015000
2 0.666964 0.586562 0.021429 0.013750
2 0.762946 0.659062 0.021429 0.015000
2 0.737500 0.640625 0.019643 0.012500
2 0.699554 0.610000 0.019643 0.013750
2 0.687500 0.603750 0.017857 0.013750
2 0.679464 0.596250 0.019643 0.011250
2 0.675000 0.590625 0.019643 0.012500
2 0.831250 0.711562 0.019643 0.013750
2 0.878571 0.699375 0.016071 0.011250
2 0.826786 0.707500 0.019643 0.015000
2 0.843750 0.694375 0.017857 0.013750
2 0.823214 0.680937 0.012500 0.015000
2 0.842411 0.662500 0.019643 0.012500
2 0.818750 0.652813 0.021429 0.015000
2 0.812054 0.645937 0.021429 0.013750
2 0.768750 0.663750 0.019643 0.015000
2 0.775446 0.666875 0.019643 0.015000
2 0.782143 0.673125 0.019643 0.015000
2 0.791964 0.680312 0.021429 0.013750
2 0.758929 0.733750 0.017857 0.011250
2 0.745536 0.745937 0.017857 0.013750
2 0.878125 0.745937 0.019643 0.013750
2 0.883929 0.751563 0.017857 0.012500
2 0.907143 0.765625 0.019643 0.012500
2 0.912946 0.771875 0.017857 0.012500
2 0.916071 0.777813 0.019643 0.015000
2 0.983929 0.805312 0.012500 0.013750
2 0.992857 0.788125 0.012500 0.013750
2 0.859375 0.683750 0.017857 0.011250
2 0.863839 0.689063 0.017857 0.012500
2 0.874107 0.694688 0.016071 0.011250
2 0.675000 0.541250 0.019643 0.013750
2 0.883929 0.416250 0.017857 0.013750
2 0.931250 0.401250 0.014286 0.015000
2 0.922321 0.395937 0.014286 0.013750
2 0.916518 0.391875 0.016071 0.015000
2 0.905357 0.391250 0.016071 0.013750
2 0.896429 0.387500 0.016071 0.012500
2 0.875000 0.413750 0.017857 0.015000
2 0.902232 0.421563 0.014286 0.015000
2 0.964286 0.399062 0.017857 0.013750
2 0.916518 0.428750 0.016071 0.013750
2 0.956696 0.446875 0.016071 0.012500
2 0.980357 0.460000 0.014286 0.013750
2 0.985714 0.478437 0.016071 0.016250
2 0.963393 0.466250 0.016071 0.013750
2 0.946429 0.405312 0.017857 0.013750
2 0.975000 0.403125 0.012500 0.012500
2 0.992411 0.358125 0.016071 0.016250
2 0.950000 0.340625 0.016071 0.012500
2 0.941964 0.336562 0.017857 0.013750
2 0.924107 0.346562 0.017857 0.015000
2 0.939732 0.353750 0.017857 0.013750
2 0.958929 0.360625 0.016071 0.015000
2 0.993750 0.410000 0.014286 0.013750
2 0.901786 0.370938 0.017857 0.013750
2 0.933482 0.385000 0.014286 0.013750
2 0.947768 0.460000 0.016071 0.013750
2 0.906250 0.442812 0.017857 0.013750
2 0.879464 0.432500 0.017857 0.015000
2 0.923214 0.615625 0.016071 0.012500
2 0.820089 0.492500 0.019643 0.016250
2 0.800446 0.500625 0.016071 0.013750
2 0.796875 0.453750 0.017857 0.013750
2 0.813393 0.431875 0.010714 0.013750
2 0.792411 0.442500 0.017857 0.016250
2 0.937946 0.603750 0.014286 0.013750
2 0.909821 0.628750 0.016071 0.013750
2 0.865179 0.425625 0.016071 0.013750
2 0.924107 0.591250 0.017857 0.013750
2 0.893750 0.638125 0.019643 0.013750
2 0.867857 0.636250 0.021429 0.016250
2 0.811161 0.595938 0.019643 0.013750
2 0.752232 0.484375 0.017857 0.012500
2 0.683036 0.551562 0.017857 0.012500
2 0.822768 0.510000 0.016071 0.013750
2 0.839732 0.499062 0.014286 0.013750
2 0.849554 0.522500 0.016071 0.013750
2 0.918750 0.536562 0.016071 0.013750
2 0.930804 0.541875 0.017857 0.015000
2 0.941071 0.545937 0.016071 0.013750
2 0.851786 0.455312 0.016071 0.013750
2 0.869643 0.460000 0.016071 0.013750
2 0.886161 0.467187 0.017857 0.012500
2 0.899554 0.476250 0.017857 0.015000
2 0.880804 0.485625 0.016071 0.015000
2 0.897321 0.491875 0.017857 0.015000
2 0.906696 0.494375 0.014286 0.013750
2 0.938839 0.508437 0.016071 0.013750
2 0.949107 0.497500 0.014286 0.013750
2 0.896875 0.457813 0.021429 0.012500
2 0.858482 0.421875 0.016071 0.012500
2 0.985268 0.602500 0.019643 0.011250
2 0.982589 0.623437 0.014286 0.012500
2 0.990179 0.586562 0.016071 0.013750
2 0.983036 0.316875 0.019643 0.015000
2 0.991071 0.270625 0.017857 0.016250
2 0.995536 0.308750 0.008929 0.011250
2 0.992857 0.303750 0.012500 0.013750
2 0.967857 0.292813 0.016071 0.013750
2 0.949107 0.303750 0.014286 0.013750
2 0.958036 0.306875 0.014286 0.013750
2 0.993750 0.253750 0.014286 0.013750
2 0.616071 0.014688 0.062500 0.026250
2 0.808929 0.949062 0.019643 0.013750
2 0.735268 0.829688 0.019643 0.012500
2 0.572321 0.774062 0.019643 0.007500
2 0.587946 0.787500 0.019643 0.006250
2 0.594643 0.792188 0.019643 0.006250
2 0.605357 0.799687 0.023214 0.008750
2 0.616964 0.806250 0.019643 0.006250
2 0.741964 0.834375 0.019643 0.012500
2 0.679018 0.845625 0.023214 0.016250
2 0.787946 0.953125 0.017857 0.012500
2 0.808036 0.995937 0.017857 0.007500
2 0.817857 0.998125 0.019643 0.002500
2 0.802232 0.991250 0.019643 0.007500
2 0.669196 0.852500 0.021429 0.017500
2 0.796875 0.985000 0.017857 0.007500
2 0.808036 0.962500 0.017857 0.012500
2 0.801339 0.969375 0.017857 0.013750
2 0.772321 0.971250 0.017857 0.011250
2 0.776339 0.966250 0.021429 0.013750
2 0.782589 0.958750 0.016071 0.011250
2 0.821429 0.987500 0.017857 0.012500
2 0.850446 0.992812 0.017857 0.013750
2 0.862946 0.998125 0.016071 0.002500
2 0.904464 0.973125 0.023214 0.015000
2 0.934821 0.995937 0.021429 0.007500
2 0.943750 0.992500 0.021429 0.010000
2 0.951339 0.985000 0.023214 0.007500
2 0.959821 0.978750 0.017857 0.007500
2 0.958929 0.969375 0.016071 0.007500
2 0.944196 0.960938 0.017857 0.006250
2 0.935268 0.953125 0.017857 0.006250
2 0.968750 0.941250 0.017857 0.013750
2 0.989732 0.938750 0.019643 0.008750
2 0.916964 0.894375 0.021429 0.013750
2 0.778571 0.232813 0.012500 0.012500
