2 0.713839 0.761875 0.012500 0.005000
2 0.881250 0.702500 0.012500 0.005000
2 0.737946 0.638125 0.016071 0.007500
2 0.706696 0.625938 0.016071 0.005000
2 0.744643 0.770937 0.016071 0.007500
2 0.797321 0.768750 0.014286 0.006250
2 0.763393 0.659062 0.017857 0.008750
2 0.653571 0.671563 0.021429 0.008750
2 0.679464 0.683437 0.019643 0.007500
2 0.927679 0.779687 0.016071 0.006250
2 0.873214 0.155313 0.014286 0.007500
2 0.887500 0.157500 0.016071 0.008750
2 0.670982 0.173750 0.007143 0.010000
2 0.591518 0.575000 0.017857 0.006250
2 0.818304 0.137500 0.016071 0.006250
2 0.857143 0.150625 0.017857 0.007500
2 0.907589 0.164688 0.016071 0.007500
2 0.790625 0.363125 0.014286 0.007500
2 0.788393 0.476250 0.014286 0.008750
2 0.610714 0.366875 0.033929 0.027500
2 0.645089 0.326250 0.026786 0.021250
2 0.670536 0.283750 0.019643 0.023750
2 0.648214 0.282500 0.010714 0.008750
2 0.653125 0.271563 0.007143 0.008750
2 0.670982 0.593750 0.016071 0.012500
2 0.852679 0.491250 0.017857 0.007500
