2 0.732589 0.548750 0.014286 0.010000
2 0.735714 0.401875 0.007143 0.010000
2 0.727679 0.404375 0.008929 0.008750
2 0.717411 0.408125 0.010714 0.010000
2 0.708482 0.412812 0.010714 0.010000
2 0.699107 0.416875 0.014286 0.008750
2 0.682589 0.424375 0.012500 0.005000
2 0.538393 0.505000 0.014286 0.010000
2 0.587054 0.523125 0.017857 0.008750
2 0.629018 0.515937 0.012500 0.010000
2 0.623214 0.511875 0.014286 0.011250
2 0.616518 0.508125 0.014286 0.010000
2 0.610714 0.495625 0.016071 0.010000
2 0.606696 0.489687 0.012500 0.007500
2 0.619643 0.470625 0.016071 0.010000
2 0.625446 0.483125 0.014286 0.010000
2 0.628571 0.487187 0.016071 0.008750
2 0.636607 0.490937 0.014286 0.010000
2 0.638393 0.495625 0.017857 0.010000
2 0.656250 0.513125 0.017857 0.007500
2 0.666964 0.527500 0.021429 0.011250
2 0.674107 0.537188 0.017857 0.008750
2 0.705804 0.565937 0.014286 0.010000
2 0.708929 0.570000 0.016071 0.008750
2 0.744196 0.606563 0.019643 0.010000
2 0.746429 0.612812 0.019643 0.010000
2 0.755357 0.620625 0.019643 0.010000
2 0.757143 0.628437 0.014286 0.010000
2 0.760268 0.577500 0.016071 0.011250
2 0.749107 0.570000 0.016071 0.008750
2 0.626786 0.435937 0.012500 0.012500
2 0.596875 0.412812 0.010714 0.010000
2 0.525893 0.454375 0.016071 0.008750
2 0.513393 0.445625 0.017857 0.010000
2 0.789732 0.985313 0.012500 0.011250
2 0.746429 0.946250 0.010714 0.011250
2 0.671875 0.890312 0.017857 0.015000
2 0.674554 0.878750 0.014286 0.013750
2 0.604911 0.816875 0.017857 0.015000
2 0.530357 0.741250 0.016071 0.013750
2 0.398661 0.585938 0.016071 0.012500
2 0.308036 0.510625 0.017857 0.015000
2 0.542857 0.416563 0.014286 0.011250
2 0.550446 0.426875 0.016071 0.010000
2 0.557143 0.433125 0.016071 0.010000
2 0.741518 0.557500 0.014286 0.008750
2 0.727679 0.544063 0.017857 0.010000
2 0.718750 0.539375 0.017857 0.010000
2 0.958036 0.420000 0.014286 0.008750
2 0.969196 0.429375 0.014286 0.008750
2 0.978125 0.439063 0.014286 0.006250
2 0.951339 0.465938 0.014286 0.010000
2 0.571875 0.513750 0.014286 0.008750
2 0.945089 0.404063 0.019643 0.011250
2 0.716071 0.535625 0.012500 0.008750
2 0.690625 0.496250 0.019643 0.011250
2 0.677232 0.483750 0.019643 0.011250
2 0.985268 0.445312 0.019643 0.012500
2 0.973214 0.352813 0.017857 0.008750
2 0.896429 0.403438 0.016071 0.010000
2 0.908929 0.421250 0.014286 0.011250
2 0.927679 0.440000 0.016071 0.011250
