2 0.875000 0.131250 0.035714 0.018750
2 0.856250 0.093750 0.051786 0.025000
2 0.840179 0.053750 0.037500 0.013750
2 0.840179 0.023750 0.046429 0.016250
2 0.833036 0.005938 0.041071 0.008750
2 0.036161 0.933125 0.023214 0.028750
2 0.513393 0.932188 0.017857 0.023750
2 0.303571 0.935000 0.017857 0.020000
2 0.364286 0.932813 0.023214 0.025000
2 0.385714 0.933125 0.021429 0.022500
2 0.331250 0.873125 0.019643 0.021250
2 0.388393 0.874062 0.017857 0.020000
2 0.419643 0.874375 0.017857 0.023750
2 0.325893 0.932188 0.017857 0.023750
2 0.475893 0.932188 0.014286 0.023750
2 0.496429 0.932188 0.019643 0.023750
2 0.530357 0.933750 0.016071 0.023750
2 0.549107 0.931875 0.017857 0.026250
2 0.619643 0.934062 0.016071 0.021250
2 0.639732 0.933750 0.016071 0.023750
2 0.657589 0.934375 0.016071 0.025000
2 0.674107 0.933750 0.017857 0.023750
2 0.691964 0.934375 0.017857 0.025000
2 0.710714 0.934375 0.019643 0.025000
2 0.823214 0.875000 0.021429 0.025000
2 0.908929 0.958437 0.032143 0.013750
2 0.288393 0.935000 0.014286 0.020000
2 0.278125 0.875938 0.016071 0.023750
2 0.462946 0.766563 0.037500 0.011250
2 0.469196 0.752500 0.032143 0.011250
2 0.151786 0.878125 0.017857 0.025000
2 0.113393 0.877188 0.021429 0.026250
2 0.094643 0.877812 0.019643 0.027500
2 0.167411 0.877188 0.017857 0.026250
2 0.183929 0.876563 0.019643 0.025000
2 0.051786 0.382188 0.041071 0.011250
2 0.298661 0.051250 0.048214 0.021250
2 0.416518 0.054375 0.042857 0.015000
2 0.473214 0.059062 0.044643 0.015000
2 0.379911 0.447500 0.041071 0.013750
2 0.278571 0.559375 0.030357 0.012500
2 0.365179 0.647500 0.042857 0.013750
2 0.465179 0.741250 0.037500 0.013750
2 0.505357 0.873437 0.019643 0.025000
2 0.435714 0.874375 0.014286 0.023750
2 0.522321 0.873125 0.017857 0.027500
2 0.810714 0.768750 0.032143 0.012500
2 0.884821 0.782500 0.019643 0.021250
2 0.904911 0.777813 0.019643 0.027500
2 0.924107 0.781250 0.017857 0.025000
2 0.959821 0.784062 0.017857 0.027500
2 0.552232 0.649375 0.037500 0.011250
2 0.551786 0.665000 0.041071 0.017500
2 0.638393 0.620313 0.017857 0.025000
2 0.791964 0.587500 0.021429 0.025000
2 0.794196 0.613750 0.021429 0.027500
2 0.812054 0.616250 0.012500 0.026250
2 0.872321 0.608750 0.021429 0.030000
2 0.895982 0.867812 0.019643 0.026250
2 0.916071 0.866250 0.019643 0.026250
2 0.933036 0.866250 0.017857 0.026250
2 0.950000 0.864375 0.016071 0.022500
2 0.813393 0.754375 0.046429 0.015000
2 0.813839 0.780625 0.033929 0.011250
2 0.542411 0.875000 0.017857 0.025000
2 0.775893 0.785000 0.033929 0.013750
2 0.557143 0.875000 0.016071 0.025000
2 0.575000 0.873437 0.016071 0.025000
2 0.593750 0.873437 0.017857 0.025000
2 0.611607 0.872812 0.017857 0.023750
2 0.602232 0.895937 0.039286 0.013750
2 0.647321 0.870625 0.017857 0.022500
2 0.684375 0.873750 0.016071 0.022500
2 0.701786 0.869375 0.019643 0.020000
2 0.752232 0.873437 0.017857 0.025000
2 0.772321 0.871250 0.017857 0.023750
2 0.550893 0.752188 0.039286 0.013750
2 0.554464 0.766250 0.037500 0.013750
2 0.645089 0.783125 0.035714 0.010000
2 0.645982 0.768750 0.037500 0.012500
2 0.686161 0.767813 0.037500 0.013750
2 0.687500 0.781250 0.044643 0.012500
2 0.774554 0.742812 0.035714 0.013750
2 0.815179 0.743125 0.041071 0.011250
2 0.778125 0.768750 0.033929 0.012500
2 0.780804 0.933437 0.012500 0.020000
2 0.762946 0.932500 0.012500 0.021250
