2 0.669643 0.722500 0.008929 0.013750
2 0.679464 0.721875 0.010714 0.012500
2 0.689286 0.723437 0.012500 0.012500
2 0.854018 0.923125 0.025000 0.008750
2 0.893750 0.924687 0.028571 0.008750
2 0.833929 0.936562 0.025000 0.013750
2 0.860268 0.755312 0.010714 0.013750
2 0.863839 0.732187 0.008929 0.017500
2 0.723214 0.668750 0.017857 0.006250
2 0.935268 0.558437 0.008929 0.013750
2 0.848214 0.729375 0.008929 0.015000
2 0.987500 0.607500 0.010714 0.015000
2 0.988393 0.627500 0.012500 0.017500
2 0.986607 0.674063 0.008929 0.013750
2 0.848214 0.751563 0.008929 0.012500
2 0.825893 0.671875 0.008929 0.012500
2 0.738839 0.538125 0.008929 0.013750
2 0.595536 0.507812 0.021429 0.006250
2 0.645536 0.531875 0.014286 0.013750
2 0.687500 0.563438 0.008929 0.011250
2 0.695536 0.535937 0.007143 0.012500
2 0.705357 0.535937 0.008929 0.012500
2 0.714286 0.535937 0.008929 0.012500
2 0.703571 0.500000 0.023214 0.006250
2 0.846875 0.502188 0.019643 0.007500
2 0.729911 0.537500 0.008929 0.012500
2 0.723214 0.562188 0.008929 0.015000
2 0.816964 0.671875 0.008929 0.012500
2 0.741964 0.563125 0.010714 0.013750
2 0.750893 0.563750 0.010714 0.015000
2 0.786161 0.557500 0.023214 0.008750
2 0.788839 0.567187 0.019643 0.006250
2 0.772321 0.671875 0.008929 0.012500
2 0.902679 0.558437 0.010714 0.013750
2 0.830357 0.655625 0.008929 0.017500
2 0.781250 0.672500 0.008929 0.013750
2 0.792411 0.671875 0.008929 0.012500
2 0.800000 0.671875 0.010714 0.012500
2 0.810268 0.672500 0.008929 0.013750
2 0.984375 0.710625 0.008929 0.015000
2 0.831250 0.581562 0.019643 0.016250
2 0.973214 0.895937 0.008929 0.013750
2 0.960268 0.964687 0.023214 0.007500
2 0.820536 0.928750 0.025000 0.007500
2 0.969643 0.998125 0.019643 0.002500
