2 0.023214 0.683125 0.028571 0.010000
2 0.059821 0.673438 0.021429 0.006250
2 0.123214 0.668750 0.023214 0.006250
2 0.155357 0.652500 0.016071 0.011250
2 0.191964 0.639687 0.008929 0.013750
2 0.240179 0.666250 0.025000 0.007500
2 0.126339 0.710000 0.025000 0.007500
2 0.425446 0.636250 0.016071 0.016250
2 0.583482 0.481875 0.019643 0.007500
2 0.965179 0.742188 0.010714 0.012500
2 0.782589 0.707500 0.025000 0.008750
2 0.966071 0.756250 0.012500 0.012500
2 0.966964 0.773438 0.014286 0.012500
2 0.943304 0.789062 0.025000 0.006250
2 0.909821 0.796563 0.025000 0.008750
2 0.936607 0.810000 0.025000 0.007500
2 0.908929 0.811562 0.023214 0.007500
2 0.792857 0.812500 0.023214 0.006250
2 0.792857 0.839375 0.023214 0.010000
2 0.916071 0.832812 0.019643 0.006250
2 0.932143 0.839375 0.033929 0.010000
2 0.928571 0.906875 0.026786 0.007500
2 0.980804 0.876875 0.010714 0.016250
2 0.984821 0.936250 0.014286 0.016250
2 0.984821 0.952812 0.014286 0.015000
2 0.746875 0.020313 0.025000 0.006250
2 0.123661 0.310625 0.010714 0.015000
2 0.133929 0.297500 0.008929 0.013750
