2 0.676339 0.907188 0.017857 0.005000
2 0.673214 0.920312 0.025000 0.006250
2 0.616518 0.221875 0.014286 0.012500
2 0.904464 0.050000 0.023214 0.006250
2 0.505357 0.167500 0.019643 0.010000
2 0.654911 0.183750 0.019643 0.011250
2 0.545982 0.376875 0.016071 0.010000
2 0.264286 0.422187 0.019643 0.010000
2 0.487054 0.360938 0.014286 0.006250
2 0.048661 0.497188 0.021429 0.010000
2 0.304464 0.704688 0.010714 0.012500
2 0.187946 0.769375 0.023214 0.007500
2 0.264286 0.754375 0.019643 0.008750
2 0.010714 0.776250 0.012500 0.015000
2 0.530357 0.646875 0.016071 0.012500
2 0.656250 0.725938 0.017857 0.005000
2 0.428125 0.716250 0.021429 0.007500
2 0.398661 0.896875 0.025000 0.006250
2 0.397321 0.914062 0.026786 0.006250
2 0.397768 0.920312 0.023214 0.006250
2 0.295536 0.978438 0.010714 0.010000
2 0.132143 0.975000 0.023214 0.006250
2 0.439286 0.360000 0.030357 0.013750
2 0.689286 0.606875 0.021429 0.013750
2 0.199107 0.735625 0.014286 0.015000
