2 0.950893 0.228125 0.035714 0.025000
2 0.883482 0.267813 0.039286 0.026250
2 0.867857 0.285000 0.030357 0.026250
2 0.851339 0.296875 0.037500 0.025000
2 0.828571 0.335938 0.041071 0.012500
2 0.818750 0.378125 0.039286 0.012500
2 0.819196 0.347500 0.035714 0.013750
2 0.904018 0.388125 0.026786 0.013750
2 0.900893 0.405000 0.042857 0.010000
2 0.954911 0.390000 0.030357 0.011250
2 0.947768 0.402500 0.033929 0.011250
2 0.946875 0.426875 0.041071 0.016250
2 0.944196 0.465625 0.035714 0.012500
2 0.901786 0.450625 0.044643 0.013750
2 0.902232 0.429063 0.041071 0.011250
2 0.897768 0.415625 0.041071 0.012500
2 0.586607 0.740625 0.021429 0.025000
