2 0.991071 0.893125 0.017857 0.017500
2 0.976339 0.926562 0.019643 0.012500
2 0.958482 0.955000 0.010714 0.016250
2 0.642411 0.887187 0.012500 0.015000
2 0.662946 0.830625 0.017857 0.017500
2 0.663839 0.815312 0.010714 0.015000
2 0.669643 0.795625 0.017857 0.016250
2 0.678571 0.693438 0.017857 0.015000
2 0.700446 0.695000 0.012500 0.015000
2 0.634821 0.725625 0.019643 0.007500
2 0.625893 0.713125 0.019643 0.007500
2 0.879911 0.360625 0.014286 0.015000
2 0.891071 0.341875 0.014286 0.015000
2 0.896875 0.325313 0.012500 0.016250
2 0.905804 0.309063 0.012500 0.015000
2 0.912500 0.292813 0.012500 0.013750
2 0.979911 0.345625 0.017857 0.016250
2 0.968750 0.371563 0.017857 0.015000
2 0.959375 0.387813 0.012500 0.016250
2 0.861161 0.470000 0.021429 0.008750
2 0.925000 0.237500 0.019643 0.012500
2 0.873661 0.376250 0.010714 0.015000
2 0.933036 0.227188 0.017857 0.007500
2 0.934821 0.216562 0.021429 0.011250
2 0.647768 0.906563 0.014286 0.016250
2 0.649107 0.965000 0.021429 0.011250
2 0.623661 0.874062 0.010714 0.013750
2 0.615625 0.900313 0.012500 0.016250
2 0.639286 0.820625 0.010714 0.016250
2 0.947768 0.979375 0.016071 0.015000
