2 0.565179 0.493125 0.014286 0.011250
2 0.595089 0.466563 0.016071 0.011250
2 0.574107 0.483750 0.014286 0.011250
2 0.609821 0.456562 0.014286 0.010000
2 0.980357 0.501875 0.023214 0.010000
2 0.766071 0.383125 0.014286 0.010000
2 0.761607 0.388437 0.014286 0.011250
2 0.717857 0.419688 0.016071 0.011250
2 0.708036 0.430000 0.014286 0.010000
2 0.700000 0.433125 0.016071 0.010000
2 0.696875 0.436875 0.014286 0.011250
2 0.623214 0.467187 0.014286 0.006250
2 0.618750 0.471562 0.014286 0.008750
2 0.607589 0.479063 0.014286 0.011250
2 0.590625 0.494688 0.016071 0.011250
2 0.595982 0.488125 0.017857 0.013750
2 0.575000 0.507188 0.016071 0.011250
2 0.675893 0.064687 0.030357 0.020000
2 0.648214 0.078750 0.028571 0.020000
