2 0.778571 0.005312 0.021429 0.007500
2 0.828571 0.005312 0.023214 0.007500
2 0.854464 0.004687 0.021429 0.006250
2 0.903571 0.005938 0.021429 0.008750
2 0.598661 0.057813 0.023214 0.093750
2 0.623214 0.061250 0.023214 0.091250
2 0.651786 0.059688 0.026786 0.091250
2 0.674554 0.059688 0.023214 0.091250
2 0.723661 0.060000 0.023214 0.095000
2 0.775000 0.061875 0.023214 0.092500
2 0.752679 0.005938 0.023214 0.008750
2 0.828571 0.060937 0.023214 0.093750
2 0.799554 0.061875 0.023214 0.092500
2 0.853125 0.061875 0.023214 0.092500
2 0.951786 0.068125 0.028571 0.092500
2 0.992857 0.069062 0.012500 0.091250
2 0.941964 0.239063 0.089286 0.018750
2 0.978571 0.007187 0.019643 0.011250
2 0.952679 0.005938 0.021429 0.008750
2 0.565625 0.587812 0.019643 0.060000
2 0.664286 0.588438 0.025000 0.061250
2 0.927232 0.005938 0.019643 0.008750
