2 0.740625 0.920000 0.012500 0.015000
2 0.569643 0.656250 0.023214 0.006250
2 0.720982 0.668750 0.026786 0.006250
2 0.620089 0.991875 0.012500 0.015000
2 0.742857 0.951250 0.021429 0.008750
2 0.951339 0.958750 0.041071 0.011250
2 0.902679 0.979375 0.010714 0.015000
2 0.915625 0.958125 0.023214 0.010000
2 0.865625 0.699062 0.012500 0.013750
2 0.583929 0.675312 0.025000 0.010000
2 0.758036 0.411562 0.016071 0.013750
2 0.884821 0.417187 0.010714 0.018750
2 0.914286 0.408750 0.007143 0.011250
2 0.914286 0.422813 0.007143 0.011250
