2 0.431696 0.164375 0.028571 0.028750
2 0.058036 0.167500 0.035714 0.016250
2 0.055804 0.185000 0.035714 0.013750
2 0.054464 0.199687 0.037500 0.015000
2 0.282589 0.211875 0.016071 0.023750
2 0.301339 0.212500 0.017857 0.025000
2 0.319196 0.214688 0.017857 0.026250
2 0.337946 0.216875 0.019643 0.027500
2 0.356250 0.216250 0.025000 0.026250
2 0.387500 0.216562 0.016071 0.023750
2 0.406250 0.218125 0.017857 0.023750
2 0.366964 0.240937 0.019643 0.022500
2 0.338393 0.241250 0.016071 0.026250
2 0.320536 0.239687 0.016071 0.026250
2 0.299107 0.237188 0.017857 0.027500
2 0.280357 0.240000 0.016071 0.023750
2 0.054464 0.224688 0.037500 0.015000
2 0.051339 0.238125 0.035714 0.013750
2 0.048214 0.251563 0.033929 0.012500
2 0.412500 0.165000 0.030357 0.030000
2 0.390625 0.165938 0.026786 0.028750
2 0.371875 0.163750 0.025000 0.027500
2 0.414286 0.082187 0.016071 0.023750
2 0.025893 0.065625 0.033929 0.018750
2 0.017857 0.016563 0.026786 0.017500
2 0.360268 0.044375 0.037500 0.013750
2 0.374107 0.024063 0.042857 0.026250
2 0.381250 0.013125 0.039286 0.020000
2 0.354464 0.058437 0.039286 0.013750
2 0.377232 0.079375 0.017857 0.027500
2 0.395089 0.079687 0.017857 0.025000
2 0.431250 0.081250 0.014286 0.025000
2 0.348214 0.161250 0.026786 0.028750
2 0.323661 0.131250 0.017857 0.025000
2 0.342411 0.131250 0.019643 0.025000
2 0.361607 0.131562 0.017857 0.022500
2 0.386161 0.133125 0.035714 0.028750
2 0.407143 0.134688 0.028571 0.028750
2 0.426786 0.136250 0.032143 0.028750
2 0.303571 0.160938 0.026786 0.031250
2 0.326786 0.160312 0.028571 0.030000
2 0.046429 0.262500 0.039286 0.012500
2 0.046875 0.276562 0.035714 0.012500
2 0.047768 0.288125 0.037500 0.013750
2 0.039286 0.772500 0.033929 0.020000
2 0.024107 0.460313 0.039286 0.017500
2 0.018304 0.472500 0.032143 0.013750
2 0.026786 0.449062 0.035714 0.013750
2 0.046429 0.300625 0.039286 0.013750
2 0.041071 0.375937 0.028571 0.011250
2 0.037500 0.315000 0.030357 0.011250
2 0.041071 0.327813 0.037500 0.015000
2 0.367411 0.292813 0.016071 0.026250
2 0.388393 0.288750 0.017857 0.033750
2 0.425446 0.297812 0.016071 0.023750
2 0.037946 0.340000 0.035714 0.011250
2 0.048214 0.353750 0.033929 0.013750
2 0.045089 0.364063 0.032143 0.012500
2 0.040179 0.388437 0.035714 0.011250
2 0.450000 0.395313 0.016071 0.025000
2 0.040625 0.401250 0.032143 0.008750
2 0.033036 0.412500 0.039286 0.012500
2 0.035714 0.425625 0.035714 0.013750
2 0.032143 0.435625 0.037500 0.015000
2 0.332589 0.389688 0.017857 0.026250
2 0.379464 0.393750 0.017857 0.025000
2 0.395536 0.392188 0.014286 0.025000
2 0.413839 0.390625 0.019643 0.025000
2 0.033482 0.053750 0.035714 0.020000
2 0.876339 0.802187 0.025000 0.095000
2 0.749554 0.804688 0.021429 0.093750
2 0.775893 0.805625 0.025000 0.092500
2 0.800446 0.804063 0.025000 0.092500
2 0.850893 0.805625 0.023214 0.092500
2 0.925893 0.807188 0.021429 0.092500
2 0.775893 0.703750 0.025000 0.095000
2 0.952679 0.803750 0.021429 0.095000
2 0.976786 0.806250 0.025000 0.093750
2 0.751339 0.705625 0.025000 0.092500
2 0.497768 0.798125 0.026786 0.090000
2 0.498214 0.483437 0.023214 0.095000
2 0.622768 0.482500 0.026786 0.096250
2 0.648214 0.483437 0.019643 0.095000
2 0.425446 0.700625 0.025000 0.095000
2 0.552679 0.694688 0.025000 0.092500
2 0.604464 0.701562 0.021429 0.093750
2 0.628571 0.705937 0.025000 0.096250
2 0.473661 0.801250 0.023214 0.090000
2 0.524107 0.799063 0.021429 0.088750
2 0.727679 0.705313 0.026786 0.095000
2 0.343304 0.813750 0.021429 0.065000
2 0.575893 0.801562 0.026786 0.093750
2 0.600000 0.799375 0.021429 0.092500
2 0.650893 0.800938 0.025000 0.092500
2 0.770089 0.485000 0.026786 0.095000
2 0.822768 0.476250 0.025000 0.096250
2 0.760268 0.107813 0.033929 0.012500
2 0.759375 0.120313 0.041071 0.012500
2 0.795982 0.120625 0.033929 0.010000
2 0.831696 0.122500 0.033929 0.013750
2 0.833929 0.134375 0.033929 0.012500
2 0.758482 0.133750 0.039286 0.011250
2 0.837054 0.109375 0.035714 0.012500
2 0.800000 0.106875 0.037500 0.013750
2 0.795089 0.094688 0.032143 0.011250
2 0.832589 0.094688 0.035714 0.011250
2 0.759375 0.093750 0.032143 0.012500
2 0.794643 0.081250 0.035714 0.012500
2 0.757143 0.079687 0.032143 0.012500
2 0.792857 0.068125 0.032143 0.011250
2 0.759375 0.068125 0.032143 0.011250
2 0.909375 0.116250 0.037500 0.026250
2 0.942857 0.110000 0.037500 0.026250
2 0.933036 0.102813 0.035714 0.027500
2 0.974107 0.121562 0.037500 0.027500
2 0.961607 0.396250 0.039286 0.023750
2 0.496429 0.113437 0.019643 0.023750
2 0.493750 0.156250 0.014286 0.025000
2 0.580804 0.326875 0.032143 0.010000
2 0.758929 0.055000 0.026786 0.010000
2 0.802679 0.401875 0.016071 0.022500
2 0.934821 0.396563 0.039286 0.027500
2 0.783929 0.400312 0.014286 0.022500
2 0.516964 0.396875 0.016071 0.025000
2 0.496429 0.397187 0.019643 0.022500
2 0.533482 0.396875 0.017857 0.025000
2 0.762500 0.398750 0.016071 0.022500
2 0.554018 0.396875 0.014286 0.025000
2 0.576339 0.396250 0.014286 0.023750
2 0.595089 0.395937 0.016071 0.026250
2 0.616071 0.395313 0.017857 0.025000
2 0.637500 0.396563 0.016071 0.021250
2 0.657143 0.398750 0.010714 0.022500
2 0.677232 0.398125 0.019643 0.027500
2 0.710268 0.399375 0.014286 0.023750
2 0.471429 0.480312 0.023214 0.095000
2 0.027679 0.008438 0.028571 0.013750
2 0.012946 0.026875 0.021429 0.016250
2 0.014732 0.081875 0.025000 0.020000
2 0.010268 0.096562 0.016071 0.015000
2 0.725000 0.396563 0.012500 0.021250
2 0.818304 0.400625 0.016071 0.020000
