2 0.145536 0.160938 0.014286 0.018750
2 0.125446 0.314063 0.014286 0.018750
2 0.136607 0.372500 0.014286 0.020000
2 0.118304 0.425000 0.017857 0.018750
2 0.136161 0.501875 0.017857 0.016250
2 0.116071 0.641250 0.017857 0.020000
2 0.175446 0.623437 0.016071 0.018750
2 0.500446 0.924375 0.014286 0.017500
2 0.450000 0.925313 0.016071 0.016250
2 0.431250 0.921562 0.014286 0.015000
2 0.616518 0.975938 0.014286 0.017500
2 0.627679 0.924375 0.014286 0.017500
2 0.639732 0.923750 0.016071 0.016250
2 0.900893 0.918437 0.016071 0.021250
2 0.838393 0.918125 0.016071 0.017500
2 0.067857 0.175313 0.019643 0.010000
2 0.057589 0.412812 0.021429 0.010000
2 0.911607 0.985625 0.010714 0.015000
