2 0.202679 0.769688 0.021429 0.023750
2 0.161161 0.750312 0.023214 0.022500
2 0.173214 0.757812 0.016071 0.018750
2 0.520089 0.818437 0.035714 0.015000
2 0.100893 0.628750 0.032143 0.020000
2 0.013839 0.393125 0.023214 0.017500
2 0.140179 0.747188 0.021429 0.022500
2 0.125000 0.743750 0.026786 0.025000
2 0.070089 0.698125 0.028571 0.015000
2 0.037054 0.685625 0.033929 0.015000
2 0.455804 0.025938 0.023214 0.023750
2 0.257143 0.470625 0.032143 0.016250
2 0.096875 0.080000 0.028571 0.022500
2 0.076339 0.100000 0.023214 0.018750
2 0.062054 0.118438 0.021429 0.021250
2 0.083036 0.114688 0.023214 0.020000
2 0.069643 0.131875 0.023214 0.020000
2 0.099107 0.093750 0.019643 0.018750
2 0.153125 0.008438 0.025000 0.013750
2 0.164286 0.010937 0.025000 0.018750
2 0.130357 0.032500 0.019643 0.015000
2 0.116071 0.053125 0.026786 0.025000
2 0.116071 0.090312 0.026786 0.021250
2 0.105357 0.111563 0.023214 0.020000
2 0.086161 0.132187 0.025000 0.023750
2 0.073661 0.004063 0.017857 0.005000
2 0.405804 0.042188 0.030357 0.012500
2 0.434821 0.034375 0.030357 0.018750
2 0.483482 0.013750 0.025000 0.021250
2 0.977232 0.878125 0.030357 0.018750
2 0.699107 0.790937 0.032143 0.016250
2 0.888393 0.034375 0.035714 0.018750
2 0.975893 0.769375 0.014286 0.020000
2 0.912500 0.383750 0.012500 0.017500
2 0.915179 0.363750 0.017857 0.021250
2 0.957143 0.242500 0.021429 0.022500
2 0.951786 0.014375 0.028571 0.016250
2 0.919643 0.006563 0.035714 0.010000
2 0.932589 0.048750 0.030357 0.016250
2 0.752679 0.657500 0.032143 0.015000
2 0.740625 0.691875 0.030357 0.008750
2 0.748661 0.669375 0.028571 0.013750
2 0.739286 0.680000 0.023214 0.010000
2 0.696429 0.678438 0.026786 0.010000
2 0.766071 0.687188 0.023214 0.021250
2 0.629911 0.745000 0.023214 0.021250
2 0.602232 0.740938 0.021429 0.022500
2 0.613393 0.743437 0.021429 0.021250
2 0.463393 0.643437 0.025000 0.021250
2 0.828571 0.816250 0.032143 0.013750
2 0.464732 0.730000 0.032143 0.016250
2 0.206250 0.593750 0.028571 0.018750
2 0.625000 0.014375 0.017857 0.022500
2 0.645536 0.015938 0.014286 0.022500
2 0.761607 0.878750 0.032143 0.013750
2 0.357143 0.783125 0.026786 0.016250
2 0.347321 0.320625 0.025000 0.010000
