2 0.579464 0.748125 0.007143 0.015000
2 0.579464 0.812187 0.007143 0.015000
2 0.606250 0.803438 0.007143 0.016250
2 0.721875 0.984375 0.019643 0.006250
2 0.745536 0.993750 0.017857 0.006250
2 0.665179 0.260313 0.008929 0.011250
2 0.566964 0.304063 0.008929 0.011250
2 0.619196 0.379062 0.010714 0.011250
2 0.620536 0.399375 0.008929 0.011250
2 0.589286 0.445625 0.008929 0.010000
2 0.588393 0.488438 0.007143 0.011250
2 0.592857 0.501875 0.007143 0.010000
2 0.601786 0.508750 0.007143 0.011250
2 0.600446 0.528125 0.008929 0.012500
2 0.595089 0.888437 0.007143 0.011250
2 0.601786 0.922188 0.007143 0.010000
2 0.579464 0.921875 0.007143 0.012500
2 0.582589 0.972500 0.008929 0.013750
2 0.597321 0.958750 0.007143 0.011250
