2 0.138839 0.016250 0.014286 0.020000
2 0.162946 0.009687 0.017857 0.016250
2 0.182143 0.004687 0.016071 0.006250
2 0.073214 0.004687 0.012500 0.006250
2 0.051786 0.007812 0.014286 0.012500
2 0.010268 0.016250 0.016071 0.020000
2 0.033482 0.007812 0.017857 0.012500
2 0.049554 0.040625 0.014286 0.018750
2 0.057143 0.037187 0.016071 0.021250
2 0.066964 0.035937 0.017857 0.018750
2 0.076786 0.033437 0.019643 0.020000
2 0.090179 0.027813 0.019643 0.021250
2 0.100000 0.026250 0.012500 0.021250
2 0.116071 0.021875 0.017857 0.018750
2 0.629911 0.655000 0.041071 0.016250
2 0.120536 0.009062 0.017857 0.015000
2 0.145536 0.005312 0.014286 0.007500
2 0.162946 0.055313 0.017857 0.020000
2 0.220982 0.005312 0.017857 0.007500
2 0.969643 0.892500 0.019643 0.022500
2 0.952679 0.959375 0.021429 0.012500
2 0.975000 0.960000 0.021429 0.013750
2 0.960268 0.968125 0.023214 0.011250
2 0.965179 0.978750 0.019643 0.013750
2 0.968304 0.986875 0.021429 0.017500
2 0.970536 0.995000 0.021429 0.008750
2 0.720982 0.990625 0.026786 0.018750
2 0.882143 0.908125 0.023214 0.022500
2 0.944643 0.933437 0.023214 0.020000
2 0.909821 0.964375 0.025000 0.016250
2 0.963393 0.937500 0.025000 0.012500
2 0.854018 0.975000 0.025000 0.012500
2 0.855357 0.983125 0.023214 0.010000
2 0.858482 0.989687 0.025000 0.007500
2 0.864286 0.995937 0.023214 0.007500
2 0.918750 0.971875 0.025000 0.012500
2 0.903571 0.988750 0.021429 0.015000
2 0.900893 0.981250 0.025000 0.012500
2 0.981250 0.185938 0.016071 0.018750
2 0.974554 0.189688 0.016071 0.020000
2 0.966071 0.193437 0.012500 0.021250
2 0.942411 0.210000 0.023214 0.013750
2 0.945089 0.216875 0.019643 0.008750
2 0.947321 0.223438 0.019643 0.012500
2 0.951786 0.229063 0.019643 0.011250
2 0.951786 0.234375 0.019643 0.012500
2 0.960268 0.240000 0.023214 0.011250
2 0.962946 0.247812 0.019643 0.011250
2 0.969196 0.254375 0.023214 0.015000
2 0.970982 0.262188 0.017857 0.008750
2 0.974107 0.271250 0.019643 0.011250
2 0.978571 0.278438 0.019643 0.010000
2 0.983036 0.288750 0.019643 0.008750
2 0.987500 0.296250 0.019643 0.011250
2 0.224554 0.171250 0.016071 0.017500
2 0.209821 0.173750 0.017857 0.016250
2 0.198214 0.179375 0.012500 0.015000
2 0.188393 0.179688 0.010714 0.018750
2 0.174107 0.181875 0.008929 0.020000
2 0.162500 0.185000 0.012500 0.020000
2 0.151786 0.187500 0.008929 0.018750
2 0.142857 0.189375 0.008929 0.022500
2 0.131696 0.190000 0.008929 0.023750
2 0.113839 0.187500 0.008929 0.018750
2 0.103125 0.187500 0.014286 0.018750
2 0.299107 0.069687 0.017857 0.023750
2 0.312054 0.013125 0.021429 0.013750
2 0.338839 0.007500 0.021429 0.015000
2 0.318750 0.107500 0.021429 0.021250
2 0.343750 0.150313 0.017857 0.022500
2 0.371429 0.190938 0.019643 0.022500
2 0.462946 0.240000 0.028571 0.017500
2 0.389286 0.045937 0.010714 0.013750
2 0.398661 0.043750 0.016071 0.018750
2 0.406696 0.041563 0.014286 0.017500
2 0.417857 0.040000 0.014286 0.017500
2 0.425893 0.036250 0.021429 0.022500
2 0.435268 0.034375 0.017857 0.018750
2 0.449554 0.031875 0.019643 0.020000
2 0.473214 0.017188 0.017857 0.012500
2 0.480804 0.015000 0.019643 0.017500
2 0.497321 0.007812 0.021429 0.012500
2 0.231696 0.167187 0.021429 0.018750
2 0.241964 0.162500 0.019643 0.018750
2 0.250446 0.161875 0.014286 0.017500
2 0.215179 0.140000 0.010714 0.017500
2 0.181250 0.052500 0.014286 0.017500
2 0.170982 0.086563 0.016071 0.020000
2 0.187946 0.081250 0.014286 0.018750
2 0.217857 0.044062 0.016071 0.022500
2 0.199107 0.095000 0.014286 0.021250
2 0.208929 0.093750 0.016071 0.018750
2 0.134821 0.092188 0.019643 0.018750
2 0.251786 0.115625 0.012500 0.018750
2 0.260714 0.132187 0.012500 0.017500
2 0.251339 0.131875 0.016071 0.020000
2 0.232589 0.114688 0.014286 0.020000
2 0.238839 0.134375 0.017857 0.018750
2 0.229018 0.133750 0.016071 0.017500
2 0.220982 0.135313 0.017857 0.017500
2 0.206250 0.123125 0.010714 0.015000
2 0.197321 0.126250 0.010714 0.015000
2 0.189732 0.126875 0.008929 0.016250
2 0.183036 0.126562 0.008929 0.018750
2 0.171429 0.130625 0.012500 0.017500
2 0.162500 0.132187 0.012500 0.017500
2 0.118304 0.141562 0.008929 0.017500
2 0.130357 0.138437 0.010714 0.017500
2 0.141518 0.138437 0.010714 0.017500
2 0.152232 0.150625 0.014286 0.020000
2 0.130357 0.154688 0.010714 0.018750
2 0.167857 0.146250 0.014286 0.017500
2 0.178571 0.145313 0.008929 0.018750
2 0.187500 0.145000 0.008929 0.015000
2 0.203571 0.141250 0.014286 0.020000
2 0.530357 0.187500 0.025000 0.006250
2 0.630357 0.140313 0.019643 0.008750
2 0.635268 0.145625 0.025000 0.010000
2 0.636607 0.156562 0.023214 0.010000
2 0.565179 0.130312 0.023214 0.013750
2 0.569643 0.138125 0.023214 0.007500
2 0.572321 0.144687 0.019643 0.011250
2 0.550000 0.140313 0.019643 0.008750
2 0.555357 0.154062 0.021429 0.011250
2 0.562500 0.165000 0.026786 0.011250
2 0.507143 0.143125 0.023214 0.017500
2 0.513839 0.148750 0.023214 0.010000
2 0.514286 0.155000 0.019643 0.010000
2 0.526339 0.171563 0.021429 0.008750
2 0.525000 0.178750 0.023214 0.007500
2 0.599107 0.207500 0.019643 0.008750
2 0.631250 0.135937 0.021429 0.006250
2 0.625000 0.128750 0.026786 0.013750
2 0.671875 0.138750 0.017857 0.008750
2 0.689732 0.135625 0.017857 0.008750
2 0.658036 0.004063 0.012500 0.005000
2 0.645536 0.005938 0.014286 0.008750
2 0.635714 0.005938 0.012500 0.008750
2 0.602679 0.013125 0.017857 0.020000
2 0.592857 0.013125 0.016071 0.020000
2 0.582589 0.018750 0.017857 0.018750
2 0.575893 0.019062 0.017857 0.016250
2 0.563839 0.023750 0.016071 0.022500
2 0.466964 0.061250 0.014286 0.016250
2 0.485714 0.055313 0.016071 0.020000
2 0.587500 0.106250 0.014286 0.018750
2 0.596875 0.104688 0.019643 0.025000
2 0.609821 0.102188 0.014286 0.020000
2 0.631250 0.098125 0.012500 0.021250
2 0.641071 0.096875 0.014286 0.018750
2 0.649107 0.093437 0.012500 0.021250
2 0.657589 0.091563 0.016071 0.023750
2 0.674107 0.088750 0.017857 0.021250
2 0.683929 0.086250 0.019643 0.022500
2 0.717857 0.107813 0.025000 0.012500
2 0.730357 0.133750 0.023214 0.011250
2 0.751339 0.177500 0.025000 0.011250
2 0.662500 0.121250 0.021429 0.011250
2 0.666071 0.127812 0.019643 0.008750
2 0.689732 0.123750 0.017857 0.010000
2 0.529464 0.047813 0.014286 0.017500
2 0.750893 0.998750 0.010714 0.003750
2 0.782143 0.995000 0.019643 0.008750
2 0.700000 0.870000 0.016071 0.021250
2 0.189286 0.844375 0.021429 0.007500
2 0.190179 0.851875 0.023214 0.010000
2 0.195982 0.858750 0.021429 0.011250
2 0.204911 0.870000 0.021429 0.008750
2 0.190625 0.898438 0.019643 0.018750
2 0.180357 0.939375 0.021429 0.010000
2 0.179018 0.957188 0.023214 0.011250
2 0.173214 0.963750 0.025000 0.008750
2 0.179464 0.983125 0.028571 0.010000
2 0.214732 0.934688 0.014286 0.028750
2 0.259821 0.961875 0.019643 0.005000
2 0.298214 0.963750 0.016071 0.021250
2 0.716964 0.861875 0.014286 0.017500
2 0.708036 0.866563 0.014286 0.017500
2 0.333482 0.874062 0.019643 0.013750
2 0.175893 0.825000 0.021429 0.006250
2 0.356696 0.876563 0.021429 0.012500
2 0.359821 0.889375 0.023214 0.010000
2 0.372321 0.912813 0.021429 0.010000
2 0.358482 0.927500 0.016071 0.011250
2 0.372768 0.932188 0.017857 0.011250
2 0.384375 0.942500 0.023214 0.010000
2 0.399107 0.955313 0.021429 0.007500
2 0.402232 0.964375 0.023214 0.010000
2 0.464732 0.962500 0.023214 0.018750
2 0.396875 0.978125 0.021429 0.018750
2 0.423214 0.991875 0.016071 0.015000
2 0.263393 0.967500 0.017857 0.010000
2 0.267411 0.978750 0.021429 0.007500
2 0.274554 0.987500 0.026786 0.006250
2 0.180357 0.831563 0.021429 0.010000
2 0.167411 0.813750 0.026786 0.008750
2 0.632589 0.924063 0.019643 0.020000
2 0.603125 0.589063 0.014286 0.018750
2 0.309821 0.652187 0.021429 0.013750
2 0.317411 0.669375 0.023214 0.013750
2 0.284821 0.555625 0.016071 0.017500
2 0.273214 0.561562 0.019643 0.020000
2 0.287500 0.575000 0.012500 0.018750
2 0.275446 0.576250 0.010714 0.015000
2 0.553125 0.582812 0.012500 0.018750
2 0.561161 0.583437 0.010714 0.020000
2 0.570089 0.581562 0.010714 0.016250
2 0.579911 0.576250 0.021429 0.021250
2 0.591964 0.575937 0.014286 0.017500
2 0.601786 0.574062 0.016071 0.020000
2 0.612054 0.570312 0.014286 0.018750
2 0.617857 0.587500 0.012500 0.018750
2 0.592857 0.593125 0.016071 0.017500
2 0.162946 0.807188 0.026786 0.011250
2 0.586161 0.594375 0.016071 0.020000
2 0.574107 0.597500 0.014286 0.020000
2 0.558929 0.603125 0.019643 0.025000
2 0.577679 0.648125 0.021429 0.008750
2 0.579911 0.658125 0.021429 0.010000
2 0.283929 0.748125 0.023214 0.008750
2 0.295982 0.756563 0.025000 0.010000
2 0.391071 0.752500 0.023214 0.011250
2 0.397768 0.758437 0.023214 0.013750
2 0.426339 0.820000 0.026786 0.008750
2 0.307143 0.780625 0.025000 0.011250
2 0.312500 0.795625 0.026786 0.010000
2 0.326786 0.831250 0.019643 0.006250
2 0.336607 0.843437 0.021429 0.008750
2 0.275446 0.995313 0.019643 0.006250
2 0.597321 0.987187 0.016071 0.008750
2 0.579464 0.990000 0.025000 0.011250
2 0.441518 0.992500 0.012500 0.016250
2 0.451339 0.991563 0.014286 0.017500
2 0.464286 0.986250 0.008929 0.016250
2 0.472768 0.989375 0.012500 0.022500
2 0.480357 0.986563 0.014286 0.026250
2 0.492857 0.976562 0.012500 0.018750
2 0.488393 0.992812 0.012500 0.013750
2 0.501786 0.976250 0.012500 0.021250
2 0.416071 0.976250 0.019643 0.021250
2 0.505804 0.955313 0.025000 0.020000
2 0.532589 0.945000 0.025000 0.015000
2 0.561607 0.938438 0.025000 0.017500
2 0.578571 0.936250 0.023214 0.016250
2 0.591071 0.931875 0.021429 0.020000
2 0.604464 0.929375 0.021429 0.021250
2 0.303125 0.641563 0.021429 0.011250
2 0.300893 0.633750 0.021429 0.011250
2 0.260714 0.633750 0.012500 0.023750
2 0.063393 0.691563 0.028571 0.011250
2 0.044643 0.665625 0.026786 0.012500
2 0.053125 0.812187 0.021429 0.008750
2 0.137946 0.798125 0.021429 0.008750
2 0.076339 0.447500 0.014286 0.020000
2 0.230357 0.635000 0.023214 0.013750
2 0.280357 0.596250 0.007143 0.017500
2 0.186161 0.546250 0.019643 0.011250
2 0.192857 0.558125 0.019643 0.010000
2 0.193750 0.565312 0.021429 0.008750
2 0.201786 0.573750 0.019643 0.010000
2 0.245982 0.543125 0.014286 0.017500
2 0.255804 0.543125 0.016071 0.017500
2 0.266518 0.540625 0.019643 0.018750
2 0.279018 0.538125 0.017857 0.020000
2 0.298214 0.552500 0.016071 0.017500
2 0.307143 0.568438 0.016071 0.021250
2 0.316071 0.587187 0.016071 0.021250
2 0.308036 0.592812 0.008929 0.013750
2 0.298214 0.595000 0.007143 0.015000
2 0.288839 0.593125 0.010714 0.017500
2 0.270982 0.597813 0.010714 0.017500
2 0.006696 0.456875 0.008929 0.020000
2 0.248661 0.603750 0.019643 0.013750
2 0.287054 0.624375 0.016071 0.011250
2 0.306250 0.612187 0.014286 0.015000
2 0.298214 0.616563 0.016071 0.017500
2 0.255804 0.567500 0.016071 0.016250
2 0.264732 0.565000 0.016071 0.017500
2 0.205357 0.335938 0.026786 0.012500
2 0.203571 0.580625 0.023214 0.011250
2 0.204911 0.590000 0.021429 0.011250
2 0.212500 0.597500 0.023214 0.013750
2 0.216964 0.606250 0.023214 0.012500
2 0.220536 0.615625 0.021429 0.012500
2 0.222768 0.623125 0.021429 0.015000
2 0.225000 0.628750 0.021429 0.013750
2 0.183036 0.538438 0.017857 0.011250
2 0.175893 0.529062 0.021429 0.011250
2 0.197321 0.531875 0.019643 0.013750
2 0.195089 0.520937 0.019643 0.013750
2 0.013393 0.474375 0.017857 0.017500
2 0.021429 0.498125 0.025000 0.027500
2 0.041964 0.520000 0.021429 0.021250
2 0.051339 0.540312 0.017857 0.021250
2 0.064286 0.336875 0.021429 0.011250
2 0.054018 0.351875 0.023214 0.010000
2 0.108036 0.325313 0.028571 0.016250
2 0.103571 0.340938 0.019643 0.010000
2 0.103125 0.349375 0.023214 0.011250
2 0.284821 0.317812 0.025000 0.013750
2 0.391518 0.327500 0.010714 0.017500
2 0.398661 0.324375 0.016071 0.017500
2 0.431696 0.316250 0.019643 0.020000
2 0.440179 0.312500 0.014286 0.018750
2 0.454464 0.310312 0.016071 0.017500
2 0.463839 0.307188 0.012500 0.017500
2 0.474107 0.307500 0.010714 0.021250
2 0.487500 0.331250 0.019643 0.018750
2 0.471429 0.338125 0.014286 0.020000
2 0.462500 0.342187 0.014286 0.018750
2 0.446429 0.342187 0.017857 0.018750
2 0.431250 0.348125 0.014286 0.021250
2 0.405357 0.354687 0.016071 0.018750
2 0.383036 0.359687 0.007143 0.016250
2 0.179911 0.492812 0.025000 0.013750
2 0.183929 0.500938 0.019643 0.011250
2 0.183036 0.507812 0.017857 0.012500
2 0.206696 0.494375 0.016071 0.020000
2 0.187500 0.516875 0.017857 0.015000
2 0.614732 0.927500 0.019643 0.023750
2 0.645089 0.920312 0.017857 0.018750
2 0.754911 0.770937 0.023214 0.013750
2 0.741071 0.753750 0.026786 0.013750
2 0.748214 0.760938 0.023214 0.012500
2 0.737054 0.746875 0.023214 0.012500
2 0.653571 0.918750 0.021429 0.018750
2 0.700893 0.665937 0.017857 0.016250
2 0.644643 0.540000 0.021429 0.011250
2 0.651339 0.547500 0.021429 0.013750
2 0.658036 0.556875 0.021429 0.013750
2 0.659375 0.566250 0.019643 0.013750
2 0.666071 0.579375 0.019643 0.015000
2 0.666071 0.588750 0.019643 0.015000
2 0.672321 0.595625 0.023214 0.010000
2 0.679018 0.604063 0.023214 0.011250
2 0.681696 0.614375 0.019643 0.010000
2 0.684821 0.620313 0.021429 0.012500
2 0.686607 0.629375 0.025000 0.008750
2 0.694196 0.636250 0.026786 0.010000
2 0.693750 0.645000 0.021429 0.008750
2 0.694643 0.654062 0.023214 0.011250
2 0.708482 0.679375 0.019643 0.015000
2 0.736161 0.735625 0.021429 0.008750
2 0.576339 0.489687 0.014286 0.020000
2 0.764732 0.625938 0.016071 0.023750
2 0.775000 0.623437 0.014286 0.025000
2 0.788393 0.619688 0.014286 0.023750
2 0.798214 0.616250 0.016071 0.026250
2 0.806696 0.614062 0.010714 0.025000
2 0.817411 0.614062 0.014286 0.025000
2 0.830804 0.610000 0.014286 0.020000
2 0.841964 0.608125 0.014286 0.022500
2 0.863839 0.601875 0.017857 0.022500
2 0.856250 0.656875 0.016071 0.020000
2 0.722321 0.709375 0.025000 0.012500
2 0.727679 0.715000 0.017857 0.011250
2 0.730357 0.727187 0.023214 0.013750
2 0.644643 0.530312 0.021429 0.013750
2 0.640179 0.525938 0.021429 0.011250
2 0.846429 0.545625 0.023214 0.010000
2 0.776786 0.918750 0.017857 0.018750
2 0.733929 0.937187 0.021429 0.021250
2 0.739732 0.932500 0.019643 0.021250
2 0.753125 0.925000 0.019643 0.018750
2 0.748661 0.893750 0.019643 0.018750
2 0.758482 0.888125 0.021429 0.020000
2 0.768750 0.881563 0.019643 0.016250
2 0.779018 0.876563 0.017857 0.018750
2 0.787946 0.870625 0.017857 0.016250
2 0.794196 0.867188 0.021429 0.018750
2 0.800000 0.861250 0.019643 0.016250
2 0.810714 0.856250 0.023214 0.018750
2 0.816518 0.848750 0.021429 0.016250
2 0.854464 0.862187 0.021429 0.015000
2 0.764286 0.921250 0.019643 0.017500
2 0.789286 0.911250 0.016071 0.016250
2 0.789286 0.275625 0.016071 0.020000
2 0.799107 0.905000 0.017857 0.016250
2 0.803125 0.898438 0.021429 0.018750
2 0.818750 0.889687 0.021429 0.013750
2 0.824554 0.885000 0.019643 0.013750
2 0.835714 0.882812 0.019643 0.018750
2 0.838839 0.875313 0.021429 0.016250
2 0.852232 0.869688 0.021429 0.011250
2 0.956250 0.845938 0.019643 0.007500
2 0.532143 0.306250 0.019643 0.012500
2 0.538393 0.315000 0.023214 0.011250
2 0.633929 0.279687 0.026786 0.012500
2 0.679464 0.256250 0.010714 0.018750
2 0.750893 0.240313 0.019643 0.021250
2 0.725446 0.939688 0.017857 0.020000
2 0.711161 0.942812 0.016071 0.020000
2 0.637054 0.942500 0.010714 0.016250
2 0.641071 0.958125 0.014286 0.016250
2 0.662500 0.917188 0.021429 0.018750
2 0.673214 0.917188 0.025000 0.025000
2 0.686607 0.914687 0.025000 0.020000
2 0.703571 0.907500 0.023214 0.021250
2 0.719643 0.901250 0.019643 0.021250
2 0.732589 0.900000 0.014286 0.018750
2 0.505804 0.989687 0.007143 0.020000
2 0.520089 0.970625 0.008929 0.016250
2 0.517411 0.986250 0.012500 0.016250
2 0.526786 0.983437 0.008929 0.020000
2 0.537946 0.966250 0.008929 0.013750
2 0.536607 0.982187 0.010714 0.017500
2 0.548661 0.965000 0.012500 0.017500
2 0.545536 0.981250 0.010714 0.018750
2 0.560714 0.962500 0.014286 0.018750
2 0.556696 0.980625 0.010714 0.017500
2 0.578125 0.960313 0.008929 0.017500
2 0.574107 0.975938 0.014286 0.017500
2 0.588839 0.954688 0.012500 0.018750
2 0.586607 0.974375 0.012500 0.017500
2 0.598661 0.952500 0.014286 0.017500
2 0.598214 0.969063 0.008929 0.016250
2 0.607143 0.952187 0.008929 0.013750
2 0.607143 0.967500 0.008929 0.016250
2 0.614732 0.965938 0.010714 0.016250
2 0.616964 0.947500 0.010714 0.013750
2 0.626786 0.947500 0.012500 0.013750
2 0.621875 0.964375 0.007143 0.016250
2 0.631250 0.959688 0.012500 0.016250
2 0.730804 0.246563 0.019643 0.021250
2 0.797321 0.272500 0.014286 0.020000
2 0.637054 0.513437 0.019643 0.011250
2 0.561607 0.378750 0.025000 0.007500
2 0.610714 0.324375 0.016071 0.017500
2 0.592857 0.310937 0.016071 0.018750
2 0.579911 0.312500 0.012500 0.018750
2 0.585268 0.329688 0.014286 0.018750
2 0.598661 0.328125 0.014286 0.018750
2 0.593304 0.342500 0.021429 0.010000
2 0.600000 0.357500 0.012500 0.015000
2 0.607589 0.355625 0.014286 0.017500
2 0.626339 0.350625 0.016071 0.020000
2 0.548214 0.333437 0.025000 0.013750
2 0.552232 0.339375 0.019643 0.010000
2 0.560714 0.350938 0.023214 0.011250
2 0.562500 0.364375 0.026786 0.010000
2 0.560714 0.370938 0.023214 0.007500
2 0.570089 0.387500 0.019643 0.006250
2 0.806250 0.270313 0.014286 0.018750
2 0.574107 0.397813 0.023214 0.005000
2 0.580804 0.406875 0.023214 0.007500
2 0.583036 0.413125 0.023214 0.007500
2 0.588393 0.421250 0.025000 0.005000
2 0.593304 0.426250 0.021429 0.008750
2 0.600893 0.438125 0.023214 0.007500
2 0.599107 0.448125 0.019643 0.008750
2 0.606250 0.453750 0.025000 0.007500
2 0.607589 0.463125 0.023214 0.007500
2 0.612500 0.470000 0.019643 0.008750
2 0.616071 0.477500 0.026786 0.011250
2 0.623214 0.490313 0.023214 0.008750
2 0.627232 0.496875 0.017857 0.006250
2 0.632143 0.502500 0.023214 0.011250
2 0.618750 0.322187 0.014286 0.016250
2 0.608036 0.307188 0.010714 0.017500
2 0.651339 0.337812 0.021429 0.010000
2 0.628571 0.318750 0.016071 0.018750
2 0.816071 0.268437 0.016071 0.021250
2 0.826786 0.265937 0.019643 0.022500
2 0.840179 0.262813 0.019643 0.022500
2 0.850000 0.258437 0.012500 0.020000
2 0.860714 0.258437 0.016071 0.020000
2 0.730804 0.293125 0.019643 0.017500
2 0.715625 0.282813 0.016071 0.018750
2 0.705804 0.282187 0.014286 0.017500
2 0.696429 0.285938 0.017857 0.018750
2 0.685268 0.288125 0.017857 0.020000
2 0.722321 0.299375 0.016071 0.017500
2 0.712500 0.298438 0.014286 0.018750
2 0.706696 0.303750 0.016071 0.020000
2 0.697768 0.305312 0.016071 0.020000
2 0.684821 0.306250 0.012500 0.018750
2 0.668750 0.309375 0.016071 0.018750
2 0.685268 0.328125 0.017857 0.012500
2 0.711607 0.330000 0.012500 0.016250
2 0.723661 0.326562 0.014286 0.018750
2 0.738839 0.323750 0.008929 0.016250
2 0.757143 0.341875 0.023214 0.008750
2 0.762500 0.351250 0.025000 0.008750
2 0.765179 0.359063 0.021429 0.008750
2 0.774554 0.373750 0.026786 0.010000
2 0.637500 0.300312 0.016071 0.016250
2 0.644643 0.299375 0.012500 0.017500
2 0.653125 0.313125 0.016071 0.020000
2 0.644196 0.316250 0.016071 0.020000
2 0.619643 0.305625 0.016071 0.017500
