2 0.623214 0.515937 0.023214 0.010000
2 0.675893 0.420625 0.021429 0.010000
2 0.668304 0.430000 0.019643 0.010000
2 0.665179 0.437812 0.017857 0.010000
2 0.637054 0.487812 0.019643 0.010000
2 0.632589 0.495625 0.019643 0.010000
2 0.630357 0.501875 0.019643 0.010000
2 0.631250 0.508750 0.021429 0.011250
2 0.673214 0.519062 0.025000 0.010000
2 0.681696 0.507500 0.019643 0.008750
2 0.699554 0.471250 0.019643 0.011250
2 0.702679 0.462812 0.021429 0.010000
2 0.710714 0.446563 0.019643 0.008750
2 0.710714 0.438750 0.019643 0.008750
2 0.831696 0.308125 0.016071 0.010000
2 0.654018 0.288750 0.017857 0.008750
2 0.993750 0.012500 0.014286 0.006250
2 0.987500 0.020000 0.019643 0.008750
2 0.965179 0.013750 0.019643 0.008750
2 0.925000 0.193437 0.019643 0.008750
2 0.928571 0.185625 0.017857 0.008750
2 0.937500 0.177187 0.017857 0.007500
2 0.987500 0.175937 0.019643 0.011250
2 0.991071 0.168125 0.017857 0.011250
2 0.995536 0.152812 0.008929 0.008750
2 0.774554 0.123750 0.017857 0.010000
2 0.816964 0.124687 0.017857 0.008750
2 0.825893 0.105625 0.017857 0.011250
2 0.832589 0.096562 0.017857 0.008750
2 0.842411 0.086250 0.019643 0.010000
2 0.845982 0.078438 0.017857 0.010000
2 0.960714 0.020625 0.019643 0.010000
2 0.983036 0.027187 0.019643 0.007500
