2 0.388393 0.519688 0.008929 0.011250
2 0.385268 0.553125 0.007143 0.012500
2 0.322321 0.649375 0.010714 0.017500
2 0.265625 0.615625 0.017857 0.006250
2 0.265625 0.623437 0.017857 0.006250
2 0.268750 0.630312 0.019643 0.007500
2 0.727679 0.818750 0.017857 0.006250
2 0.202232 0.022500 0.016071 0.007500
2 0.261161 0.062500 0.017857 0.006250
2 0.288839 0.047500 0.010714 0.013750
2 0.369643 0.031875 0.016071 0.007500
2 0.411161 0.033125 0.014286 0.010000
2 0.382143 0.050313 0.014286 0.010000
2 0.375893 0.055313 0.010714 0.007500
2 0.367411 0.058125 0.016071 0.010000
2 0.335714 0.082500 0.010714 0.008750
2 0.328125 0.087813 0.017857 0.010000
2 0.304911 0.102500 0.016071 0.011250
2 0.237946 0.105937 0.016071 0.008750
2 0.387946 0.575937 0.012500 0.011250
2 0.363839 0.540625 0.008929 0.012500
2 0.387054 0.508750 0.010714 0.011250
2 0.076339 0.856250 0.014286 0.006250
2 0.098214 0.853750 0.017857 0.007500
2 0.184375 0.848437 0.016071 0.006250
2 0.203571 0.847500 0.014286 0.007500
2 0.237946 0.844375 0.016071 0.007500
2 0.327232 0.837500 0.016071 0.006250
2 0.841964 0.295938 0.014286 0.007500
2 0.875000 0.129062 0.008929 0.011250
2 0.884821 0.205625 0.010714 0.011250
2 0.854911 0.172500 0.008929 0.013750
2 0.884821 0.220312 0.010714 0.012500
2 0.862500 0.873125 0.010714 0.015000
2 0.890625 0.870313 0.008929 0.012500
2 0.891964 0.848125 0.007143 0.015000
2 0.892857 0.916563 0.008929 0.011250
2 0.863839 0.992812 0.008929 0.013750
2 0.119643 0.876563 0.007143 0.012500
2 0.117411 0.886875 0.007143 0.011250
2 0.116964 0.897813 0.010714 0.011250
2 0.116964 0.957812 0.010714 0.012500
2 0.113839 0.991875 0.008929 0.015000
2 0.354464 0.987187 0.012500 0.015000
2 0.356250 0.882812 0.007143 0.012500
2 0.357143 0.872500 0.008929 0.013750
2 0.355804 0.859375 0.010714 0.012500
2 0.595982 0.953750 0.008929 0.013750
2 0.596875 0.909062 0.010714 0.015000
2 0.595982 0.865000 0.008929 0.011250
2 0.598214 0.851562 0.008929 0.012500
2 0.910714 0.805937 0.017857 0.008750
2 0.527679 0.803125 0.010714 0.012500
2 0.709821 0.803125 0.008929 0.012500
2 0.688393 0.803125 0.010714 0.012500
2 0.726786 0.802500 0.007143 0.011250
2 0.734375 0.804063 0.008929 0.011250
2 0.746875 0.803125 0.007143 0.012500
2 0.755357 0.804688 0.010714 0.012500
2 0.766964 0.803125 0.007143 0.012500
2 0.778125 0.803750 0.007143 0.013750
2 0.787054 0.803750 0.007143 0.013750
2 0.794643 0.804063 0.008929 0.011250
2 0.806696 0.803125 0.010714 0.012500
2 0.365625 0.095625 0.012500 0.010000
2 0.306250 0.133750 0.014286 0.011250
2 0.328571 0.121250 0.014286 0.011250
2 0.290179 0.144687 0.017857 0.011250
2 0.240625 0.119375 0.012500 0.007500
2 0.214732 0.135625 0.014286 0.008750
2 0.109821 0.207500 0.014286 0.015000
2 0.099107 0.215625 0.010714 0.012500
2 0.095089 0.219687 0.016071 0.011250
2 0.082143 0.227500 0.012500 0.011250
2 0.164286 0.284687 0.007143 0.010000
2 0.039286 0.254062 0.016071 0.011250
2 0.150893 0.285312 0.007143 0.011250
