2 0.475000 0.630312 0.030357 0.007500
2 0.437946 0.853750 0.023214 0.007500
2 0.647768 0.786562 0.023214 0.007500
2 0.650446 0.802187 0.028571 0.007500
2 0.655357 0.826250 0.025000 0.008750
2 0.655357 0.841875 0.025000 0.008750
2 0.755357 0.780938 0.019643 0.008750
2 0.754464 0.788125 0.026786 0.007500
2 0.750000 0.797187 0.026786 0.010000
2 0.747768 0.816250 0.026786 0.007500
2 0.742411 0.828125 0.025000 0.006250
2 0.748214 0.845000 0.023214 0.008750
2 0.749107 0.852187 0.025000 0.007500
2 0.742411 0.862187 0.025000 0.008750
2 0.742857 0.869375 0.030357 0.007500
2 0.748214 0.877188 0.023214 0.007500
2 0.655357 0.848437 0.025000 0.006250
2 0.656250 0.857500 0.026786 0.008750
2 0.413839 0.076563 0.010714 0.012500
2 0.300000 0.246250 0.010714 0.011250
2 0.093304 0.580313 0.030357 0.007500
2 0.109375 0.589063 0.008929 0.012500
2 0.103571 0.596875 0.019643 0.006250
2 0.121875 0.590625 0.007143 0.012500
2 0.133929 0.590938 0.008929 0.016250
2 0.143750 0.591250 0.010714 0.013750
2 0.153571 0.579688 0.021429 0.006250
2 0.179018 0.554063 0.023214 0.005000
2 0.203571 0.553125 0.023214 0.006250
2 0.204018 0.559375 0.019643 0.006250
2 0.177679 0.560625 0.025000 0.008750
2 0.156696 0.571875 0.023214 0.006250
2 0.177679 0.569375 0.025000 0.007500
2 0.180357 0.576250 0.021429 0.008750
2 0.166964 0.589063 0.012500 0.012500
2 0.179464 0.587812 0.010714 0.016250
2 0.201339 0.587500 0.023214 0.006250
2 0.202679 0.582812 0.021429 0.006250
2 0.200446 0.575000 0.021429 0.006250
2 0.206250 0.571250 0.019643 0.005000
2 0.224107 0.581250 0.019643 0.006250
2 0.225893 0.575937 0.023214 0.005000
2 0.226786 0.575000 0.025000 0.006250
2 0.228125 0.570312 0.023214 0.006250
2 0.228571 0.565000 0.019643 0.005000
2 0.229018 0.559688 0.016071 0.003750
2 0.225893 0.588125 0.023214 0.007500
2 0.246429 0.587500 0.019643 0.006250
2 0.272768 0.586875 0.023214 0.005000
2 0.270536 0.581250 0.023214 0.006250
2 0.247321 0.580625 0.021429 0.005000
2 0.247321 0.575000 0.021429 0.006250
2 0.272768 0.574375 0.023214 0.005000
2 0.272768 0.569688 0.023214 0.005000
2 0.253125 0.556250 0.028571 0.006250
2 0.465625 0.490937 0.025000 0.010000
2 0.242857 0.965312 0.030357 0.008750
2 0.240179 0.974687 0.025000 0.008750
2 0.241518 0.840312 0.023214 0.008750
2 0.300446 0.838125 0.025000 0.007500
2 0.972768 0.207187 0.012500 0.017500
2 0.974107 0.223125 0.010714 0.015000
