2 0.633036 0.665000 0.033929 0.011250
2 0.624107 0.569688 0.033929 0.011250
2 0.622321 0.558437 0.030357 0.013750
2 0.621429 0.545937 0.037500 0.013750
2 0.620089 0.529687 0.030357 0.012500
2 0.617857 0.515937 0.030357 0.010000
2 0.611607 0.505625 0.035714 0.011250
2 0.609375 0.493438 0.035714 0.008750
2 0.636607 0.673125 0.032143 0.008750
2 0.626786 0.582812 0.030357 0.012500
2 0.624554 0.595313 0.030357 0.012500
2 0.625000 0.607187 0.035714 0.011250
2 0.654018 0.547500 0.017857 0.026250
2 0.040179 0.155000 0.017857 0.035000
2 0.044643 0.184375 0.017857 0.025000
2 0.057143 0.291563 0.016071 0.030000
2 0.603571 0.776875 0.019643 0.022500
2 0.645089 0.710938 0.035714 0.012500
2 0.646429 0.723125 0.033929 0.015000
2 0.112500 0.918125 0.019643 0.023750
2 0.087500 0.670000 0.023214 0.033750
2 0.079911 0.573750 0.021429 0.028750
2 0.568304 0.718750 0.016071 0.025000
2 0.552679 0.598125 0.016071 0.027500
2 0.541071 0.506250 0.019643 0.031250
2 0.545536 0.538750 0.019643 0.027500
2 0.548214 0.570000 0.016071 0.033750
2 0.558482 0.659375 0.014286 0.025000
2 0.559821 0.629375 0.021429 0.027500
2 0.694643 0.543750 0.023214 0.025000
2 0.010268 0.270625 0.016071 0.035000
2 0.026786 0.053750 0.017857 0.026250
2 0.024107 0.024688 0.021429 0.027500
