2 0.421429 0.462812 0.030357 0.016250
2 0.466071 0.690625 0.030357 0.018750
2 0.787946 0.954375 0.035714 0.021250
2 0.816518 0.966562 0.030357 0.017500
2 0.869643 0.799687 0.033929 0.015000
2 0.956250 0.734375 0.028571 0.012500
2 0.757143 0.798125 0.014286 0.021250
2 0.881250 0.755000 0.021429 0.022500
2 0.845536 0.755938 0.021429 0.021250
2 0.828571 0.065312 0.014286 0.021250
2 0.833482 0.013437 0.019643 0.023750
2 0.856696 0.007187 0.012500 0.011250
2 0.906250 0.078438 0.017857 0.022500
2 0.807143 0.778125 0.033929 0.018750
2 0.911161 0.100312 0.014286 0.022500
2 0.490179 0.398750 0.025000 0.022500
2 0.739732 0.741875 0.028571 0.021250
2 0.167857 0.943437 0.023214 0.021250
2 0.456696 0.882812 0.033929 0.018750
2 0.673214 0.938125 0.033929 0.020000
2 0.691964 0.919375 0.035714 0.020000
2 0.639732 0.905625 0.033929 0.017500
2 0.328125 0.652187 0.017857 0.020000
2 0.378571 0.664687 0.033929 0.020000
2 0.327232 0.995000 0.016071 0.008750
2 0.336607 0.984375 0.021429 0.018750
2 0.056696 0.804063 0.028571 0.017500
2 0.466964 0.845313 0.032143 0.018750
2 0.091518 0.815625 0.035714 0.018750
2 0.126786 0.826250 0.030357 0.015000
2 0.162054 0.838125 0.033929 0.020000
2 0.214732 0.764687 0.032143 0.020000
2 0.326786 0.805000 0.028571 0.016250
2 0.025893 0.727812 0.033929 0.021250
2 0.471429 0.421563 0.023214 0.021250
2 0.570536 0.298750 0.016071 0.022500
2 0.582589 0.238125 0.017857 0.020000
2 0.585714 0.216875 0.019643 0.021250
2 0.532589 0.893750 0.033929 0.018750
2 0.423214 0.840000 0.033929 0.017500
2 0.487946 0.146562 0.025000 0.008750
2 0.178571 0.761250 0.035714 0.016250
2 0.142411 0.930625 0.021429 0.023750
2 0.254018 0.868750 0.030357 0.018750
2 0.020536 0.739687 0.032143 0.020000
2 0.183482 0.752500 0.032143 0.017500
2 0.347321 0.142813 0.033929 0.013750
2 0.520536 0.145937 0.023214 0.007500
2 0.550446 0.147187 0.025000 0.010000
2 0.866964 0.207500 0.028571 0.021250
2 0.619643 0.188750 0.033929 0.015000
2 0.747768 0.153750 0.035714 0.013750
2 0.908036 0.528438 0.030357 0.010000
2 0.754911 0.744375 0.023214 0.020000
2 0.765179 0.751250 0.021429 0.021250
2 0.901786 0.738750 0.026786 0.008750
2 0.869196 0.740000 0.028571 0.011250
2 0.900446 0.757188 0.019643 0.023750
2 0.094643 0.475000 0.019643 0.018750
2 0.171429 0.315312 0.021429 0.021250
2 0.226339 0.231250 0.019643 0.025000
2 0.394643 0.144063 0.030357 0.010000
2 0.124107 0.428750 0.016071 0.020000
2 0.562054 0.880000 0.030357 0.016250
