2 0.791071 0.318750 0.019643 0.006250
2 0.967411 0.183750 0.019643 0.011250
2 0.783036 0.435000 0.021429 0.013750
2 0.766071 0.422187 0.023214 0.016250
2 0.923214 0.573438 0.016071 0.012500
2 0.927232 0.920000 0.010714 0.015000
2 0.914732 0.921875 0.012500 0.012500
2 0.890625 0.928750 0.008929 0.013750
2 0.866964 0.934062 0.010714 0.015000
2 0.877232 0.930000 0.008929 0.016250
2 0.825446 0.972188 0.012500 0.016250
2 0.852679 0.966875 0.008929 0.015000
2 0.867857 0.965938 0.012500 0.016250
2 0.907589 0.958125 0.016071 0.016250
2 0.928125 0.952812 0.012500 0.015000
2 0.945982 0.950625 0.012500 0.020000
