2 0.797768 0.169063 0.019643 0.016250
2 0.908036 0.242500 0.021429 0.016250
2 0.614732 0.032500 0.019643 0.015000
2 0.739286 0.124687 0.023214 0.015000
2 0.537946 0.025000 0.017857 0.012500
2 0.090179 0.149063 0.010714 0.013750
2 0.173214 0.047500 0.016071 0.013750
2 0.183482 0.055625 0.014286 0.011250
2 0.127679 0.931563 0.014286 0.010000
2 0.123661 0.980000 0.019643 0.016250
2 0.040625 0.945937 0.014286 0.013750
2 0.168750 0.985625 0.016071 0.015000
2 0.120982 0.077187 0.014286 0.013750
2 0.209375 0.027187 0.012500 0.013750
2 0.523661 0.015000 0.016071 0.011250
2 0.514732 0.008750 0.016071 0.011250
