2 0.700893 0.599688 0.026786 0.015000
2 0.773661 0.392500 0.025000 0.016250
2 0.981250 0.425938 0.025000 0.011250
2 0.908929 0.475625 0.023214 0.013750
2 0.756250 0.557813 0.039286 0.018750
2 0.716518 0.581875 0.026786 0.013750
2 0.073214 0.743437 0.021429 0.015000
2 0.061161 0.755625 0.019643 0.017500
2 0.138393 0.890625 0.017857 0.018750
2 0.134375 0.997812 0.014286 0.005000
2 0.639732 0.345625 0.025000 0.010000
2 0.543750 0.333437 0.025000 0.007500
2 0.015625 0.442500 0.026786 0.010000
2 0.474554 0.925000 0.025000 0.012500
2 0.010268 0.695000 0.016071 0.015000
