2 0.565625 0.915938 0.019643 0.010000
2 0.622768 0.911875 0.017857 0.005000
2 0.619643 0.923125 0.016071 0.008750
2 0.709375 0.277188 0.012500 0.007500
2 0.612054 0.993750 0.014286 0.006250
2 0.595982 0.987813 0.017857 0.003750
2 0.598214 0.983750 0.017857 0.005000
2 0.598661 0.977187 0.014286 0.007500
2 0.600000 0.971250 0.021429 0.005000
2 0.604911 0.938750 0.017857 0.008750
2 0.621429 0.934062 0.019643 0.008750
2 0.567857 0.894375 0.019643 0.007500
2 0.566964 0.887500 0.017857 0.006250
2 0.570982 0.876250 0.021429 0.008750
2 0.572321 0.870313 0.019643 0.006250
2 0.575000 0.858437 0.016071 0.007500
2 0.579018 0.840938 0.019643 0.010000
2 0.579911 0.818750 0.021429 0.006250
2 0.579018 0.811562 0.019643 0.007500
2 0.582143 0.805625 0.021429 0.005000
2 0.583036 0.800625 0.023214 0.007500
2 0.610268 0.889687 0.019643 0.007500
2 0.612054 0.876875 0.023214 0.010000
2 0.632589 0.869063 0.019643 0.010000
2 0.637500 0.847500 0.016071 0.007500
2 0.839732 0.992500 0.023214 0.010000
2 0.812946 0.793125 0.014286 0.005000
2 0.654911 0.996875 0.019643 0.006250
2 0.656250 0.982500 0.017857 0.008750
2 0.686607 0.990625 0.016071 0.018750
2 0.770982 0.963125 0.028571 0.007500
2 0.798214 0.799375 0.016071 0.005000
2 0.782589 0.797813 0.016071 0.005000
2 0.843750 0.796875 0.017857 0.006250
2 0.823661 0.795312 0.008929 0.006250
2 0.797321 0.793750 0.014286 0.006250
2 0.742857 0.994688 0.012500 0.011250
2 0.782589 0.791875 0.016071 0.008750
2 0.666964 0.911250 0.021429 0.010000
2 0.666071 0.900625 0.019643 0.007500
2 0.661607 0.926250 0.019643 0.008750
2 0.697321 0.916875 0.010714 0.015000
2 0.716964 0.827500 0.014286 0.017500
2 0.678571 0.834375 0.017857 0.006250
2 0.641964 0.824062 0.016071 0.007500
2 0.619643 0.822500 0.016071 0.007500
2 0.619643 0.833437 0.016071 0.007500
2 0.731250 0.999062 0.007143 0.001250
2 0.755804 0.511562 0.007143 0.013750
