2 0.216964 0.939063 0.014286 0.006250
2 0.083036 0.965000 0.014286 0.005000
2 0.658482 0.846250 0.008929 0.011250
2 0.113839 0.970625 0.017857 0.003750
2 0.004018 0.936875 0.003571 0.005000
2 0.315179 0.968125 0.014286 0.005000
2 0.378571 0.946250 0.016071 0.005000
2 0.425446 0.954063 0.016071 0.005000
2 0.031696 0.207187 0.005357 0.011250
2 0.016964 0.206562 0.007143 0.010000
2 0.532143 0.306250 0.010714 0.012500
2 0.329911 0.787813 0.003571 0.010000
2 0.317411 0.786562 0.005357 0.007500
2 0.213393 0.762188 0.007143 0.008750
2 0.205357 0.762188 0.008929 0.008750
2 0.213839 0.751250 0.003571 0.008750
2 0.221429 0.750312 0.005357 0.010000
2 0.283929 0.721562 0.005357 0.008750
2 0.257143 0.750312 0.005357 0.010000
2 0.221429 0.762188 0.005357 0.008750
2 0.229911 0.762188 0.008929 0.008750
2 0.235714 0.760625 0.007143 0.008750
2 0.677679 0.975313 0.016071 0.003750
2 0.513839 0.972188 0.014286 0.003750
2 0.650893 0.926562 0.007143 0.012500
2 0.369643 0.967500 0.016071 0.003750
2 0.376339 0.974375 0.016071 0.005000
2 0.039286 0.474375 0.016071 0.005000
2 0.290625 0.422187 0.014286 0.010000
2 0.284821 0.798750 0.007143 0.010000
2 0.317411 0.797813 0.005357 0.011250
2 0.324107 0.797187 0.005357 0.010000
2 0.310268 0.798125 0.008929 0.008750
2 0.301786 0.798125 0.005357 0.008750
2 0.206696 0.749375 0.007143 0.011250
2 0.176786 0.734687 0.014286 0.003750
2 0.175446 0.739375 0.016071 0.003750
2 0.177679 0.744062 0.016071 0.003750
2 0.176786 0.748750 0.014286 0.003750
2 0.176786 0.755000 0.014286 0.003750
2 0.175893 0.760625 0.012500 0.002500
2 0.175893 0.765313 0.012500 0.002500
2 0.266071 0.720000 0.005357 0.008750
2 0.259375 0.719062 0.005357 0.010000
2 0.251339 0.721250 0.007143 0.011250
2 0.244643 0.721250 0.007143 0.011250
2 0.250000 0.761250 0.008929 0.010000
2 0.258036 0.761875 0.007143 0.011250
2 0.283036 0.443125 0.012500 0.011250
2 0.285268 0.450938 0.012500 0.005000
2 0.405357 0.089375 0.007143 0.010000
2 0.407589 0.076250 0.007143 0.008750
2 0.429911 0.101250 0.007143 0.008750
2 0.201339 0.965000 0.014286 0.005000
2 0.313839 0.986875 0.016071 0.005000
2 0.423214 0.977500 0.016071 0.005000
2 0.300446 0.950000 0.016071 0.006250
2 0.333036 0.943125 0.014286 0.005000
2 0.316071 0.933750 0.016071 0.005000
2 0.587500 0.973437 0.014286 0.006250
2 0.263839 0.799063 0.005357 0.007500
2 0.257143 0.797500 0.005357 0.007500
2 0.249107 0.798125 0.007143 0.008750
2 0.018750 0.021875 0.010714 0.012500
2 0.295982 0.763750 0.007143 0.008750
2 0.266071 0.764375 0.005357 0.010000
2 0.280357 0.764375 0.007143 0.010000
2 0.240179 0.798125 0.007143 0.008750
2 0.324107 0.750625 0.005357 0.007500
2 0.309375 0.751250 0.007143 0.008750
2 0.293750 0.750938 0.007143 0.011250
2 0.249107 0.749688 0.007143 0.008750
2 0.163393 0.954688 0.014286 0.006250
2 0.079464 0.955625 0.016071 0.005000
2 0.075446 0.945625 0.012500 0.003750
2 0.765625 0.978438 0.017857 0.003750
2 0.203571 0.784062 0.005357 0.008750
2 0.212500 0.785625 0.005357 0.008750
2 0.220089 0.786250 0.007143 0.010000
2 0.226786 0.784687 0.007143 0.010000
2 0.235714 0.785625 0.007143 0.008750
2 0.241518 0.785625 0.005357 0.008750
2 0.248214 0.784062 0.005357 0.008750
2 0.257143 0.784062 0.005357 0.008750
2 0.264732 0.784687 0.007143 0.010000
2 0.273661 0.786250 0.007143 0.010000
2 0.280357 0.785625 0.007143 0.008750
2 0.289286 0.785625 0.007143 0.008750
2 0.203125 0.798125 0.008929 0.008750
2 0.212054 0.798125 0.008929 0.008750
2 0.220089 0.798125 0.007143 0.008750
2 0.226786 0.798125 0.007143 0.008750
2 0.233482 0.799063 0.007143 0.007500
2 0.130804 0.961875 0.016071 0.005000
2 0.415179 0.935625 0.017857 0.002500
2 0.436607 0.936250 0.016071 0.003750
2 0.487054 0.921562 0.005357 0.008750
2 0.236161 0.749688 0.003571 0.008750
2 0.230357 0.749688 0.005357 0.008750
2 0.176786 0.796250 0.014286 0.005000
2 0.175893 0.790937 0.012500 0.003750
2 0.176786 0.781250 0.014286 0.006250
2 0.176786 0.786875 0.014286 0.005000
2 0.177679 0.771250 0.016071 0.005000
2 0.538393 0.747812 0.014286 0.005000
2 0.479018 0.921562 0.007143 0.008750
2 0.569643 0.920625 0.005357 0.010000
2 0.357143 0.934688 0.017857 0.003750
2 0.576339 0.920000 0.005357 0.008750
2 0.560714 0.920000 0.005357 0.008750
2 0.543750 0.902812 0.007143 0.008750
2 0.559375 0.899687 0.007143 0.008750
2 0.559375 0.888750 0.007143 0.008750
2 0.567411 0.891250 0.005357 0.007500
2 0.288393 0.987813 0.014286 0.003750
2 0.262946 0.965938 0.012500 0.003750
2 0.247768 0.948438 0.017857 0.006250
2 0.019643 0.044062 0.021429 0.003750
2 0.018750 0.048750 0.019643 0.003750
