2 0.808929 0.965625 0.037500 0.012500
2 0.721429 0.964063 0.032143 0.012500
2 0.647321 0.865000 0.017857 0.023750
2 0.625893 0.865312 0.019643 0.027500
2 0.497321 0.911250 0.039286 0.016250
2 0.491964 0.926562 0.037500 0.012500
2 0.493750 0.948125 0.041071 0.015000
2 0.668750 0.865625 0.016071 0.025000
2 0.729464 0.865625 0.021429 0.025000
2 0.747768 0.865312 0.017857 0.027500
2 0.803125 0.936250 0.039286 0.016250
2 0.680804 0.962187 0.044643 0.015000
2 0.942411 0.917812 0.032143 0.013750
2 0.942857 0.933437 0.037500 0.013750
2 0.850446 0.966562 0.035714 0.011250
2 0.850893 0.951562 0.041071 0.012500
2 0.848214 0.936562 0.035714 0.013750
2 0.803571 0.950000 0.035714 0.012500
2 0.790179 0.866250 0.017857 0.026250
2 0.718304 0.935625 0.039286 0.015000
2 0.718304 0.951562 0.039286 0.012500
2 0.679911 0.948438 0.033929 0.012500
2 0.678125 0.935000 0.039286 0.013750
2 0.848214 0.866563 0.017857 0.023750
2 0.827679 0.865000 0.021429 0.023750
2 0.808929 0.866250 0.019643 0.026250
