2 0.344643 0.832188 0.010714 0.011250
2 0.508929 0.817812 0.008929 0.013750
2 0.501339 0.817187 0.007143 0.012500
2 0.493304 0.816250 0.008929 0.013750
2 0.475446 0.814688 0.008929 0.013750
2 0.527679 0.820312 0.010714 0.012500
2 0.353571 0.831250 0.010714 0.012500
2 0.371429 0.834375 0.010714 0.012500
2 0.545536 0.592812 0.010714 0.013750
2 0.535714 0.591875 0.008929 0.015000
2 0.394643 0.649375 0.012500 0.011250
2 0.526786 0.848437 0.008929 0.012500
2 0.517857 0.848437 0.008929 0.012500
2 0.508929 0.846250 0.008929 0.011250
2 0.500000 0.846875 0.008929 0.012500
2 0.492411 0.846875 0.007143 0.012500
2 0.483482 0.846250 0.007143 0.011250
2 0.476786 0.846250 0.007143 0.011250
2 0.470089 0.845625 0.007143 0.010000
2 0.459821 0.841250 0.008929 0.013750
2 0.437500 0.842500 0.008929 0.010000
2 0.445536 0.841562 0.007143 0.011250
2 0.427232 0.840625 0.010714 0.012500
2 0.395982 0.835938 0.010714 0.012500
2 0.406250 0.838125 0.008929 0.013750
2 0.467857 0.814063 0.007143 0.012500
2 0.458929 0.814063 0.007143 0.012500
2 0.452232 0.812500 0.007143 0.012500
2 0.446429 0.812500 0.008929 0.012500
2 0.341071 0.799063 0.012500 0.013750
2 0.334375 0.797500 0.012500 0.013750
2 0.326786 0.797500 0.010714 0.013750
2 0.317857 0.796250 0.010714 0.011250
2 0.308929 0.794687 0.010714 0.011250
2 0.301786 0.793750 0.014286 0.012500
2 0.294196 0.791250 0.012500 0.013750
2 0.285268 0.790625 0.012500 0.012500
2 0.277232 0.787500 0.014286 0.012500
2 0.226786 0.739687 0.016071 0.013750
2 0.225893 0.996875 0.014286 0.006250
2 0.216964 0.995625 0.014286 0.010000
2 0.211161 0.991875 0.016071 0.015000
2 0.358036 0.803125 0.010714 0.012500
2 0.366071 0.802500 0.008929 0.011250
2 0.375000 0.805000 0.008929 0.010000
2 0.364732 0.133438 0.019643 0.013750
2 0.434375 0.810937 0.007143 0.012500
2 0.417411 0.809375 0.008929 0.012500
2 0.402679 0.807813 0.010714 0.012500
2 0.480357 0.740625 0.023214 0.006250
2 0.465625 0.608437 0.016071 0.013750
2 0.337054 0.114062 0.017857 0.012500
2 0.360714 0.128125 0.016071 0.012500
2 0.305804 0.036875 0.017857 0.011250
2 0.391964 0.805312 0.007143 0.013750
2 0.559375 0.594375 0.007143 0.013750
2 0.569196 0.596875 0.008929 0.012500
2 0.576339 0.596875 0.005357 0.012500
2 0.734821 0.847500 0.005357 0.013750
2 0.820536 0.853125 0.007143 0.012500
2 0.812500 0.851562 0.008929 0.012500
2 0.786607 0.848125 0.010714 0.015000
2 0.761161 0.846875 0.008929 0.012500
2 0.742411 0.847813 0.007143 0.011250
2 0.716518 0.847813 0.008929 0.011250
2 0.583482 0.596875 0.010714 0.012500
2 0.705357 0.846250 0.008929 0.011250
2 0.737054 0.818125 0.005357 0.011250
2 0.712054 0.817812 0.008929 0.013750
2 0.703125 0.818125 0.008929 0.011250
2 0.695536 0.818125 0.007143 0.011250
2 0.687500 0.818125 0.008929 0.011250
2 0.677679 0.817500 0.007143 0.010000
2 0.669643 0.817500 0.008929 0.010000
2 0.659821 0.817500 0.007143 0.010000
2 0.651786 0.818125 0.008929 0.011250
2 0.643750 0.818750 0.010714 0.012500
2 0.635268 0.817812 0.007143 0.013750
2 0.627232 0.818750 0.008929 0.012500
2 0.619643 0.818750 0.007143 0.012500
2 0.610714 0.818750 0.007143 0.012500
2 0.655357 0.759375 0.025000 0.006250
2 0.403571 0.646875 0.012500 0.012500
2 0.608036 0.571250 0.010714 0.011250
2 0.743304 0.818125 0.008929 0.011250
2 0.763393 0.831250 0.017857 0.006250
2 0.803571 0.821562 0.008929 0.015000
2 0.631696 0.848437 0.008929 0.012500
2 0.689732 0.849375 0.008929 0.011250
2 0.681696 0.849375 0.010714 0.011250
2 0.674107 0.850000 0.008929 0.012500
2 0.665179 0.847500 0.008929 0.013750
2 0.655357 0.848437 0.007143 0.012500
2 0.647321 0.847813 0.008929 0.011250
2 0.639732 0.848437 0.007143 0.012500
2 0.624107 0.848437 0.007143 0.012500
2 0.837054 0.825313 0.008929 0.010000
2 0.963393 0.771875 0.016071 0.006250
2 0.879911 0.652813 0.014286 0.015000
2 0.867411 0.645000 0.016071 0.015000
2 0.816518 0.593750 0.012500 0.012500
2 0.807589 0.590625 0.012500 0.012500
2 0.854464 0.825625 0.012500 0.013750
2 0.845536 0.825000 0.012500 0.012500
2 0.204464 0.989062 0.016071 0.012500
2 0.197768 0.985313 0.016071 0.011250
2 0.188839 0.984375 0.016071 0.012500
2 0.052679 0.716875 0.016071 0.008750
2 0.156250 0.701875 0.017857 0.010000
2 0.105357 0.655312 0.014286 0.013750
2 0.075000 0.670625 0.016071 0.010000
2 0.032143 0.743125 0.019643 0.011250
2 0.040625 0.503125 0.014286 0.006250
2 0.075893 0.471250 0.008929 0.011250
2 0.062500 0.469688 0.008929 0.011250
2 0.022768 0.488750 0.014286 0.008750
2 0.083482 0.933750 0.010714 0.011250
2 0.070089 0.977500 0.019643 0.011250
2 0.144196 0.995625 0.025000 0.010000
