2 0.403125 0.023438 0.033929 0.012500
2 0.400000 0.041250 0.041071 0.013750
2 0.400000 0.073750 0.032143 0.010000
2 0.400000 0.090000 0.041071 0.011250
2 0.474107 0.481250 0.037500 0.012500
2 0.509821 0.540625 0.037500 0.012500
2 0.529464 0.361563 0.032143 0.013750
2 0.484375 0.329688 0.035714 0.012500
2 0.479911 0.346875 0.035714 0.012500
2 0.472768 0.435000 0.039286 0.013750
2 0.401786 0.104062 0.035714 0.011250
2 0.481696 0.390625 0.039286 0.012500
2 0.482589 0.374063 0.041071 0.013750
2 0.363839 0.534062 0.035714 0.015000
2 0.366071 0.505625 0.035714 0.011250
2 0.369643 0.477500 0.042857 0.011250
2 0.500893 0.034375 0.046429 0.012500
2 0.500893 0.019375 0.046429 0.013750
2 0.384821 0.226562 0.037500 0.012500
2 0.398661 0.119687 0.033929 0.011250
2 0.404464 0.005938 0.041071 0.008750
2 0.501339 0.005312 0.051786 0.007500
2 0.501339 0.107500 0.033929 0.008750
2 0.496429 0.124063 0.037500 0.013750
2 0.389732 0.178750 0.042857 0.013750
2 0.460714 0.539687 0.046429 0.013750
2 0.281250 0.716562 0.044643 0.011250
2 0.519643 0.524375 0.039286 0.011250
2 0.494643 0.213125 0.042857 0.013750
2 0.518304 0.496875 0.041071 0.012500
2 0.521429 0.481563 0.042857 0.016250
2 0.520536 0.467500 0.041071 0.016250
2 0.523661 0.450313 0.042857 0.016250
2 0.525446 0.419375 0.037500 0.013750
2 0.525000 0.405312 0.041071 0.013750
2 0.633929 0.360625 0.044643 0.015000
2 0.527232 0.376563 0.041071 0.018750
2 0.495536 0.154688 0.035714 0.012500
2 0.389286 0.197500 0.046429 0.013750
2 0.390179 0.212500 0.039286 0.012500
2 0.790179 0.735625 0.035714 0.015000
2 0.475000 0.496563 0.030357 0.015000
2 0.389732 0.165000 0.042857 0.011250
2 0.470536 0.510625 0.039286 0.015000
2 0.376786 0.392188 0.030357 0.012500
2 0.377232 0.376563 0.035714 0.012500
2 0.620982 0.472500 0.032143 0.013750
2 0.501786 0.095312 0.039286 0.012500
2 0.500000 0.081250 0.035714 0.012500
2 0.500446 0.066250 0.032143 0.013750
2 0.500446 0.048438 0.032143 0.012500
2 0.392411 0.150313 0.039286 0.010000
2 0.488839 0.199063 0.035714 0.013750
2 0.491071 0.172500 0.035714 0.013750
2 0.488839 0.140625 0.044643 0.012500
2 0.698214 0.691875 0.048214 0.015000
2 0.630357 0.341250 0.046429 0.013750
