2 0.603571 0.645937 0.037500 0.020000
2 0.599107 0.633750 0.046429 0.023750
2 0.596875 0.813125 0.037500 0.013750
2 0.962500 0.669063 0.032143 0.035000
2 0.855804 0.673438 0.046429 0.012500
2 0.908929 0.675625 0.041071 0.013750
2 0.599107 0.662188 0.046429 0.021250
2 0.593304 0.676562 0.048214 0.025000
2 0.597768 0.690000 0.048214 0.023750
2 0.592857 0.706250 0.042857 0.025000
2 0.875000 0.129375 0.026786 0.027500
2 0.915625 0.130000 0.023214 0.022500
2 0.791071 0.469062 0.037500 0.016250
2 0.597321 0.778125 0.042857 0.025000
2 0.594643 0.765000 0.046429 0.023750
2 0.595536 0.745625 0.039286 0.022500
2 0.596429 0.719688 0.050000 0.023750
