2 0.496429 0.984062 0.019643 0.008750
2 0.460714 0.974062 0.019643 0.007500
2 0.464286 0.982187 0.026786 0.011250
2 0.448214 0.987813 0.021429 0.010000
2 0.430804 0.965000 0.017857 0.011250
2 0.425446 0.970625 0.016071 0.010000
2 0.416518 0.978438 0.025000 0.010000
2 0.461607 0.950000 0.021429 0.012500
2 0.555357 0.980625 0.021429 0.011250
2 0.499107 0.993750 0.025000 0.012500
2 0.385714 0.951875 0.021429 0.010000
2 0.383482 0.957500 0.021429 0.008750
2 0.328571 0.935312 0.023214 0.011250
2 0.335714 0.945625 0.019643 0.010000
2 0.274107 0.930937 0.021429 0.008750
2 0.283929 0.944375 0.023214 0.007500
2 0.243750 0.938125 0.023214 0.007500
2 0.251339 0.901875 0.016071 0.010000
2 0.280804 0.845938 0.012500 0.013750
2 0.268750 0.860625 0.010714 0.015000
2 0.268750 0.740625 0.010714 0.012500
2 0.252232 0.723437 0.008929 0.012500
2 0.261161 0.821875 0.008929 0.012500
2 0.179464 0.906250 0.019643 0.006250
2 0.172768 0.914062 0.019643 0.006250
2 0.147321 0.907188 0.017857 0.005000
2 0.142857 0.918125 0.017857 0.005000
2 0.105357 0.918125 0.023214 0.005000
2 0.167857 0.831563 0.023214 0.010000
2 0.167857 0.820000 0.023214 0.008750
2 0.167857 0.812500 0.023214 0.006250
2 0.169643 0.806250 0.017857 0.006250
2 0.166964 0.800000 0.021429 0.006250
2 0.167411 0.793750 0.026786 0.006250
2 0.169643 0.789062 0.017857 0.006250
2 0.143750 0.833750 0.019643 0.005000
2 0.141071 0.828125 0.023214 0.006250
2 0.141071 0.820625 0.023214 0.003750
2 0.142857 0.815625 0.017857 0.006250
2 0.141071 0.809375 0.023214 0.006250
2 0.140179 0.800938 0.021429 0.005000
2 0.141071 0.794687 0.023214 0.005000
2 0.138393 0.788438 0.026786 0.005000
2 0.119196 0.833750 0.019643 0.005000
2 0.120536 0.828125 0.017857 0.006250
2 0.118304 0.820625 0.017857 0.003750
2 0.118304 0.815625 0.017857 0.006250
2 0.116518 0.809375 0.023214 0.006250
2 0.116518 0.802187 0.023214 0.007500
2 0.115625 0.794687 0.021429 0.005000
2 0.111607 0.788438 0.017857 0.005000
2 0.094643 0.832188 0.019643 0.011250
2 0.093750 0.823125 0.017857 0.008750
2 0.093750 0.813750 0.017857 0.008750
2 0.092857 0.806875 0.016071 0.007500
2 0.088839 0.798438 0.021429 0.006250
2 0.088839 0.790937 0.021429 0.003750
2 0.073661 0.815625 0.008929 0.012500
2 0.075893 0.831875 0.008929 0.013750
2 0.059821 0.801562 0.012500 0.012500
2 0.063393 0.815625 0.010714 0.012500
2 0.063393 0.829375 0.010714 0.015000
2 0.047768 0.802187 0.010714 0.013750
2 0.050893 0.815625 0.012500 0.012500
2 0.029018 0.800625 0.017857 0.007500
2 0.028125 0.809375 0.025000 0.006250
2 0.032143 0.656250 0.019643 0.006250
2 0.139286 0.657188 0.019643 0.005000
2 0.137946 0.651563 0.021429 0.006250
2 0.374107 0.713125 0.025000 0.007500
2 0.372321 0.700000 0.021429 0.006250
2 0.396429 0.692187 0.025000 0.006250
2 0.372768 0.685937 0.026786 0.006250
2 0.365179 0.678125 0.025000 0.006250
2 0.391964 0.678125 0.025000 0.006250
2 0.368304 0.667188 0.017857 0.006250
2 0.392857 0.666875 0.008929 0.008750
2 0.243304 0.652500 0.008929 0.011250
2 0.307589 0.646563 0.021429 0.008750
2 0.307589 0.632812 0.021429 0.006250
2 0.299554 0.593750 0.023214 0.006250
2 0.355357 0.606250 0.023214 0.006250
2 0.360268 0.620313 0.019643 0.006250
2 0.363839 0.627812 0.026786 0.008750
2 0.362054 0.634687 0.023214 0.003750
2 0.362946 0.648438 0.025000 0.006250
2 0.292857 0.537500 0.023214 0.006250
2 0.285714 0.525000 0.026786 0.006250
2 0.343304 0.525000 0.021429 0.006250
2 0.337500 0.517188 0.023214 0.006250
2 0.338393 0.510938 0.025000 0.006250
2 0.337500 0.503437 0.023214 0.003750
2 0.330804 0.497188 0.023214 0.003750
2 0.329911 0.492188 0.021429 0.006250
2 0.329911 0.476562 0.021429 0.006250
2 0.328571 0.462500 0.023214 0.006250
2 0.381250 0.507812 0.021429 0.006250
2 0.275000 0.463438 0.023214 0.005000
2 0.017857 0.460625 0.026786 0.008750
2 0.228571 0.420312 0.010714 0.012500
2 0.209821 0.402500 0.008929 0.011250
2 0.343750 0.357812 0.017857 0.006250
2 0.342857 0.350000 0.016071 0.006250
2 0.347321 0.343750 0.025000 0.006250
2 0.344643 0.337500 0.019643 0.006250
2 0.342411 0.328125 0.019643 0.006250
2 0.340179 0.314063 0.019643 0.006250
2 0.184821 0.198125 0.012500 0.015000
2 0.302679 0.205313 0.025000 0.007500
2 0.178571 0.133750 0.008929 0.011250
2 0.568750 0.217813 0.021429 0.007500
2 0.678571 0.112500 0.008929 0.012500
2 0.844196 0.184375 0.023214 0.006250
2 0.597321 0.014063 0.025000 0.006250
2 0.555357 0.026562 0.021429 0.006250
2 0.530804 0.028125 0.021429 0.006250
2 0.425000 0.325625 0.019643 0.007500
2 0.367857 0.280625 0.012500 0.011250
2 0.320089 0.386563 0.019643 0.007500
2 0.313839 0.331250 0.025000 0.006250
2 0.355357 0.593750 0.023214 0.006250
2 0.150446 0.022500 0.010714 0.013750
2 0.200446 0.298125 0.012500 0.015000
2 0.598214 0.235625 0.026786 0.015000
2 0.233036 0.531250 0.010714 0.018750
