2 0.771875 0.059375 0.012500 0.012500
2 0.673661 0.412500 0.021429 0.012500
2 0.693304 0.401875 0.016071 0.010000
2 0.743304 0.380000 0.017857 0.010000
2 0.728571 0.362500 0.019643 0.012500
2 0.785268 0.334375 0.021429 0.012500
2 0.792857 0.053750 0.014286 0.013750
2 0.781696 0.055313 0.014286 0.013750
2 0.762946 0.062500 0.012500 0.012500
2 0.895536 0.285000 0.014286 0.013750
2 0.896429 0.023125 0.016071 0.015000
2 0.886607 0.026250 0.014286 0.015000
2 0.878571 0.027813 0.016071 0.015000
2 0.868750 0.030937 0.014286 0.015000
2 0.789732 0.257500 0.021429 0.008750
2 0.904464 0.287500 0.014286 0.012500
2 0.937054 0.329062 0.021429 0.011250
2 0.979464 0.576562 0.012500 0.012500
2 0.991518 0.485938 0.014286 0.012500
2 0.990179 0.464062 0.016071 0.006250
2 0.990179 0.456250 0.016071 0.006250
2 0.954018 0.331875 0.019643 0.013750
