2 0.034375 0.223125 0.028571 0.015000
2 0.021429 0.246250 0.025000 0.011250
2 0.106250 0.251563 0.025000 0.012500
2 0.254018 0.424687 0.021429 0.021250
2 0.201339 0.450625 0.023214 0.020000
2 0.253125 0.452500 0.019643 0.017500
2 0.206696 0.498437 0.016071 0.012500
2 0.154911 0.529062 0.019643 0.017500
2 0.255804 0.512813 0.033929 0.016250
2 0.297321 0.448125 0.032143 0.015000
2 0.243750 0.527500 0.023214 0.011250
2 0.237054 0.536250 0.023214 0.010000
2 0.229911 0.545937 0.026786 0.013750
2 0.293750 0.457188 0.042857 0.017500
2 0.173214 0.506250 0.025000 0.018750
2 0.162500 0.513437 0.021429 0.017500
2 0.337500 0.494062 0.023214 0.010000
2 0.092857 0.272813 0.016071 0.017500
2 0.286161 0.566563 0.023214 0.011250
2 0.278125 0.579063 0.025000 0.011250
2 0.275000 0.588438 0.023214 0.011250
2 0.159821 0.563750 0.025000 0.021250
2 0.016964 0.583437 0.016071 0.020000
2 0.015625 0.620000 0.026786 0.015000
2 0.058036 0.631875 0.026786 0.013750
2 0.090179 0.640625 0.028571 0.012500
2 0.111607 0.661875 0.017857 0.017500
2 0.127232 0.668125 0.017857 0.017500
2 0.155357 0.710313 0.016071 0.017500
2 0.124107 0.728750 0.025000 0.013750
2 0.034375 0.784062 0.028571 0.021250
2 0.059821 0.810625 0.021429 0.015000
2 0.131250 0.802187 0.021429 0.020000
2 0.176339 0.774687 0.026786 0.015000
2 0.372321 0.805312 0.021429 0.020000
2 0.439732 0.787188 0.026786 0.027500
2 0.481250 0.732500 0.025000 0.021250
2 0.504018 0.705937 0.021429 0.021250
2 0.506250 0.635625 0.021429 0.021250
2 0.525446 0.610000 0.028571 0.026250
2 0.544643 0.583125 0.026786 0.022500
2 0.618750 0.488125 0.023214 0.020000
2 0.636161 0.463750 0.026786 0.021250
2 0.688393 0.562188 0.028571 0.015000
2 0.680357 0.406875 0.021429 0.020000
2 0.694643 0.388125 0.023214 0.020000
2 0.736161 0.335625 0.021429 0.021250
2 0.731250 0.413750 0.025000 0.021250
2 0.783929 0.350938 0.023214 0.017500
2 0.802232 0.336250 0.019643 0.016250
2 0.805804 0.315000 0.026786 0.017500
2 0.721875 0.283750 0.028571 0.017500
2 0.705357 0.179062 0.026786 0.017500
2 0.687054 0.012188 0.021429 0.015000
2 0.829911 0.040000 0.021429 0.017500
2 0.870536 0.879063 0.017857 0.017500
2 0.885714 0.903750 0.030357 0.013750
2 0.645536 0.524062 0.023214 0.020000
2 0.279018 0.672500 0.026786 0.013750
2 0.398214 0.707812 0.037500 0.018750
2 0.436607 0.911562 0.025000 0.020000
2 0.148214 0.578750 0.019643 0.013750
2 0.362500 0.461875 0.028571 0.017500
2 0.805357 0.397500 0.030357 0.020000
2 0.797768 0.422187 0.019643 0.016250
2 0.784821 0.438438 0.025000 0.017500
2 0.752232 0.488125 0.026786 0.013750
2 0.729911 0.500312 0.035714 0.016250
2 0.630357 0.515937 0.019643 0.016250
