2 0.237946 0.326250 0.078571 0.021250
2 0.421429 0.430938 0.048214 0.015000
2 0.417857 0.338750 0.032143 0.046250
2 0.852232 0.860313 0.075000 0.036250
2 0.507589 0.379062 0.028571 0.055000
2 0.425000 0.600625 0.019643 0.013750
2 0.386161 0.571250 0.017857 0.011250
2 0.110268 0.429688 0.019643 0.012500
2 0.327232 0.650000 0.033929 0.018750
2 0.289732 0.634687 0.048214 0.022500
2 0.185714 0.581250 0.023214 0.012500
2 0.100000 0.542188 0.021429 0.012500
2 0.579911 0.656875 0.021429 0.013750
2 0.524107 0.320937 0.021429 0.013750
2 0.595536 0.117188 0.021429 0.012500
2 0.279464 0.117813 0.014286 0.007500
2 0.276339 0.097188 0.021429 0.010000
2 0.236607 0.108125 0.017857 0.010000
2 0.233929 0.061250 0.012500 0.010000
2 0.233929 0.040625 0.021429 0.012500
2 0.237500 0.024375 0.019643 0.011250
2 0.241071 0.012500 0.017857 0.012500
2 0.255357 0.180000 0.010714 0.016250
2 0.278125 0.109062 0.016071 0.008750
