2 0.633036 0.615000 0.033929 0.011250
2 0.624107 0.519688 0.033929 0.011250
2 0.622321 0.508437 0.030357 0.013750
2 0.621429 0.495937 0.037500 0.013750
2 0.620089 0.479687 0.030357 0.012500
2 0.617857 0.465938 0.030357 0.010000
2 0.611607 0.455625 0.035714 0.011250
2 0.609375 0.443438 0.035714 0.008750
2 0.636607 0.623125 0.032143 0.008750
2 0.626786 0.532813 0.030357 0.012500
2 0.624554 0.545312 0.030357 0.012500
2 0.625000 0.557188 0.035714 0.011250
2 0.654018 0.497500 0.017857 0.026250
2 0.040179 0.105000 0.017857 0.035000
2 0.044643 0.134375 0.017857 0.025000
2 0.057143 0.241562 0.016071 0.030000
2 0.603571 0.726875 0.019643 0.022500
2 0.645089 0.660937 0.035714 0.012500
2 0.646429 0.673125 0.033929 0.015000
2 0.112500 0.868125 0.019643 0.023750
2 0.087500 0.620000 0.023214 0.033750
2 0.079911 0.523750 0.021429 0.028750
2 0.568304 0.668750 0.016071 0.025000
2 0.552679 0.548125 0.016071 0.027500
2 0.541071 0.456250 0.019643 0.031250
2 0.545536 0.488750 0.019643 0.027500
2 0.548214 0.520000 0.016071 0.033750
2 0.558482 0.609375 0.014286 0.025000
2 0.559821 0.579375 0.021429 0.027500
2 0.694643 0.493750 0.023214 0.025000
2 0.008482 0.222187 0.012500 0.028750
