2 0.325446 0.074063 0.012500 0.020000
2 0.320982 0.781875 0.012500 0.020000
2 0.394196 0.782813 0.025000 0.018750
2 0.441964 0.795625 0.026786 0.010000
2 0.077679 0.285312 0.030357 0.011250
2 0.966964 0.618750 0.014286 0.025000
2 0.967857 0.644062 0.016071 0.022500
2 0.655357 0.616563 0.016071 0.023750
2 0.656250 0.558437 0.017857 0.026250
2 0.655357 0.487500 0.016071 0.025000
2 0.973214 0.189375 0.026786 0.010000
2 0.884375 0.202500 0.032143 0.011250
2 0.959375 0.257500 0.012500 0.021250
2 0.959375 0.301563 0.012500 0.018750
2 0.954911 0.387500 0.012500 0.018750
2 0.954018 0.427187 0.010714 0.020000
2 0.573214 0.809062 0.030357 0.008750
2 0.750446 0.826562 0.032143 0.012500
2 0.779464 0.851250 0.032143 0.015000
2 0.841964 0.832812 0.032143 0.012500
2 0.841071 0.682813 0.030357 0.012500
2 0.870536 0.683750 0.026786 0.011250
2 0.905804 0.685312 0.030357 0.011250
2 0.257589 0.412500 0.010714 0.018750
2 0.254911 0.440937 0.014286 0.022500
2 0.426786 0.415313 0.014286 0.021250
2 0.468304 0.415937 0.012500 0.022500
2 0.469196 0.462500 0.014286 0.018750
2 0.359821 0.341875 0.014286 0.021250
2 0.360714 0.273125 0.016071 0.021250
2 0.681250 0.783125 0.032143 0.022500
2 0.387500 0.461250 0.016071 0.016250
2 0.357589 0.413125 0.014286 0.020000
2 0.359821 0.384687 0.014286 0.022500
2 0.254911 0.387500 0.014286 0.018750
2 0.357589 0.560000 0.014286 0.020000
2 0.497321 0.420000 0.012500 0.021250
2 0.439286 0.413125 0.012500 0.020000
2 0.356696 0.316250 0.012500 0.020000
2 0.361607 0.124687 0.017857 0.021250
2 0.360714 0.156875 0.016071 0.020000
2 0.254464 0.081563 0.017857 0.022500
2 0.253571 0.110937 0.016071 0.018750
2 0.256250 0.134688 0.012500 0.016250
2 0.257143 0.156250 0.014286 0.018750
2 0.214732 0.158125 0.014286 0.022500
2 0.359821 0.505000 0.014286 0.022500
2 0.252679 0.623125 0.014286 0.021250
2 0.011161 0.810312 0.017857 0.011250
2 0.040625 0.813750 0.032143 0.008750
2 0.127679 0.765000 0.032143 0.011250
2 0.216964 0.807813 0.032143 0.012500
2 0.033036 0.759687 0.039286 0.016250
2 0.358036 0.669375 0.010714 0.020000
2 0.165179 0.803125 0.035714 0.012500
2 0.170536 0.992500 0.019643 0.016250
2 0.253571 0.744375 0.016071 0.020000
2 0.286607 0.730938 0.010714 0.021250
2 0.359821 0.596250 0.014286 0.017500
2 0.280357 0.773750 0.016071 0.022500
2 0.324107 0.728125 0.014286 0.018750
2 0.359375 0.704063 0.017857 0.023750
2 0.362054 0.182188 0.014286 0.017500
2 0.009375 0.281875 0.014286 0.007500
2 0.041071 0.282187 0.037500 0.011250
2 0.312500 0.849687 0.017857 0.021250
2 0.270982 0.839687 0.019643 0.020000
2 0.184375 0.961875 0.016071 0.017500
2 0.193304 0.943750 0.016071 0.018750
2 0.251786 0.883750 0.021429 0.023750
2 0.404464 0.461250 0.014286 0.016250
2 0.442411 0.460938 0.014286 0.018750
