2 0.843750 0.900938 0.017857 0.023750
2 0.632143 0.339375 0.032143 0.010000
2 0.972321 0.364687 0.016071 0.026250
2 0.933036 0.751563 0.026786 0.012500
2 0.872321 0.873437 0.021429 0.025000
2 0.887054 0.893437 0.019643 0.021250
2 0.564732 0.331250 0.035714 0.012500
2 0.635268 0.327813 0.033929 0.008750
2 0.743750 0.275000 0.032143 0.025000
2 0.775893 0.152188 0.033929 0.013750
2 0.809375 0.165625 0.033929 0.012500
2 0.846875 0.171250 0.028571 0.011250
2 0.884375 0.173750 0.032143 0.010000
2 0.762946 0.193750 0.039286 0.012500
2 0.842411 0.206875 0.037500 0.013750
2 0.616071 0.205938 0.026786 0.015000
2 0.648661 0.208125 0.025000 0.010000
2 0.679464 0.210938 0.028571 0.012500
2 0.692857 0.251875 0.019643 0.022500
2 0.648661 0.282813 0.033929 0.018750
2 0.645536 0.308125 0.032143 0.010000
2 0.580804 0.310625 0.032143 0.015000
2 0.570089 0.269062 0.019643 0.022500
2 0.586607 0.271875 0.021429 0.025000
2 0.641964 0.394687 0.016071 0.023750
2 0.636161 0.150625 0.035714 0.013750
2 0.726786 0.142500 0.016071 0.022500
2 0.600893 0.148125 0.032143 0.015000
2 0.846429 0.004687 0.032143 0.006250
2 0.558482 0.141250 0.032143 0.013750
2 0.576339 0.203750 0.032143 0.013750
2 0.587946 0.375625 0.028571 0.013750
2 0.826786 0.148750 0.028571 0.010000
