2 0.793750 0.788125 0.016071 0.013750
2 0.837500 0.807188 0.014286 0.011250
2 0.841964 0.810937 0.014286 0.012500
2 0.850893 0.815625 0.014286 0.012500
2 0.857589 0.817812 0.014286 0.013750
2 0.877679 0.830000 0.014286 0.016250
2 0.806250 0.827187 0.014286 0.013750
2 0.799554 0.824062 0.014286 0.013750
2 0.793750 0.820937 0.016071 0.013750
2 0.787500 0.818125 0.012500 0.011250
2 0.781250 0.816875 0.017857 0.015000
2 0.772321 0.812187 0.017857 0.015000
2 0.765625 0.810000 0.017857 0.013750
2 0.758929 0.803750 0.017857 0.013750
2 0.752232 0.802187 0.017857 0.013750
2 0.744643 0.797813 0.016071 0.011250
2 0.735714 0.794375 0.016071 0.013750
2 0.728571 0.791875 0.019643 0.015000
2 0.828125 0.803750 0.017857 0.013750
2 0.789286 0.784375 0.016071 0.012500
2 0.782589 0.781250 0.016071 0.012500
2 0.823661 0.749062 0.017857 0.013750
2 0.883929 0.778750 0.017857 0.013750
2 0.875000 0.775625 0.017857 0.013750
2 0.756696 0.753125 0.017857 0.012500
2 0.746429 0.764687 0.019643 0.013750
2 0.753571 0.766563 0.016071 0.011250
2 0.757589 0.770312 0.019643 0.012500
2 0.770982 0.759375 0.019643 0.012500
2 0.778125 0.762500 0.016071 0.012500
2 0.785714 0.766250 0.017857 0.013750
2 0.802232 0.776563 0.019643 0.012500
2 0.812500 0.779375 0.017857 0.015000
2 0.833482 0.788125 0.019643 0.013750
2 0.841518 0.791250 0.017857 0.013750
2 0.793750 0.767813 0.016071 0.013750
2 0.766964 0.773438 0.016071 0.012500
2 0.773661 0.777187 0.016071 0.013750
2 0.723214 0.788125 0.017857 0.013750
2 0.726786 0.805937 0.016071 0.015000
2 0.735714 0.810937 0.016071 0.012500
2 0.740179 0.813438 0.016071 0.011250
2 0.676786 0.815000 0.014286 0.011250
2 0.683036 0.817812 0.017857 0.013750
2 0.689732 0.821875 0.017857 0.012500
2 0.697768 0.825937 0.016071 0.011250
2 0.704464 0.828125 0.016071 0.012500
2 0.711161 0.834375 0.016071 0.012500
2 0.795536 0.872500 0.019643 0.013750
2 0.816964 0.878750 0.017857 0.013750
2 0.824107 0.884375 0.014286 0.012500
2 0.958482 0.823438 0.019643 0.012500
2 0.952679 0.829688 0.021429 0.012500
2 0.943304 0.838750 0.016071 0.008750
2 0.937500 0.849375 0.017857 0.011250
2 0.915625 0.866875 0.023214 0.015000
2 0.908482 0.875313 0.026786 0.016250
2 0.902679 0.883750 0.028571 0.017500
2 0.896429 0.889687 0.025000 0.013750
2 0.671875 0.813438 0.008929 0.011250
2 0.663393 0.807813 0.014286 0.012500
2 0.653125 0.795625 0.016071 0.010000
2 0.850893 0.846875 0.014286 0.012500
2 0.749107 0.815000 0.016071 0.011250
2 0.753571 0.818125 0.016071 0.011250
2 0.811607 0.829688 0.016071 0.012500
2 0.820536 0.833750 0.016071 0.011250
2 0.827232 0.836250 0.016071 0.010000
2 0.833929 0.840625 0.016071 0.012500
2 0.842857 0.842187 0.016071 0.012500
2 0.869643 0.856250 0.016071 0.012500
2 0.655357 0.790000 0.016071 0.011250
2 0.769643 0.827500 0.012500 0.011250
2 0.762500 0.821875 0.016071 0.012500
2 0.754464 0.849687 0.017857 0.015000
2 0.797321 0.840625 0.014286 0.012500
2 0.671875 0.776563 0.017857 0.012500
2 0.665625 0.781250 0.014286 0.012500
2 0.661161 0.784687 0.014286 0.010000
2 0.812500 0.747500 0.017857 0.013750
2 0.793750 0.735000 0.016071 0.013750
2 0.808036 0.743750 0.017857 0.012500
2 0.908929 0.640625 0.014286 0.012500
2 0.904464 0.465625 0.014286 0.012500
2 0.933482 0.478125 0.014286 0.012500
2 0.762500 0.400000 0.016071 0.012500
2 0.758482 0.429063 0.012500 0.011250
2 0.822768 0.431562 0.016071 0.010000
2 0.845982 0.533125 0.017857 0.010000
2 0.802232 0.515625 0.019643 0.012500
2 0.943304 0.639062 0.016071 0.012500
2 0.876339 0.624062 0.016071 0.013750
2 0.887500 0.631250 0.016071 0.012500
2 0.896429 0.634375 0.016071 0.012500
2 0.903571 0.638437 0.012500 0.011250
2 0.922321 0.629063 0.014286 0.011250
2 0.788839 0.733437 0.019643 0.013750
2 0.913393 0.625312 0.014286 0.010000
2 0.877679 0.678438 0.014286 0.010000
2 0.741071 0.695312 0.017857 0.012500
2 0.744643 0.688750 0.016071 0.008750
2 0.750893 0.685312 0.019643 0.011250
2 0.728571 0.708750 0.019643 0.011250
2 0.723214 0.713750 0.017857 0.008750
2 0.716518 0.719062 0.017857 0.010000
2 0.709821 0.723750 0.017857 0.010000
2 0.710714 0.730000 0.019643 0.010000
2 0.703125 0.735000 0.017857 0.013750
2 0.699107 0.739375 0.014286 0.010000
2 0.847768 0.695937 0.012500 0.013750
2 0.854018 0.699375 0.016071 0.011250
2 0.854911 0.746563 0.017857 0.015000
2 0.845982 0.741250 0.017857 0.013750
2 0.825893 0.734375 0.017857 0.012500
2 0.782143 0.730000 0.019643 0.016250
2 0.861161 0.670312 0.012500 0.012500
2 0.854464 0.666563 0.012500 0.011250
2 0.841964 0.659375 0.014286 0.012500
2 0.821429 0.608125 0.017857 0.010000
2 0.906696 0.621250 0.014286 0.011250
2 0.898661 0.619688 0.016071 0.011250
2 0.891071 0.615938 0.014286 0.010000
2 0.884375 0.613438 0.014286 0.011250
2 0.835714 0.595625 0.019643 0.010000
2 0.832589 0.600313 0.017857 0.010000
2 0.823661 0.602812 0.017857 0.008750
2 0.816964 0.613750 0.017857 0.008750
2 0.833929 0.656250 0.016071 0.012500
2 0.808036 0.624688 0.017857 0.008750
2 0.804911 0.629375 0.016071 0.008750
2 0.798214 0.634062 0.016071 0.008750
2 0.895089 0.668438 0.017857 0.015000
2 0.886607 0.665000 0.014286 0.011250
2 0.879911 0.660937 0.014286 0.012500
2 0.873214 0.657813 0.014286 0.012500
2 0.882143 0.900313 0.032143 0.016250
2 0.070536 0.648125 0.016071 0.015000
2 0.462054 0.227500 0.008929 0.011250
2 0.168750 0.022500 0.016071 0.013750
2 0.352679 0.062187 0.008929 0.008750
2 0.356250 0.085312 0.007143 0.011250
2 0.376339 0.077187 0.016071 0.007500
2 0.378571 0.065625 0.016071 0.006250
2 0.379464 0.060000 0.017857 0.007500
2 0.321875 0.039062 0.005357 0.012500
2 0.387500 0.003438 0.016071 0.003750
2 0.206250 0.005938 0.010714 0.008750
2 0.196875 0.007812 0.014286 0.012500
2 0.180357 0.015000 0.012500 0.011250
2 0.312500 0.040625 0.008929 0.012500
2 0.306696 0.040000 0.010714 0.011250
2 0.297768 0.040000 0.010714 0.011250
2 0.107143 0.069687 0.017857 0.005000
2 0.114732 0.107813 0.019643 0.006250
2 0.114732 0.102500 0.019643 0.005000
2 0.113839 0.095312 0.017857 0.006250
2 0.112054 0.090625 0.014286 0.006250
2 0.111607 0.085000 0.017857 0.007500
2 0.108482 0.080625 0.016071 0.005000
2 0.108482 0.074375 0.016071 0.005000
2 0.066071 0.072500 0.016071 0.007500
2 0.292411 0.043125 0.008929 0.011250
2 0.076786 0.090000 0.010714 0.011250
2 0.070536 0.078125 0.016071 0.006250
2 0.350446 0.110312 0.008929 0.011250
2 0.291518 0.092812 0.016071 0.007500
2 0.290179 0.086563 0.017857 0.007500
2 0.283036 0.043750 0.012500 0.012500
2 0.175446 0.018750 0.016071 0.012500
2 0.133929 0.007812 0.017857 0.012500
2 0.142857 0.064062 0.008929 0.012500
2 0.141071 0.005938 0.014286 0.008750
2 0.236607 0.019375 0.008929 0.013750
2 0.083929 0.031250 0.016071 0.012500
2 0.094196 0.028437 0.023214 0.016250
2 0.145982 0.041875 0.019643 0.008750
2 0.165179 0.038750 0.017857 0.008750
2 0.183036 0.036562 0.017857 0.007500
2 0.198661 0.028125 0.008929 0.012500
2 0.206250 0.028125 0.010714 0.012500
2 0.266518 0.016250 0.010714 0.013750
2 0.329911 0.004063 0.021429 0.005000
2 0.275893 0.018125 0.007143 0.011250
2 0.287946 0.012500 0.008929 0.012500
2 0.295536 0.011562 0.010714 0.013750
2 0.368304 0.016250 0.017857 0.007500
2 0.368750 0.021250 0.014286 0.005000
2 0.366071 0.025625 0.017857 0.007500
2 0.366071 0.031250 0.017857 0.006250
2 0.134821 0.064062 0.010714 0.012500
2 0.151339 0.060937 0.012500 0.012500
2 0.566071 0.200625 0.016071 0.007500
2 0.266964 0.208437 0.016071 0.007500
2 0.326786 0.202188 0.019643 0.007500
2 0.330357 0.212500 0.017857 0.006250
2 0.328125 0.217188 0.017857 0.006250
2 0.330357 0.223438 0.017857 0.006250
2 0.330357 0.229063 0.017857 0.005000
2 0.333929 0.233750 0.016071 0.005000
2 0.240179 0.237500 0.016071 0.006250
2 0.241071 0.242188 0.017857 0.006250
2 0.243304 0.247812 0.017857 0.005000
2 0.254464 0.217813 0.017857 0.007500
2 0.252232 0.211563 0.017857 0.007500
2 0.227679 0.198125 0.017857 0.008750
2 0.223214 0.181875 0.017857 0.007500
2 0.224107 0.187188 0.019643 0.008750
2 0.244643 0.178125 0.016071 0.006250
2 0.245536 0.183438 0.017857 0.007500
2 0.263393 0.176250 0.017857 0.008750
2 0.323661 0.197500 0.017857 0.007500
2 0.321429 0.190625 0.017857 0.006250
2 0.320536 0.185000 0.016071 0.007500
2 0.357143 0.186875 0.017857 0.005000
2 0.641071 0.305000 0.023214 0.016250
2 0.599554 0.327813 0.016071 0.008750
2 0.512500 0.309375 0.016071 0.012500
2 0.590625 0.263125 0.016071 0.007500
2 0.587500 0.252500 0.023214 0.011250
2 0.347321 0.161875 0.016071 0.005000
2 0.352679 0.172500 0.017857 0.007500
2 0.354018 0.180000 0.016071 0.003750
2 0.317857 0.175000 0.019643 0.006250
2 0.361607 0.195312 0.017857 0.006250
2 0.360714 0.203125 0.016071 0.006250
2 0.368304 0.213125 0.017857 0.007500
2 0.310714 0.151562 0.023214 0.006250
2 0.311607 0.156250 0.025000 0.006250
2 0.315625 0.163437 0.019643 0.005000
2 0.316964 0.168750 0.017857 0.006250
2 0.266071 0.203125 0.014286 0.006250
2 0.271429 0.214062 0.016071 0.006250
2 0.180804 0.057813 0.008929 0.012500
2 0.272321 0.219375 0.017857 0.007500
2 0.328571 0.085312 0.014286 0.005000
2 0.325893 0.075625 0.017857 0.007500
2 0.325893 0.070312 0.017857 0.006250
2 0.323661 0.064062 0.017857 0.006250
2 0.250000 0.075938 0.017857 0.005000
2 0.252232 0.087500 0.017857 0.006250
2 0.254464 0.092500 0.017857 0.003750
2 0.263393 0.115625 0.017857 0.006250
2 0.227679 0.124063 0.017857 0.007500
2 0.227679 0.119375 0.017857 0.007500
2 0.226339 0.113125 0.019643 0.007500
2 0.218750 0.107500 0.017857 0.008750
2 0.216964 0.095312 0.014286 0.006250
2 0.217857 0.083437 0.016071 0.007500
2 0.215625 0.074687 0.016071 0.008750
2 0.198214 0.055625 0.012500 0.011250
2 0.187500 0.058125 0.008929 0.010000
2 0.295982 0.099062 0.016071 0.007500
2 0.300446 0.108750 0.016071 0.005000
2 0.301339 0.113125 0.017857 0.007500
2 0.179464 0.175625 0.019643 0.007500
2 0.191964 0.250000 0.017857 0.006250
2 0.188839 0.238125 0.016071 0.007500
2 0.200000 0.232813 0.016071 0.006250
2 0.188839 0.206250 0.016071 0.006250
2 0.177679 0.200625 0.016071 0.007500
2 0.174107 0.191250 0.017857 0.007500
2 0.171875 0.181250 0.017857 0.006250
2 0.166964 0.172500 0.021429 0.007500
2 0.301786 0.118750 0.014286 0.006250
2 0.166964 0.166875 0.021429 0.008750
2 0.607143 0.102500 0.008929 0.011250
2 0.589286 0.100937 0.008929 0.011250
2 0.263393 0.125625 0.017857 0.007500
2 0.336161 0.115625 0.016071 0.006250
2 0.330357 0.096562 0.017857 0.008750
2 0.333929 0.111875 0.016071 0.005000
2 0.691518 0.395625 0.012500 0.010000
2 0.147768 0.004687 0.014286 0.006250
2 0.345089 0.154688 0.016071 0.006250
