2 0.174107 0.126562 0.017857 0.025000
2 0.175000 0.022187 0.019643 0.028750
2 0.146429 0.215625 0.025000 0.037500
2 0.219643 0.284062 0.019643 0.021250
2 0.138393 0.458125 0.017857 0.022500
2 0.112946 0.355313 0.016071 0.020000
2 0.220089 0.460000 0.016071 0.026250
2 0.100446 0.557500 0.017857 0.021250
2 0.195089 0.848437 0.019643 0.025000
2 0.233929 0.981875 0.030357 0.013750
2 0.100893 0.971875 0.032143 0.012500
2 0.691071 0.997812 0.033929 0.005000
2 0.596875 0.995625 0.028571 0.010000
2 0.517857 0.988125 0.035714 0.013750
2 0.398214 0.993750 0.037500 0.012500
