2 0.382143 0.637813 0.023214 0.016250
2 0.417857 0.664687 0.023214 0.013750
2 0.510268 0.590000 0.025000 0.011250
2 0.530804 0.594375 0.021429 0.007500
2 0.562500 0.598750 0.026786 0.010000
2 0.606250 0.604375 0.025000 0.008750
2 0.637946 0.610000 0.021429 0.007500
2 0.670536 0.614375 0.028571 0.010000
2 0.710268 0.619375 0.023214 0.007500
2 0.637054 0.639687 0.010714 0.013750
2 0.600893 0.632500 0.014286 0.015000
2 0.489732 0.835313 0.019643 0.011250
2 0.787054 0.823125 0.025000 0.008750
2 0.916964 0.649062 0.021429 0.007500
2 0.954018 0.656875 0.019643 0.007500
2 0.940179 0.628750 0.014286 0.013750
2 0.948214 0.628750 0.012500 0.013750
2 0.957143 0.630312 0.012500 0.013750
2 0.969196 0.631875 0.014286 0.013750
2 0.704018 0.469375 0.019643 0.007500
2 0.706250 0.455312 0.019643 0.007500
2 0.713839 0.435625 0.021429 0.008750
2 0.716071 0.427813 0.021429 0.008750
2 0.104911 0.022500 0.017857 0.013750
2 0.008482 0.013437 0.012500 0.011250
2 0.011607 0.018125 0.014286 0.011250
2 0.022768 0.021875 0.014286 0.012500
2 0.031696 0.024063 0.014286 0.013750
2 0.038393 0.028125 0.014286 0.012500
2 0.184375 0.007812 0.016071 0.012500
2 0.194196 0.010625 0.017857 0.015000
2 0.202232 0.014063 0.016071 0.012500
2 0.132143 0.114062 0.023214 0.012500
2 0.158929 0.127188 0.023214 0.013750
2 0.183482 0.137500 0.023214 0.012500
2 0.206250 0.145625 0.019643 0.010000
2 0.224107 0.154062 0.019643 0.011250
2 0.259821 0.165625 0.019643 0.012500
2 0.291964 0.175937 0.021429 0.011250
2 0.345089 0.189688 0.016071 0.007500
2 0.099554 0.054375 0.016071 0.015000
2 0.139286 0.038750 0.019643 0.015000
2 0.158482 0.028125 0.017857 0.012500
2 0.120536 0.031875 0.017857 0.013750
2 0.169643 0.052187 0.017857 0.013750
2 0.184821 0.089688 0.012500 0.013750
2 0.174107 0.088438 0.008929 0.011250
2 0.144643 0.076250 0.012500 0.015000
2 0.130357 0.070000 0.010714 0.015000
2 0.162946 0.084375 0.008929 0.012500
2 0.104911 0.057500 0.017857 0.015000
2 0.089286 0.050313 0.017857 0.016250
2 0.080357 0.048125 0.017857 0.015000
2 0.075000 0.042500 0.016071 0.016250
2 0.100000 0.005938 0.012500 0.008750
2 0.117857 0.010000 0.021429 0.013750
2 0.054464 0.004687 0.010714 0.006250
2 0.045536 0.003438 0.010714 0.003750
2 0.891071 0.807500 0.023214 0.008750
