2 0.991518 0.939063 0.014286 0.006250
2 0.859821 0.965000 0.014286 0.005000
2 0.888393 0.970625 0.017857 0.003750
2 0.714286 0.943750 0.017857 0.006250
2 0.772321 0.936875 0.017857 0.005000
2 0.580804 0.930625 0.014286 0.005000
2 0.611607 0.663438 0.008929 0.011250
2 0.806250 0.207187 0.005357 0.011250
2 0.791518 0.206562 0.007143 0.010000
2 0.990179 0.762188 0.007143 0.008750
2 0.979911 0.762188 0.008929 0.008750
2 0.988393 0.751250 0.003571 0.008750
2 0.995982 0.750312 0.005357 0.010000
2 0.998214 0.762188 0.005357 0.008750
2 0.645089 0.664062 0.017857 0.006250
2 0.646429 0.658750 0.016071 0.005000
2 0.641964 0.654062 0.016071 0.005000
2 0.644196 0.649375 0.016071 0.005000
2 0.629911 0.453125 0.005357 0.012500
2 0.601786 0.966562 0.016071 0.005000
2 0.664286 0.961875 0.016071 0.005000
2 0.763839 0.961875 0.014286 0.005000
2 0.707143 0.980625 0.012500 0.011250
2 0.673214 0.933125 0.016071 0.003750
2 0.703125 0.933125 0.017857 0.003750
2 0.631250 0.934688 0.012500 0.003750
2 0.610714 0.941563 0.016071 0.005000
2 0.816071 0.474375 0.016071 0.005000
2 0.670982 0.400938 0.016071 0.005000
2 0.981250 0.749375 0.007143 0.011250
2 0.951339 0.734687 0.014286 0.003750
2 0.950000 0.739375 0.016071 0.003750
2 0.952232 0.744062 0.016071 0.003750
2 0.951339 0.748750 0.014286 0.003750
2 0.951339 0.755000 0.014286 0.003750
2 0.950446 0.760625 0.012500 0.002500
2 0.950446 0.765313 0.012500 0.002500
2 0.975893 0.965000 0.014286 0.005000
2 0.795536 0.021875 0.010714 0.012500
2 0.673214 0.380000 0.016071 0.003750
2 0.673214 0.385313 0.016071 0.005000
2 0.671875 0.392500 0.017857 0.003750
2 0.671875 0.396250 0.017857 0.005000
2 0.625446 0.641563 0.005357 0.011250
2 0.616518 0.643125 0.005357 0.011250
2 0.673214 0.461875 0.016071 0.005000
2 0.670536 0.452500 0.010714 0.011250
2 0.663393 0.453437 0.005357 0.010000
2 0.655357 0.453125 0.007143 0.012500
2 0.711161 0.453437 0.007143 0.010000
2 0.940179 0.954688 0.014286 0.006250
2 0.854018 0.955625 0.016071 0.005000
2 0.850000 0.945625 0.012500 0.003750
2 0.980357 0.784062 0.005357 0.008750
2 0.987054 0.785625 0.005357 0.008750
2 0.994643 0.786250 0.007143 0.010000
2 0.977679 0.798125 0.008929 0.008750
2 0.986607 0.798125 0.008929 0.008750
2 0.994643 0.798125 0.007143 0.008750
2 0.905357 0.961875 0.016071 0.005000
2 0.951339 0.796250 0.014286 0.005000
2 0.950446 0.790937 0.012500 0.003750
2 0.951339 0.781250 0.014286 0.006250
2 0.951339 0.786875 0.014286 0.005000
2 0.952232 0.771250 0.016071 0.005000
2 0.794196 0.044062 0.021429 0.003750
2 0.793304 0.048750 0.019643 0.003750
