2 0.593750 0.375312 0.017857 0.016250
2 0.645536 0.501875 0.014286 0.010000
2 0.983482 0.918750 0.033929 0.018750
2 0.618304 0.752500 0.062500 0.036250
2 0.966071 0.902500 0.021429 0.011250
2 0.833482 0.795312 0.010714 0.012500
2 0.894196 0.862813 0.016071 0.010000
2 0.643304 0.732187 0.014286 0.011250
2 0.876339 0.868125 0.016071 0.011250
2 0.866518 0.873437 0.023214 0.012500
2 0.754464 0.797813 0.017857 0.011250
2 0.588839 0.322813 0.012500 0.011250
2 0.694643 0.425938 0.014286 0.011250
2 0.610714 0.460938 0.016071 0.012500
2 0.633929 0.593438 0.017857 0.008750
2 0.726786 0.559375 0.016071 0.012500
2 0.807143 0.600313 0.016071 0.010000
