2 0.018750 0.229375 0.019643 0.008750
2 0.016071 0.246875 0.023214 0.006250
2 0.005804 0.649687 0.007143 0.008750
2 0.021875 0.217188 0.021429 0.006250
2 0.022321 0.208437 0.017857 0.007500
2 0.041071 0.172500 0.019643 0.007500
2 0.041964 0.164688 0.021429 0.007500
2 0.050893 0.127812 0.021429 0.008750
2 0.050000 0.144375 0.019643 0.007500
2 0.046429 0.158438 0.021429 0.007500
2 0.304911 0.998750 0.007143 0.003750
2 0.284821 0.995937 0.007143 0.007500
2 0.272768 0.995000 0.005357 0.008750
2 0.460268 0.988125 0.023214 0.007500
2 0.488393 0.990312 0.021429 0.008750
2 0.524107 0.994375 0.021429 0.007500
2 0.756696 0.954688 0.008929 0.012500
2 0.794643 0.945312 0.008929 0.012500
2 0.759821 0.928750 0.010714 0.013750
2 0.767857 0.910625 0.008929 0.015000
2 0.728571 0.919375 0.019643 0.007500
2 0.770089 0.895312 0.008929 0.012500
2 0.808036 0.876563 0.008929 0.012500
2 0.353571 0.951250 0.019643 0.008750
2 0.295982 0.996875 0.007143 0.006250
2 0.318304 0.998750 0.007143 0.003750
2 0.328571 0.998125 0.005357 0.002500
2 0.269643 0.813125 0.012500 0.013750
2 0.254464 0.860000 0.008929 0.013750
2 0.245089 0.889687 0.012500 0.013750
2 0.240625 0.904375 0.012500 0.015000
2 0.220982 0.941563 0.017857 0.023750
2 0.247768 0.964063 0.026786 0.006250
2 0.350446 0.998125 0.008929 0.002500
2 0.338393 0.998125 0.007143 0.002500
2 0.098214 0.009375 0.008929 0.012500
2 0.079018 0.007812 0.010714 0.012500
2 0.057143 0.004687 0.007143 0.006250
2 0.045982 0.004063 0.007143 0.005000
2 0.037054 0.002812 0.007143 0.002500
2 0.011161 0.018438 0.008929 0.015000
2 0.020982 0.021875 0.010714 0.012500
2 0.034375 0.021875 0.010714 0.012500
2 0.047768 0.035625 0.010714 0.015000
2 0.058482 0.036250 0.014286 0.016250
2 0.067411 0.039688 0.014286 0.013750
2 0.075446 0.042188 0.012500 0.012500
2 0.088839 0.042812 0.012500 0.013750
2 0.086607 0.073125 0.012500 0.015000
2 0.039286 0.035000 0.007143 0.013750
2 0.355804 0.944375 0.019643 0.007500
2 0.414732 0.918125 0.021429 0.005000
2 0.415179 0.909375 0.017857 0.006250
2 0.369643 0.901563 0.016071 0.006250
2 0.713839 0.437500 0.012500 0.012500
2 0.701786 0.558437 0.019643 0.007500
2 0.841518 0.546875 0.008929 0.012500
2 0.870536 0.554375 0.008929 0.015000
2 0.849107 0.508125 0.010714 0.016250
2 0.360268 0.512188 0.010714 0.015000
2 0.370982 0.479375 0.014286 0.015000
2 0.357143 0.481875 0.008929 0.013750
2 0.712054 0.456562 0.008929 0.016250
2 0.450000 0.382188 0.016071 0.005000
2 0.670536 0.346250 0.019643 0.005000
2 0.667411 0.379062 0.017857 0.005000
2 0.678125 0.338438 0.021429 0.005000
2 0.724107 0.296563 0.010714 0.015000
2 0.730804 0.266250 0.010714 0.013750
2 0.752232 0.252188 0.008929 0.013750
2 0.740179 0.221875 0.007143 0.012500
2 0.445536 0.235000 0.007143 0.013750
2 0.455804 0.575313 0.014286 0.016250
2 0.481696 0.651875 0.021429 0.003750
2 0.478571 0.663125 0.019643 0.007500
2 0.477232 0.670000 0.021429 0.008750
2 0.372768 0.895312 0.017857 0.006250
2 0.373661 0.887500 0.019643 0.006250
2 0.373661 0.881250 0.019643 0.006250
2 0.380357 0.864062 0.019643 0.006250
2 0.382143 0.859375 0.023214 0.006250
2 0.425893 0.866250 0.021429 0.007500
2 0.447768 0.946875 0.007143 0.012500
2 0.686161 0.905937 0.019643 0.008750
2 0.435714 0.822188 0.023214 0.010000
2 0.700446 0.842812 0.021429 0.007500
2 0.701786 0.837500 0.019643 0.006250
2 0.709821 0.792812 0.017857 0.007500
2 0.675000 0.737500 0.010714 0.012500
2 0.463839 0.703750 0.021429 0.007500
2 0.469643 0.688750 0.019643 0.008750
2 0.470982 0.683437 0.017857 0.007500
2 0.476339 0.675000 0.019643 0.006250
2 0.449554 0.221250 0.010714 0.011250
2 0.457589 0.196563 0.008929 0.015000
2 0.464286 0.167500 0.008929 0.016250
2 0.838393 0.031250 0.007143 0.012500
2 0.753125 0.026562 0.019643 0.006250
2 0.755357 0.019375 0.019643 0.007500
2 0.754464 0.012500 0.017857 0.006250
2 0.754464 0.006250 0.017857 0.006250
2 0.758036 0.002187 0.016071 0.001250
2 0.559375 0.056875 0.016071 0.007500
2 0.582143 0.059375 0.021429 0.006250
2 0.564732 0.032813 0.017857 0.006250
2 0.589286 0.035937 0.017857 0.006250
2 0.611607 0.038750 0.017857 0.008750
2 0.651339 0.042812 0.021429 0.007500
2 0.687500 0.045312 0.017857 0.006250
2 0.827679 0.005625 0.021429 0.005000
2 0.824107 0.012500 0.014286 0.006250
2 0.825000 0.031250 0.007143 0.012500
2 0.419643 0.184062 0.008929 0.015000
2 0.812500 0.029063 0.008929 0.011250
2 0.431250 0.153125 0.005357 0.012500
2 0.766964 0.179688 0.007143 0.012500
2 0.769196 0.165000 0.007143 0.011250
2 0.758929 0.129688 0.008929 0.012500
2 0.762054 0.114688 0.010714 0.013750
2 0.438393 0.133438 0.010714 0.013750
2 0.441964 0.117188 0.008929 0.012500
2 0.447321 0.103125 0.010714 0.012500
2 0.451786 0.083750 0.010714 0.011250
2 0.456250 0.071250 0.010714 0.011250
2 0.458482 0.056250 0.010714 0.012500
2 0.482143 0.114688 0.008929 0.013750
2 0.485268 0.099062 0.010714 0.013750
2 0.664732 0.127188 0.021429 0.007500
2 0.663839 0.068750 0.019643 0.006250
2 0.841964 0.086563 0.014286 0.007500
2 0.851339 0.063125 0.019643 0.007500
2 0.947321 0.189062 0.010714 0.012500
2 0.908482 0.232813 0.008929 0.012500
2 0.904911 0.247500 0.010714 0.013750
2 0.933036 0.251875 0.008929 0.010000
2 0.930804 0.265000 0.008929 0.011250
2 0.898214 0.283438 0.010714 0.013750
2 0.926339 0.282813 0.008929 0.012500
2 0.924107 0.297812 0.008929 0.011250
2 0.954464 0.071875 0.016071 0.006250
2 0.923661 0.141250 0.012500 0.013750
2 0.950000 0.171250 0.007143 0.011250
2 0.918750 0.173437 0.007143 0.012500
2 0.915179 0.190000 0.008929 0.011250
2 0.721429 0.975313 0.023214 0.010000
