2 0.096429 0.562812 0.041071 0.035000
2 0.083482 0.536875 0.037500 0.030000
2 0.088393 0.512188 0.033929 0.027500
2 0.029018 0.535313 0.026786 0.023750
2 0.141071 0.581250 0.032143 0.031250
2 0.113839 0.565937 0.035714 0.028750
2 0.074107 0.168125 0.014286 0.030000
2 0.192411 0.214375 0.023214 0.028750
2 0.170536 0.209687 0.019643 0.028750
2 0.152679 0.201563 0.019643 0.031250
2 0.133036 0.194375 0.016071 0.026250
2 0.115625 0.184375 0.021429 0.031250
2 0.095536 0.179062 0.021429 0.030000
2 0.056696 0.157500 0.019643 0.027500
2 0.007589 0.137813 0.010714 0.028750
2 0.208482 0.092188 0.108929 0.056250
2 0.429464 0.732812 0.046429 0.025000
2 0.263393 0.703125 0.044643 0.025000
2 0.288393 0.641250 0.041071 0.032500
2 0.100893 0.675312 0.032143 0.016250
2 0.077232 0.668438 0.025000 0.015000
2 0.058482 0.660625 0.032143 0.015000
2 0.045536 0.651563 0.028571 0.012500
2 0.010268 0.635000 0.016071 0.013750
2 0.134821 0.690625 0.028571 0.012500
2 0.150893 0.699375 0.033929 0.017500
2 0.227679 0.235625 0.017857 0.027500
2 0.041071 0.223438 0.046429 0.025000
2 0.209821 0.222812 0.017857 0.030000
2 0.245536 0.238125 0.017857 0.026250
2 0.668750 0.219687 0.033929 0.030000
2 0.014732 0.250625 0.025000 0.020000
2 0.529464 0.171563 0.041071 0.040000
2 0.935268 0.275000 0.044643 0.037500
2 0.688393 0.237188 0.046429 0.040000
2 0.431250 0.389375 0.067857 0.035000
2 0.585268 0.456562 0.058929 0.035000
2 0.900446 0.599375 0.108929 0.048750
2 0.245089 0.272500 0.048214 0.026250
2 0.791518 0.891250 0.042857 0.032500
2 0.220536 0.355625 0.039286 0.023750
2 0.373214 0.292500 0.023214 0.028750
2 0.357143 0.285938 0.017857 0.025000
2 0.340625 0.276562 0.016071 0.025000
2 0.322768 0.265313 0.016071 0.027500
2 0.305804 0.264375 0.017857 0.028750
2 0.282589 0.253125 0.016071 0.025000
2 0.266964 0.247500 0.016071 0.026250
2 0.153125 0.594375 0.025000 0.020000
2 0.150446 0.536250 0.028571 0.022500
2 0.178571 0.574375 0.026786 0.023750
2 0.070536 0.307188 0.033929 0.017500
2 0.461607 0.831875 0.039286 0.013750
2 0.270536 0.748125 0.032143 0.015000
2 0.285268 0.756875 0.030357 0.013750
2 0.300000 0.764062 0.028571 0.012500
2 0.396429 0.805000 0.033929 0.016250
2 0.416518 0.814688 0.033929 0.013750
2 0.436607 0.822500 0.033929 0.013750
2 0.477679 0.839375 0.035714 0.016250
2 0.207143 0.725625 0.030357 0.013750
2 0.493750 0.848125 0.032143 0.015000
2 0.513839 0.853438 0.032143 0.016250
2 0.554464 0.871562 0.037500 0.015000
2 0.570982 0.879375 0.030357 0.015000
2 0.586161 0.888437 0.033929 0.017500
2 0.603571 0.897188 0.028571 0.016250
2 0.244196 0.740625 0.028571 0.012500
2 0.188393 0.717500 0.028571 0.016250
2 0.958929 0.928125 0.025000 0.025000
2 0.899107 0.750000 0.030357 0.018750
2 0.910268 0.272813 0.030357 0.030000
2 0.884375 0.895625 0.023214 0.022500
2 0.929464 0.918437 0.028571 0.027500
2 0.596429 0.824687 0.041071 0.021250
2 0.172321 0.709063 0.032143 0.015000
2 0.154018 0.930937 0.026786 0.021250
2 0.216964 0.900625 0.032143 0.026250
2 0.236607 0.880625 0.026786 0.023750
2 0.208929 0.859062 0.025000 0.021250
2 0.340625 0.779375 0.025000 0.015000
2 0.361161 0.790000 0.030357 0.017500
2 0.631250 0.901875 0.030357 0.016250
2 0.791071 0.968125 0.028571 0.017500
2 0.651339 0.909688 0.030357 0.016250
2 0.665625 0.922813 0.032143 0.017500
2 0.560268 0.930625 0.035714 0.023750
2 0.585268 0.967187 0.014286 0.025000
2 0.566964 0.964375 0.017857 0.022500
2 0.600446 0.975000 0.017857 0.025000
2 0.613839 0.983437 0.017857 0.026250
2 0.633036 0.989687 0.016071 0.020000
2 0.225446 0.821562 0.017857 0.027500
2 0.210714 0.813438 0.019643 0.023750
2 0.191964 0.806875 0.017857 0.026250
2 0.275893 0.843750 0.016071 0.025000
2 0.289286 0.846562 0.016071 0.027500
2 0.307143 0.855312 0.016071 0.026250
2 0.322768 0.860625 0.016071 0.027500
2 0.350000 0.874375 0.012500 0.023750
2 0.363839 0.879063 0.017857 0.023750
2 0.399107 0.886875 0.012500 0.023750
2 0.384375 0.887500 0.014286 0.025000
2 0.170982 0.336875 0.033929 0.017500
2 0.716071 0.433125 0.021429 0.022500
2 0.763839 0.494062 0.023214 0.022500
2 0.777679 0.501875 0.019643 0.022500
2 0.728571 0.442500 0.019643 0.016250
2 0.600893 0.845000 0.041071 0.021250
