2 0.129464 0.465313 0.026786 0.008750
2 0.175000 0.483125 0.028571 0.010000
2 0.302679 0.531562 0.033929 0.010000
2 0.259821 0.466875 0.028571 0.008750
2 0.388393 0.468438 0.026786 0.008750
2 0.398661 0.486250 0.025000 0.010000
2 0.547768 0.461875 0.037500 0.017500
2 0.383036 0.995000 0.025000 0.008750
2 0.412946 0.995000 0.026786 0.008750
2 0.516071 0.994375 0.023214 0.007500
2 0.620536 0.995937 0.026786 0.007500
2 0.686161 0.994375 0.028571 0.007500
2 0.720089 0.995937 0.025000 0.007500
2 0.756250 0.995000 0.030357 0.008750
2 0.828125 0.995000 0.026786 0.008750
2 0.920536 0.994375 0.028571 0.007500
2 0.630357 0.215625 0.037500 0.012500
