2 0.766964 0.441875 0.025000 0.027500
2 0.300893 0.356250 0.021429 0.025000
2 0.283036 0.355938 0.021429 0.027500
2 0.264286 0.362812 0.019643 0.022500
2 0.111607 0.368438 0.017857 0.027500
2 0.191071 0.325313 0.016071 0.022500
2 0.066071 0.166250 0.033929 0.026250
2 0.250893 0.085938 0.037500 0.025000
2 0.117411 0.072500 0.016071 0.026250
2 0.257143 0.055937 0.041071 0.027500
2 0.264286 0.027500 0.037500 0.023750
2 0.337054 0.352187 0.026786 0.026250
2 0.319643 0.352813 0.023214 0.027500
2 0.371875 0.346875 0.025000 0.025000
2 0.043304 0.187188 0.028571 0.021250
2 0.404464 0.591250 0.023214 0.026250
2 0.048214 0.120938 0.033929 0.026250
2 0.042857 0.725625 0.041071 0.013750
2 0.098214 0.633125 0.017857 0.028750
2 0.262946 0.605938 0.021429 0.027500
2 0.297768 0.602500 0.019643 0.030000
2 0.317857 0.603125 0.019643 0.025000
2 0.335714 0.599062 0.019643 0.026250
2 0.354464 0.594688 0.021429 0.030000
2 0.333482 0.443750 0.019643 0.025000
2 0.425893 0.341250 0.021429 0.026250
2 0.354464 0.443750 0.021429 0.025000
2 0.577679 0.384063 0.021429 0.021250
2 0.508036 0.393750 0.025000 0.031250
2 0.347321 0.416563 0.025000 0.030000
2 0.383036 0.406875 0.025000 0.026250
2 0.440625 0.375625 0.037500 0.013750
2 0.567857 0.322813 0.019643 0.023750
2 0.550000 0.327188 0.019643 0.026250
2 0.532143 0.326562 0.019643 0.025000
2 0.460714 0.339062 0.019643 0.025000
