2 0.565179 0.606250 0.014286 0.018750
2 0.580804 0.606875 0.014286 0.020000
2 0.582589 0.542188 0.008929 0.018750
2 0.596429 0.546875 0.014286 0.018750
2 0.579464 0.559063 0.016071 0.008750
2 0.651786 0.395937 0.017857 0.013750
2 0.676786 0.405625 0.023214 0.011250
2 0.817411 0.532500 0.023214 0.008750
2 0.641964 0.367188 0.025000 0.018750
2 0.670089 0.366875 0.023214 0.015000
2 0.825893 0.237500 0.017857 0.012500
2 0.843750 0.248125 0.017857 0.015000
2 0.854464 0.266875 0.021429 0.015000
2 0.866071 0.260625 0.017857 0.015000
2 0.941518 0.297500 0.021429 0.013750
2 0.987054 0.209687 0.023214 0.016250
2 0.988393 0.151875 0.021429 0.016250
2 0.940179 0.207813 0.023214 0.012500
2 0.932589 0.213750 0.021429 0.008750
2 0.837946 0.224375 0.019643 0.011250
2 0.877679 0.238125 0.014286 0.013750
2 0.882589 0.298125 0.019643 0.015000
2 0.645982 0.558125 0.019643 0.010000
2 0.686607 0.552500 0.025000 0.011250
2 0.563839 0.359375 0.016071 0.012500
