2 0.900000 0.352500 0.041071 0.011250
2 0.020536 0.445312 0.041071 0.012500
2 0.371875 0.444375 0.016071 0.007500
2 0.208482 0.460625 0.019643 0.008750
2 0.287054 0.441250 0.016071 0.007500
2 0.576339 0.409375 0.014286 0.006250
2 0.609821 0.259687 0.014286 0.010000
2 0.768304 0.292813 0.023214 0.007500
2 0.322768 0.445000 0.016071 0.008750
2 0.530357 0.408437 0.016071 0.007500
2 0.649554 0.382500 0.017857 0.008750
2 0.808036 0.355938 0.017857 0.008750
2 0.329464 0.408750 0.042857 0.011250
2 0.200000 0.431250 0.016071 0.006250
2 0.037946 0.483437 0.017857 0.007500
2 0.031250 0.343125 0.008929 0.011250
2 0.112946 0.438750 0.025000 0.008750
2 0.190625 0.970000 0.028571 0.021250
2 0.975000 0.755938 0.048214 0.033750
2 0.764286 0.326250 0.037500 0.015000
2 0.920536 0.375625 0.037500 0.013750
2 0.425893 0.278438 0.012500 0.028750
2 0.179464 0.161250 0.046429 0.016250
2 0.087946 0.183438 0.046429 0.020000
2 0.103571 0.468438 0.019643 0.008750
2 0.010268 0.638437 0.016071 0.011250
2 0.207143 0.540000 0.021429 0.011250
