2 0.035268 0.283125 0.012500 0.016250
2 0.066964 0.296875 0.017857 0.018750
2 0.066071 0.277813 0.016071 0.021250
2 0.793750 0.758125 0.069643 0.035000
2 0.817411 0.797500 0.067857 0.032500
2 0.806250 0.787188 0.050000 0.027500
2 0.763393 0.720625 0.071429 0.035000
2 0.751786 0.709063 0.075000 0.033750
2 0.742857 0.695000 0.075000 0.033750
2 0.684821 0.782500 0.048214 0.021250
2 0.702679 0.803750 0.048214 0.026250
2 0.725893 0.835000 0.050000 0.026250
2 0.210714 0.888750 0.019643 0.021250
2 0.200000 0.893125 0.016071 0.017500
2 0.530357 0.636250 0.042857 0.022500
2 0.810714 0.453437 0.014286 0.016250
2 0.784375 0.457500 0.019643 0.021250
2 0.418304 0.266875 0.010714 0.015000
2 0.403125 0.313750 0.025000 0.008750
2 0.400000 0.345625 0.023214 0.010000
2 0.508036 0.397500 0.025000 0.007500
2 0.741964 0.365313 0.028571 0.008750
2 0.689286 0.316875 0.021429 0.008750
2 0.549107 0.306875 0.026786 0.007500
2 0.599107 0.514687 0.037500 0.032500
2 0.634821 0.430000 0.082143 0.016250
2 0.033482 0.625938 0.017857 0.023750
2 0.082589 0.650625 0.035714 0.013750
2 0.170536 0.633125 0.028571 0.028750
2 0.024554 0.935000 0.035714 0.013750
2 0.055804 0.988438 0.026786 0.023750
2 0.012500 0.440937 0.016071 0.022500
2 0.909821 0.437812 0.007143 0.016250
2 0.894643 0.440312 0.012500 0.015000
2 0.888393 0.441875 0.008929 0.015000
2 0.875893 0.441250 0.010714 0.013750
2 0.863839 0.443750 0.008929 0.012500
2 0.853571 0.445625 0.010714 0.010000
2 0.844643 0.448437 0.010714 0.012500
2 0.757589 0.138437 0.010714 0.011250
2 0.082143 0.305938 0.012500 0.015000
2 0.379464 0.269375 0.008929 0.013750
2 0.393750 0.266875 0.010714 0.015000
2 0.394643 0.283750 0.012500 0.017500
2 0.362500 0.321250 0.010714 0.017500
2 0.329911 0.429375 0.012500 0.015000
2 0.233036 0.438125 0.010714 0.013750
2 0.207143 0.438750 0.012500 0.015000
2 0.187054 0.440312 0.012500 0.015000
2 0.166071 0.441875 0.010714 0.015000
2 0.118750 0.443125 0.014286 0.017500
2 0.173214 0.502812 0.016071 0.015000
2 0.158929 0.516875 0.014286 0.015000
2 0.150893 0.530625 0.016071 0.011250
2 0.150446 0.543438 0.010714 0.015000
2 0.151339 0.560000 0.012500 0.013750
2 0.150000 0.573125 0.014286 0.015000
2 0.154464 0.591875 0.014286 0.015000
2 0.162054 0.607500 0.016071 0.015000
2 0.227679 0.639375 0.017857 0.010000
2 0.211607 0.651875 0.021429 0.010000
2 0.216518 0.701562 0.026786 0.025000
2 0.236607 0.724375 0.026786 0.023750
2 0.343750 0.791875 0.017857 0.015000
2 0.096875 0.906563 0.010714 0.016250
2 0.397321 0.943125 0.017857 0.017500
2 0.568304 0.755000 0.016071 0.010000
2 0.670089 0.760313 0.023214 0.011250
2 0.855357 0.750312 0.023214 0.010000
2 0.398214 0.334063 0.019643 0.008750
2 0.496429 0.269062 0.019643 0.010000
2 0.498214 0.282500 0.023214 0.008750
2 0.545089 0.272187 0.014286 0.016250
2 0.502679 0.324688 0.023214 0.008750
2 0.502679 0.341875 0.023214 0.008750
2 0.505804 0.372500 0.025000 0.007500
2 0.685714 0.301250 0.023214 0.008750
2 0.507143 0.381875 0.023214 0.007500
2 0.735714 0.268437 0.025000 0.008750
2 0.733482 0.275000 0.025000 0.006250
2 0.735268 0.284062 0.019643 0.008750
2 0.737500 0.292813 0.019643 0.007500
2 0.736161 0.300625 0.021429 0.007500
2 0.673661 0.445937 0.021429 0.007500
2 0.446875 0.441563 0.023214 0.011250
2 0.475000 0.440000 0.021429 0.011250
2 0.628571 0.478437 0.016071 0.016250
2 0.617857 0.483125 0.030357 0.028750
2 0.661161 0.488125 0.032143 0.032500
2 0.672321 0.481875 0.023214 0.026250
2 0.683929 0.478437 0.019643 0.022500
2 0.916964 0.435625 0.012500 0.015000
2 0.950000 0.482500 0.016071 0.015000
2 0.930357 0.437188 0.012500 0.015000
2 0.965625 0.457188 0.016071 0.011250
2 0.975000 0.464375 0.021429 0.010000
2 0.979911 0.470625 0.017857 0.010000
2 0.987500 0.476875 0.019643 0.010000
2 0.918750 0.755938 0.016071 0.015000
2 0.902232 0.720313 0.014286 0.012500
2 0.017857 0.706562 0.026786 0.010000
2 0.064732 0.621875 0.026786 0.012500
