2 0.016518 0.615625 0.028571 0.012500
2 0.014732 0.638437 0.025000 0.011250
2 0.012054 0.716562 0.019643 0.011250
2 0.012054 0.706562 0.019643 0.010000
2 0.100446 0.435313 0.035714 0.011250
2 0.108482 0.391562 0.033929 0.011250
2 0.022321 0.382812 0.035714 0.012500
2 0.102679 0.417187 0.035714 0.012500
2 0.020536 0.514375 0.032143 0.010000
2 0.016518 0.739062 0.028571 0.012500
2 0.092411 0.750000 0.037500 0.012500
2 0.091071 0.740000 0.030357 0.011250
2 0.091071 0.727500 0.030357 0.011250
2 0.090625 0.707812 0.025000 0.012500
2 0.091071 0.685000 0.030357 0.013750
2 0.090625 0.671563 0.033929 0.008750
2 0.090179 0.652187 0.037500 0.013750
2 0.092411 0.641250 0.037500 0.013750
2 0.092411 0.605000 0.037500 0.010000
2 0.092857 0.593750 0.033929 0.012500
2 0.094643 0.580625 0.037500 0.011250
2 0.097321 0.560312 0.033929 0.011250
2 0.100000 0.538438 0.039286 0.011250
2 0.095982 0.526875 0.035714 0.010000
2 0.100893 0.515937 0.032143 0.010000
