2 0.869196 0.369375 0.028571 0.007500
2 0.872321 0.378125 0.021429 0.006250
2 0.872321 0.388125 0.030357 0.007500
2 0.873214 0.396875 0.023214 0.006250
2 0.874107 0.406250 0.025000 0.006250
2 0.870536 0.435000 0.026786 0.007500
2 0.875000 0.495312 0.026786 0.006250
2 0.875000 0.514687 0.026786 0.007500
2 0.872768 0.525625 0.026786 0.007500
2 0.867857 0.641875 0.030357 0.008750
2 0.868750 0.691875 0.032143 0.008750
2 0.870982 0.681250 0.023214 0.006250
2 0.056696 0.768750 0.010714 0.012500
2 0.067857 0.769375 0.010714 0.013750
2 0.080357 0.770625 0.008929 0.016250
2 0.108036 0.771563 0.010714 0.015000
2 0.124554 0.772813 0.012500 0.017500
2 0.135714 0.770937 0.012500 0.013750
2 0.150893 0.771563 0.007143 0.015000
2 0.162946 0.772813 0.008929 0.017500
2 0.176339 0.770625 0.008929 0.016250
2 0.028125 0.792812 0.025000 0.007500
2 0.025000 0.819375 0.023214 0.007500
2 0.027679 0.840625 0.019643 0.006250
2 0.032143 0.859375 0.019643 0.006250
2 0.024107 0.885000 0.021429 0.007500
2 0.025893 0.895937 0.025000 0.007500
2 0.138393 0.825625 0.026786 0.007500
2 0.135714 0.835000 0.021429 0.007500
2 0.133929 0.855312 0.026786 0.007500
2 0.133036 0.865625 0.025000 0.006250
2 0.197321 0.793125 0.019643 0.005000
2 0.195536 0.801562 0.025000 0.006250
2 0.199107 0.812500 0.023214 0.006250
2 0.199554 0.821250 0.019643 0.005000
2 0.201339 0.831250 0.023214 0.006250
2 0.202232 0.840625 0.025000 0.006250
2 0.199107 0.850000 0.023214 0.006250
2 0.100446 0.916875 0.008929 0.015000
2 0.127232 0.916563 0.008929 0.017500
2 0.156250 0.916875 0.008929 0.015000
2 0.183929 0.916875 0.010714 0.015000
2 0.210714 0.918437 0.010714 0.015000
2 0.230804 0.868437 0.010714 0.015000
