2 0.306250 0.372500 0.032143 0.013750
2 0.087054 0.359063 0.035714 0.008750
2 0.216964 0.359063 0.032143 0.008750
2 0.215625 0.386250 0.033929 0.010000
2 0.211161 0.398125 0.033929 0.008750
2 0.306696 0.526250 0.028571 0.008750
2 0.300446 0.563438 0.033929 0.011250
2 0.302232 0.587500 0.037500 0.012500
2 0.266071 0.784375 0.041071 0.012500
2 0.517411 0.720313 0.030357 0.012500
2 0.608036 0.633437 0.028571 0.013750
2 0.518750 0.595625 0.028571 0.010000
2 0.518304 0.557813 0.032143 0.012500
2 0.520536 0.520625 0.032143 0.010000
2 0.560268 0.488438 0.017857 0.023750
2 0.576339 0.489375 0.014286 0.022500
2 0.596875 0.488750 0.019643 0.027500
2 0.601339 0.532500 0.028571 0.008750
2 0.986607 0.595938 0.017857 0.026250
2 0.952232 0.642500 0.033929 0.010000
2 0.951786 0.664062 0.037500 0.012500
2 0.955804 0.629687 0.041071 0.012500
2 0.952232 0.690000 0.033929 0.011250
2 0.951339 0.702500 0.032143 0.011250
2 0.953571 0.714375 0.032143 0.010000
2 0.589732 0.225000 0.014286 0.025000
2 0.692857 0.225625 0.019643 0.026250
2 0.710268 0.224688 0.014286 0.027500
2 0.727679 0.226250 0.017857 0.027500
2 0.762500 0.225000 0.016071 0.025000
2 0.779464 0.225625 0.014286 0.026250
2 0.793750 0.226562 0.016071 0.025000
2 0.815179 0.199687 0.032143 0.015000
2 0.812500 0.189062 0.035714 0.012500
2 0.781250 0.152500 0.017857 0.023750
2 0.761607 0.152500 0.014286 0.023750
2 0.747768 0.152812 0.017857 0.027500
2 0.731250 0.153125 0.016071 0.025000
2 0.697321 0.152188 0.019643 0.026250
2 0.683036 0.152188 0.017857 0.026250
2 0.663393 0.152812 0.014286 0.027500
2 0.630804 0.150625 0.016071 0.026250
2 0.592857 0.150000 0.016071 0.031250
2 0.954018 0.616250 0.037500 0.013750
2 0.450000 0.240625 0.016071 0.025000
2 0.599107 0.540000 0.028571 0.011250
2 0.733036 0.735938 0.028571 0.012500
2 0.600000 0.555000 0.030357 0.010000
2 0.617857 0.606875 0.030357 0.013750
2 0.652679 0.607812 0.028571 0.012500
2 0.648214 0.658750 0.028571 0.011250
2 0.650446 0.671250 0.028571 0.011250
2 0.650446 0.682813 0.028571 0.012500
2 0.647321 0.696250 0.035714 0.011250
2 0.646429 0.707812 0.033929 0.012500
2 0.646875 0.721562 0.030357 0.008750
2 0.644643 0.734375 0.030357 0.012500
2 0.604911 0.734063 0.035714 0.008750
2 0.770536 0.623437 0.032143 0.012500
2 0.769643 0.636250 0.030357 0.010000
2 0.774107 0.647500 0.030357 0.013750
2 0.771875 0.660937 0.030357 0.012500
2 0.735714 0.658125 0.033929 0.010000
2 0.733036 0.671563 0.028571 0.008750
2 0.770536 0.673750 0.032143 0.010000
2 0.770536 0.686250 0.032143 0.010000
2 0.769643 0.698125 0.030357 0.008750
2 0.769643 0.708750 0.030357 0.011250
2 0.770536 0.723125 0.032143 0.008750
2 0.772321 0.736250 0.035714 0.010000
2 0.735268 0.682500 0.028571 0.008750
2 0.734821 0.696250 0.032143 0.011250
2 0.731250 0.708750 0.033929 0.011250
2 0.731250 0.721875 0.033929 0.012500
2 0.647321 0.636250 0.035714 0.016250
2 0.732143 0.638750 0.035714 0.015000
2 0.733929 0.609687 0.039286 0.016250
2 0.301786 0.424687 0.041071 0.015000
2 0.299107 0.500625 0.044643 0.020000
2 0.515179 0.570000 0.039286 0.015000
2 0.046429 0.622188 0.021429 0.010000
2 0.860714 0.601250 0.033929 0.008750
2 0.859821 0.617188 0.032143 0.012500
2 0.306250 0.360000 0.032143 0.013750
2 0.646875 0.645625 0.030357 0.010000
