2 0.888393 0.458125 0.017857 0.010000
2 0.745089 0.754687 0.012500 0.012500
2 0.578125 0.766563 0.017857 0.011250
2 0.586607 0.773125 0.021429 0.015000
2 0.589286 0.778125 0.017857 0.012500
2 0.593750 0.783750 0.017857 0.011250
2 0.600446 0.788438 0.017857 0.011250
2 0.713393 0.770000 0.016071 0.015000
2 0.721429 0.766875 0.014286 0.015000
2 0.737946 0.759375 0.016071 0.012500
2 0.658036 0.794687 0.012500 0.011250
2 0.648661 0.797500 0.016071 0.013750
2 0.639732 0.800000 0.016071 0.012500
2 0.630804 0.802500 0.016071 0.011250
2 0.666964 0.986875 0.021429 0.017500
2 0.648214 0.975313 0.028571 0.016250
2 0.618304 0.970625 0.026786 0.010000
2 0.632589 0.765625 0.019643 0.012500
2 0.575446 0.760000 0.021429 0.013750
2 0.650446 0.759375 0.019643 0.012500
2 0.816518 0.632812 0.021429 0.012500
2 0.622768 0.670625 0.017857 0.010000
2 0.916071 0.718125 0.019643 0.011250
2 0.931696 0.735000 0.019643 0.013750
2 0.941518 0.745937 0.021429 0.013750
2 0.927232 0.758437 0.019643 0.013750
2 0.960714 0.768750 0.019643 0.012500
2 0.954911 0.762500 0.021429 0.012500
2 0.979911 0.790625 0.017857 0.012500
2 0.976339 0.785000 0.019643 0.013750
2 0.959375 0.791250 0.021429 0.013750
2 0.978571 0.813125 0.019643 0.013750
2 0.794196 0.695937 0.021429 0.013750
2 0.710714 0.657813 0.019643 0.012500
2 0.685268 0.660313 0.017857 0.011250
2 0.691964 0.665000 0.017857 0.011250
2 0.695089 0.671875 0.019643 0.012500
2 0.705804 0.681875 0.023214 0.013750
2 0.725000 0.703750 0.021429 0.013750
2 0.650446 0.675938 0.019643 0.011250
2 0.895982 0.720313 0.019643 0.012500
2 0.907143 0.729688 0.019643 0.012500
2 0.902679 0.725000 0.019643 0.012500
2 0.793750 0.666250 0.025000 0.013750
2 0.798661 0.612500 0.021429 0.012500
2 0.733929 0.624062 0.021429 0.013750
2 0.737500 0.628125 0.019643 0.012500
2 0.741518 0.635000 0.023214 0.013750
2 0.753125 0.646875 0.019643 0.012500
2 0.757589 0.653125 0.019643 0.012500
2 0.778571 0.648438 0.021429 0.012500
2 0.767411 0.661562 0.021429 0.013750
2 0.776339 0.672500 0.021429 0.013750
2 0.885714 0.708750 0.021429 0.011250
2 0.782143 0.678750 0.019643 0.013750
2 0.803125 0.677500 0.021429 0.011250
2 0.808929 0.682813 0.019643 0.012500
2 0.979464 0.729688 0.021429 0.012500
2 0.952679 0.701562 0.021429 0.012500
2 0.942857 0.690625 0.019643 0.012500
2 0.937500 0.685937 0.017857 0.012500
2 0.904018 0.701875 0.017857 0.010000
2 0.640179 0.665000 0.021429 0.011250
2 0.628125 0.678125 0.019643 0.012500
2 0.642857 0.754375 0.017857 0.008750
2 0.631696 0.683750 0.017857 0.011250
2 0.584821 0.710313 0.017857 0.011250
2 0.581696 0.705625 0.016071 0.011250
2 0.576786 0.700937 0.019643 0.011250
2 0.601786 0.726875 0.016071 0.010000
2 0.605804 0.734375 0.019643 0.012500
2 0.609375 0.739375 0.017857 0.010000
2 0.614732 0.744062 0.019643 0.010000
2 0.620536 0.750312 0.017857 0.010000
2 0.622768 0.755000 0.017857 0.010000
2 0.628571 0.760313 0.016071 0.011250
2 0.594643 0.693750 0.019643 0.012500
2 0.594643 0.699688 0.019643 0.008750
2 0.600446 0.704375 0.017857 0.008750
2 0.616071 0.720625 0.017857 0.010000
2 0.622768 0.726875 0.017857 0.010000
2 0.627679 0.731875 0.014286 0.007500
2 0.630804 0.735625 0.016071 0.008750
2 0.633929 0.740938 0.017857 0.010000
2 0.640625 0.748125 0.017857 0.008750
2 0.589286 0.716562 0.017857 0.011250
2 0.595982 0.721250 0.017857 0.011250
2 0.611607 0.715625 0.017857 0.012500
2 0.655357 0.709688 0.016071 0.010000
2 0.637946 0.689688 0.021429 0.013750
2 0.642857 0.693125 0.017857 0.011250
2 0.646429 0.697813 0.016071 0.011250
2 0.657143 0.687812 0.019643 0.010000
2 0.665179 0.693125 0.017857 0.011250
2 0.668750 0.697813 0.016071 0.011250
2 0.686607 0.719688 0.016071 0.011250
2 0.675446 0.708125 0.016071 0.010000
2 0.660714 0.715000 0.017857 0.011250
2 0.664286 0.720625 0.016071 0.010000
2 0.673214 0.727500 0.016071 0.011250
2 0.690179 0.725313 0.014286 0.010000
2 0.700000 0.736250 0.016071 0.010000
2 0.679464 0.737500 0.019643 0.012500
2 0.684375 0.744062 0.016071 0.010000
2 0.822321 0.142813 0.028571 0.026250
2 0.777232 0.171875 0.041071 0.037500
2 0.725000 0.192188 0.039286 0.037500
2 0.624107 0.352187 0.016071 0.038750
2 0.819643 0.610625 0.023214 0.015000
2 0.837054 0.654687 0.017857 0.012500
2 0.930804 0.447813 0.017857 0.011250
2 0.690179 0.439063 0.014286 0.012500
2 0.787054 0.411562 0.016071 0.013750
2 0.778125 0.414062 0.016071 0.012500
2 0.769643 0.417812 0.012500 0.013750
2 0.766964 0.403750 0.016071 0.013750
2 0.760268 0.406875 0.016071 0.013750
2 0.761607 0.420312 0.014286 0.012500
2 0.754911 0.425000 0.014286 0.012500
2 0.753571 0.409375 0.016071 0.012500
2 0.744643 0.413750 0.016071 0.015000
2 0.745982 0.428750 0.014286 0.013750
2 0.739286 0.430938 0.014286 0.015000
2 0.731250 0.416875 0.016071 0.015000
2 0.721429 0.422500 0.014286 0.013750
2 0.730804 0.433750 0.010714 0.011250
2 0.723214 0.436562 0.017857 0.013750
2 0.715625 0.440625 0.016071 0.012500
2 0.706696 0.431875 0.016071 0.013750
2 0.697768 0.434375 0.016071 0.012500
2 0.707589 0.445937 0.017857 0.013750
2 0.775893 0.400625 0.016071 0.013750
2 0.782589 0.398125 0.016071 0.015000
2 0.791518 0.395000 0.016071 0.015000
2 0.847768 0.386875 0.012500 0.011250
2 0.896429 0.398125 0.016071 0.015000
2 0.986607 0.429688 0.017857 0.012500
2 0.984375 0.425625 0.017857 0.013750
2 0.977232 0.420312 0.021429 0.012500
2 0.980357 0.377188 0.014286 0.013750
2 0.971429 0.378750 0.014286 0.013750
2 0.964286 0.384375 0.017857 0.012500
2 0.953571 0.385313 0.014286 0.011250
2 0.837054 0.391250 0.017857 0.013750
2 0.798214 0.391875 0.016071 0.015000
2 0.816964 0.398750 0.017857 0.016250
2 0.808036 0.401562 0.017857 0.012500
2 0.794643 0.409062 0.017857 0.015000
2 0.839732 0.372500 0.014286 0.013750
2 0.833036 0.377188 0.014286 0.013750
2 0.825446 0.380625 0.012500 0.011250
2 0.815179 0.383437 0.014286 0.013750
2 0.807589 0.387500 0.012500 0.012500
2 0.700000 0.446875 0.016071 0.012500
2 0.682143 0.440625 0.016071 0.012500
2 0.869643 0.409375 0.016071 0.012500
2 0.690179 0.451562 0.014286 0.012500
2 0.807143 0.351250 0.016071 0.015000
2 0.800446 0.353750 0.016071 0.013750
2 0.791964 0.355938 0.012500 0.015000
2 0.784821 0.359063 0.016071 0.015000
2 0.775000 0.363125 0.014286 0.013750
2 0.769643 0.368125 0.012500 0.011250
2 0.761161 0.371250 0.017857 0.011250
2 0.754464 0.374063 0.017857 0.013750
2 0.741071 0.379375 0.017857 0.015000
2 0.730357 0.382812 0.014286 0.012500
2 0.721429 0.385313 0.014286 0.011250
2 0.714286 0.390000 0.017857 0.011250
2 0.706696 0.393750 0.016071 0.012500
2 0.698661 0.397500 0.017857 0.013750
2 0.691964 0.401562 0.017857 0.012500
2 0.682143 0.405625 0.016071 0.011250
2 0.675446 0.410000 0.016071 0.013750
2 0.665179 0.411562 0.017857 0.013750
2 0.657143 0.415313 0.019643 0.015000
2 0.818304 0.345000 0.016071 0.015000
2 0.830357 0.341875 0.017857 0.015000
2 0.838393 0.335625 0.016071 0.015000
2 0.644196 0.459063 0.016071 0.015000
2 0.683482 0.455312 0.014286 0.013750
2 0.673214 0.443438 0.016071 0.015000
2 0.675446 0.460313 0.016071 0.011250
2 0.667857 0.463750 0.014286 0.015000
2 0.658036 0.452500 0.012500 0.011250
2 0.648661 0.454688 0.016071 0.012500
2 0.661161 0.466875 0.014286 0.015000
2 0.653125 0.470000 0.016071 0.015000
2 0.645536 0.473438 0.014286 0.012500
2 0.601786 0.476250 0.016071 0.015000
2 0.637500 0.477813 0.016071 0.015000
2 0.635268 0.462188 0.016071 0.015000
2 0.627232 0.466875 0.017857 0.015000
2 0.618304 0.468438 0.017857 0.015000
2 0.628571 0.480312 0.016071 0.013750
2 0.619643 0.482812 0.016071 0.012500
2 0.610714 0.487187 0.016071 0.015000
2 0.610714 0.472500 0.016071 0.013750
2 0.881696 0.402813 0.017857 0.015000
2 0.860714 0.415937 0.016071 0.016250
2 0.846875 0.664375 0.019643 0.010000
2 0.729911 0.523125 0.017857 0.015000
2 0.873214 0.535937 0.023214 0.012500
2 0.884821 0.548438 0.019643 0.012500
2 0.709821 0.583437 0.017857 0.013750
2 0.717857 0.579688 0.016071 0.012500
2 0.724107 0.576875 0.019643 0.016250
2 0.750000 0.566250 0.017857 0.013750
2 0.758036 0.563125 0.016071 0.013750
2 0.764732 0.560625 0.016071 0.015000
2 0.781250 0.554375 0.017857 0.015000
2 0.789286 0.550625 0.016071 0.013750
2 0.798214 0.546563 0.016071 0.015000
2 0.787946 0.510938 0.017857 0.012500
2 0.779018 0.501250 0.017857 0.015000
2 0.787946 0.497500 0.017857 0.013750
2 0.798214 0.508437 0.016071 0.013750
2 0.781250 0.516875 0.017857 0.015000
2 0.745982 0.514687 0.014286 0.013750
2 0.761607 0.509375 0.014286 0.012500
2 0.755804 0.526250 0.016071 0.015000
2 0.867857 0.529062 0.021429 0.011250
2 0.858036 0.518750 0.019643 0.012500
2 0.847768 0.507812 0.021429 0.012500
2 0.901339 0.476562 0.021429 0.012500
2 0.939286 0.431250 0.021429 0.012500
2 0.946429 0.441563 0.017857 0.011250
2 0.951786 0.447187 0.019643 0.010000
2 0.959821 0.458125 0.017857 0.010000
2 0.966518 0.463438 0.017857 0.011250
2 0.969643 0.469062 0.019643 0.010000
2 0.943304 0.464375 0.016071 0.010000
2 0.897321 0.471250 0.017857 0.011250
2 0.908929 0.489063 0.023214 0.012500
2 0.988839 0.490625 0.017857 0.012500
2 0.916071 0.493750 0.019643 0.012500
2 0.921429 0.500000 0.021429 0.012500
2 0.916071 0.522813 0.019643 0.011250
2 0.907143 0.512813 0.019643 0.010000
2 0.954018 0.477500 0.019643 0.011250
2 0.960714 0.481250 0.019643 0.012500
2 0.969643 0.491250 0.019643 0.013750
2 0.986161 0.485313 0.021429 0.011250
2 0.737946 0.518437 0.016071 0.015000
2 0.734821 0.535937 0.014286 0.012500
2 0.851339 0.419063 0.019643 0.016250
2 0.702232 0.550625 0.016071 0.013750
2 0.690179 0.488438 0.014286 0.011250
2 0.697768 0.484375 0.016071 0.012500
2 0.704464 0.479375 0.016071 0.015000
2 0.714732 0.478125 0.014286 0.012500
2 0.723661 0.475000 0.014286 0.012500
2 0.730357 0.470313 0.014286 0.012500
2 0.737054 0.468750 0.014286 0.012500
2 0.743750 0.464062 0.014286 0.012500
2 0.746875 0.478750 0.016071 0.013750
2 0.754911 0.475625 0.014286 0.013750
2 0.761607 0.471875 0.014286 0.012500
2 0.753571 0.459375 0.016071 0.012500
2 0.761607 0.458437 0.014286 0.013750
2 0.771429 0.453750 0.016071 0.013750
2 0.778125 0.450000 0.016071 0.012500
2 0.803125 0.440625 0.012500 0.012500
2 0.809375 0.435937 0.016071 0.012500
2 0.816964 0.433437 0.017857 0.013750
2 0.828125 0.430000 0.017857 0.016250
2 0.683036 0.490625 0.017857 0.012500
2 0.672321 0.493125 0.014286 0.011250
2 0.665179 0.497500 0.017857 0.013750
2 0.722768 0.489063 0.012500 0.012500
2 0.716964 0.542812 0.014286 0.013750
2 0.723661 0.538438 0.014286 0.011250
2 0.715625 0.528125 0.016071 0.012500
2 0.706250 0.532813 0.010714 0.012500
2 0.691071 0.540625 0.016071 0.012500
2 0.692411 0.553750 0.014286 0.013750
2 0.682143 0.559375 0.016071 0.012500
2 0.732589 0.485000 0.014286 0.013750
2 0.708036 0.496250 0.014286 0.011250
2 0.656696 0.500625 0.014286 0.013750
2 0.690179 0.503125 0.014286 0.012500
2 0.684375 0.506250 0.016071 0.012500
2 0.676339 0.510000 0.017857 0.013750
2 0.668750 0.513125 0.016071 0.013750
2 0.660714 0.516250 0.017857 0.013750
2 0.631696 0.511562 0.017857 0.013750
2 0.641071 0.507812 0.014286 0.012500
2 0.650893 0.503750 0.016071 0.013750
2 0.650000 0.418750 0.014286 0.012500
2 0.641964 0.422500 0.016071 0.013750
2 0.633929 0.424687 0.017857 0.015000
2 0.585268 0.603125 0.014286 0.012500
2 0.567411 0.609375 0.014286 0.012500
2 0.609375 0.574688 0.017857 0.015000
2 0.590625 0.583437 0.016071 0.013750
2 0.575000 0.591250 0.016071 0.013750
2 0.575893 0.603750 0.017857 0.013750
2 0.591071 0.597187 0.012500 0.010000
2 0.604018 0.439687 0.016071 0.013750
2 0.600000 0.593125 0.012500 0.011250
2 0.956250 0.571250 0.019643 0.011250
2 0.961607 0.578125 0.021429 0.012500
2 0.968750 0.581875 0.017857 0.013750
2 0.978125 0.593750 0.014286 0.006250
2 0.988839 0.611563 0.017857 0.007500
2 0.898214 0.565625 0.019643 0.012500
2 0.904911 0.571875 0.019643 0.012500
2 0.907143 0.577500 0.019643 0.011250
2 0.916071 0.582812 0.019643 0.012500
2 0.920536 0.586875 0.019643 0.011250
2 0.924107 0.592187 0.017857 0.012500
2 0.929464 0.598437 0.019643 0.012500
2 0.934821 0.603750 0.021429 0.013750
2 0.950446 0.620937 0.021429 0.013750
2 0.863393 0.599062 0.021429 0.013750
2 0.882143 0.620937 0.023214 0.013750
2 0.889286 0.633125 0.019643 0.010000
2 0.853125 0.587500 0.023214 0.012500
2 0.760714 0.627188 0.021429 0.013750
2 0.950000 0.559063 0.016071 0.008750
2 0.601786 0.631250 0.016071 0.012500
2 0.607143 0.591250 0.017857 0.013750
2 0.623661 0.583125 0.019643 0.016250
2 0.637500 0.580000 0.016071 0.016250
2 0.656250 0.607500 0.017857 0.015000
2 0.647321 0.610000 0.017857 0.013750
2 0.629911 0.617812 0.014286 0.013750
2 0.616518 0.624062 0.014286 0.013750
2 0.607589 0.628125 0.014286 0.012500
2 0.591964 0.634375 0.014286 0.012500
2 0.583036 0.635625 0.014286 0.015000
2 0.568304 0.644375 0.016071 0.013750
2 0.566071 0.557813 0.016071 0.012500
2 0.563839 0.492188 0.016071 0.012500
2 0.574107 0.503125 0.014286 0.012500
2 0.565179 0.507812 0.014286 0.012500
2 0.593750 0.442188 0.017857 0.012500
2 0.577232 0.448437 0.016071 0.012500
2 0.570536 0.453750 0.016071 0.013750
2 0.564732 0.541875 0.017857 0.015000
2 0.574107 0.539687 0.014286 0.013750
2 0.581696 0.535625 0.016071 0.015000
2 0.588393 0.531875 0.016071 0.013750
2 0.595982 0.528125 0.017857 0.012500
2 0.581696 0.551562 0.016071 0.012500
2 0.985268 0.246875 0.028571 0.025000
