2 0.684375 0.545937 0.016071 0.020000
2 0.992411 0.985313 0.016071 0.023750
2 0.822321 0.501250 0.028571 0.008750
2 0.987946 0.516563 0.025000 0.011250
2 0.577232 0.793125 0.016071 0.017500
2 0.653571 0.485000 0.030357 0.013750
2 0.689732 0.153750 0.035714 0.013750
2 0.915625 0.334375 0.032143 0.012500
2 0.678571 0.522188 0.026786 0.022500
2 0.676786 0.313437 0.032143 0.011250
2 0.580804 0.440937 0.032143 0.010000
2 0.739732 0.458750 0.028571 0.011250
2 0.787500 0.323750 0.030357 0.010000
2 0.720536 0.030625 0.030357 0.011250
