2 0.472321 0.390625 0.007143 0.012500
2 0.421875 0.336875 0.008929 0.011250
2 0.473661 0.358125 0.014286 0.003750
2 0.475000 0.362500 0.012500 0.006250
2 0.476786 0.380625 0.016071 0.005000
2 0.409821 0.390000 0.007143 0.011250
2 0.417857 0.387813 0.005357 0.010000
2 0.425446 0.386875 0.007143 0.011250
2 0.433482 0.387813 0.005357 0.010000
2 0.441071 0.388437 0.007143 0.011250
2 0.447768 0.390000 0.007143 0.011250
2 0.455804 0.388750 0.005357 0.008750
2 0.463393 0.388125 0.007143 0.013750
2 0.482143 0.390000 0.008929 0.011250
2 0.062946 0.497813 0.014286 0.005000
2 0.909821 0.296250 0.016071 0.011250
2 0.793304 0.298438 0.010714 0.012500
2 0.662500 0.339062 0.012500 0.012500
2 0.672768 0.340000 0.010714 0.011250
2 0.685268 0.421875 0.008929 0.012500
2 0.697768 0.421875 0.007143 0.012500
2 0.734375 0.415625 0.017857 0.006250
2 0.735714 0.423750 0.016071 0.003750
2 0.734821 0.430625 0.014286 0.005000
2 0.735714 0.450000 0.016071 0.006250
2 0.784821 0.520625 0.007143 0.010000
2 0.804018 0.519688 0.005357 0.011250
2 0.413393 0.336250 0.005357 0.010000
2 0.405357 0.336250 0.007143 0.010000
2 0.388839 0.374375 0.014286 0.005000
2 0.389732 0.369062 0.016071 0.003750
2 0.348214 0.333750 0.008929 0.011250
2 0.357589 0.346875 0.005357 0.012500
2 0.345089 0.389375 0.007143 0.010000
2 0.333929 0.405625 0.007143 0.011250
2 0.344643 0.441250 0.010714 0.013750
2 0.287946 0.408437 0.008929 0.013750
2 0.290179 0.451562 0.008929 0.012500
2 0.531696 0.170938 0.005357 0.013750
2 0.542411 0.169375 0.008929 0.013750
2 0.552679 0.169375 0.007143 0.013750
2 0.545536 0.217188 0.019643 0.006250
2 0.572321 0.229063 0.010714 0.011250
2 0.562500 0.228125 0.008929 0.012500
2 0.555357 0.228125 0.012500 0.012500
2 0.536161 0.235000 0.014286 0.007500
2 0.514732 0.232813 0.007143 0.012500
2 0.524107 0.246875 0.021429 0.006250
2 0.468750 0.247812 0.017857 0.005000
2 0.388839 0.334687 0.014286 0.003750
2 0.388839 0.340313 0.014286 0.002500
2 0.390179 0.344062 0.012500 0.003750
2 0.390179 0.349375 0.012500 0.005000
2 0.390179 0.355000 0.012500 0.003750
2 0.389732 0.359687 0.016071 0.003750
2 0.389732 0.365937 0.016071 0.003750
2 0.677679 0.521563 0.007143 0.008750
2 0.666518 0.521250 0.007143 0.011250
2 0.656696 0.521875 0.005357 0.012500
2 0.101339 0.387500 0.010714 0.012500
2 0.252679 0.507812 0.014286 0.006250
2 0.231250 0.520625 0.007143 0.010000
2 0.216518 0.520312 0.008929 0.012500
2 0.208482 0.519688 0.010714 0.011250
2 0.197768 0.519688 0.007143 0.011250
2 0.182143 0.520312 0.007143 0.012500
2 0.179911 0.505938 0.016071 0.008750
2 0.130804 0.520625 0.007143 0.010000
2 0.120982 0.519062 0.005357 0.010000
2 0.112054 0.518125 0.005357 0.011250
2 0.104911 0.520312 0.008929 0.012500
2 0.095089 0.518750 0.007143 0.012500
2 0.086161 0.518125 0.007143 0.011250
2 0.077232 0.518750 0.007143 0.012500
2 0.063839 0.411875 0.016071 0.005000
2 0.066071 0.421250 0.016071 0.005000
2 0.064286 0.434375 0.012500 0.006250
2 0.064286 0.441563 0.012500 0.005000
2 0.064286 0.448750 0.012500 0.003750
2 0.062946 0.454063 0.014286 0.005000
2 0.063839 0.459687 0.016071 0.003750
2 0.062054 0.465313 0.012500 0.002500
2 0.064286 0.470625 0.012500 0.003750
2 0.063839 0.476875 0.016071 0.003750
2 0.063839 0.482188 0.016071 0.005000
2 0.135714 0.401875 0.012500 0.010000
2 0.119196 0.385313 0.010714 0.011250
2 0.648661 0.520625 0.007143 0.010000
2 0.139286 0.386250 0.010714 0.010000
2 0.638393 0.520625 0.008929 0.010000
2 0.628571 0.520625 0.007143 0.010000
2 0.619643 0.522188 0.007143 0.010000
2 0.612946 0.522188 0.007143 0.010000
2 0.601786 0.521250 0.007143 0.011250
2 0.591964 0.521250 0.005357 0.011250
2 0.586161 0.520625 0.007143 0.010000
2 0.576339 0.520000 0.005357 0.008750
2 0.566071 0.520625 0.007143 0.010000
2 0.557143 0.522813 0.007143 0.011250
2 0.546875 0.521875 0.008929 0.012500
2 0.476786 0.511250 0.016071 0.003750
2 0.331696 0.490625 0.007143 0.012500
2 0.275893 0.502500 0.007143 0.011250
2 0.287054 0.521875 0.007143 0.012500
2 0.341518 0.578125 0.008929 0.012500
2 0.367411 0.569375 0.007143 0.013750
2 0.329464 0.603125 0.007143 0.012500
2 0.232143 0.386875 0.008929 0.011250
2 0.237054 0.405000 0.014286 0.010000
2 0.204018 0.386875 0.010714 0.011250
2 0.180357 0.402500 0.012500 0.011250
2 0.172321 0.402500 0.014286 0.011250
2 0.156696 0.401875 0.014286 0.010000
2 0.156250 0.388750 0.008929 0.008750
2 0.334821 0.328125 0.008929 0.012500
2 0.250000 0.297812 0.017857 0.005000
2 0.254464 0.283750 0.017857 0.005000
2 0.254464 0.275938 0.017857 0.005000
2 0.334821 0.016875 0.008929 0.015000
2 0.350893 0.028437 0.005357 0.010000
2 0.339286 0.066562 0.008929 0.011250
2 0.349107 0.080625 0.010714 0.011250
2 0.350893 0.119063 0.005357 0.010000
2 0.338393 0.114375 0.007143 0.010000
2 0.462054 0.085938 0.008929 0.012500
2 0.433036 0.121250 0.008929 0.011250
2 0.415625 0.125000 0.005357 0.012500
2 0.349554 0.172812 0.007143 0.011250
2 0.349554 0.201250 0.007143 0.008750
2 0.337946 0.179688 0.010714 0.012500
2 0.312500 0.150313 0.008929 0.010000
2 0.314732 0.164375 0.008929 0.010000
2 0.314732 0.179062 0.008929 0.011250
2 0.313393 0.196250 0.010714 0.011250
2 0.293304 0.196250 0.010714 0.011250
2 0.102232 0.202500 0.012500 0.011250
2 0.068304 0.190625 0.016071 0.006250
2 0.070536 0.213125 0.016071 0.007500
2 0.338393 0.228125 0.007143 0.012500
2 0.300446 0.264062 0.007143 0.012500
2 0.347321 0.270937 0.007143 0.013750
2 0.337054 0.282813 0.008929 0.012500
2 0.345982 0.298438 0.008929 0.012500
2 0.062500 0.490000 0.017857 0.005000
2 0.071875 0.668125 0.005357 0.011250
2 0.080804 0.670000 0.005357 0.008750
2 0.923214 0.256250 0.016071 0.006250
2 0.960268 0.340625 0.014286 0.012500
2 0.973661 0.340625 0.014286 0.012500
2 0.776786 0.151875 0.008929 0.010000
2 0.875446 0.134063 0.014286 0.008750
2 0.874107 0.144375 0.016071 0.007500
2 0.875893 0.151875 0.019643 0.010000
2 0.876339 0.156875 0.016071 0.007500
2 0.875446 0.163750 0.014286 0.008750
2 0.877232 0.170000 0.017857 0.008750
2 0.941964 0.234063 0.017857 0.008750
2 0.987946 0.342187 0.016071 0.012500
2 0.939732 0.865625 0.008929 0.012500
2 0.963839 0.821562 0.021429 0.008750
2 0.903125 0.855625 0.016071 0.005000
2 0.197768 0.833125 0.016071 0.010000
2 0.194643 0.854375 0.014286 0.008750
2 0.191071 0.880000 0.016071 0.010000
2 0.209821 0.885625 0.008929 0.015000
2 0.218750 0.883750 0.008929 0.011250
2 0.229018 0.881563 0.007143 0.010000
2 0.427679 0.780625 0.007143 0.011250
2 0.435714 0.780625 0.005357 0.011250
2 0.462500 0.781250 0.005357 0.012500
2 0.510268 0.570937 0.007143 0.013750
2 0.573661 0.706250 0.008929 0.012500
2 0.575893 0.757188 0.008929 0.011250
2 0.595982 0.758750 0.008929 0.011250
2 0.600893 0.687500 0.014286 0.006250
2 0.617857 0.686250 0.012500 0.003750
2 0.671429 0.770625 0.012500 0.003750
2 0.658929 0.806875 0.014286 0.007500
2 0.629464 0.790000 0.017857 0.005000
2 0.641071 0.796250 0.014286 0.005000
2 0.604911 0.793750 0.008929 0.012500
2 0.638393 0.764375 0.017857 0.003750
2 0.638393 0.692187 0.017857 0.006250
2 0.653125 0.692500 0.016071 0.003750
2 0.670536 0.693750 0.010714 0.006250
2 0.604018 0.698438 0.016071 0.006250
2 0.619643 0.699375 0.016071 0.005000
2 0.194643 0.839687 0.014286 0.007500
2 0.337946 0.715000 0.010714 0.011250
2 0.654464 0.699375 0.014286 0.005000
2 0.382143 0.776250 0.014286 0.008750
2 0.121429 0.670937 0.010714 0.013750
2 0.131696 0.670312 0.008929 0.012500
2 0.146429 0.684375 0.016071 0.012500
2 0.144196 0.697813 0.016071 0.011250
2 0.142857 0.716562 0.017857 0.011250
2 0.145089 0.722813 0.017857 0.011250
2 0.146429 0.729375 0.016071 0.008750
2 0.144643 0.740625 0.021429 0.012500
2 0.142857 0.754063 0.017857 0.011250
2 0.057143 0.716875 0.007143 0.015000
2 0.055804 0.733125 0.008929 0.010000
2 0.055804 0.753125 0.008929 0.012500
2 0.240179 0.725938 0.016071 0.005000
2 0.240179 0.730625 0.016071 0.005000
2 0.240625 0.736250 0.012500 0.003750
2 0.237054 0.749375 0.014286 0.005000
2 0.238393 0.755625 0.012500 0.005000
2 0.239286 0.773438 0.014286 0.006250
2 0.236607 0.786562 0.017857 0.007500
2 0.270982 0.766563 0.010714 0.011250
2 0.156250 0.800625 0.017857 0.007500
2 0.281696 0.856250 0.005357 0.012500
2 0.292411 0.878125 0.008929 0.012500
2 0.325000 0.886562 0.007143 0.013750
2 0.379464 0.791563 0.017857 0.005000
2 0.637500 0.699375 0.016071 0.005000
2 0.672321 0.698750 0.014286 0.003750
2 0.883036 0.848437 0.016071 0.006250
2 0.575893 0.853125 0.008929 0.012500
2 0.592857 0.852500 0.007143 0.011250
2 0.606250 0.851875 0.007143 0.010000
2 0.614286 0.852500 0.005357 0.011250
2 0.624107 0.852500 0.007143 0.011250
2 0.548214 0.874375 0.016071 0.005000
2 0.539286 0.889375 0.016071 0.003750
2 0.539286 0.900313 0.016071 0.003750
2 0.553571 0.889687 0.008929 0.013750
2 0.562054 0.876563 0.003571 0.012500
2 0.568750 0.876563 0.003571 0.012500
2 0.571429 0.890000 0.008929 0.011250
2 0.578571 0.876875 0.005357 0.010000
2 0.586161 0.877812 0.007143 0.008750
2 0.595536 0.879375 0.003571 0.008750
2 0.607589 0.892188 0.005357 0.012500
2 0.615179 0.891563 0.007143 0.011250
2 0.623214 0.890938 0.005357 0.010000
2 0.638839 0.892188 0.005357 0.012500
2 0.667857 0.873437 0.014286 0.006250
2 0.664732 0.889062 0.012500 0.006250
2 0.686607 0.886250 0.016071 0.003750
2 0.773214 0.890000 0.019643 0.005000
2 0.772768 0.895625 0.014286 0.003750
2 0.792411 0.896875 0.017857 0.006250
2 0.789732 0.904687 0.021429 0.006250
2 0.583036 0.851875 0.005357 0.010000
2 0.559375 0.850313 0.007143 0.010000
2 0.604464 0.720625 0.012500 0.003750
2 0.530357 0.852500 0.007143 0.011250
2 0.618750 0.721250 0.014286 0.005000
2 0.637946 0.721250 0.012500 0.005000
2 0.653571 0.721250 0.012500 0.005000
2 0.669643 0.721562 0.008929 0.002500
2 0.671429 0.715000 0.012500 0.005000
2 0.605357 0.728437 0.014286 0.003750
2 0.623214 0.728437 0.014286 0.003750
2 0.641518 0.727812 0.010714 0.002500
2 0.655804 0.726875 0.012500 0.003750
2 0.671429 0.728437 0.012500 0.003750
2 0.636607 0.733750 0.014286 0.005000
2 0.604018 0.739062 0.016071 0.006250
2 0.618750 0.744688 0.014286 0.005000
2 0.636607 0.743750 0.014286 0.006250
2 0.636607 0.751250 0.014286 0.002500
2 0.670982 0.755625 0.016071 0.005000
2 0.713393 0.479063 0.007143 0.011250
2 0.718750 0.607812 0.008929 0.012500
2 0.793750 0.628750 0.007143 0.013750
2 0.347321 0.808125 0.007143 0.010000
2 0.545982 0.836875 0.007143 0.011250
2 0.604464 0.833750 0.012500 0.011250
2 0.505804 0.861875 0.016071 0.005000
2 0.504464 0.873437 0.017857 0.006250
2 0.543750 0.852500 0.007143 0.011250
2 0.992857 0.583750 0.012500 0.042500
2 0.907589 0.629687 0.033929 0.006250
2 0.907589 0.635938 0.033929 0.006250
2 0.901786 0.664687 0.026786 0.007500
2 0.902232 0.674063 0.032143 0.007500
2 0.900893 0.681562 0.042857 0.010000
2 0.845089 0.744062 0.033929 0.010000
2 0.989286 0.476250 0.014286 0.027500
2 0.946429 0.455312 0.026786 0.007500
2 0.287500 0.625938 0.012500 0.042500
2 0.275446 0.593438 0.010714 0.046250
2 0.270536 0.699375 0.014286 0.042500
2 0.283036 0.739062 0.012500 0.043750
2 0.970982 0.860625 0.008929 0.015000
2 0.687500 0.894688 0.017857 0.005000
2 0.689732 0.905000 0.017857 0.003750
2 0.667857 0.906250 0.014286 0.006250
2 0.875000 0.864375 0.008929 0.010000
2 0.924107 0.865000 0.008929 0.011250
2 0.872768 0.214375 0.017857 0.010000
