2 0.566964 0.608750 0.017857 0.017500
2 0.659821 0.680000 0.016071 0.010000
2 0.651786 0.686250 0.017857 0.016250
2 0.225000 0.147500 0.030357 0.013750
2 0.903125 0.585313 0.025000 0.017500
2 0.722768 0.517500 0.012500 0.016250
2 0.839732 0.411562 0.014286 0.013750
2 0.225893 0.634375 0.014286 0.012500
2 0.251786 0.366563 0.021429 0.011250
2 0.203125 0.386563 0.017857 0.007500
2 0.771429 0.179375 0.016071 0.015000
2 0.032589 0.187188 0.025000 0.008750
2 0.229911 0.219375 0.008929 0.013750
2 0.241071 0.217813 0.008929 0.013750
2 0.262500 0.226250 0.016071 0.008750
2 0.130804 0.371875 0.016071 0.012500
2 0.127679 0.399688 0.023214 0.008750
2 0.125893 0.407500 0.019643 0.008750
2 0.261607 0.390625 0.014286 0.012500
2 0.469643 0.305938 0.019643 0.015000
2 0.067857 0.722187 0.019643 0.010000
2 0.077232 0.728750 0.016071 0.007500
2 0.606696 0.964375 0.021429 0.010000
2 0.691071 0.785625 0.016071 0.015000
2 0.950893 0.851250 0.017857 0.015000
2 0.553125 0.592812 0.021429 0.020000
2 0.404464 0.231562 0.014286 0.010000
2 0.412500 0.236875 0.012500 0.011250
2 0.430357 0.222812 0.021429 0.011250
2 0.445982 0.214688 0.012500 0.007500
2 0.733929 0.150625 0.012500 0.013750
2 0.832143 0.474375 0.012500 0.017500
2 0.946875 0.631875 0.014286 0.013750
2 0.263839 0.147812 0.014286 0.011250
2 0.347321 0.186250 0.025000 0.016250
