2 0.004018 0.956250 0.003571 0.006250
2 0.004018 0.961875 0.003571 0.005000
2 0.233036 0.808437 0.019643 0.013750
2 0.245536 0.846875 0.017857 0.006250
2 0.069196 0.751875 0.017857 0.010000
2 0.038839 0.755938 0.019643 0.008750
2 0.007589 0.778125 0.010714 0.012500
2 0.007589 0.767500 0.010714 0.010000
2 0.160714 0.995937 0.008929 0.007500
2 0.151786 0.995937 0.008929 0.007500
2 0.137054 0.998750 0.010714 0.003750
2 0.111607 0.979688 0.017857 0.006250
2 0.093750 0.981250 0.017857 0.006250
2 0.075893 0.979688 0.017857 0.006250
2 0.234375 0.988125 0.017857 0.013750
