2 0.066071 0.620000 0.016071 0.008750
2 0.717857 0.505000 0.016071 0.016250
2 0.107143 0.605000 0.017857 0.010000
2 0.585714 0.385313 0.019643 0.011250
2 0.693750 0.515625 0.012500 0.012500
2 0.725893 0.521875 0.014286 0.012500
2 0.653571 0.985625 0.030357 0.015000
2 0.842857 0.851250 0.025000 0.015000
2 0.885268 0.824687 0.016071 0.008750
2 0.828125 0.848437 0.017857 0.012500
2 0.131250 0.597187 0.021429 0.010000
2 0.233929 0.532188 0.021429 0.011250
2 0.846429 0.336562 0.023214 0.013750
2 0.892411 0.009062 0.021429 0.015000
2 0.203571 0.493125 0.014286 0.011250
2 0.196429 0.473125 0.017857 0.015000
2 0.204464 0.513125 0.016071 0.007500
2 0.215179 0.502812 0.019643 0.008750
2 0.843750 0.298750 0.017857 0.010000
2 0.715625 0.189375 0.007143 0.010000
2 0.747768 0.161250 0.008929 0.010000
2 0.791071 0.101875 0.019643 0.016250
2 0.882589 0.040000 0.019643 0.011250
2 0.835714 0.057188 0.019643 0.011250
2 0.087500 0.610625 0.014286 0.008750
2 0.039732 0.627500 0.021429 0.011250
2 0.850893 0.437812 0.014286 0.010000
2 0.959821 0.499375 0.017857 0.011250
2 0.959821 0.280938 0.062500 0.027500
2 0.016071 0.637813 0.023214 0.010000
2 0.022321 0.008750 0.017857 0.011250
2 0.859821 0.319062 0.023214 0.010000
2 0.720982 0.276562 0.008929 0.012500
2 0.293750 0.507500 0.016071 0.008750
2 0.384821 0.462500 0.019643 0.012500
2 0.506250 0.420312 0.021429 0.012500
2 0.535268 0.415937 0.021429 0.010000
2 0.354018 0.486562 0.016071 0.007500
2 0.807143 0.372500 0.016071 0.013750
