2 0.156250 0.951875 0.008929 0.016250
2 0.508929 0.950000 0.008929 0.012500
2 0.509821 0.966250 0.010714 0.013750
2 0.511161 0.984375 0.008929 0.012500
2 0.533482 0.962187 0.008929 0.008750
2 0.551786 0.961562 0.014286 0.007500
2 0.506696 0.929688 0.008929 0.012500
2 0.508929 0.911875 0.008929 0.011250
2 0.483929 0.715625 0.012500 0.012500
2 0.438393 0.396875 0.010714 0.012500
2 0.432589 0.474062 0.012500 0.013750
2 0.459375 0.591875 0.012500 0.015000
2 0.474107 0.678125 0.010714 0.012500
2 0.285714 0.745313 0.017857 0.012500
2 0.402679 0.703750 0.019643 0.007500
2 0.433036 0.703125 0.017857 0.006250
2 0.462500 0.706562 0.023214 0.010000
2 0.483929 0.742188 0.012500 0.012500
2 0.485268 0.760000 0.010714 0.013750
2 0.488393 0.780312 0.012500 0.013750
2 0.492857 0.801250 0.012500 0.015000
2 0.508929 0.808437 0.008929 0.013750
2 0.495089 0.824687 0.012500 0.015000
2 0.499107 0.880312 0.007143 0.013750
2 0.502232 0.892188 0.008929 0.012500
2 0.526786 0.887500 0.008929 0.012500
2 0.430804 0.366250 0.008929 0.013750
2 0.414732 0.322187 0.012500 0.016250
2 0.387054 0.304688 0.010714 0.012500
2 0.403571 0.271875 0.012500 0.012500
2 0.312054 0.002187 0.012500 0.001250
2 0.329018 0.009375 0.010714 0.012500
2 0.380357 0.055625 0.010714 0.011250
2 0.335714 0.077187 0.010714 0.013750
2 0.350893 0.163750 0.014286 0.015000
