2 0.160714 0.598437 0.044643 0.012500
2 0.278571 0.010937 0.030357 0.018750
2 0.248214 0.412188 0.023214 0.027500
2 0.265625 0.411250 0.017857 0.022500
2 0.158929 0.558437 0.041071 0.013750
2 0.158929 0.571250 0.041071 0.011250
2 0.158482 0.585000 0.044643 0.013750
2 0.544643 0.793438 0.017857 0.027500
2 0.435714 0.796250 0.023214 0.023750
2 0.454464 0.795000 0.016071 0.027500
2 0.476786 0.797187 0.016071 0.022500
2 0.592857 0.791563 0.016071 0.023750
2 0.434821 0.864062 0.021429 0.025000
2 0.464286 0.863750 0.017857 0.021250
2 0.795089 0.252500 0.023214 0.023750
2 0.715179 0.252500 0.019643 0.023750
2 0.692411 0.254375 0.023214 0.027500
2 0.640179 0.251250 0.021429 0.027500
2 0.621429 0.253125 0.019643 0.025000
2 0.576786 0.247500 0.019643 0.026250
2 0.535268 0.250312 0.021429 0.028750
2 0.453571 0.246250 0.023214 0.023750
2 0.391518 0.246563 0.019643 0.021250
2 0.318304 0.862813 0.016071 0.022500
2 0.292857 0.859375 0.023214 0.025000
2 0.274107 0.858125 0.021429 0.022500
2 0.233929 0.859375 0.021429 0.025000
2 0.235268 0.774375 0.019643 0.023750
2 0.159375 0.768750 0.019643 0.025000
2 0.341071 0.861875 0.021429 0.023750
