2 0.006696 0.675625 0.008929 0.013750
2 0.529018 0.330937 0.008929 0.015000
2 0.525000 0.366250 0.014286 0.013750
2 0.596429 0.421875 0.014286 0.012500
2 0.595536 0.448125 0.012500 0.015000
2 0.549107 0.416875 0.008929 0.015000
2 0.514286 0.445312 0.010714 0.012500
2 0.536607 0.392813 0.010714 0.020000
2 0.404911 0.047813 0.010714 0.030000
2 0.500446 0.241875 0.014286 0.015000
2 0.497321 0.279687 0.012500 0.012500
2 0.512946 0.240000 0.012500 0.011250
2 0.275000 0.008750 0.014286 0.011250
2 0.479464 0.185000 0.012500 0.013750
2 0.271875 0.033750 0.012500 0.011250
2 0.326339 0.104375 0.014286 0.015000
2 0.469196 0.102813 0.014286 0.015000
2 0.585268 0.043750 0.014286 0.012500
2 0.591071 0.016250 0.012500 0.013750
2 0.501786 0.028750 0.012500 0.013750
2 0.441518 0.123438 0.012500 0.012500
2 0.375446 0.156875 0.014286 0.013750
2 0.221875 0.465625 0.010714 0.012500
2 0.838393 0.636875 0.016071 0.011250
2 0.941071 0.704063 0.016071 0.011250
2 0.978571 0.412188 0.019643 0.015000
2 0.962500 0.472187 0.014286 0.010000
2 0.483929 0.870313 0.012500 0.012500
2 0.279911 0.845313 0.010714 0.012500
2 0.035714 0.817500 0.008929 0.010000
2 0.048661 0.821875 0.012500 0.012500
2 0.064286 0.821250 0.012500 0.011250
2 0.086607 0.823438 0.012500 0.012500
2 0.352232 0.889687 0.012500 0.013750
2 0.350000 0.936562 0.012500 0.013750
2 0.396875 0.875625 0.012500 0.013750
2 0.443750 0.940625 0.012500 0.012500
2 0.536607 0.948125 0.019643 0.015000
2 0.889732 0.191250 0.016071 0.013750
2 0.680357 0.159688 0.012500 0.010000
2 0.967857 0.965625 0.007143 0.012500
2 0.386607 0.850313 0.014286 0.016250
2 0.486161 0.824062 0.012500 0.013750
2 0.553125 0.733750 0.012500 0.011250
2 0.559821 0.775000 0.012500 0.012500
2 0.604464 0.645937 0.012500 0.013750
2 0.865179 0.319688 0.016071 0.011250
2 0.732143 0.371250 0.008929 0.011250
2 0.733929 0.400625 0.012500 0.013750
2 0.726786 0.454063 0.007143 0.011250
2 0.609375 0.537813 0.017857 0.010000
2 0.651339 0.562500 0.012500 0.012500
2 0.844643 0.673750 0.019643 0.016250
2 0.618750 0.646875 0.014286 0.012500
2 0.600000 0.697500 0.012500 0.013750
2 0.750000 0.328125 0.008929 0.012500
2 0.083036 0.576875 0.014286 0.010000
2 0.218750 0.657500 0.017857 0.008750
2 0.215625 0.669375 0.016071 0.007500
2 0.184375 0.739687 0.016071 0.007500
2 0.483929 0.664687 0.012500 0.013750
2 0.471875 0.757188 0.010714 0.011250
2 0.434821 0.758437 0.012500 0.013750
2 0.573214 0.718750 0.012500 0.012500
2 0.812054 0.309375 0.012500 0.012500
2 0.766964 0.303750 0.007143 0.013750
2 0.769196 0.226875 0.007143 0.010000
2 0.701786 0.051562 0.010714 0.012500
2 0.737500 0.098437 0.010714 0.012500
2 0.836607 0.093750 0.012500 0.012500
2 0.725446 0.144687 0.008929 0.011250
2 0.750000 0.172812 0.008929 0.011250
2 0.707143 0.038125 0.012500 0.013750
2 0.722768 0.092500 0.012500 0.016250
2 0.958929 0.256250 0.016071 0.012500
2 0.633482 0.098437 0.012500 0.012500
2 0.679464 0.129062 0.010714 0.011250
2 0.742411 0.868437 0.016071 0.008750
2 0.197768 0.711562 0.016071 0.007500
2 0.199554 0.705000 0.019643 0.010000
