2 0.715625 0.425625 0.016071 0.007500
2 0.598214 0.467812 0.017857 0.007500
2 0.787946 0.438750 0.017857 0.008750
2 0.845536 0.166875 0.021429 0.027500
2 0.855804 0.164688 0.019643 0.026250
2 0.885714 0.158438 0.021429 0.026250
2 0.895982 0.154375 0.019643 0.027500
2 0.904911 0.152812 0.019643 0.027500
2 0.916071 0.151250 0.019643 0.027500
2 0.925000 0.147812 0.019643 0.023750
2 0.946875 0.171563 0.023214 0.027500
2 0.937054 0.177187 0.021429 0.026250
2 0.897768 0.185000 0.023214 0.026250
2 0.876786 0.189688 0.021429 0.026250
2 0.866964 0.191875 0.019643 0.027500
2 0.776339 0.185000 0.039286 0.013750
2 0.785268 0.204687 0.039286 0.012500
2 0.827679 0.210625 0.039286 0.015000
2 0.829911 0.216875 0.039286 0.015000
2 0.792857 0.233438 0.041071 0.013750
2 0.796429 0.241875 0.039286 0.015000
2 0.854464 0.277813 0.021429 0.027500
2 0.866964 0.279375 0.019643 0.027500
2 0.885714 0.280000 0.021429 0.028750
2 0.901339 0.268437 0.021429 0.027500
2 0.911607 0.265937 0.019643 0.028750
2 0.919196 0.261563 0.021429 0.026250
2 0.942411 0.260625 0.023214 0.027500
2 0.950893 0.259063 0.017857 0.027500
2 0.923661 0.298125 0.021429 0.027500
2 0.937054 0.299063 0.021429 0.026250
2 0.965179 0.291875 0.019643 0.027500
2 0.970536 0.254375 0.021429 0.027500
2 0.992411 0.256875 0.016071 0.026250
