2 0.949107 0.242500 0.032143 0.010000
2 0.945089 0.258750 0.028571 0.011250
2 0.776786 0.557500 0.026786 0.008750
2 0.767857 0.546875 0.026786 0.012500
2 0.768750 0.534062 0.028571 0.008750
2 0.764286 0.522188 0.028571 0.010000
2 0.764286 0.507500 0.028571 0.008750
2 0.759375 0.489687 0.032143 0.013750
2 0.756250 0.476250 0.030357 0.008750
2 0.769643 0.463750 0.030357 0.008750
2 0.870982 0.426563 0.023214 0.031250
2 0.823661 0.414687 0.017857 0.026250
2 0.791964 0.414062 0.021429 0.018750
2 0.820536 0.369375 0.016071 0.026250
2 0.879464 0.342500 0.026786 0.010000
2 0.880804 0.330000 0.025000 0.010000
2 0.875446 0.317500 0.023214 0.010000
2 0.872321 0.296250 0.030357 0.011250
2 0.742857 0.278438 0.012500 0.016250
2 0.796429 0.268437 0.030357 0.021250
2 0.877679 0.683750 0.014286 0.030000
2 0.858929 0.684063 0.012500 0.021250
2 0.833036 0.691250 0.014286 0.026250
2 0.655357 0.698125 0.016071 0.021250
2 0.629464 0.696250 0.017857 0.023750
2 0.615625 0.705625 0.012500 0.017500
2 0.594196 0.701250 0.014286 0.021250
2 0.573214 0.702187 0.012500 0.020000
2 0.882589 0.464062 0.028571 0.012500
2 0.903571 0.491563 0.012500 0.023750
2 0.852232 0.475312 0.030357 0.010000
2 0.929018 0.315000 0.014286 0.017500
2 0.851786 0.485625 0.025000 0.008750
2 0.988393 0.484063 0.021429 0.008750
2 0.992857 0.508750 0.012500 0.011250
2 0.989732 0.532813 0.019643 0.012500
2 0.996875 0.580000 0.007143 0.010000
2 0.628571 0.606875 0.033929 0.020000
2 0.866071 0.555000 0.035714 0.010000
2 0.865625 0.540000 0.030357 0.011250
2 0.866964 0.521250 0.028571 0.011250
2 0.860268 0.508750 0.028571 0.011250
2 0.858036 0.495625 0.028571 0.010000
