2 0.121429 0.648750 0.010714 0.010000
2 0.394196 0.692500 0.007143 0.010000
2 0.596429 0.736250 0.005357 0.010000
2 0.609821 0.763125 0.005357 0.007500
2 0.615179 0.742500 0.007143 0.010000
2 0.394196 0.576250 0.033929 0.015000
2 0.395982 0.600625 0.046429 0.007500
2 0.054464 0.658125 0.010714 0.010000
2 0.090179 0.653438 0.010714 0.010000
2 0.133929 0.645625 0.008929 0.010000
2 0.115625 0.649375 0.012500 0.011250
2 0.204464 0.634062 0.007143 0.008750
2 0.598214 0.926875 0.008929 0.010000
2 0.213393 0.634062 0.007143 0.008750
2 0.220089 0.632500 0.007143 0.008750
2 0.235268 0.630938 0.010714 0.008750
2 0.241964 0.629063 0.010714 0.011250
2 0.177232 0.583750 0.010714 0.011250
2 0.490179 0.660313 0.007143 0.011250
2 0.499107 0.660313 0.007143 0.011250
2 0.619643 0.715313 0.007143 0.008750
2 0.621875 0.704063 0.007143 0.011250
2 0.623214 0.689375 0.005357 0.010000
2 0.409821 0.762188 0.007143 0.008750
2 0.665625 0.805000 0.014286 0.003750
2 0.665625 0.815312 0.014286 0.002500
2 0.664286 0.825937 0.016071 0.005000
2 0.595982 0.915938 0.008929 0.010000
2 0.590625 0.905000 0.007143 0.010000
2 0.610714 0.901250 0.007143 0.008750
2 0.615179 0.914375 0.007143 0.010000
2 0.622768 0.970625 0.008929 0.010000
2 0.631696 0.970000 0.008929 0.008750
2 0.640625 0.969688 0.008929 0.011250
2 0.647768 0.967500 0.005357 0.010000
2 0.655357 0.966250 0.007143 0.007500
2 0.682589 0.930625 0.012500 0.005000
2 0.640625 0.930625 0.017857 0.005000
2 0.636607 0.920000 0.014286 0.002500
2 0.637500 0.908125 0.016071 0.003750
2 0.635268 0.903438 0.016071 0.003750
2 0.634375 0.893125 0.014286 0.005000
2 0.633036 0.886250 0.016071 0.003750
2 0.674107 0.886250 0.017857 0.003750
2 0.668750 0.865625 0.016071 0.006250
2 0.665625 0.854063 0.014286 0.005000
2 0.663393 0.843125 0.014286 0.005000
2 0.663393 0.836250 0.014286 0.003750
2 0.607143 0.680625 0.008929 0.011250
2 0.620982 0.611250 0.005357 0.010000
2 0.633036 0.552500 0.007143 0.011250
2 0.275000 0.287188 0.041071 0.015000
2 0.270982 0.266250 0.037500 0.013750
2 0.266518 0.259063 0.037500 0.015000
2 0.264286 0.251250 0.037500 0.015000
2 0.263393 0.244375 0.035714 0.013750
2 0.259821 0.237188 0.037500 0.015000
2 0.258929 0.229375 0.035714 0.015000
2 0.261161 0.222500 0.035714 0.013750
2 0.281250 0.199063 0.035714 0.013750
2 0.234375 0.208437 0.035714 0.013750
2 0.273214 0.271875 0.037500 0.012500
2 0.276339 0.293438 0.039286 0.015000
2 0.454018 0.529062 0.010714 0.011250
2 0.447768 0.383125 0.007143 0.010000
2 0.675446 0.336562 0.007143 0.007500
2 0.682143 0.394687 0.007143 0.011250
2 0.691071 0.350312 0.007143 0.010000
2 0.697768 0.313437 0.007143 0.011250
2 0.702232 0.301875 0.007143 0.010000
2 0.703571 0.288750 0.005357 0.008750
2 0.706696 0.276250 0.007143 0.008750
2 0.708036 0.264688 0.005357 0.007500
2 0.711161 0.253750 0.007143 0.007500
2 0.712500 0.243438 0.005357 0.008750
2 0.458929 0.394375 0.016071 0.007500
2 0.252679 0.318438 0.014286 0.027500
2 0.458929 0.389375 0.016071 0.010000
2 0.463839 0.380938 0.012500 0.008750
2 0.463839 0.374688 0.012500 0.008750
2 0.463393 0.368438 0.016071 0.008750
2 0.427679 0.340938 0.007143 0.010000
2 0.408929 0.368125 0.014286 0.005000
2 0.426786 0.353437 0.005357 0.010000
2 0.429018 0.363750 0.005357 0.008750
2 0.422321 0.365000 0.005357 0.011250
2 0.420089 0.353750 0.005357 0.007500
2 0.653125 0.433750 0.007143 0.011250
2 0.650893 0.446250 0.007143 0.011250
2 0.668750 0.473438 0.007143 0.012500
2 0.646429 0.473125 0.007143 0.008750
2 0.455804 0.541875 0.005357 0.008750
2 0.474554 0.544687 0.007143 0.011250
2 0.414732 0.553125 0.012500 0.006250
2 0.463393 0.514375 0.007143 0.010000
2 0.415625 0.538750 0.014286 0.008750
2 0.429911 0.505000 0.016071 0.003750
2 0.387500 0.505625 0.016071 0.005000
2 0.429018 0.495625 0.014286 0.003750
2 0.490179 0.484687 0.007143 0.010000
2 0.474554 0.496250 0.007143 0.011250
2 0.499107 0.458750 0.007143 0.011250
2 0.373214 0.522813 0.014286 0.005000
2 0.388393 0.492500 0.017857 0.003750
2 0.439286 0.464375 0.012500 0.003750
2 0.381250 0.465938 0.012500 0.003750
2 0.380804 0.449062 0.016071 0.007500
2 0.442411 0.443125 0.014286 0.005000
2 0.400000 0.422187 0.005357 0.010000
2 0.368750 0.328437 0.014286 0.003750
2 0.357589 0.279062 0.014286 0.005000
2 0.306250 0.271250 0.014286 0.005000
2 0.417857 0.342500 0.005357 0.010000
2 0.499107 0.375312 0.007143 0.010000
2 0.794196 0.146875 0.012500 0.006250
2 0.116964 0.284062 0.019643 0.027500
2 0.125893 0.280938 0.019643 0.027500
2 0.136607 0.280938 0.023214 0.027500
2 0.142411 0.241875 0.021429 0.027500
2 0.152232 0.239375 0.023214 0.028750
2 0.162500 0.236250 0.021429 0.028750
2 0.172321 0.235000 0.023214 0.026250
2 0.181250 0.232500 0.023214 0.027500
2 0.230804 0.273438 0.037500 0.012500
2 0.232589 0.280313 0.041071 0.013750
2 0.235268 0.298750 0.037500 0.010000
2 0.187054 0.307188 0.039286 0.017500
2 0.160714 0.322500 0.017857 0.026250
2 0.183482 0.346562 0.023214 0.027500
2 0.170536 0.349688 0.019643 0.027500
2 0.798214 0.129062 0.016071 0.005000
2 0.667411 0.375937 0.008929 0.011250
2 0.601786 0.808125 0.007143 0.010000
2 0.635268 0.526875 0.007143 0.010000
2 0.529018 0.486562 0.008929 0.013750
