2 0.844196 0.645000 0.032143 0.008750
2 0.914732 0.660313 0.030357 0.011250
2 0.868750 0.379062 0.032143 0.011250
2 0.812946 0.415000 0.032143 0.011250
2 0.821875 0.480625 0.032143 0.011250
2 0.893750 0.530000 0.028571 0.010000
2 0.896429 0.563438 0.033929 0.011250
2 0.833929 0.557500 0.033929 0.008750
2 0.849554 0.687812 0.042857 0.010000
2 0.862054 0.752812 0.032143 0.008750
2 0.868750 0.796250 0.032143 0.011250
2 0.875000 0.830625 0.026786 0.011250
2 0.875446 0.853125 0.032143 0.012500
2 0.933036 0.792500 0.026786 0.010000
2 0.930357 0.758437 0.030357 0.007500
2 0.926786 0.748125 0.032143 0.008750
2 0.916964 0.695312 0.030357 0.012500
2 0.903571 0.608125 0.030357 0.010000
2 0.903571 0.595625 0.030357 0.010000
2 0.907589 0.629687 0.033929 0.012500
