2 0.680804 0.103750 0.017857 0.013750
2 0.878571 0.122812 0.016071 0.011250
2 0.861607 0.113125 0.017857 0.013750
2 0.842857 0.146875 0.016071 0.012500
2 0.812500 0.145937 0.017857 0.013750
2 0.789286 0.175625 0.016071 0.013750
2 0.781250 0.171875 0.017857 0.012500
2 0.773661 0.164062 0.016071 0.012500
2 0.834821 0.096875 0.017857 0.012500
2 0.821429 0.087500 0.017857 0.012500
2 0.813393 0.085000 0.019643 0.013750
2 0.726786 0.068125 0.016071 0.011250
2 0.686607 0.110000 0.016071 0.013750
2 0.891964 0.114062 0.016071 0.012500
2 0.696429 0.111563 0.017857 0.013750
2 0.703125 0.120000 0.017857 0.015000
2 0.798214 0.072500 0.016071 0.013750
2 0.843750 0.081875 0.017857 0.013750
2 0.851786 0.090625 0.016071 0.012500
2 0.860714 0.091875 0.016071 0.015000
2 0.866071 0.096875 0.017857 0.012500
2 0.875000 0.103750 0.017857 0.013750
2 0.881696 0.107813 0.017857 0.012500
2 0.732143 0.141562 0.026786 0.017500
2 0.922321 0.087813 0.023214 0.016250
2 0.885268 0.130312 0.016071 0.013750
2 0.942411 0.084375 0.014286 0.012500
2 0.854911 0.028750 0.008929 0.013750
2 0.706250 0.033437 0.010714 0.013750
2 0.716518 0.031875 0.008929 0.013750
2 0.727679 0.031875 0.008929 0.013750
2 0.800446 0.021875 0.007143 0.012500
2 0.812500 0.021875 0.008929 0.012500
2 0.801339 0.037500 0.008929 0.012500
2 0.811161 0.035937 0.010714 0.012500
2 0.821429 0.034375 0.008929 0.012500
2 0.845982 0.026562 0.008929 0.012500
2 0.842857 0.040625 0.007143 0.012500
2 0.863839 0.041250 0.008929 0.013750
2 0.866964 0.026250 0.010714 0.015000
2 0.898661 0.028750 0.007143 0.013750
2 0.883929 0.042812 0.008929 0.013750
2 0.895089 0.044375 0.008929 0.013750
2 0.904911 0.045000 0.010714 0.015000
2 0.916964 0.045937 0.012500 0.013750
2 0.968750 0.053125 0.008929 0.012500
2 0.982143 0.053125 0.008929 0.012500
2 0.992411 0.053125 0.007143 0.012500
2 0.929911 0.121562 0.033929 0.021250
2 0.565625 0.060937 0.055357 0.037500
2 0.505357 0.739687 0.019643 0.013750
2 0.584821 0.859375 0.008929 0.012500
2 0.696429 0.028750 0.008929 0.013750
