2 0.549107 0.116250 0.008929 0.013750
2 0.061161 0.393125 0.019643 0.005000
2 0.036161 0.393750 0.023214 0.006250
2 0.015179 0.411875 0.021429 0.005000
2 0.068750 0.683125 0.021429 0.010000
2 0.098661 0.701875 0.023214 0.010000
2 0.325000 0.819688 0.016071 0.011250
2 0.357143 0.837500 0.017857 0.012500
2 0.428125 0.811875 0.021429 0.005000
2 0.550000 0.791250 0.010714 0.013750
2 0.563393 0.789687 0.010714 0.013750
2 0.562500 0.512188 0.008929 0.015000
2 0.740625 0.540625 0.012500 0.012500
2 0.738839 0.555625 0.008929 0.011250
2 0.725446 0.550000 0.008929 0.012500
2 0.061161 0.150938 0.010714 0.011250
2 0.143750 0.173437 0.010714 0.012500
2 0.544643 0.676875 0.017857 0.010000
2 0.306696 0.803750 0.019643 0.013750
