2 0.316518 0.947500 0.012500 0.013750
2 0.924107 0.465938 0.008929 0.010000
2 0.937500 0.472500 0.008929 0.013750
2 0.949107 0.476562 0.014286 0.012500
2 0.960268 0.481875 0.014286 0.013750
2 0.978125 0.491250 0.014286 0.013750
2 0.899107 0.479063 0.021429 0.011250
2 0.979464 0.525000 0.021429 0.012500
2 0.738839 0.504687 0.017857 0.012500
2 0.753571 0.516875 0.016071 0.008750
2 0.765179 0.522188 0.021429 0.010000
2 0.768750 0.494688 0.010714 0.011250
2 0.757143 0.489687 0.014286 0.013750
2 0.749554 0.480312 0.012500 0.013750
2 0.305357 0.099375 0.012500 0.011250
2 0.691518 0.504375 0.021429 0.015000
2 0.675000 0.495312 0.019643 0.012500
2 0.665179 0.492188 0.017857 0.012500
2 0.332143 0.029375 0.012500 0.015000
2 0.349107 0.022812 0.010714 0.011250
2 0.357143 0.017188 0.008929 0.012500
2 0.373661 0.010625 0.010714 0.015000
2 0.383929 0.009375 0.008929 0.012500
2 0.396429 0.063125 0.016071 0.013750
2 0.367857 0.072813 0.012500 0.011250
2 0.333036 0.085938 0.014286 0.012500
2 0.322321 0.090625 0.010714 0.012500
2 0.312500 0.093750 0.008929 0.012500
2 0.291071 0.102500 0.010714 0.011250
2 0.741964 0.752500 0.010714 0.017500
2 0.279911 0.106250 0.010714 0.012500
2 0.258929 0.110937 0.008929 0.012500
2 0.246429 0.115000 0.010714 0.011250
2 0.207143 0.130312 0.012500 0.013750
2 0.197321 0.134375 0.010714 0.012500
2 0.188393 0.137500 0.010714 0.012500
2 0.171429 0.141875 0.012500 0.015000
2 0.075446 0.179062 0.012500 0.011250
2 0.064286 0.183750 0.012500 0.011250
2 0.019643 0.196250 0.012500 0.011250
2 0.263839 0.149688 0.014286 0.015000
2 0.255804 0.152812 0.016071 0.015000
2 0.245982 0.157187 0.014286 0.011250
2 0.754018 0.726875 0.021429 0.010000
2 0.729911 0.747500 0.008929 0.013750
2 0.796429 0.506250 0.012500 0.018750
2 0.888839 0.511250 0.014286 0.010000
2 0.906696 0.519062 0.014286 0.010000
2 0.943304 0.539375 0.016071 0.010000
2 0.962500 0.546563 0.014286 0.008750
2 0.938839 0.505625 0.016071 0.011250
2 0.714732 0.352187 0.014286 0.013750
2 0.700446 0.358125 0.012500 0.010000
2 0.691071 0.390937 0.016071 0.010000
2 0.514732 0.722813 0.007143 0.011250
2 0.575893 0.642188 0.017857 0.012500
2 0.593750 0.613125 0.017857 0.007500
2 0.603571 0.598750 0.019643 0.010000
2 0.641518 0.529687 0.019643 0.006250
2 0.479911 0.675312 0.017857 0.016250
2 0.719643 0.740938 0.010714 0.016250
2 0.193750 0.552187 0.021429 0.013750
2 0.212946 0.585625 0.019643 0.015000
2 0.128571 0.629063 0.016071 0.017500
2 0.116964 0.554688 0.019643 0.012500
2 0.266518 0.407813 0.019643 0.012500
2 0.008482 0.370938 0.012500 0.013750
2 0.187054 0.245625 0.012500 0.016250
2 0.016071 0.410313 0.023214 0.011250
2 0.015625 0.417812 0.017857 0.007500
2 0.011161 0.424062 0.017857 0.007500
2 0.688393 0.726875 0.010714 0.016250
2 0.698214 0.730000 0.012500 0.016250
2 0.708482 0.736250 0.010714 0.016250
2 0.235714 0.160938 0.016071 0.012500
2 0.225893 0.165313 0.014286 0.015000
2 0.216518 0.167813 0.008929 0.013750
2 0.669643 0.011250 0.017857 0.016250
2 0.306250 0.208125 0.014286 0.010000
2 0.312946 0.220000 0.014286 0.008750
2 0.254018 0.185938 0.030357 0.012500
2 0.249107 0.191875 0.016071 0.008750
2 0.762946 0.276250 0.012500 0.015000
2 0.270089 0.170000 0.017857 0.008750
2 0.493304 0.030625 0.008929 0.011250
2 0.519643 0.021250 0.012500 0.011250
2 0.582143 0.042500 0.012500 0.010000
2 0.597321 0.036250 0.016071 0.010000
2 0.618750 0.032188 0.014286 0.011250
2 0.637946 0.023438 0.012500 0.012500
2 0.624554 0.009375 0.021429 0.012500
2 0.891071 0.013125 0.014286 0.013750
2 0.207143 0.170313 0.012500 0.012500
2 0.914732 0.025000 0.012500 0.012500
2 0.932589 0.024688 0.012500 0.015000
2 0.914732 0.051562 0.012500 0.012500
2 0.893304 0.062500 0.014286 0.012500
2 0.870982 0.051562 0.014286 0.012500
2 0.904464 0.016250 0.014286 0.013750
2 0.194196 0.097812 0.008929 0.011250
2 0.250446 0.398750 0.023214 0.016250
2 0.325000 0.430625 0.016071 0.017500
2 0.310268 0.705313 0.053571 0.038750
2 0.833036 0.959375 0.032143 0.025000
2 0.312500 0.201250 0.017857 0.008750
2 0.315179 0.195000 0.014286 0.008750
2 0.319196 0.189375 0.017857 0.010000
2 0.332589 0.166875 0.017857 0.008750
2 0.198214 0.173750 0.012500 0.010000
2 0.185714 0.177812 0.014286 0.015000
2 0.134375 0.198125 0.014286 0.015000
2 0.116518 0.203437 0.014286 0.016250
2 0.106696 0.205000 0.012500 0.016250
2 0.094643 0.211875 0.010714 0.011250
2 0.246429 0.201563 0.019643 0.012500
2 0.296429 0.251875 0.012500 0.010000
2 0.853571 0.103125 0.019643 0.018750
2 0.681250 0.128750 0.014286 0.013750
2 0.699107 0.134375 0.014286 0.012500
2 0.747321 0.064062 0.012500 0.012500
2 0.736607 0.060000 0.017857 0.013750
2 0.504911 0.094375 0.014286 0.013750
2 0.510268 0.069375 0.016071 0.013750
2 0.498214 0.073750 0.014286 0.010000
2 0.475000 0.082187 0.012500 0.011250
2 0.404464 0.102500 0.014286 0.011250
2 0.396429 0.104688 0.016071 0.012500
2 0.387500 0.109375 0.016071 0.012500
2 0.353571 0.121250 0.019643 0.011250
2 0.346875 0.121250 0.010714 0.011250
2 0.334375 0.127500 0.012500 0.011250
2 0.326339 0.129688 0.014286 0.012500
2 0.316518 0.130312 0.012500 0.013750
2 0.333929 0.146250 0.016071 0.011250
2 0.334821 0.161250 0.017857 0.010000
2 0.870536 0.503125 0.017857 0.012500
2 0.855357 0.641250 0.014286 0.013750
2 0.832143 0.626563 0.012500 0.012500
2 0.376339 0.850625 0.016071 0.007500
2 0.300000 0.995000 0.019643 0.008750
2 0.310268 0.982500 0.017857 0.008750
2 0.314732 0.975625 0.017857 0.007500
2 0.326786 0.958125 0.019643 0.010000
2 0.346429 0.990000 0.014286 0.011250
2 0.385714 0.920937 0.012500 0.013750
2 0.350446 0.913125 0.017857 0.007500
2 0.353125 0.907813 0.014286 0.006250
2 0.362946 0.888750 0.016071 0.008750
2 0.365179 0.881875 0.016071 0.007500
2 0.371429 0.863125 0.019643 0.007500
2 0.372768 0.856250 0.017857 0.006250
2 0.340179 0.862813 0.010714 0.010000
2 0.739286 0.978750 0.014286 0.013750
2 0.348214 0.846875 0.008929 0.012500
2 0.377679 0.831250 0.014286 0.006250
2 0.373214 0.817812 0.014286 0.007500
2 0.342411 0.813125 0.010714 0.013750
2 0.337500 0.824375 0.014286 0.011250
2 0.334375 0.834375 0.012500 0.012500
2 0.252679 0.821250 0.014286 0.011250
2 0.369196 0.873125 0.019643 0.008750
2 0.603125 0.836250 0.014286 0.010000
2 0.582143 0.870937 0.021429 0.007500
2 0.721875 0.869375 0.019643 0.013750
2 0.738393 0.885625 0.021429 0.008750
2 0.769196 0.933125 0.016071 0.010000
2 0.289732 0.960938 0.012500 0.012500
2 0.537054 0.818125 0.025000 0.017500
2 0.638393 0.879687 0.017857 0.012500
2 0.523214 0.770625 0.019643 0.016250
2 0.718750 0.947500 0.017857 0.013750
2 0.772768 0.993750 0.014286 0.012500
2 0.821875 0.621563 0.014286 0.015000
2 0.806250 0.752500 0.014286 0.011250
2 0.771429 0.811875 0.016071 0.011250
2 0.787500 0.839063 0.012500 0.012500
2 0.793304 0.834375 0.010714 0.012500
2 0.810714 0.824062 0.014286 0.013750
2 0.804018 0.827500 0.014286 0.011250
2 0.841964 0.809375 0.014286 0.012500
2 0.850000 0.805625 0.012500 0.011250
2 0.858929 0.802187 0.012500 0.013750
2 0.887946 0.787500 0.012500 0.012500
2 0.906250 0.778125 0.017857 0.012500
2 0.782589 0.740313 0.016071 0.008750
2 0.791964 0.744688 0.012500 0.011250
2 0.796429 0.749688 0.012500 0.008750
2 0.826339 0.765625 0.014286 0.012500
2 0.949107 0.755312 0.014286 0.013750
2 0.970089 0.745625 0.016071 0.010000
2 0.979464 0.742500 0.012500 0.010000
2 0.800000 0.642188 0.019643 0.012500
2 0.820536 0.656562 0.016071 0.010000
2 0.711161 0.653125 0.016071 0.012500
2 0.760714 0.693750 0.012500 0.012500
2 0.855357 0.709688 0.014286 0.010000
2 0.792411 0.676562 0.017857 0.012500
2 0.583036 0.564063 0.014286 0.012500
2 0.156696 0.551250 0.014286 0.008750
2 0.791071 0.558125 0.019643 0.016250
2 0.707589 0.631250 0.017857 0.012500
2 0.811607 0.790937 0.016071 0.010000
2 0.801786 0.786875 0.014286 0.011250
2 0.794196 0.783750 0.012500 0.011250
2 0.770982 0.770625 0.010714 0.010000
2 0.851786 0.993125 0.016071 0.011250
2 0.789732 0.905312 0.012500 0.007500
2 0.838393 0.893125 0.016071 0.011250
2 0.579911 0.589375 0.012500 0.010000
2 0.561607 0.620000 0.016071 0.015000
2 0.544196 0.653438 0.012500 0.010000
2 0.480357 0.696875 0.014286 0.012500
2 0.660714 0.806250 0.008929 0.012500
2 0.651786 0.802500 0.008929 0.011250
2 0.642411 0.800938 0.012500 0.011250
2 0.606696 0.782188 0.012500 0.011250
2 0.556250 0.719688 0.023214 0.011250
2 0.468304 0.035937 0.012500 0.012500
2 0.197768 0.706875 0.016071 0.007500
2 0.201786 0.700937 0.019643 0.011250
2 0.205357 0.689375 0.017857 0.010000
2 0.209821 0.684063 0.017857 0.008750
2 0.211161 0.678125 0.016071 0.012500
2 0.213393 0.670625 0.016071 0.010000
2 0.017857 0.482812 0.017857 0.012500
2 0.618750 0.574375 0.014286 0.005000
2 0.665179 0.576875 0.017857 0.010000
2 0.708482 0.514687 0.019643 0.013750
2 0.683482 0.370000 0.014286 0.015000
2 0.875446 0.155313 0.023214 0.007500
2 0.883036 0.143750 0.025000 0.012500
2 0.351786 0.730625 0.016071 0.011250
2 0.677679 0.810312 0.007143 0.011250
2 0.691071 0.808750 0.007143 0.011250
2 0.945536 0.965625 0.016071 0.012500
2 0.227679 0.657813 0.017857 0.012500
2 0.245536 0.651875 0.026786 0.022500
2 0.270982 0.677187 0.019643 0.013750
2 0.562054 0.731250 0.012500 0.006250
2 0.125000 0.683750 0.017857 0.011250
2 0.191518 0.662500 0.012500 0.006250
2 0.196429 0.656250 0.017857 0.006250
2 0.173214 0.691875 0.016071 0.008750
2 0.166071 0.704375 0.019643 0.008750
2 0.162946 0.710000 0.017857 0.007500
2 0.162054 0.716562 0.016071 0.011250
2 0.784821 0.672500 0.016071 0.013750
2 0.769196 0.665625 0.016071 0.012500
2 0.751786 0.656875 0.021429 0.013750
2 0.815179 0.723750 0.014286 0.010000
2 0.825000 0.727500 0.016071 0.011250
2 0.873661 0.718750 0.019643 0.012500
2 0.867857 0.714375 0.012500 0.010000
2 0.933482 0.765625 0.014286 0.012500
2 0.880357 0.653438 0.019643 0.016250
2 0.842857 0.666563 0.016071 0.011250
2 0.853571 0.670000 0.019643 0.015000
2 0.860714 0.676562 0.016071 0.012500
2 0.973661 0.700937 0.014286 0.011250
2 0.983482 0.704375 0.016071 0.008750
2 0.791518 0.606563 0.016071 0.010000
2 0.785714 0.600000 0.017857 0.012500
2 0.490625 0.679688 0.012500 0.012500
2 0.496429 0.666875 0.010714 0.008750
2 0.987500 0.872812 0.010714 0.011250
2 0.952679 0.890625 0.012500 0.012500
2 0.910268 0.912187 0.012500 0.015000
2 0.932143 0.715625 0.016071 0.012500
2 0.949107 0.685937 0.014286 0.012500
2 0.941071 0.683750 0.016071 0.011250
2 0.933036 0.680625 0.017857 0.011250
2 0.927232 0.677187 0.019643 0.013750
2 0.915625 0.671250 0.014286 0.011250
2 0.901786 0.664062 0.017857 0.012500
2 0.776339 0.633125 0.021429 0.016250
2 0.921875 0.707812 0.017857 0.012500
2 0.919196 0.936875 0.021429 0.011250
2 0.934375 0.933125 0.016071 0.010000
2 0.945089 0.926875 0.019643 0.010000
2 0.968304 0.915625 0.021429 0.006250
2 0.891518 0.921250 0.010714 0.011250
2 0.958929 0.957812 0.007143 0.012500
2 0.375000 0.838125 0.017857 0.007500
2 0.376339 0.843750 0.016071 0.006250
2 0.326339 0.852500 0.014286 0.011250
2 0.318750 0.965000 0.021429 0.011250
2 0.306696 0.990312 0.019643 0.008750
2 0.267857 0.978438 0.017857 0.010000
2 0.813393 0.652813 0.019643 0.015000
2 0.061161 0.350938 0.019643 0.011250
2 0.052232 0.363750 0.019643 0.008750
2 0.864732 0.177500 0.019643 0.011250
2 0.354464 0.828750 0.012500 0.013750
2 0.430357 0.856250 0.012500 0.012500
2 0.469196 0.693438 0.014286 0.015000
2 0.633482 0.544375 0.021429 0.007500
2 0.629911 0.550625 0.023214 0.007500
2 0.628125 0.556250 0.019643 0.006250
2 0.641071 0.585625 0.014286 0.015000
2 0.834821 0.483750 0.017857 0.011250
2 0.854018 0.493125 0.016071 0.011250
2 0.932143 0.500625 0.016071 0.013750
2 0.948661 0.508125 0.017857 0.010000
2 0.907143 0.484375 0.019643 0.012500
2 0.764732 0.251250 0.016071 0.015000
2 0.875000 0.161562 0.017857 0.007500
2 0.048214 0.370000 0.016071 0.008750
2 0.326786 0.176250 0.019643 0.008750
2 0.322321 0.182500 0.019643 0.008750
2 0.461161 0.085000 0.016071 0.013750
2 0.440179 0.093750 0.014286 0.012500
2 0.409821 0.061875 0.016071 0.011250
2 0.228571 0.124063 0.010714 0.013750
2 0.100893 0.167813 0.014286 0.013750
2 0.048214 0.188750 0.016071 0.015000
2 0.183036 0.102188 0.008929 0.013750
2 0.521875 0.045625 0.021429 0.016250
2 0.717857 0.091563 0.016071 0.017500
2 0.780804 0.087813 0.021429 0.010000
2 0.699107 0.083437 0.014286 0.013750
2 0.374107 0.825625 0.016071 0.007500
2 0.831696 0.811875 0.007143 0.011250
2 0.645536 0.853438 0.014286 0.010000
2 0.650893 0.866563 0.016071 0.011250
2 0.158482 0.419375 0.017857 0.007500
2 0.141518 0.432812 0.019643 0.006250
2 0.138393 0.442188 0.017857 0.006250
2 0.077679 0.518750 0.021429 0.012500
2 0.109821 0.523750 0.014286 0.010000
2 0.124107 0.533125 0.016071 0.010000
2 0.139732 0.542500 0.016071 0.010000
2 0.176339 0.561250 0.017857 0.010000
2 0.194196 0.572187 0.017857 0.010000
2 0.247321 0.578750 0.012500 0.013750
2 0.226786 0.568125 0.016071 0.011250
2 0.275000 0.619062 0.014286 0.010000
2 0.288393 0.626250 0.014286 0.008750
2 0.303571 0.634375 0.017857 0.012500
2 0.316964 0.643750 0.017857 0.012500
2 0.334375 0.635000 0.012500 0.013750
2 0.275893 0.666875 0.016071 0.015000
2 0.349107 0.709375 0.019643 0.012500
2 0.368750 0.720938 0.023214 0.013750
2 0.362054 0.727500 0.014286 0.011250
2 0.586607 0.575000 0.012500 0.012500
2 0.573214 0.603125 0.012500 0.012500
2 0.555357 0.636875 0.012500 0.011250
2 0.536607 0.666250 0.010714 0.013750
2 0.577679 0.771563 0.012500 0.015000
2 0.583929 0.825937 0.016071 0.011250
2 0.620536 0.847813 0.017857 0.011250
2 0.805804 0.648438 0.017857 0.012500
2 0.835268 0.661875 0.014286 0.011250
2 0.869196 0.679688 0.019643 0.012500
2 0.399107 0.040938 0.012500 0.016250
2 0.645536 0.019375 0.014286 0.013750
2 0.243304 0.222500 0.017857 0.013750
2 0.252679 0.228125 0.014286 0.012500
2 0.258482 0.231562 0.012500 0.010000
2 0.272321 0.240625 0.017857 0.012500
2 0.283482 0.244062 0.017857 0.016250
2 0.877679 0.683437 0.014286 0.013750
2 0.813393 0.619375 0.019643 0.013750
2 0.797321 0.610000 0.014286 0.013750
2 0.883929 0.723125 0.017857 0.015000
2 0.890179 0.727500 0.012500 0.011250
2 0.897321 0.731875 0.017857 0.013750
2 0.905357 0.733750 0.016071 0.011250
2 0.913839 0.738438 0.019643 0.011250
2 0.958929 0.753125 0.016071 0.012500
2 0.946429 0.744688 0.017857 0.011250
2 0.924107 0.768437 0.017857 0.015000
2 0.916964 0.773750 0.021429 0.016250
2 0.895982 0.771875 0.019643 0.012500
2 0.754464 0.761562 0.017857 0.013750
2 0.780357 0.774062 0.016071 0.013750
2 0.782589 0.707812 0.016071 0.012500
2 0.737500 0.685312 0.019643 0.011250
2 0.745536 0.686562 0.017857 0.013750
2 0.754464 0.690625 0.017857 0.012500
2 0.762054 0.733125 0.019643 0.010000
2 0.791964 0.801875 0.030357 0.016250
2 0.733036 0.815938 0.010714 0.016250
2 0.720982 0.814688 0.008929 0.013750
2 0.709821 0.814688 0.008929 0.013750
2 0.812500 0.992812 0.017857 0.013750
2 0.559821 0.812500 0.021429 0.012500
2 0.330804 0.842187 0.014286 0.012500
2 0.109821 0.166563 0.014286 0.011250
