2 0.610268 0.141875 0.019643 0.027500
2 0.689732 0.045312 0.026786 0.025000
2 0.949107 0.086875 0.014286 0.023750
2 0.932143 0.085938 0.016071 0.018750
2 0.913393 0.086563 0.014286 0.026250
2 0.897768 0.086250 0.014286 0.022500
2 0.879911 0.084375 0.014286 0.025000
2 0.844643 0.080312 0.019643 0.026250
2 0.862054 0.085625 0.014286 0.027500
2 0.826786 0.078125 0.019643 0.025000
2 0.811161 0.076875 0.019643 0.022500
2 0.792857 0.075000 0.023214 0.025000
2 0.753571 0.065625 0.025000 0.025000
2 0.737946 0.058750 0.025000 0.023750
2 0.721429 0.054688 0.023214 0.025000
2 0.678571 0.039062 0.026786 0.025000
2 0.850000 0.147187 0.012500 0.022500
2 0.561607 0.076250 0.016071 0.027500
2 0.542857 0.071875 0.014286 0.025000
2 0.521429 0.071250 0.016071 0.023750
2 0.503571 0.071875 0.016071 0.025000
2 0.486607 0.070625 0.017857 0.022500
2 0.469196 0.070625 0.014286 0.022500
2 0.833929 0.146250 0.016071 0.023750
2 0.921875 0.152188 0.017857 0.026250
2 0.591518 0.140000 0.017857 0.030000
2 0.866964 0.147500 0.019643 0.026250
2 0.572321 0.140000 0.019643 0.030000
2 0.863839 0.004687 0.017857 0.006250
2 0.677679 0.138125 0.016071 0.026250
2 0.695536 0.139063 0.016071 0.025000
2 0.745536 0.144375 0.017857 0.026250
2 0.780357 0.148125 0.016071 0.027500
2 0.800000 0.148750 0.019643 0.028750
2 0.885268 0.147500 0.016071 0.026250
2 0.902679 0.148438 0.019643 0.025000
2 0.939732 0.152500 0.017857 0.023750
2 0.972768 0.151562 0.021429 0.025000
2 0.236161 0.328750 0.021429 0.026250
2 0.976786 0.648750 0.016071 0.028750
2 0.956696 0.150313 0.016071 0.022500
2 0.729464 0.140313 0.012500 0.021250
2 0.691071 0.693125 0.016071 0.023750
2 0.703571 0.608125 0.014286 0.022500
