2 0.828571 0.815312 0.014286 0.021250
2 0.871429 0.266562 0.019643 0.023750
2 0.812946 0.443125 0.014286 0.017500
2 0.812946 0.420937 0.014286 0.020000
2 0.882143 0.563438 0.014286 0.023750
2 0.879464 0.603750 0.017857 0.020000
2 0.817857 0.670625 0.010714 0.022500
2 0.833482 0.762500 0.019643 0.025000
2 0.856696 0.750938 0.012500 0.023750
2 0.906250 0.828438 0.017857 0.022500
2 0.911161 0.850313 0.014286 0.022500
2 0.859821 0.243750 0.014286 0.018750
2 0.866071 0.205000 0.026786 0.016250
2 0.854018 0.188750 0.016071 0.021250
2 0.582589 0.988125 0.017857 0.020000
2 0.585714 0.966875 0.019643 0.021250
2 0.487946 0.896562 0.025000 0.008750
2 0.347321 0.892813 0.033929 0.013750
2 0.520536 0.895937 0.023214 0.007500
2 0.711161 0.117188 0.016071 0.018750
2 0.784375 0.025625 0.010714 0.020000
2 0.768750 0.107500 0.028571 0.008750
2 0.798214 0.075313 0.016071 0.022500
2 0.550446 0.897188 0.025000 0.010000
2 0.191518 0.126875 0.012500 0.022500
2 0.192411 0.098125 0.014286 0.015000
2 0.866964 0.957500 0.028571 0.021250
2 0.619643 0.938750 0.033929 0.015000
2 0.747768 0.903750 0.035714 0.013750
2 0.873214 0.294687 0.014286 0.023750
2 0.226339 0.981250 0.019643 0.025000
2 0.492857 0.128750 0.012500 0.020000
2 0.201339 0.888437 0.032143 0.011250
