2 0.950000 0.047500 0.033929 0.013750
2 0.840625 0.712500 0.033929 0.012500
2 0.799107 0.713438 0.035714 0.011250
2 0.802232 0.726250 0.037500 0.008750
2 0.800893 0.738750 0.030357 0.008750
2 0.801786 0.751250 0.032143 0.008750
2 0.836607 0.735000 0.039286 0.013750
2 0.832143 0.751250 0.030357 0.008750
2 0.835714 0.764375 0.037500 0.010000
2 0.833929 0.776250 0.033929 0.015000
2 0.799554 0.772500 0.032143 0.013750
2 0.833036 0.786875 0.032143 0.011250
2 0.832143 0.801875 0.030357 0.010000
2 0.798214 0.799375 0.033929 0.011250
2 0.788393 0.812500 0.032143 0.012500
2 0.830804 0.812500 0.032143 0.012500
2 0.826339 0.826875 0.032143 0.010000
2 0.789286 0.828125 0.033929 0.012500
2 0.710714 0.592187 0.037500 0.012500
2 0.042857 0.067187 0.041071 0.012500
2 0.676786 0.894063 0.041071 0.010000
2 0.673214 0.910625 0.033929 0.015000
2 0.677679 0.884688 0.033929 0.010000
2 0.628571 0.995000 0.016071 0.008750
2 0.673214 0.994688 0.033929 0.011250
2 0.670536 0.982812 0.037500 0.012500
2 0.827232 0.994688 0.033929 0.011250
2 0.829464 0.970625 0.033929 0.010000
2 0.791964 0.969688 0.039286 0.011250
2 0.679018 0.873125 0.032143 0.008750
2 0.867411 0.647500 0.016071 0.026250
2 0.831696 0.644375 0.016071 0.026250
2 0.814732 0.646250 0.017857 0.023750
2 0.776786 0.645625 0.017857 0.028750
2 0.757143 0.645625 0.014286 0.022500
2 0.744643 0.641875 0.016071 0.027500
2 0.727679 0.641875 0.017857 0.021250
2 0.708929 0.643125 0.016071 0.030000
2 0.601786 0.748437 0.033929 0.012500
2 0.595536 0.765625 0.030357 0.012500
2 0.600000 0.784375 0.039286 0.012500
2 0.595982 0.796250 0.035714 0.011250
2 0.597321 0.813750 0.033929 0.015000
2 0.682143 0.710000 0.033929 0.013750
2 0.715179 0.709375 0.028571 0.012500
2 0.719196 0.725313 0.032143 0.010000
2 0.682143 0.748750 0.033929 0.010000
2 0.717857 0.746875 0.033929 0.012500
2 0.715625 0.761875 0.033929 0.011250
2 0.678125 0.773125 0.030357 0.008750
2 0.717411 0.785937 0.028571 0.012500
2 0.715625 0.811250 0.033929 0.010000
2 0.675000 0.809062 0.037500 0.008750
2 0.681250 0.821250 0.032143 0.011250
2 0.675000 0.832812 0.037500 0.012500
2 0.675893 0.847813 0.039286 0.011250
2 0.678571 0.858750 0.035714 0.011250
2 0.715625 0.871875 0.033929 0.012500
2 0.850893 0.646563 0.014286 0.027500
2 0.886161 0.649687 0.017857 0.027500
2 0.920982 0.675000 0.033929 0.012500
2 0.915179 0.995937 0.035714 0.007500
2 0.914732 0.985938 0.039286 0.012500
2 0.912500 0.972188 0.039286 0.010000
2 0.791518 0.915000 0.033929 0.011250
2 0.828571 0.911250 0.032143 0.010000
2 0.826786 0.900000 0.037500 0.012500
2 0.827679 0.889062 0.039286 0.012500
2 0.828125 0.875938 0.035714 0.011250
2 0.795089 0.862500 0.032143 0.012500
2 0.833929 0.849375 0.025000 0.011250
2 0.916964 0.903438 0.039286 0.010000
2 0.915625 0.890938 0.032143 0.010000
2 0.914286 0.876250 0.033929 0.008750
2 0.917411 0.864062 0.035714 0.012500
2 0.916518 0.840938 0.033929 0.010000
2 0.916964 0.830000 0.039286 0.016250
2 0.920089 0.804063 0.041071 0.011250
2 0.919643 0.791250 0.035714 0.013750
2 0.920982 0.766250 0.042857 0.013750
2 0.925000 0.752500 0.037500 0.011250
2 0.925000 0.740625 0.037500 0.012500
2 0.918750 0.727187 0.033929 0.013750
2 0.923214 0.703437 0.033929 0.010000
2 0.922321 0.688438 0.032143 0.011250
