2 0.882589 0.638125 0.019643 0.020000
2 0.976786 0.635000 0.016071 0.020000
2 0.623214 0.631250 0.014286 0.018750
2 0.600893 0.631563 0.014286 0.022500
2 0.356250 0.565625 0.016071 0.025000
2 0.352679 0.630938 0.017857 0.027500
2 0.315179 0.628437 0.014286 0.022500
2 0.298214 0.631875 0.016071 0.026250
2 0.278125 0.630625 0.016071 0.023750
2 0.279464 0.564063 0.014286 0.018750
2 0.137946 0.517500 0.030357 0.010000
2 0.137946 0.530938 0.039286 0.008750
2 0.141964 0.542812 0.042857 0.013750
2 0.144643 0.556875 0.030357 0.007500
2 0.143750 0.596250 0.028571 0.011250
2 0.145089 0.422500 0.035714 0.013750
2 0.142411 0.437500 0.030357 0.012500
2 0.034375 0.215625 0.028571 0.012500
2 0.012054 0.590625 0.019643 0.025000
