2 0.475893 0.520000 0.014286 0.008750
2 0.535714 0.513125 0.017857 0.007500
2 0.557143 0.503125 0.016071 0.006250
2 0.558482 0.510000 0.014286 0.007500
2 0.577232 0.505312 0.016071 0.007500
2 0.622768 0.404063 0.008929 0.011250
2 0.619643 0.419688 0.007143 0.011250
2 0.619643 0.433750 0.007143 0.011250
2 0.616964 0.446563 0.010714 0.008750
2 0.628125 0.453750 0.010714 0.013750
2 0.629464 0.417812 0.008929 0.013750
2 0.630357 0.405625 0.010714 0.011250
2 0.643750 0.371563 0.010714 0.008750
2 0.649107 0.357187 0.012500 0.011250
2 0.655804 0.340000 0.012500 0.011250
2 0.656696 0.323125 0.014286 0.015000
2 0.672321 0.295312 0.014286 0.012500
2 0.696875 0.284375 0.014286 0.012500
2 0.713839 0.271875 0.012500 0.012500
2 0.729464 0.258125 0.012500 0.010000
2 0.744643 0.246875 0.016071 0.012500
2 0.159821 0.713438 0.025000 0.023750
2 0.516071 0.490313 0.032143 0.015000
2 0.676786 0.312812 0.023214 0.022500
2 0.816964 0.438750 0.017857 0.008750
2 0.494643 0.515313 0.016071 0.008750
2 0.360268 0.531250 0.019643 0.012500
2 0.366964 0.061875 0.010714 0.011250
2 0.363839 0.547187 0.017857 0.010000
2 0.055357 0.850625 0.012500 0.013750
2 0.192411 0.665625 0.014286 0.012500
2 0.191964 0.684375 0.017857 0.012500
2 0.261607 0.610000 0.014286 0.013750
2 0.326786 0.558750 0.019643 0.011250
2 0.347321 0.044062 0.007143 0.010000
2 0.377679 0.017188 0.014286 0.012500
2 0.932143 0.168437 0.016071 0.008750
2 0.927679 0.127500 0.016071 0.011250
2 0.985714 0.096250 0.016071 0.011250
2 0.020536 0.902500 0.014286 0.011250
2 0.628571 0.483750 0.016071 0.011250
2 0.225000 0.614375 0.012500 0.010000
2 0.220536 0.633125 0.012500 0.010000
2 0.236161 0.615000 0.012500 0.011250
2 0.259821 0.600313 0.010714 0.010000
2 0.244643 0.502188 0.016071 0.007500
2 0.243750 0.491250 0.014286 0.007500
2 0.243750 0.486875 0.014286 0.005000
2 0.232589 0.442500 0.014286 0.003750
2 0.224554 0.372188 0.007143 0.010000
2 0.252679 0.312812 0.005357 0.010000
2 0.369643 0.049688 0.007143 0.008750
2 0.512500 0.517813 0.016071 0.007500
2 0.513393 0.510625 0.017857 0.008750
2 0.536161 0.505312 0.014286 0.007500
