2 0.014286 0.241250 0.019643 0.013750
2 0.063839 0.376875 0.016071 0.010000
2 0.028125 0.458750 0.016071 0.011250
2 0.037946 0.451250 0.017857 0.008750
2 0.003125 0.454688 0.001786 0.006250
2 0.077232 0.406562 0.016071 0.010000
2 0.054018 0.386250 0.014286 0.010000
2 0.049554 0.390937 0.014286 0.010000
2 0.043750 0.395000 0.016071 0.008750
2 0.104911 0.375312 0.017857 0.010000
2 0.095982 0.385313 0.017857 0.011250
2 0.087500 0.395313 0.023214 0.012500
2 0.083482 0.400938 0.019643 0.011250
2 0.004018 0.446875 0.003571 0.006250
2 0.070982 0.410313 0.021429 0.011250
2 0.041518 0.445000 0.016071 0.008750
2 0.015625 0.425938 0.017857 0.011250
2 0.010268 0.436875 0.016071 0.011250
2 0.006696 0.442500 0.008929 0.010000
2 0.058036 0.380625 0.017857 0.011250
2 0.077232 0.361250 0.016071 0.010000
2 0.325000 0.213438 0.016071 0.011250
2 0.377232 0.220000 0.017857 0.008750
2 0.402679 0.228750 0.019643 0.007500
2 0.445536 0.246563 0.016071 0.008750
2 0.433036 0.245625 0.017857 0.010000
2 0.429464 0.263437 0.019643 0.011250
2 0.418304 0.285000 0.010714 0.013750
2 0.389286 0.343125 0.019643 0.011250
2 0.026339 0.387813 0.012500 0.010000
2 0.156250 0.278438 0.017857 0.010000
2 0.097768 0.230938 0.021429 0.008750
2 0.142857 0.215937 0.017857 0.010000
2 0.016964 0.108750 0.016071 0.011250
2 0.009375 0.104062 0.014286 0.011250
2 0.006696 0.100625 0.008929 0.013750
2 0.530357 0.290625 0.016071 0.012500
2 0.483036 0.235000 0.010714 0.013750
2 0.083929 0.273750 0.016071 0.010000
2 0.013393 0.351875 0.017857 0.010000
2 0.043304 0.211875 0.019643 0.011250
2 0.120536 0.205000 0.017857 0.010000
2 0.146429 0.257500 0.016071 0.008750
2 0.117411 0.245625 0.016071 0.010000
2 0.125000 0.234687 0.017857 0.010000
2 0.087054 0.197813 0.017857 0.011250
2 0.083482 0.203437 0.019643 0.010000
2 0.062500 0.220625 0.017857 0.010000
2 0.034821 0.173750 0.016071 0.010000
2 0.296875 0.201875 0.017857 0.010000
2 0.130357 0.153438 0.019643 0.016250
