2 0.554018 0.995625 0.014286 0.010000
2 0.547321 0.959375 0.014286 0.012500
2 0.567411 0.953750 0.014286 0.013750
2 0.584375 0.952500 0.012500 0.011250
2 0.690179 0.828750 0.014286 0.013750
2 0.826339 0.429375 0.014286 0.015000
2 0.815179 0.470937 0.014286 0.013750
2 0.789286 0.499062 0.016071 0.013750
2 0.733929 0.629687 0.012500 0.012500
2 0.782143 0.703125 0.010714 0.012500
2 0.764286 0.707188 0.010714 0.011250
2 0.681250 0.710000 0.014286 0.013750
2 0.667857 0.865000 0.014286 0.011250
2 0.584821 0.930937 0.017857 0.015000
2 0.611161 0.879063 0.012500 0.011250
2 0.672321 0.960000 0.014286 0.013750
2 0.654911 0.942812 0.010714 0.013750
2 0.926786 0.455312 0.014286 0.013750
2 0.769643 0.541250 0.012500 0.013750
2 0.777679 0.554063 0.010714 0.011250
2 0.961161 0.257812 0.016071 0.012500
2 0.992857 0.202188 0.012500 0.013750
2 0.980357 0.205313 0.014286 0.013750
2 0.624107 0.971250 0.016071 0.011250
2 0.866964 0.320312 0.010714 0.012500
2 0.972768 0.267188 0.012500 0.012500
2 0.884821 0.546875 0.010714 0.012500
2 0.826786 0.652500 0.010714 0.011250
2 0.844196 0.641250 0.014286 0.013750
2 0.766518 0.721250 0.010714 0.011250
2 0.744643 0.763125 0.016071 0.020000
2 0.752232 0.851875 0.008929 0.010000
2 0.654464 0.963125 0.014286 0.020000
