2 0.059375 0.769062 0.025000 0.016250
2 0.274107 0.603437 0.030357 0.022500
2 0.299107 0.607187 0.044643 0.030000
2 0.349107 0.571875 0.028571 0.018750
2 0.395089 0.627812 0.053571 0.040000
2 0.515625 0.554063 0.026786 0.017500
2 0.466071 0.520312 0.030357 0.018750
2 0.600000 0.501875 0.021429 0.016250
2 0.661161 0.406562 0.032143 0.016250
2 0.715625 0.350312 0.033929 0.022500
2 0.772768 0.325937 0.023214 0.017500
2 0.843750 0.350625 0.026786 0.020000
2 0.898661 0.242188 0.025000 0.018750
2 0.896429 0.195312 0.025000 0.018750
2 0.829018 0.169375 0.028571 0.020000
2 0.488839 0.364375 0.026786 0.022500
2 0.473214 0.348750 0.017857 0.016250
2 0.572768 0.345938 0.025000 0.020000
2 0.426786 0.412812 0.032143 0.022500
2 0.612946 0.283125 0.016071 0.022500
2 0.622768 0.275312 0.017857 0.022500
2 0.667411 0.247500 0.017857 0.020000
