2 0.763393 0.760938 0.017857 0.006250
2 0.237500 0.707188 0.019643 0.005000
2 0.256250 0.735938 0.021429 0.006250
2 0.814732 0.875625 0.008929 0.013750
2 0.762054 0.926875 0.010714 0.016250
2 0.572321 0.984062 0.010714 0.015000
2 0.511161 0.710000 0.008929 0.013750
2 0.369643 0.436562 0.007143 0.013750
2 0.110268 0.543438 0.010714 0.015000
2 0.211607 0.545000 0.021429 0.008750
2 0.069196 0.567187 0.017857 0.006250
2 0.301339 0.601562 0.008929 0.012500
2 0.708036 0.543750 0.023214 0.006250
2 0.900000 0.548125 0.023214 0.008750
2 0.919196 0.565000 0.012500 0.011250
2 0.941964 0.579688 0.017857 0.018750
2 0.639286 0.749375 0.019643 0.005000
2 0.620536 0.774375 0.017857 0.005000
2 0.058482 0.750938 0.014286 0.017500
2 0.056250 0.799375 0.014286 0.017500
2 0.087946 0.634375 0.010714 0.012500
2 0.093304 0.648125 0.012500 0.015000
2 0.116071 0.615938 0.008929 0.016250
2 0.254464 0.938125 0.017857 0.007500
2 0.129018 0.973125 0.012500 0.015000
2 0.823661 0.472500 0.008929 0.013750
2 0.697321 0.442812 0.019643 0.007500
2 0.627232 0.433750 0.017857 0.005000
2 0.569643 0.427500 0.023214 0.005000
2 0.335714 0.376563 0.019643 0.006250
2 0.181696 0.262813 0.010714 0.016250
2 0.183036 0.336875 0.008929 0.017500
2 0.195089 0.339375 0.010714 0.016250
2 0.155357 0.375625 0.016071 0.013750
2 0.090179 0.372500 0.019643 0.007500
2 0.107143 0.420937 0.008929 0.013750
2 0.097321 0.453125 0.007143 0.012500
2 0.106250 0.454375 0.007143 0.015000
2 0.308929 0.375000 0.019643 0.006250
2 0.369196 0.381875 0.019643 0.007500
2 0.202232 0.185000 0.007143 0.013750
2 0.435714 0.388125 0.023214 0.007500
2 0.463839 0.388750 0.021429 0.008750
2 0.504018 0.393750 0.021429 0.006250
2 0.550446 0.399375 0.016071 0.005000
2 0.623214 0.406875 0.023214 0.007500
2 0.524107 0.412500 0.021429 0.006250
2 0.356696 0.406250 0.021429 0.006250
2 0.466518 0.417187 0.026786 0.006250
2 0.510714 0.422500 0.021429 0.007500
2 0.215179 0.224375 0.010714 0.017500
2 0.224107 0.106563 0.010714 0.016250
2 0.962500 0.448437 0.023214 0.012500
2 0.798661 0.564375 0.021429 0.010000
2 0.185714 0.151250 0.014286 0.008750
2 0.203125 0.234375 0.008929 0.012500
2 0.186607 0.320000 0.007143 0.015000
2 0.190625 0.296563 0.010714 0.015000
2 0.197321 0.274062 0.010714 0.013750
2 0.085268 0.943750 0.014286 0.012500
2 0.836161 0.782500 0.016071 0.021250
