2 0.041071 0.537500 0.037500 0.006250
2 0.574107 0.546563 0.041071 0.008750
2 0.512054 0.599688 0.037500 0.008750
2 0.515179 0.615938 0.039286 0.010000
2 0.566964 0.596562 0.035714 0.008750
2 0.479018 0.692812 0.042857 0.007500
2 0.557589 0.699688 0.039286 0.008750
2 0.551786 0.674375 0.041071 0.011250
2 0.597768 0.676250 0.039286 0.008750
2 0.602232 0.699062 0.039286 0.007500
2 0.604464 0.645312 0.039286 0.012500
2 0.678571 0.642813 0.035714 0.007500
2 0.681250 0.675625 0.041071 0.007500
2 0.663393 0.589375 0.041071 0.010000
2 0.762500 0.625000 0.033929 0.006250
2 0.718750 0.645000 0.035714 0.008750
2 0.867411 0.545937 0.042857 0.007500
2 0.897768 0.435625 0.041071 0.008750
