2 0.747768 0.022500 0.017857 0.013750
2 0.639286 0.009062 0.019643 0.015000
2 0.647321 0.014688 0.017857 0.013750
2 0.654464 0.018125 0.014286 0.011250
2 0.665625 0.021875 0.014286 0.012500
2 0.674554 0.024063 0.014286 0.013750
2 0.681250 0.028125 0.014286 0.012500
2 0.827232 0.007812 0.016071 0.012500
2 0.837054 0.010625 0.017857 0.015000
2 0.845089 0.014063 0.016071 0.012500
2 0.775000 0.114062 0.023214 0.012500
2 0.801786 0.127188 0.023214 0.013750
2 0.826339 0.137500 0.023214 0.012500
2 0.849107 0.145625 0.019643 0.010000
2 0.866964 0.154062 0.019643 0.011250
2 0.902679 0.165625 0.019643 0.012500
2 0.934821 0.175937 0.021429 0.011250
2 0.987946 0.189688 0.016071 0.007500
2 0.629464 0.007187 0.017857 0.011250
2 0.620982 0.004063 0.014286 0.005000
2 0.742411 0.054375 0.016071 0.015000
2 0.782143 0.038750 0.019643 0.015000
2 0.801339 0.028125 0.017857 0.012500
2 0.763393 0.031875 0.017857 0.013750
2 0.812500 0.052187 0.017857 0.013750
2 0.827679 0.089688 0.012500 0.013750
2 0.816964 0.088438 0.008929 0.011250
2 0.787500 0.076250 0.012500 0.015000
2 0.773214 0.070000 0.010714 0.015000
2 0.805804 0.084375 0.008929 0.012500
2 0.747768 0.057500 0.017857 0.015000
2 0.732143 0.050313 0.017857 0.016250
2 0.723214 0.048125 0.017857 0.015000
2 0.717857 0.042500 0.016071 0.016250
2 0.742857 0.005938 0.012500 0.008750
2 0.760714 0.010000 0.021429 0.013750
2 0.697321 0.004687 0.010714 0.006250
2 0.688393 0.003438 0.010714 0.003750
