2 0.004018 0.596875 0.003571 0.006250
2 0.004018 0.602500 0.003571 0.005000
2 0.233036 0.447500 0.019643 0.013750
2 0.245536 0.487500 0.017857 0.006250
2 0.069196 0.390937 0.017857 0.010000
2 0.038839 0.395000 0.019643 0.008750
2 0.007589 0.417187 0.010714 0.012500
2 0.007589 0.408125 0.010714 0.010000
2 0.950446 0.675312 0.021429 0.022500
2 0.895536 0.685937 0.014286 0.012500
2 0.672321 0.780625 0.014286 0.011250
2 0.735714 0.710938 0.016071 0.012500
2 0.397321 0.802812 0.017857 0.008750
2 0.521875 0.736875 0.021429 0.011250
2 0.529464 0.747188 0.023214 0.010000
2 0.531250 0.754687 0.026786 0.012500
2 0.798214 0.720938 0.016071 0.007500
2 0.804018 0.726875 0.014286 0.010000
2 0.731250 0.761562 0.016071 0.013750
2 0.723214 0.764375 0.017857 0.016250
2 0.712500 0.766875 0.014286 0.015000
2 0.703571 0.767813 0.014286 0.013750
2 0.680804 0.777813 0.017857 0.015000
2 0.663393 0.784375 0.014286 0.012500
2 0.032143 0.696562 0.019643 0.008750
2 0.259821 0.675000 0.019643 0.018750
2 0.246429 0.650938 0.019643 0.017500
2 0.041964 0.726875 0.021429 0.010000
2 0.037500 0.713438 0.021429 0.011250
2 0.216071 0.697500 0.012500 0.013750
2 0.208036 0.697813 0.014286 0.011250
2 0.198661 0.697500 0.017857 0.013750
2 0.183482 0.684063 0.014286 0.015000
2 0.175893 0.686562 0.012500 0.013750
2 0.166964 0.688125 0.012500 0.013750
2 0.156696 0.690625 0.014286 0.012500
2 0.029018 0.690312 0.017857 0.008750
2 0.656250 0.786250 0.017857 0.016250
2 0.117857 0.664062 0.012500 0.012500
2 0.052232 0.664375 0.010714 0.010000
2 0.162500 0.639687 0.012500 0.013750
2 0.153571 0.640313 0.012500 0.015000
2 0.152679 0.653438 0.010714 0.010000
2 0.138839 0.642188 0.014286 0.012500
2 0.111607 0.618750 0.017857 0.006250
2 0.093750 0.620313 0.017857 0.006250
2 0.075893 0.618750 0.017857 0.006250
2 0.271875 0.673438 0.012500 0.012500
2 0.289286 0.675625 0.016071 0.013750
2 0.295089 0.665000 0.014286 0.011250
2 0.351786 0.735000 0.016071 0.013750
2 0.645536 0.791250 0.014286 0.013750
2 0.592411 0.783750 0.019643 0.011250
2 0.459375 0.814063 0.012500 0.012500
2 0.442411 0.820000 0.014286 0.015000
2 0.466071 0.846562 0.021429 0.008750
2 0.469643 0.851875 0.019643 0.010000
2 0.475446 0.859062 0.017857 0.008750
2 0.521429 0.926250 0.016071 0.015000
2 0.554018 0.974062 0.014286 0.013750
2 0.041071 0.965312 0.019643 0.008750
2 0.121875 0.970313 0.016071 0.012500
2 0.366071 0.855312 0.017857 0.007500
2 0.366518 0.861250 0.014286 0.003750
2 0.372321 0.875625 0.012500 0.007500
2 0.380357 0.887500 0.019643 0.006250
2 0.364286 0.901563 0.014286 0.012500
2 0.248214 0.883750 0.023214 0.011250
2 0.119643 0.896250 0.016071 0.011250
2 0.234375 0.628750 0.017857 0.013750
2 0.374107 0.743750 0.016071 0.012500
