2 0.810714 0.290313 0.023214 0.021250
2 0.970982 0.005938 0.017857 0.008750
2 0.969643 0.347812 0.019643 0.017500
2 0.979464 0.331250 0.021429 0.018750
2 0.699554 0.150938 0.028571 0.017500
2 0.734375 0.162500 0.035714 0.018750
2 0.769643 0.173125 0.030357 0.015000
2 0.801339 0.183750 0.026786 0.017500
2 0.860268 0.113125 0.037500 0.020000
2 0.969643 0.151875 0.028571 0.016250
2 0.668750 0.076250 0.033929 0.021250
2 0.836607 0.619688 0.030357 0.011250
2 0.921429 0.967187 0.030357 0.012500
2 0.881250 0.973750 0.030357 0.016250
2 0.842411 0.975313 0.028571 0.016250
2 0.754464 0.914687 0.035714 0.020000
2 0.993750 0.687500 0.014286 0.012500
2 0.821429 0.109688 0.035714 0.016250
2 0.844643 0.507188 0.028571 0.023750
2 0.983482 0.367188 0.033929 0.025000
2 0.955357 0.365000 0.026786 0.023750
2 0.785268 0.277500 0.021429 0.023750
2 0.894643 0.217188 0.030357 0.018750
2 0.660714 0.086250 0.026786 0.016250
2 0.826339 0.099375 0.032143 0.017500
2 0.620536 0.738438 0.026786 0.023750
2 0.580357 0.788125 0.026786 0.020000
2 0.650000 0.763750 0.023214 0.021250
2 0.702232 0.701250 0.025000 0.021250
2 0.640179 0.785937 0.021429 0.018750
2 0.612500 0.814375 0.019643 0.022500
2 0.578125 0.927187 0.035714 0.013750
2 0.756250 0.270625 0.021429 0.016250
