2 0.622768 0.341875 0.071429 0.021250
2 0.559821 0.382188 0.021429 0.036250
2 0.515179 0.350312 0.039286 0.047500
2 0.362500 0.308438 0.019643 0.026250
2 0.435268 0.335000 0.026786 0.051250
2 0.443304 0.264375 0.060714 0.016250
2 0.552679 0.309375 0.060714 0.012500
2 0.578571 0.389062 0.032143 0.050000
2 0.650446 0.455625 0.046429 0.017500
2 0.760714 0.450625 0.066071 0.032500
2 0.701786 0.044062 0.055357 0.028750
2 0.398214 0.386875 0.019643 0.011250
2 0.430804 0.507812 0.017857 0.006250
2 0.831250 0.133438 0.019643 0.013750
2 0.617857 0.478125 0.021429 0.012500
2 0.808036 0.112500 0.017857 0.012500
2 0.330804 0.623437 0.023214 0.006250
2 0.377679 0.570000 0.023214 0.008750
2 0.385714 0.557813 0.021429 0.006250
2 0.591964 0.612500 0.014286 0.006250
2 0.677232 0.570000 0.019643 0.015000
2 0.670536 0.576250 0.019643 0.015000
2 0.640625 0.615313 0.017857 0.015000
2 0.660714 0.588125 0.017857 0.013750
2 0.629464 0.568750 0.017857 0.006250
2 0.616964 0.584375 0.019643 0.006250
2 0.600446 0.600625 0.017857 0.007500
2 0.625000 0.635000 0.017857 0.013750
2 0.583036 0.675000 0.014286 0.012500
2 0.541071 0.671563 0.019643 0.008750
2 0.400000 0.542500 0.023214 0.010000
