2 0.024107 0.403438 0.021429 0.028750
2 0.043304 0.341562 0.019643 0.023750
2 0.195089 0.098437 0.019643 0.025000
2 0.233929 0.231875 0.030357 0.013750
2 0.005804 0.204687 0.007143 0.012500
2 0.100893 0.221875 0.032143 0.012500
2 0.417857 0.911250 0.023214 0.035000
2 0.942857 0.290313 0.037500 0.015000
2 0.795536 0.273438 0.037500 0.012500
2 0.691964 0.251563 0.035714 0.012500
2 0.638839 0.264062 0.032143 0.012500
2 0.596875 0.245625 0.028571 0.010000
2 0.517857 0.238125 0.035714 0.013750
2 0.525893 0.254062 0.033929 0.011250
2 0.399107 0.244375 0.039286 0.013750
