2 0.149107 0.801562 0.039286 0.012500
2 0.144643 0.833750 0.039286 0.011250
2 0.142411 0.847813 0.039286 0.011250
2 0.137500 0.864062 0.042857 0.012500
2 0.137946 0.915625 0.039286 0.012500
2 0.135268 0.976250 0.042857 0.015000
2 0.130357 0.991875 0.037500 0.015000
2 0.248214 0.839063 0.041071 0.012500
2 0.146875 0.768750 0.039286 0.012500
2 0.289286 0.841250 0.042857 0.013750
2 0.280357 0.857812 0.033929 0.012500
2 0.286607 0.875000 0.037500 0.012500
2 0.281696 0.890625 0.041071 0.012500
2 0.280357 0.909062 0.042857 0.015000
2 0.277679 0.922500 0.037500 0.013750
2 0.275446 0.939688 0.037500 0.013750
2 0.147768 0.782813 0.041071 0.012500
2 0.734821 0.666250 0.032143 0.051250
2 0.315625 0.972500 0.019643 0.032500
2 0.817857 0.411875 0.046429 0.011250
2 0.720536 0.374063 0.048214 0.013750
2 0.718750 0.402500 0.035714 0.011250
2 0.713839 0.418125 0.039286 0.011250
2 0.711607 0.432812 0.039286 0.012500
2 0.712500 0.445937 0.041071 0.013750
2 0.717411 0.477813 0.055357 0.021250
2 0.822768 0.398125 0.042857 0.015000
2 0.818304 0.427187 0.042857 0.013750
2 0.774554 0.675000 0.026786 0.050000
2 0.955357 0.123125 0.026786 0.027500
2 0.955804 0.685000 0.058929 0.020000
2 0.820982 0.673125 0.021429 0.033750
2 0.715179 0.669375 0.019643 0.026250
2 0.273214 0.957188 0.037500 0.011250
2 0.271875 0.972500 0.039286 0.013750
2 0.734375 0.314375 0.044643 0.016250
2 0.454911 0.977500 0.039286 0.011250
2 0.453571 0.992188 0.041071 0.012500
2 0.459821 0.962500 0.035714 0.012500
2 0.269643 0.988438 0.039286 0.011250
2 0.226786 0.966875 0.042857 0.015000
2 0.240179 0.855312 0.042857 0.013750
2 0.243750 0.871875 0.041071 0.012500
2 0.241518 0.888437 0.041071 0.011250
2 0.238839 0.902812 0.035714 0.015000
2 0.236161 0.918750 0.039286 0.012500
2 0.235268 0.934375 0.037500 0.012500
2 0.231696 0.953750 0.039286 0.013750
2 0.225893 0.986250 0.041071 0.016250
2 0.460714 0.942187 0.037500 0.012500
2 0.458929 0.926562 0.033929 0.012500
2 0.723661 0.359063 0.041071 0.015000
2 0.733036 0.300625 0.046429 0.013750
2 0.180357 0.185625 0.021429 0.027500
2 0.157589 0.187188 0.025000 0.027500
2 0.200893 0.184375 0.017857 0.025000
2 0.731250 0.283750 0.042857 0.011250
2 0.267857 0.480312 0.035714 0.013750
2 0.468304 0.539687 0.039286 0.013750
2 0.468304 0.558437 0.039286 0.013750
2 0.313393 0.315625 0.046429 0.012500
2 0.308929 0.344375 0.037500 0.013750
2 0.282143 0.408437 0.037500 0.013750
2 0.283036 0.440312 0.039286 0.015000
2 0.271875 0.466875 0.039286 0.015000
2 0.269643 0.495312 0.048214 0.018750
2 0.470982 0.505312 0.044643 0.013750
2 0.275893 0.516250 0.051786 0.013750
2 0.307589 0.285938 0.048214 0.012500
2 0.311161 0.264375 0.046429 0.010000
2 0.631250 0.121875 0.021429 0.025000
2 0.781250 0.188125 0.044643 0.013750
2 0.834375 0.265625 0.021429 0.025000
2 0.792411 0.264062 0.017857 0.025000
2 0.469643 0.520000 0.037500 0.015000
2 0.475000 0.481250 0.039286 0.012500
2 0.219643 0.182500 0.019643 0.027500
2 0.488393 0.328125 0.039286 0.012500
2 0.508482 0.135000 0.039286 0.013750
2 0.496429 0.201563 0.037500 0.012500
2 0.501786 0.220938 0.039286 0.013750
2 0.498214 0.239687 0.041071 0.013750
2 0.501786 0.257188 0.039286 0.017500
2 0.490179 0.288750 0.042857 0.015000
2 0.491071 0.315625 0.035714 0.012500
2 0.483036 0.345000 0.046429 0.015000
2 0.475893 0.465625 0.041071 0.012500
2 0.487500 0.359063 0.037500 0.015000
2 0.484821 0.375312 0.041071 0.016250
2 0.477232 0.391562 0.048214 0.017500
2 0.476339 0.405000 0.055357 0.016250
2 0.482143 0.422500 0.044643 0.013750
2 0.474554 0.435000 0.042857 0.013750
2 0.479018 0.447500 0.033929 0.013750
2 0.449107 0.284062 0.032143 0.040000
2 0.868304 0.118438 0.017857 0.027500
