2 0.728125 0.728437 0.032143 0.016250
2 0.771429 0.775625 0.025000 0.020000
2 0.824554 0.017813 0.019643 0.020000
2 0.582143 0.212812 0.021429 0.022500
2 0.609375 0.530625 0.026786 0.017500
2 0.635268 0.549375 0.033929 0.011250
2 0.916964 0.048438 0.030357 0.012500
2 0.957143 0.021875 0.021429 0.025000
2 0.932143 0.101250 0.016071 0.021250
2 0.707589 0.193750 0.035714 0.012500
2 0.888839 0.762188 0.014286 0.021250
2 0.816964 0.834375 0.017857 0.018750
2 0.864286 0.917812 0.023214 0.020000
2 0.821429 0.869375 0.026786 0.020000
2 0.932589 0.942500 0.030357 0.016250
2 0.983482 0.910313 0.033929 0.017500
2 0.880804 0.995625 0.025000 0.010000
2 0.691964 0.421875 0.026786 0.012500
2 0.571875 0.820937 0.014286 0.013750
2 0.847321 0.967187 0.025000 0.012500
