2 0.830357 0.249375 0.026786 0.017500
2 0.817857 0.262500 0.028571 0.018750
2 0.553571 0.280625 0.026786 0.011250
2 0.564732 0.267813 0.026786 0.020000
2 0.579911 0.250625 0.030357 0.020000
2 0.593304 0.243750 0.030357 0.018750
2 0.600893 0.234687 0.032143 0.022500
2 0.259821 0.152500 0.028571 0.017500
2 0.283482 0.134688 0.026786 0.016250
2 0.291518 0.125312 0.025000 0.016250
2 0.303125 0.108125 0.030357 0.016250
2 0.321429 0.090000 0.026786 0.017500
2 0.843304 0.235937 0.030357 0.018750
2 0.873661 0.109688 0.028571 0.022500
2 0.886607 0.100312 0.023214 0.016250
2 0.366964 0.158750 0.028571 0.017500
2 0.353571 0.167813 0.028571 0.020000
2 0.375893 0.148750 0.028571 0.016250
2 0.771429 0.205938 0.033929 0.021250
2 0.752679 0.228125 0.032143 0.025000
2 0.365625 0.197813 0.030357 0.017500
2 0.480357 0.236563 0.023214 0.013750
2 0.470089 0.244062 0.025000 0.016250
2 0.460714 0.255000 0.019643 0.016250
2 0.843750 0.136875 0.026786 0.017500
2 0.465179 0.211250 0.028571 0.016250
