2 0.244196 0.686250 0.019643 0.016250
2 0.324107 0.788125 0.014286 0.020000
2 0.384821 0.830625 0.019643 0.017500
2 0.329464 0.841875 0.025000 0.015000
2 0.748214 0.007187 0.023214 0.011250
2 0.912946 0.024063 0.017857 0.007500
2 0.037946 0.258125 0.017857 0.016250
2 0.355357 0.311875 0.023214 0.011250
2 0.162054 0.931875 0.016071 0.013750
2 0.131250 0.611875 0.021429 0.011250
2 0.603571 0.522813 0.019643 0.011250
2 0.610268 0.991250 0.019643 0.013750
2 0.680357 0.907188 0.012500 0.011250
2 0.769643 0.811875 0.021429 0.011250
2 0.932143 0.692500 0.016071 0.016250
2 0.870089 0.753437 0.012500 0.010000
2 0.958929 0.665625 0.016071 0.012500
2 0.913839 0.403125 0.019643 0.012500
2 0.988393 0.442188 0.012500 0.012500
2 0.748661 0.331562 0.019643 0.010000
2 0.584375 0.460313 0.021429 0.011250
2 0.579464 0.127812 0.025000 0.021250
2 0.619196 0.136563 0.010714 0.013750
2 0.757589 0.184062 0.019643 0.008750
2 0.985268 0.182500 0.019643 0.015000
2 0.617857 0.102500 0.012500 0.023750
