2 0.581696 0.787188 0.016071 0.008750
2 0.566071 0.778750 0.016071 0.007500
2 0.654464 0.831875 0.014286 0.013750
2 0.461607 0.839375 0.021429 0.010000
2 0.402679 0.724688 0.010714 0.008750
2 0.349107 0.774062 0.010714 0.007500
2 0.388839 0.737812 0.014286 0.010000
2 0.367857 0.754063 0.012500 0.011250
2 0.294643 0.824375 0.008929 0.011250
2 0.278571 0.839375 0.012500 0.010000
2 0.201339 0.915625 0.014286 0.012500
2 0.265625 0.970313 0.017857 0.006250
2 0.191964 0.963125 0.017857 0.007500
2 0.162946 0.974687 0.017857 0.008750
2 0.064286 0.953125 0.012500 0.006250
2 0.064732 0.945000 0.017857 0.008750
