2 0.146429 0.608437 0.033929 0.013750
2 0.020089 0.430000 0.035714 0.016250
2 0.058482 0.440625 0.014286 0.006250
2 0.083036 0.443125 0.014286 0.005000
2 0.128125 0.457188 0.010714 0.005000
2 0.140179 0.468750 0.012500 0.006250
2 0.196429 0.522188 0.008929 0.010000
2 0.198214 0.543125 0.012500 0.011250
2 0.216518 0.544687 0.008929 0.011250
2 0.216964 0.560312 0.014286 0.011250
2 0.475000 0.692812 0.012500 0.007500
2 0.689286 0.827812 0.012500 0.008750
2 0.671429 0.857500 0.012500 0.008750
2 0.697321 0.841250 0.010714 0.007500
2 0.746429 0.888750 0.010714 0.008750
2 0.300893 0.650625 0.012500 0.007500
2 0.182589 0.624375 0.012500 0.005000
2 0.203571 0.631250 0.014286 0.006250
2 0.343750 0.344375 0.008929 0.007500
2 0.766518 0.960625 0.010714 0.008750
