2 0.044643 0.147500 0.008929 0.013750
2 0.066071 0.099375 0.016071 0.005000
2 0.163839 0.096875 0.019643 0.006250
2 0.188393 0.093750 0.019643 0.006250
2 0.219643 0.093750 0.019643 0.006250
2 0.301339 0.092188 0.017857 0.006250
2 0.327232 0.091563 0.025000 0.005000
2 0.417857 0.086875 0.023214 0.005000
2 0.068750 0.404063 0.021429 0.005000
2 0.511161 0.085938 0.017857 0.006250
2 0.487946 0.086875 0.016071 0.005000
2 0.574554 0.080625 0.019643 0.005000
2 0.601786 0.081250 0.025000 0.006250
2 0.749107 0.075000 0.025000 0.006250
2 0.886607 0.070312 0.023214 0.006250
2 0.987500 0.068125 0.019643 0.005000
2 0.754018 0.695000 0.021429 0.008750
2 0.638839 0.718438 0.023214 0.008750
2 0.561607 0.710313 0.025000 0.005000
2 0.455804 0.628750 0.023214 0.007500
2 0.230804 0.711875 0.019643 0.005000
2 0.283929 0.739062 0.023214 0.006250
2 0.066964 0.810000 0.008929 0.013750
2 0.027679 0.800313 0.010714 0.016250
2 0.029018 0.821250 0.008929 0.011250
2 0.029911 0.836875 0.010714 0.011250
2 0.030357 0.848125 0.007143 0.008750
2 0.072321 0.859062 0.010714 0.015000
2 0.043304 0.946875 0.010714 0.012500
2 0.385714 0.834375 0.012500 0.012500
2 0.424107 0.837500 0.008929 0.012500
2 0.457143 0.856875 0.021429 0.007500
2 0.392857 0.884688 0.008929 0.016250
2 0.401786 0.975938 0.008929 0.011250
2 0.439286 0.961875 0.012500 0.017500
2 0.730357 0.844375 0.014286 0.007500
2 0.788839 0.812813 0.010714 0.016250
