2 0.584821 0.592812 0.017857 0.026250
2 0.563839 0.863750 0.016071 0.027500
2 0.604464 0.364375 0.021429 0.028750
2 0.654464 0.938125 0.023214 0.026250
2 0.769196 0.869375 0.025000 0.032500
2 0.808482 0.874375 0.023214 0.030000
2 0.630804 0.863438 0.025000 0.030000
2 0.686161 0.861875 0.019643 0.036250
2 0.895536 0.736875 0.050000 0.017500
2 0.890179 0.718438 0.048214 0.015000
2 0.889732 0.682500 0.042857 0.015000
2 0.887500 0.603125 0.042857 0.012500
2 0.791964 0.579688 0.039286 0.012500
2 0.893750 0.306250 0.046429 0.012500
2 0.578125 0.629063 0.026786 0.036250
2 0.887500 0.758437 0.042857 0.013750
2 0.822321 0.517813 0.037500 0.013750
2 0.868304 0.520312 0.035714 0.012500
2 0.759375 0.816250 0.050000 0.013750
2 0.657589 0.865625 0.016071 0.025000
