2 0.569643 0.991875 0.023214 0.015000
2 0.611607 0.718750 0.035714 0.018750
2 0.962946 0.498437 0.028571 0.025000
2 0.983929 0.498437 0.030357 0.025000
2 0.904464 0.498750 0.032143 0.028750
2 0.925893 0.498125 0.030357 0.027500
2 0.799107 0.507812 0.026786 0.025000
2 0.835268 0.504375 0.032143 0.027500
2 0.765179 0.509375 0.021429 0.025000
2 0.695089 0.290000 0.019643 0.023750
2 0.776339 0.261250 0.021429 0.028750
2 0.728571 0.259375 0.019643 0.025000
2 0.697768 0.260625 0.025000 0.027500
2 0.627679 0.257500 0.032143 0.027500
2 0.790179 0.194062 0.017857 0.022500
2 0.758929 0.191562 0.017857 0.023750
2 0.741518 0.194687 0.023214 0.023750
2 0.718750 0.193750 0.017857 0.025000
2 0.697768 0.194375 0.016071 0.026250
2 0.875446 0.145937 0.023214 0.026250
2 0.840625 0.149063 0.025000 0.026250
2 0.807143 0.147187 0.025000 0.022500
2 0.788839 0.150625 0.019643 0.026250
2 0.725446 0.147187 0.017857 0.022500
2 0.797768 0.260625 0.019643 0.027500
2 0.715625 0.289687 0.016071 0.020000
2 0.706250 0.507500 0.028571 0.027500
2 0.729911 0.287500 0.017857 0.025000
2 0.672768 0.922500 0.037500 0.013750
2 0.573661 0.904687 0.026786 0.025000
2 0.565179 0.821250 0.023214 0.023750
2 0.571875 0.844688 0.023214 0.023750
2 0.574107 0.872500 0.023214 0.026250
2 0.876786 0.186563 0.021429 0.026250
2 0.857589 0.188125 0.023214 0.026250
2 0.821875 0.190625 0.023214 0.025000
2 0.926786 0.287500 0.023214 0.031250
2 0.875446 0.291250 0.023214 0.026250
2 0.852679 0.291250 0.017857 0.026250
2 0.807143 0.288125 0.016071 0.026250
2 0.789286 0.286562 0.016071 0.026250
2 0.772321 0.286875 0.017857 0.023750
2 0.751786 0.287500 0.021429 0.025000
2 0.600446 0.926250 0.044643 0.015000
2 0.751786 0.259375 0.021429 0.025000
2 0.743304 0.215937 0.035714 0.016250
