2 0.539286 0.734063 0.078571 0.021250
2 0.725000 0.838750 0.048214 0.015000
2 0.719196 0.745000 0.032143 0.046250
2 0.807589 0.788125 0.030357 0.051250
2 0.687500 0.977500 0.017857 0.011250
2 0.411607 0.837500 0.019643 0.012500
2 0.175893 0.737187 0.021429 0.015000
2 0.051339 0.685937 0.017857 0.012500
2 0.029464 0.663438 0.032143 0.017500
2 0.489286 0.989062 0.023214 0.012500
2 0.401339 0.950000 0.021429 0.012500
2 0.587946 0.328125 0.019643 0.012500
2 0.586161 0.372812 0.016071 0.011250
2 0.583482 0.388750 0.019643 0.015000
2 0.691071 0.276875 0.016071 0.016250
2 0.827679 0.728750 0.021429 0.013750
2 0.896875 0.525000 0.021429 0.012500
2 0.725893 0.277813 0.014286 0.015000
2 0.583482 0.403125 0.019643 0.012500
2 0.580804 0.525625 0.014286 0.007500
2 0.577679 0.505000 0.021429 0.010000
2 0.537946 0.514375 0.017857 0.010000
2 0.539286 0.468125 0.016071 0.011250
2 0.536161 0.447500 0.023214 0.013750
2 0.540625 0.433437 0.023214 0.013750
2 0.542411 0.420312 0.017857 0.012500
