2 0.792857 0.012812 0.023214 0.022500
2 0.737500 0.058125 0.019643 0.016250
2 0.750893 0.058125 0.019643 0.016250
2 0.708482 0.080312 0.019643 0.013750
2 0.723214 0.080312 0.017857 0.013750
2 0.735714 0.078125 0.016071 0.012500
2 0.748214 0.078125 0.014286 0.012500
2 0.874107 0.118750 0.016071 0.006250
2 0.848214 0.121250 0.017857 0.005000
2 0.826339 0.121875 0.014286 0.006250
2 0.806250 0.121875 0.014286 0.006250
2 0.746429 0.096875 0.019643 0.012500
2 0.737054 0.096250 0.014286 0.011250
2 0.725893 0.096875 0.014286 0.012500
2 0.715625 0.096875 0.016071 0.012500
2 0.701786 0.097500 0.019643 0.013750
2 0.740179 0.109375 0.016071 0.006250
2 0.757589 0.108438 0.019643 0.007500
2 0.736607 0.121875 0.017857 0.012500
2 0.722321 0.122188 0.016071 0.010000
2 0.704464 0.120625 0.016071 0.010000
2 0.688839 0.122812 0.016071 0.011250
2 0.727232 0.008750 0.021429 0.011250
2 0.710268 0.040625 0.014286 0.012500
2 0.771875 0.177812 0.021429 0.008750
2 0.683929 0.195000 0.019643 0.008750
2 0.639732 0.181875 0.016071 0.007500
2 0.541071 0.165000 0.019643 0.011250
2 0.741071 0.041250 0.008929 0.013750
2 0.732143 0.041250 0.008929 0.013750
2 0.723214 0.041875 0.008929 0.015000
2 0.587054 0.095000 0.017857 0.008750
2 0.536161 0.088750 0.014286 0.015000
2 0.549554 0.096875 0.014286 0.012500
2 0.591964 0.108438 0.014286 0.013750
2 0.312500 0.106250 0.017857 0.012500
2 0.485268 0.251250 0.019643 0.015000
2 0.415179 0.219375 0.017857 0.007500
2 0.369196 0.205938 0.019643 0.008750
2 0.223214 0.234375 0.017857 0.006250
2 0.157589 0.241875 0.025000 0.008750
2 0.099107 0.250625 0.019643 0.007500
