2 0.235714 0.870625 0.033929 0.016250
2 0.281250 0.885000 0.035714 0.013750
2 0.182143 0.895000 0.033929 0.015000
2 0.217857 0.905312 0.033929 0.013750
2 0.121875 0.871250 0.033929 0.017500
2 0.195536 0.528125 0.025000 0.012500
2 0.009375 0.447500 0.014286 0.013750
2 0.087946 0.862500 0.037500 0.018750
2 0.028125 0.840000 0.033929 0.017500
2 0.050893 0.825625 0.039286 0.020000
2 0.208929 0.848125 0.033929 0.015000
2 0.427679 0.858125 0.025000 0.022500
2 0.340625 0.906875 0.033929 0.020000
2 0.343304 0.892188 0.030357 0.018750
2 0.270536 0.897500 0.032143 0.020000
2 0.264732 0.920312 0.033929 0.018750
2 0.780804 0.995625 0.030357 0.010000
2 0.831250 0.993750 0.019643 0.012500
2 0.844643 0.995625 0.019643 0.010000
2 0.895536 0.907500 0.014286 0.021250
2 0.866071 0.841562 0.026786 0.023750
2 0.514286 0.683750 0.019643 0.017500
2 0.561161 0.544063 0.019643 0.022500
2 0.900893 0.888125 0.016071 0.020000
2 0.910268 0.861250 0.021429 0.028750
2 0.925000 0.834375 0.019643 0.025000
2 0.012946 0.193125 0.021429 0.017500
2 0.079911 0.215000 0.030357 0.017500
2 0.110714 0.225312 0.033929 0.016250
2 0.444643 0.925313 0.050000 0.028750
2 0.429464 0.605000 0.028571 0.016250
2 0.875000 0.429375 0.035714 0.015000
2 0.922321 0.148750 0.032143 0.016250
2 0.930357 0.116875 0.030357 0.015000
2 0.733482 0.157500 0.016071 0.021250
2 0.593750 0.031875 0.026786 0.013750
2 0.058929 0.340000 0.028571 0.011250
2 0.261607 0.465625 0.014286 0.018750
2 0.082143 0.821562 0.030357 0.015000
2 0.121429 0.836875 0.028571 0.017500
2 0.168750 0.796875 0.025000 0.012500
2 0.912946 0.732187 0.026786 0.011250
