2 0.310268 0.876563 0.071429 0.025000
2 0.418304 0.862187 0.064286 0.027500
2 0.186607 0.894688 0.060714 0.017500
2 0.193750 0.902812 0.057143 0.021250
2 0.195536 0.918437 0.060714 0.027500
2 0.933036 0.575937 0.080357 0.023750
2 0.291964 0.818750 0.030357 0.012500
2 0.344643 0.842500 0.073214 0.028750
2 0.030357 0.689063 0.016071 0.012500
2 0.045536 0.683750 0.010714 0.017500
2 0.093304 0.674063 0.012500 0.013750
2 0.103571 0.672187 0.010714 0.016250
2 0.322321 0.831250 0.010714 0.018750
2 0.338393 0.829063 0.016071 0.017500
2 0.348661 0.825000 0.014286 0.018750
2 0.361607 0.824375 0.017857 0.017500
2 0.373214 0.819688 0.014286 0.017500
2 0.324554 0.797813 0.019643 0.017500
2 0.345089 0.792812 0.016071 0.013750
2 0.356696 0.790000 0.012500 0.017500
2 0.369643 0.786875 0.016071 0.017500
2 0.379464 0.785313 0.017857 0.017500
2 0.396429 0.781250 0.016071 0.018750
2 0.591964 0.731563 0.014286 0.016250
2 0.602232 0.730000 0.012500 0.016250
2 0.611607 0.727812 0.017857 0.015000
2 0.628571 0.723750 0.016071 0.016250
2 0.648661 0.718438 0.016071 0.015000
2 0.693750 0.719688 0.021429 0.011250
2 0.700000 0.728437 0.025000 0.010000
2 0.681250 0.748125 0.014286 0.015000
2 0.664286 0.750312 0.016071 0.016250
2 0.641964 0.755625 0.016071 0.017500
2 0.629464 0.758750 0.017857 0.017500
2 0.617411 0.761250 0.016071 0.016250
2 0.124107 0.842500 0.016071 0.016250
2 0.267857 0.659375 0.017857 0.018750
2 0.290179 0.655000 0.017857 0.016250
2 0.350893 0.638125 0.014286 0.013750
2 0.329464 0.645312 0.016071 0.012500
2 0.358929 0.634375 0.012500 0.012500
2 0.373661 0.635000 0.010714 0.013750
2 0.382589 0.633437 0.010714 0.013750
2 0.394643 0.628750 0.012500 0.013750
2 0.402232 0.627500 0.014286 0.017500
2 0.413393 0.624688 0.014286 0.015000
2 0.423661 0.620937 0.012500 0.013750
2 0.434821 0.616875 0.012500 0.015000
2 0.466964 0.612187 0.014286 0.015000
2 0.478125 0.609063 0.014286 0.015000
2 0.489732 0.605938 0.010714 0.015000
2 0.510268 0.601875 0.016071 0.016250
2 0.587500 0.583125 0.014286 0.016250
2 0.596875 0.578750 0.010714 0.013750
2 0.608482 0.578437 0.016071 0.016250
