2 0.503571 0.805625 0.007143 0.011250
2 0.079911 0.865312 0.012500 0.015000
2 0.545536 0.809375 0.010714 0.012500
2 0.525893 0.804688 0.007143 0.012500
2 0.516964 0.804688 0.007143 0.012500
2 0.492411 0.803125 0.007143 0.012500
2 0.252232 0.750312 0.008929 0.010000
2 0.564732 0.810312 0.008929 0.011250
2 0.580357 0.815000 0.008929 0.011250
2 0.597321 0.815625 0.007143 0.012500
2 0.588393 0.815312 0.007143 0.015000
2 0.606250 0.816563 0.007143 0.011250
2 0.704018 0.797500 0.010714 0.013750
2 0.661607 0.793750 0.010714 0.012500
2 0.628125 0.788438 0.010714 0.011250
2 0.535714 0.780000 0.008929 0.010000
2 0.378571 0.686875 0.016071 0.011250
2 0.366071 0.723125 0.008929 0.015000
2 0.358036 0.723125 0.010714 0.015000
2 0.193304 0.716562 0.016071 0.011250
2 0.216071 0.650625 0.048214 0.032500
2 0.665179 0.820625 0.008929 0.010000
2 0.089286 0.866250 0.008929 0.013750
