2 0.179911 0.359375 0.016071 0.012500
2 0.229911 0.403125 0.008929 0.012500
2 0.223214 0.397500 0.017857 0.013750
2 0.217857 0.391875 0.016071 0.015000
2 0.199107 0.375000 0.014286 0.012500
2 0.191071 0.371563 0.016071 0.015000
2 0.186607 0.366250 0.016071 0.013750
2 0.174554 0.353750 0.014286 0.013750
2 0.199554 0.412188 0.019643 0.008750
2 0.166964 0.347812 0.012500 0.011250
2 0.158929 0.343750 0.014286 0.012500
2 0.154464 0.339062 0.014286 0.012500
2 0.148661 0.330313 0.016071 0.013750
2 0.215179 0.438750 0.019643 0.008750
2 0.212946 0.430312 0.019643 0.007500
2 0.235714 0.408437 0.016071 0.013750
2 0.242411 0.412500 0.016071 0.012500
2 0.267857 0.410000 0.017857 0.013750
2 0.252232 0.396875 0.017857 0.012500
2 0.233036 0.381250 0.019643 0.012500
2 0.217857 0.369688 0.016071 0.011250
2 0.207589 0.357812 0.017857 0.012500
2 0.148214 0.301250 0.019643 0.008750
2 0.206250 0.308125 0.019643 0.010000
2 0.270536 0.323437 0.014286 0.012500
2 0.318750 0.335313 0.021429 0.011250
2 0.309821 0.326562 0.021429 0.012500
2 0.435268 0.466875 0.017857 0.015000
2 0.344643 0.497500 0.019643 0.013750
2 0.203125 0.418438 0.017857 0.008750
2 0.191518 0.407500 0.021429 0.008750
2 0.183036 0.400000 0.017857 0.006250
2 0.162500 0.239375 0.021429 0.010000
2 0.094643 0.309688 0.019643 0.010000
2 0.087054 0.315312 0.017857 0.008750
2 0.078125 0.319062 0.017857 0.010000
2 0.073214 0.325313 0.021429 0.010000
2 0.110268 0.335000 0.019643 0.007500
2 0.116071 0.340313 0.017857 0.008750
2 0.120089 0.348125 0.021429 0.008750
2 0.125000 0.352187 0.017857 0.007500
2 0.137054 0.356875 0.019643 0.007500
2 0.142857 0.363125 0.017857 0.007500
2 0.147321 0.368750 0.017857 0.006250
2 0.159375 0.377812 0.019643 0.008750
2 0.166964 0.385000 0.021429 0.007500
2 0.285714 0.397187 0.017857 0.016250
