2 0.979018 0.840625 0.016071 0.012500
2 0.591071 0.996875 0.012500 0.006250
2 0.600893 0.993750 0.014286 0.012500
2 0.690179 0.956250 0.014286 0.012500
2 0.773661 0.919375 0.016071 0.013750
2 0.766964 0.923438 0.016071 0.012500
2 0.761607 0.928750 0.014286 0.013750
2 0.752679 0.931250 0.014286 0.012500
2 0.745536 0.935625 0.017857 0.015000
2 0.737054 0.936875 0.014286 0.011250
2 0.729018 0.941250 0.016071 0.013750
2 0.713393 0.948438 0.016071 0.012500
2 0.683036 0.961562 0.017857 0.013750
2 0.611607 0.990625 0.017857 0.012500
2 0.664286 0.967812 0.016071 0.013750
2 0.680804 0.854688 0.017857 0.012500
2 0.668304 0.861250 0.019643 0.010000
2 0.660268 0.868125 0.021429 0.011250
2 0.647768 0.875313 0.023214 0.010000
2 0.619643 0.886250 0.025000 0.010000
2 0.633036 0.980937 0.016071 0.015000
2 0.617411 0.985938 0.016071 0.012500
2 0.187946 0.989062 0.014286 0.012500
2 0.963839 0.507812 0.039286 0.037500
2 0.928125 0.524375 0.039286 0.036250
2 0.785268 0.586875 0.039286 0.036250
2 0.608036 0.812187 0.064286 0.015000
2 0.538393 0.838125 0.067857 0.020000
2 0.524554 0.847188 0.062500 0.016250
2 0.524554 0.864375 0.044643 0.010000
2 0.313393 0.812187 0.073214 0.021250
2 0.298661 0.818750 0.057143 0.018750
2 0.284375 0.826250 0.064286 0.021250
2 0.061607 0.833125 0.016071 0.016250
2 0.175893 0.990000 0.012500 0.011250
2 0.020536 0.878750 0.014286 0.013750
2 0.162054 0.921250 0.025000 0.023750
2 0.033929 0.899375 0.023214 0.023750
2 0.046429 0.898750 0.021429 0.022500
2 0.079464 0.890000 0.025000 0.023750
2 0.047321 0.866875 0.014286 0.015000
2 0.052679 0.836562 0.016071 0.013750
2 0.140179 0.820000 0.021429 0.021250
2 0.979464 0.146250 0.039286 0.036250
2 0.783929 0.917188 0.014286 0.012500
2 0.790179 0.913125 0.017857 0.013750
2 0.800446 0.910937 0.016071 0.012500
2 0.882143 0.900000 0.023214 0.012500
2 0.831696 0.985000 0.016071 0.013750
2 0.860714 0.972188 0.016071 0.016250
2 0.871875 0.967500 0.016071 0.016250
2 0.798661 0.995000 0.012500 0.008750
2 0.786607 0.997812 0.010714 0.005000
2 0.857143 0.939688 0.017857 0.013750
2 0.791518 0.950313 0.016071 0.016250
2 0.778125 0.972500 0.016071 0.013750
2 0.784821 0.967812 0.016071 0.013750
2 0.793750 0.965312 0.016071 0.015000
2 0.806250 0.956875 0.014286 0.013750
2 0.817857 0.955937 0.019643 0.015000
2 0.833036 0.946875 0.014286 0.012500
2 0.867411 0.936250 0.016071 0.016250
2 0.807143 0.944375 0.016071 0.013750
2 0.769196 0.960625 0.016071 0.015000
2 0.816964 0.941250 0.017857 0.013750
2 0.829464 0.933437 0.016071 0.013750
2 0.839732 0.928125 0.014286 0.012500
2 0.846429 0.927187 0.014286 0.013750
2 0.856250 0.923125 0.016071 0.015000
2 0.912054 0.927500 0.016071 0.011250
2 0.897768 0.918750 0.023214 0.012500
2 0.889732 0.905000 0.016071 0.010000
2 0.777232 0.958437 0.014286 0.013750
2 0.760268 0.965312 0.016071 0.015000
2 0.695536 0.990312 0.016071 0.015000
2 0.671429 0.996875 0.012500 0.006250
2 0.687946 0.992812 0.014286 0.013750
2 0.700893 0.986250 0.017857 0.016250
2 0.753571 0.967812 0.016071 0.013750
2 0.720982 0.993750 0.017857 0.012500
2 0.720089 0.980312 0.016071 0.013750
2 0.730357 0.991250 0.014286 0.013750
2 0.728125 0.977812 0.014286 0.015000
2 0.737946 0.989062 0.016071 0.012500
2 0.734821 0.972500 0.014286 0.013750
2 0.753571 0.983437 0.016071 0.013750
2 0.761607 0.978125 0.014286 0.012500
2 0.274107 0.838125 0.066071 0.020000
2 0.526786 0.690312 0.026786 0.027500
2 0.871875 0.537813 0.016071 0.016250
