2 0.634821 0.017500 0.028571 0.010000
2 0.537500 0.771250 0.012500 0.023750
2 0.588393 0.717500 0.016071 0.028750
2 0.571875 0.719688 0.014286 0.023750
2 0.552679 0.718438 0.016071 0.021250
2 0.537054 0.717187 0.016071 0.018750
2 0.520536 0.717812 0.014286 0.020000
2 0.397768 0.715000 0.014286 0.023750
2 0.378571 0.710938 0.016071 0.025000
2 0.366518 0.714375 0.014286 0.022500
2 0.333929 0.716250 0.016071 0.026250
2 0.055357 0.035625 0.030357 0.027500
2 0.101786 0.049062 0.033929 0.032500
2 0.016964 0.098437 0.025000 0.031250
2 0.034375 0.069687 0.028571 0.023750
2 0.557143 0.771250 0.016071 0.023750
2 0.470536 0.768125 0.012500 0.023750
2 0.564286 0.015625 0.030357 0.012500
2 0.452232 0.767188 0.016071 0.025000
2 0.524554 0.014375 0.035714 0.010000
2 0.491964 0.013750 0.037500 0.008750
2 0.435268 0.013437 0.035714 0.011250
2 0.386161 0.012500 0.035714 0.012500
2 0.304464 0.793125 0.019643 0.023750
2 0.368304 0.790625 0.017857 0.025000
2 0.333929 0.792188 0.016071 0.025000
2 0.351786 0.842187 0.016071 0.025000
2 0.314286 0.842187 0.012500 0.025000
2 0.333482 0.843125 0.010714 0.023750
2 0.425893 0.846250 0.012500 0.023750
2 0.440179 0.847188 0.014286 0.022500
2 0.484821 0.846562 0.014286 0.021250
2 0.529464 0.846250 0.014286 0.023750
2 0.546429 0.847500 0.012500 0.026250
2 0.535714 0.793125 0.017857 0.023750
2 0.426339 0.792188 0.017857 0.025000
2 0.387054 0.791250 0.019643 0.026250
2 0.351786 0.765937 0.016071 0.022500
2 0.368750 0.767813 0.014286 0.020000
2 0.504464 0.771563 0.017857 0.021250
2 0.458929 0.793750 0.016071 0.025000
2 0.436161 0.765000 0.019643 0.023750
2 0.307589 0.009375 0.030357 0.012500
