2 0.671875 0.320625 0.008929 0.010000
2 0.677679 0.343125 0.007143 0.011250
2 0.764286 0.606875 0.019643 0.007500
2 0.850446 0.750625 0.017857 0.007500
2 0.889286 0.417500 0.010714 0.016250
2 0.910714 0.424062 0.017857 0.007500
2 0.934821 0.390313 0.021429 0.008750
2 0.882589 0.310000 0.010714 0.013750
2 0.974107 0.063125 0.010714 0.013750
2 0.976339 0.050938 0.010714 0.011250
2 0.927232 0.174375 0.010714 0.017500
2 0.935268 0.197500 0.017857 0.007500
2 0.933929 0.150000 0.010714 0.012500
2 0.782143 0.199687 0.010714 0.015000
2 0.797768 0.161250 0.010714 0.016250
2 0.652679 0.139063 0.010714 0.012500
