2 0.585714 0.151875 0.037500 0.016250
2 0.564286 0.143125 0.030357 0.017500
2 0.739286 0.101875 0.041071 0.035000
2 0.726339 0.077500 0.037500 0.030000
2 0.731250 0.052812 0.033929 0.027500
2 0.671875 0.075938 0.026786 0.023750
2 0.634375 0.048438 0.032143 0.025000
2 0.783929 0.121875 0.032143 0.031250
2 0.756696 0.105000 0.035714 0.028750
2 0.906250 0.242188 0.044643 0.025000
2 0.931250 0.181875 0.041071 0.032500
2 0.610268 0.159375 0.028571 0.012500
2 0.743750 0.215937 0.032143 0.016250
2 0.720089 0.209063 0.025000 0.015000
2 0.701339 0.201250 0.032143 0.015000
2 0.688393 0.190625 0.028571 0.012500
2 0.642857 0.176250 0.035714 0.015000
2 0.629911 0.166250 0.032143 0.013750
2 0.777679 0.231250 0.028571 0.012500
2 0.793750 0.240000 0.033929 0.017500
2 0.601339 0.616250 0.037500 0.020000
2 0.557589 0.654687 0.030357 0.018750
2 0.588393 0.641563 0.033929 0.011250
2 0.616071 0.649687 0.035714 0.015000
2 0.646429 0.659375 0.033929 0.018750
2 0.659821 0.668750 0.033929 0.012500
2 0.679464 0.676250 0.037500 0.015000
2 0.695982 0.685625 0.039286 0.015000
2 0.718750 0.691875 0.035714 0.015000
2 0.740179 0.701875 0.042857 0.016250
2 0.924107 0.780625 0.026786 0.017500
2 0.904464 0.774687 0.032143 0.015000
2 0.681696 0.780625 0.037500 0.023750
2 0.751786 0.844375 0.039286 0.020000
2 0.612500 0.789375 0.037500 0.022500
2 0.885714 0.764687 0.030357 0.013750
2 0.566071 0.833750 0.033929 0.023750
2 0.603571 0.849062 0.037500 0.020000
2 0.633482 0.861250 0.030357 0.016250
2 0.666071 0.873125 0.037500 0.021250
2 0.700000 0.887813 0.033929 0.016250
2 0.764732 0.916250 0.033929 0.020000
2 0.811607 0.842500 0.033929 0.022500
2 0.699554 0.810312 0.037500 0.017500
2 0.907589 0.843437 0.042857 0.021250
2 0.748661 0.779375 0.037500 0.021250
2 0.613393 0.718750 0.030357 0.018750
2 0.802232 0.782188 0.037500 0.017500
2 0.849554 0.785625 0.033929 0.021250
2 0.759375 0.710000 0.032143 0.013750
2 0.820089 0.733125 0.028571 0.016250
2 0.858929 0.714375 0.030357 0.022500
2 0.887500 0.659062 0.025000 0.021250
2 0.872321 0.756875 0.030357 0.013750
2 0.948214 0.788750 0.030357 0.015000
2 0.992411 0.816250 0.016071 0.013750
2 0.985268 0.804375 0.028571 0.015000
2 0.966518 0.797813 0.035714 0.017500
2 0.795982 0.135000 0.025000 0.020000
2 0.566071 0.011562 0.025000 0.020000
2 0.793304 0.076875 0.028571 0.022500
2 0.821429 0.115000 0.026786 0.023750
2 0.913393 0.287188 0.032143 0.015000
2 0.928125 0.297500 0.030357 0.013750
2 0.942857 0.303125 0.028571 0.012500
2 0.850000 0.266250 0.030357 0.013750
2 0.887054 0.279687 0.028571 0.012500
2 0.831250 0.256562 0.028571 0.016250
2 0.815179 0.248125 0.032143 0.015000
2 0.796875 0.470000 0.026786 0.021250
2 0.859821 0.441250 0.032143 0.026250
2 0.879464 0.421250 0.026786 0.023750
2 0.851786 0.399688 0.025000 0.021250
2 0.983482 0.320000 0.025000 0.015000
2 0.994196 0.332813 0.010714 0.012500
2 0.868304 0.360625 0.017857 0.027500
2 0.853571 0.352500 0.019643 0.023750
2 0.834821 0.347500 0.017857 0.026250
2 0.918750 0.384375 0.016071 0.025000
2 0.932143 0.385625 0.016071 0.027500
2 0.950000 0.395937 0.016071 0.026250
2 0.965625 0.401250 0.016071 0.027500
2 0.992857 0.415000 0.012500 0.023750
2 0.560714 0.734687 0.032143 0.016250
2 0.675893 0.733750 0.030357 0.017500
2 0.828571 0.088750 0.032143 0.021250
