2 0.714286 0.655938 0.017857 0.008750
2 0.712500 0.631250 0.014286 0.006250
2 0.715625 0.618437 0.016071 0.008750
2 0.713393 0.611563 0.016071 0.007500
2 0.716518 0.597500 0.017857 0.007500
2 0.714732 0.591250 0.014286 0.007500
2 0.714732 0.582500 0.014286 0.008750
2 0.708036 0.550312 0.014286 0.010000
2 0.690179 0.538438 0.014286 0.011250
2 0.691071 0.551562 0.016071 0.012500
2 0.668750 0.543125 0.016071 0.011250
2 0.681696 0.557500 0.019643 0.008750
2 0.676786 0.562500 0.014286 0.006250
2 0.675893 0.569063 0.012500 0.003750
2 0.659821 0.566250 0.016071 0.007500
2 0.650893 0.575000 0.016071 0.006250
2 0.658929 0.583750 0.014286 0.005000
2 0.664286 0.590000 0.016071 0.005000
2 0.667857 0.602187 0.014286 0.007500
2 0.663393 0.614062 0.014286 0.006250
2 0.656696 0.621875 0.014286 0.006250
2 0.944643 0.575000 0.014286 0.012500
2 0.982589 0.575937 0.014286 0.011250
2 0.993750 0.574375 0.014286 0.011250
2 0.969196 0.540000 0.014286 0.011250
2 0.958036 0.539375 0.014286 0.010000
2 0.716964 0.637813 0.014286 0.010000
2 0.686607 0.675938 0.007143 0.011250
2 0.664286 0.676250 0.016071 0.008750
2 0.954464 0.656250 0.016071 0.006250
2 0.868304 0.655625 0.017857 0.005000
