2 0.073661 0.012500 0.017857 0.006250
2 0.070536 0.030937 0.016071 0.008750
2 0.063839 0.051562 0.016071 0.006250
2 0.058929 0.082812 0.019643 0.006250
2 0.051786 0.102188 0.014286 0.007500
2 0.048661 0.125312 0.021429 0.016250
2 0.103571 0.128750 0.019643 0.007500
2 0.106696 0.124063 0.021429 0.007500
2 0.104018 0.116250 0.016071 0.007500
2 0.036607 0.173437 0.019643 0.006250
2 0.032143 0.200312 0.019643 0.010000
2 0.081250 0.219062 0.019643 0.010000
2 0.025000 0.215313 0.023214 0.008750
2 0.080357 0.225000 0.017857 0.006250
2 0.095536 0.234375 0.021429 0.006250
2 0.093304 0.240313 0.021429 0.008750
2 0.073661 0.253750 0.017857 0.007500
2 0.070536 0.259375 0.016071 0.006250
2 0.019643 0.257500 0.021429 0.008750
2 0.014286 0.274062 0.019643 0.007500
2 0.068750 0.278750 0.021429 0.007500
2 0.042411 0.328750 0.008929 0.013750
2 0.068750 0.287500 0.021429 0.006250
2 0.036607 0.356875 0.010714 0.013750
2 0.028571 0.378750 0.012500 0.013750
2 0.033482 0.419688 0.008929 0.011250
2 0.043304 0.497500 0.010714 0.013750
2 0.054464 0.498125 0.010714 0.015000
2 0.071429 0.499062 0.008929 0.013750
2 0.080357 0.502188 0.008929 0.013750
2 0.101339 0.501250 0.010714 0.015000
2 0.110714 0.953125 0.007143 0.012500
2 0.120536 0.954375 0.008929 0.015000
2 0.129464 0.954688 0.008929 0.012500
2 0.139286 0.956250 0.010714 0.012500
2 0.156250 0.956875 0.008929 0.013750
2 0.172768 0.960000 0.010714 0.013750
2 0.181696 0.961562 0.010714 0.013750
2 0.149554 0.460000 0.008929 0.013750
2 0.188393 0.474688 0.010714 0.015000
2 0.165179 0.509062 0.008929 0.015000
2 0.176339 0.510000 0.008929 0.013750
2 0.187500 0.510313 0.008929 0.011250
2 0.205357 0.514687 0.008929 0.013750
2 0.214286 0.516250 0.008929 0.013750
2 0.224107 0.517188 0.010714 0.012500
2 0.231250 0.518750 0.007143 0.012500
2 0.282143 0.524062 0.010714 0.013750
2 0.196429 0.475625 0.008929 0.013750
2 0.206696 0.477813 0.007143 0.015000
2 0.250893 0.480625 0.010714 0.017500
2 0.291518 0.488750 0.016071 0.015000
2 0.338393 0.528750 0.007143 0.013750
2 0.348214 0.531250 0.008929 0.012500
2 0.375000 0.495937 0.008929 0.013750
2 0.475000 0.525625 0.021429 0.007500
2 0.381696 0.541250 0.008929 0.013750
2 0.389286 0.547500 0.010714 0.013750
2 0.397321 0.552813 0.008929 0.015000
2 0.406250 0.553750 0.008929 0.013750
2 0.414732 0.554375 0.012500 0.015000
2 0.463393 0.489687 0.016071 0.007500
2 0.166071 0.115625 0.010714 0.012500
2 0.204018 0.120313 0.010714 0.012500
2 0.212054 0.120938 0.008929 0.013750
2 0.220982 0.123750 0.008929 0.016250
2 0.248661 0.127188 0.010714 0.013750
2 0.331250 0.135000 0.010714 0.013750
2 0.314286 0.133750 0.012500 0.011250
2 0.349107 0.138125 0.010714 0.013750
2 0.364732 0.110625 0.010714 0.015000
2 0.383929 0.115625 0.008929 0.012500
2 0.366964 0.140313 0.010714 0.015000
2 0.375893 0.141250 0.010714 0.013750
2 0.383929 0.142813 0.008929 0.013750
2 0.392857 0.145313 0.008929 0.012500
2 0.402679 0.145625 0.010714 0.016250
2 0.429464 0.147500 0.010714 0.013750
2 0.439732 0.149688 0.008929 0.015000
2 0.445536 0.123125 0.007143 0.015000
2 0.400446 0.116875 0.010714 0.015000
2 0.498661 0.077812 0.019643 0.008750
2 0.571429 0.005625 0.017857 0.005000
2 0.559375 0.060625 0.016071 0.008750
2 0.555804 0.078125 0.017857 0.006250
2 0.550000 0.089688 0.019643 0.007500
2 0.484375 0.153750 0.017857 0.007500
2 0.483036 0.163125 0.019643 0.007500
2 0.530804 0.171563 0.021429 0.008750
2 0.529018 0.181875 0.017857 0.007500
2 0.529018 0.203750 0.017857 0.007500
2 0.523214 0.211563 0.019643 0.007500
2 0.471429 0.201250 0.023214 0.008750
2 0.517857 0.240313 0.017857 0.008750
2 0.515625 0.246875 0.017857 0.006250
2 0.516071 0.253750 0.023214 0.007500
2 0.462500 0.245938 0.023214 0.007500
2 0.457143 0.256250 0.021429 0.006250
2 0.493304 0.344375 0.017857 0.007500
2 0.489732 0.353125 0.019643 0.006250
2 0.445089 0.375312 0.010714 0.016250
2 0.486607 0.369375 0.017857 0.007500
2 0.479911 0.387500 0.017857 0.006250
2 0.500000 0.391250 0.017857 0.007500
2 0.495536 0.400000 0.017857 0.006250
2 0.444196 0.390625 0.008929 0.012500
2 0.428125 0.392500 0.012500 0.016250
2 0.429464 0.445000 0.010714 0.015000
2 0.470536 0.459063 0.021429 0.008750
2 0.462946 0.467187 0.019643 0.006250
2 0.464732 0.472500 0.023214 0.007500
2 0.462946 0.479687 0.019643 0.006250
2 0.500893 0.609375 0.010714 0.012500
2 0.489732 0.607812 0.010714 0.012500
2 0.532589 0.667812 0.007143 0.013750
2 0.557589 0.712187 0.012500 0.015000
2 0.575446 0.711875 0.012500 0.017500
2 0.607143 0.707500 0.008929 0.015000
2 0.625000 0.708437 0.008929 0.013750
2 0.643750 0.710000 0.010714 0.013750
2 0.654018 0.600625 0.017857 0.007500
2 0.536607 0.590625 0.010714 0.012500
2 0.485268 0.546250 0.019643 0.005000
2 0.670536 0.715000 0.010714 0.011250
2 0.681696 0.717187 0.010714 0.012500
2 0.680804 0.730938 0.008929 0.015000
2 0.697321 0.732812 0.010714 0.012500
2 0.694196 0.716250 0.008929 0.013750
2 0.727679 0.721250 0.008929 0.011250
2 0.744196 0.723437 0.010714 0.012500
2 0.750000 0.737500 0.008929 0.012500
2 0.759821 0.739687 0.010714 0.013750
2 0.767857 0.741250 0.008929 0.013750
2 0.776786 0.740625 0.008929 0.012500
2 0.786607 0.742188 0.010714 0.012500
2 0.795536 0.741250 0.010714 0.013750
2 0.797768 0.730312 0.010714 0.013750
2 0.806696 0.731250 0.010714 0.012500
2 0.811161 0.743750 0.010714 0.012500
2 0.820536 0.746875 0.007143 0.012500
2 0.823661 0.733750 0.008929 0.011250
2 0.834821 0.732187 0.008929 0.011250
2 0.830357 0.745937 0.008929 0.013750
2 0.840179 0.747500 0.010714 0.013750
2 0.848214 0.746875 0.008929 0.012500
2 0.858036 0.748125 0.010714 0.015000
2 0.866071 0.749062 0.008929 0.013750
2 0.810268 0.775625 0.008929 0.013750
2 0.818304 0.778750 0.007143 0.013750
2 0.837500 0.782188 0.014286 0.005000
2 0.877679 0.787500 0.014286 0.006250
2 0.834821 0.789062 0.017857 0.006250
2 0.834821 0.793750 0.017857 0.006250
2 0.834821 0.800000 0.017857 0.006250
2 0.835714 0.806250 0.019643 0.006250
2 0.831250 0.813125 0.019643 0.007500
2 0.829018 0.831875 0.019643 0.007500
2 0.827232 0.837500 0.016071 0.006250
2 0.825000 0.843750 0.016071 0.006250
2 0.823661 0.850000 0.017857 0.006250
2 0.820089 0.855937 0.019643 0.008750
2 0.813393 0.894375 0.019643 0.007500
2 0.811607 0.900625 0.016071 0.007500
2 0.877232 0.794375 0.017857 0.007500
2 0.876339 0.800000 0.016071 0.006250
2 0.875000 0.806250 0.017857 0.006250
2 0.872768 0.813125 0.017857 0.007500
2 0.870536 0.818125 0.017857 0.005000
2 0.869196 0.831250 0.019643 0.006250
2 0.867857 0.836875 0.021429 0.005000
2 0.866964 0.843125 0.019643 0.005000
2 0.944196 0.811562 0.008929 0.013750
2 0.864732 0.848437 0.019643 0.006250
2 0.864732 0.856875 0.019643 0.007500
2 0.863393 0.869375 0.021429 0.007500
2 0.861161 0.875000 0.021429 0.006250
2 0.858929 0.881875 0.021429 0.007500
2 0.857589 0.887500 0.023214 0.006250
2 0.855804 0.892813 0.019643 0.007500
2 0.853571 0.900000 0.019643 0.006250
2 0.850893 0.905625 0.023214 0.005000
2 0.849107 0.911875 0.019643 0.005000
2 0.844643 0.921875 0.019643 0.006250
2 0.845982 0.928125 0.017857 0.006250
2 0.939286 0.897500 0.012500 0.013750
2 0.976339 0.728750 0.010714 0.013750
2 0.982143 0.708750 0.008929 0.011250
2 0.984375 0.685937 0.008929 0.012500
2 0.907143 0.679375 0.010714 0.015000
2 0.925893 0.663125 0.021429 0.007500
2 0.929911 0.655938 0.025000 0.008750
2 0.933929 0.651250 0.019643 0.008750
2 0.933036 0.639687 0.017857 0.007500
2 0.934821 0.632500 0.021429 0.008750
2 0.824554 0.607500 0.019643 0.008750
2 0.937946 0.606250 0.023214 0.006250
2 0.661607 0.533750 0.010714 0.011250
2 0.672768 0.535937 0.010714 0.012500
2 0.715179 0.541250 0.010714 0.013750
2 0.725446 0.542812 0.008929 0.013750
2 0.835714 0.554688 0.010714 0.012500
2 0.854911 0.557813 0.008929 0.012500
2 0.924107 0.567187 0.008929 0.012500
2 0.934375 0.567812 0.007143 0.013750
2 0.944196 0.570312 0.008929 0.012500
2 0.886161 0.531250 0.008929 0.012500
2 0.895982 0.532813 0.010714 0.012500
2 0.904018 0.535313 0.008929 0.011250
2 0.912054 0.538438 0.007143 0.011250
2 0.921875 0.540000 0.008929 0.011250
2 0.930804 0.540625 0.008929 0.012500
2 0.938839 0.540000 0.007143 0.011250
2 0.949554 0.540625 0.010714 0.012500
2 0.978125 0.449688 0.023214 0.008750
