2 0.327232 0.440625 0.016071 0.006250
2 0.984375 0.443750 0.017857 0.006250
2 0.882589 0.447813 0.019643 0.005000
2 0.854018 0.453125 0.016071 0.006250
2 0.796875 0.451875 0.017857 0.003750
2 0.948661 0.389062 0.017857 0.006250
2 0.934375 0.408750 0.016071 0.005000
2 0.419196 0.221875 0.012500 0.012500
2 0.400000 0.214688 0.014286 0.013750
2 0.364286 0.231875 0.014286 0.013750
2 0.327679 0.216562 0.012500 0.011250
2 0.320089 0.215000 0.010714 0.011250
2 0.262946 0.190625 0.012500 0.012500
2 0.930804 0.416563 0.017857 0.005000
2 0.881696 0.419688 0.017857 0.005000
2 0.154911 0.477187 0.019643 0.007500
2 0.588393 0.652500 0.007143 0.011250
2 0.844643 0.566563 0.019643 0.005000
2 0.802232 0.677813 0.010714 0.015000
2 0.256250 0.514687 0.021429 0.007500
2 0.246429 0.520937 0.019643 0.007500
2 0.523214 0.545000 0.019643 0.008750
2 0.555804 0.544375 0.017857 0.007500
2 0.414286 0.474375 0.016071 0.005000
2 0.513393 0.450000 0.017857 0.006250
2 0.315179 0.468750 0.014286 0.006250
2 0.344196 0.465000 0.014286 0.005000
2 0.217857 0.478125 0.016071 0.006250
2 0.190179 0.481250 0.014286 0.006250
2 0.163393 0.484375 0.014286 0.006250
2 0.217857 0.468125 0.016071 0.005000
2 0.260268 0.446250 0.016071 0.005000
2 0.113839 0.450938 0.017857 0.005000
2 0.801786 0.622188 0.005357 0.010000
2 0.633036 0.646250 0.007143 0.011250
2 0.639286 0.561562 0.019643 0.007500
2 0.722321 0.566250 0.016071 0.007500
2 0.863393 0.413438 0.021429 0.005000
2 0.723214 0.558437 0.017857 0.007500
2 0.867411 0.385937 0.016071 0.006250
2 0.768304 0.429063 0.014286 0.005000
2 0.798214 0.426563 0.016071 0.006250
2 0.773661 0.418125 0.016071 0.005000
2 0.680804 0.398750 0.035714 0.010000
2 0.609375 0.441875 0.035714 0.008750
2 0.085268 0.483125 0.041071 0.010000
2 0.463393 0.469688 0.042857 0.011250
2 0.611161 0.663750 0.039286 0.008750
2 0.560714 0.445312 0.014286 0.006250
2 0.868750 0.577187 0.014286 0.007500
2 0.956250 0.581250 0.019643 0.006250
2 0.941964 0.570312 0.017857 0.006250
2 0.284821 0.471250 0.016071 0.005000
2 0.127679 0.587500 0.014286 0.006250
2 0.031696 0.905625 0.005357 0.011250
2 0.016964 0.905000 0.007143 0.010000
2 0.255804 0.583750 0.016071 0.005000
2 0.255357 0.572813 0.019643 0.005000
2 0.319643 0.584375 0.014286 0.006250
2 0.341518 0.585313 0.017857 0.005000
2 0.370089 0.585938 0.021429 0.006250
2 0.687500 0.587500 0.017857 0.006250
2 0.807143 0.596250 0.007143 0.011250
2 0.979911 0.405625 0.017857 0.005000
2 0.976786 0.380625 0.016071 0.005000
2 0.277232 0.582812 0.014286 0.006250
2 0.229018 0.564063 0.016071 0.006250
2 0.405357 0.789375 0.007143 0.010000
2 0.407589 0.776250 0.007143 0.008750
2 0.429911 0.801250 0.007143 0.008750
2 0.200000 0.443125 0.016071 0.005000
2 0.188393 0.454688 0.019643 0.006250
2 0.729018 0.612187 0.007143 0.008750
2 0.883929 0.621250 0.017857 0.005000
2 0.966518 0.622812 0.017857 0.005000
2 0.920089 0.621250 0.014286 0.005000
2 0.942411 0.622188 0.014286 0.003750
2 0.384375 0.453437 0.014286 0.003750
2 0.796875 0.564063 0.017857 0.006250
2 0.651786 0.553125 0.017857 0.006250
2 0.362946 0.658750 0.016071 0.005000
2 0.141071 0.547813 0.014286 0.005000
2 0.179911 0.554063 0.016071 0.005000
2 0.029018 0.555625 0.017857 0.005000
2 0.083929 0.556562 0.016071 0.003750
2 0.031250 0.580625 0.017857 0.005000
2 0.148661 0.658125 0.007143 0.010000
2 0.147768 0.674687 0.005357 0.008750
2 0.018750 0.721875 0.010714 0.012500
2 0.492411 0.424375 0.016071 0.005000
2 0.475446 0.453125 0.017857 0.006250
2 0.449107 0.455625 0.014286 0.005000
2 0.047321 0.465000 0.014286 0.005000
2 0.718750 0.424375 0.017857 0.005000
2 0.724554 0.432188 0.016071 0.005000
2 0.654018 0.430625 0.017857 0.005000
2 0.582143 0.435313 0.012500 0.005000
2 0.507143 0.443125 0.014286 0.005000
2 0.470982 0.444688 0.017857 0.005000
2 0.378571 0.461875 0.016071 0.005000
2 0.266964 0.465000 0.016071 0.005000
2 0.247768 0.474375 0.017857 0.005000
2 0.314732 0.459375 0.017857 0.006250
2 0.370982 0.476875 0.014286 0.003750
2 0.004911 0.491250 0.005357 0.007500
2 0.019643 0.742500 0.021429 0.003750
2 0.018750 0.748750 0.019643 0.003750
2 0.176339 0.474062 0.017857 0.007500
2 0.030804 0.592812 0.021429 0.007500
