2 0.499554 0.020938 0.021429 0.007500
2 0.543750 0.012500 0.025000 0.006250
2 0.598661 0.940625 0.014286 0.012500
2 0.242857 0.554688 0.012500 0.012500
2 0.266518 0.417812 0.010714 0.013750
2 0.256250 0.418750 0.012500 0.012500
2 0.227679 0.418125 0.008929 0.011250
2 0.340625 0.472187 0.007143 0.010000
2 0.331696 0.473438 0.007143 0.012500
2 0.319196 0.472500 0.008929 0.013750
2 0.233036 0.471875 0.010714 0.012500
2 0.174107 0.497188 0.008929 0.016250
2 0.204464 0.497500 0.007143 0.013750
2 0.265625 0.500938 0.008929 0.011250
2 0.295536 0.500625 0.010714 0.013750
2 0.295536 0.552500 0.010714 0.011250
2 0.263393 0.553125 0.008929 0.012500
2 0.171875 0.553125 0.008929 0.012500
2 0.284821 0.421250 0.007143 0.011250
2 0.088393 0.392500 0.016071 0.003750
2 0.059375 0.439063 0.016071 0.006250
2 0.276786 0.419375 0.008929 0.013750
2 0.352679 0.421250 0.008929 0.011250
2 0.094643 0.015313 0.019643 0.008750
2 0.301339 0.015625 0.017857 0.006250
2 0.206696 0.018750 0.016071 0.006250
2 0.157143 0.026562 0.019643 0.006250
2 0.023214 0.020313 0.019643 0.006250
2 0.294643 0.418438 0.008929 0.015000
2 0.040179 0.031250 0.017857 0.006250
2 0.358036 0.694063 0.010714 0.016250
2 0.064732 0.316875 0.008929 0.015000
2 0.212054 0.388125 0.008929 0.013750
2 0.223214 0.389062 0.008929 0.012500
2 0.234375 0.390625 0.008929 0.012500
2 0.243304 0.389375 0.008929 0.010000
2 0.253571 0.389375 0.007143 0.010000
2 0.262500 0.390937 0.007143 0.010000
2 0.285714 0.390625 0.008929 0.012500
2 0.302679 0.390625 0.007143 0.012500
2 0.327232 0.392500 0.007143 0.010000
2 0.500893 0.011875 0.019643 0.005000
2 0.524554 0.021250 0.017857 0.005000
2 0.541071 0.031250 0.019643 0.006250
2 0.528125 0.899687 0.016071 0.015000
2 0.592857 0.925313 0.016071 0.010000
2 0.583036 0.927500 0.014286 0.011250
2 0.574107 0.929063 0.014286 0.011250
2 0.567411 0.933750 0.014286 0.011250
2 0.557143 0.935937 0.016071 0.012500
2 0.545982 0.907813 0.016071 0.012500
2 0.554911 0.905312 0.016071 0.013750
2 0.561607 0.901563 0.016071 0.012500
2 0.628571 0.875000 0.016071 0.012500
2 0.537054 0.912500 0.016071 0.012500
2 0.529911 0.916250 0.019643 0.013750
2 0.513393 0.909062 0.017857 0.015000
2 0.520089 0.904687 0.017857 0.012500
2 0.534821 0.897500 0.016071 0.013750
2 0.626339 0.909375 0.016071 0.012500
2 0.543750 0.893437 0.016071 0.015000
2 0.552679 0.890625 0.016071 0.012500
2 0.569643 0.898438 0.014286 0.012500
2 0.579464 0.896875 0.016071 0.012500
2 0.588393 0.892188 0.016071 0.012500
2 0.595089 0.889062 0.016071 0.012500
2 0.662054 0.860625 0.016071 0.015000
2 0.646429 0.866563 0.016071 0.011250
2 0.655357 0.864062 0.016071 0.012500
2 0.634821 0.871875 0.010714 0.012500
2 0.604018 0.884375 0.016071 0.012500
2 0.578571 0.879687 0.014286 0.012500
2 0.586161 0.877188 0.016071 0.013750
2 0.601786 0.920937 0.016071 0.013750
2 0.618750 0.915625 0.014286 0.012500
2 0.548661 0.021875 0.021429 0.006250
2 0.728125 0.886562 0.014286 0.013750
2 0.614286 0.934375 0.014286 0.012500
2 0.621875 0.930312 0.016071 0.013750
2 0.632143 0.927187 0.014286 0.013750
2 0.638839 0.924063 0.014286 0.013750
2 0.646875 0.920312 0.012500 0.012500
2 0.663393 0.914062 0.014286 0.012500
2 0.671429 0.908750 0.012500 0.011250
2 0.678571 0.908438 0.017857 0.013750
2 0.686607 0.903125 0.016071 0.012500
2 0.695536 0.900000 0.016071 0.012500
2 0.703571 0.896875 0.014286 0.012500
2 0.710268 0.891563 0.014286 0.011250
2 0.719196 0.890000 0.014286 0.011250
2 0.735268 0.882188 0.010714 0.011250
2 0.611607 0.917188 0.017857 0.012500
2 0.743750 0.877500 0.014286 0.011250
2 0.752679 0.876563 0.014286 0.012500
2 0.762500 0.871875 0.016071 0.012500
2 0.770536 0.868750 0.014286 0.012500
2 0.725893 0.868125 0.014286 0.011250
2 0.731250 0.865000 0.016071 0.011250
2 0.741518 0.861563 0.014286 0.013750
2 0.750000 0.858437 0.017857 0.013750
2 0.761161 0.854688 0.017857 0.012500
2 0.682589 0.885313 0.012500 0.011250
2 0.673214 0.891250 0.016071 0.013750
2 0.666518 0.893750 0.016071 0.012500
2 0.658929 0.897813 0.014286 0.011250
2 0.596429 0.872500 0.014286 0.013750
2 0.618750 0.864062 0.014286 0.012500
2 0.629464 0.859375 0.017857 0.012500
2 0.591964 0.738125 0.014286 0.007500
2 0.431250 0.946250 0.014286 0.011250
2 0.407143 0.861250 0.019643 0.016250
2 0.394196 0.846875 0.016071 0.012500
2 0.380804 0.832500 0.016071 0.015000
2 0.375893 0.814688 0.010714 0.013750
2 0.372321 0.798438 0.012500 0.012500
2 0.369643 0.783750 0.007143 0.011250
2 0.370536 0.762188 0.008929 0.015000
2 0.369643 0.746875 0.007143 0.012500
2 0.372768 0.731250 0.008929 0.012500
2 0.673214 0.769688 0.016071 0.011250
2 0.657143 0.761875 0.019643 0.011250
2 0.618304 0.745625 0.017857 0.010000
2 0.604018 0.675625 0.016071 0.007500
2 0.637500 0.855625 0.016071 0.011250
2 0.520536 0.719375 0.014286 0.007500
2 0.496875 0.714687 0.016071 0.007500
2 0.429464 0.706250 0.019643 0.006250
2 0.400893 0.706250 0.016071 0.006250
2 0.525893 0.557188 0.007143 0.011250
2 0.497768 0.558437 0.008929 0.013750
2 0.800000 0.520000 0.019643 0.015000
2 0.714732 0.325937 0.014286 0.011250
2 0.910714 0.137500 0.008929 0.012500
2 0.413839 0.075625 0.019643 0.013750
2 0.683482 0.091250 0.014286 0.013750
2 0.674554 0.075000 0.014286 0.012500
2 0.471429 0.012500 0.023214 0.006250
2 0.458929 0.965625 0.016071 0.012500
2 0.675446 0.806250 0.016071 0.012500
2 0.664286 0.808750 0.016071 0.011250
2 0.655357 0.810937 0.016071 0.012500
2 0.645536 0.852500 0.014286 0.011250
2 0.651786 0.847500 0.017857 0.013750
2 0.659821 0.845313 0.016071 0.012500
2 0.667857 0.841562 0.014286 0.011250
2 0.669196 0.857812 0.012500 0.012500
2 0.677679 0.853125 0.016071 0.012500
2 0.700446 0.841562 0.012500 0.011250
2 0.708036 0.839063 0.014286 0.012500
2 0.716964 0.835625 0.014286 0.015000
2 0.709821 0.826562 0.017857 0.012500
2 0.489286 0.881875 0.014286 0.013750
2 0.504911 0.874375 0.014286 0.011250
2 0.513839 0.871250 0.014286 0.011250
2 0.524107 0.868125 0.012500 0.011250
2 0.530804 0.865625 0.012500 0.012500
2 0.538393 0.860313 0.014286 0.011250
2 0.548214 0.858437 0.016071 0.013750
2 0.557143 0.853750 0.016071 0.013750
2 0.564286 0.852187 0.012500 0.013750
2 0.571875 0.846875 0.014286 0.012500
2 0.597321 0.834688 0.016071 0.010000
2 0.605357 0.832812 0.014286 0.012500
2 0.613393 0.828125 0.012500 0.012500
2 0.623214 0.826562 0.014286 0.012500
2 0.632143 0.822813 0.014286 0.011250
2 0.639732 0.820312 0.016071 0.012500
2 0.648661 0.816250 0.016071 0.013750
2 0.056696 0.119687 0.028571 0.048750
2 0.042411 0.652500 0.044643 0.011250
2 0.824107 0.439063 0.050000 0.050000
2 0.620089 0.330937 0.048214 0.046250
2 0.029018 0.364063 0.017857 0.006250
2 0.607589 0.937500 0.014286 0.012500
2 0.590625 0.945312 0.016071 0.012500
2 0.583929 0.948438 0.016071 0.012500
2 0.967857 0.635000 0.016071 0.013750
2 0.932143 0.582812 0.016071 0.012500
2 0.485268 0.505000 0.010714 0.016250
2 0.466071 0.503750 0.012500 0.013750
2 0.405357 0.414375 0.016071 0.016250
2 0.016518 0.130000 0.010714 0.016250
2 0.877679 0.980000 0.014286 0.010000
2 0.871875 0.983125 0.016071 0.010000
2 0.827232 0.983750 0.016071 0.011250
2 0.844196 0.978125 0.014286 0.012500
2 0.854018 0.975938 0.016071 0.011250
2 0.860268 0.970000 0.019643 0.015000
2 0.749107 0.982187 0.007143 0.011250
2 0.978571 0.140313 0.010714 0.015000
2 0.979911 0.100000 0.017857 0.006250
2 0.956250 0.111875 0.010714 0.017500
2 0.992857 0.112187 0.012500 0.015000
2 0.975000 0.111250 0.012500 0.016250
2 0.958482 0.141875 0.010714 0.015000
2 0.866518 0.503125 0.032143 0.025000
2 0.756250 0.976875 0.012500 0.010000
2 0.765179 0.974375 0.012500 0.011250
2 0.771875 0.972188 0.012500 0.010000
2 0.629911 0.978750 0.014286 0.013750
2 0.728125 0.936562 0.014286 0.013750
2 0.719196 0.940000 0.014286 0.011250
2 0.708929 0.929063 0.016071 0.011250
2 0.701339 0.931563 0.014286 0.010000
2 0.703571 0.947813 0.014286 0.011250
2 0.693304 0.936562 0.016071 0.013750
2 0.685714 0.940000 0.014286 0.011250
2 0.694196 0.952500 0.017857 0.011250
2 0.678571 0.958437 0.017857 0.013750
2 0.672321 0.962500 0.014286 0.012500
2 0.663393 0.965625 0.014286 0.012500
2 0.655357 0.968437 0.016071 0.015000
2 0.637500 0.975000 0.016071 0.012500
2 0.622768 0.981875 0.017857 0.013750
2 0.780357 0.967187 0.016071 0.012500
2 0.636607 0.960313 0.014286 0.011250
2 0.667411 0.946250 0.017857 0.011250
2 0.659821 0.950937 0.016071 0.011250
2 0.654464 0.954063 0.014286 0.011250
2 0.644196 0.957812 0.016071 0.012500
2 0.627679 0.965000 0.014286 0.011250
2 0.619643 0.967187 0.016071 0.012500
2 0.609821 0.970625 0.014286 0.010000
2 0.603125 0.973750 0.014286 0.010000
2 0.593304 0.976875 0.012500 0.010000
2 0.579464 0.983750 0.016071 0.011250
2 0.586161 0.980625 0.016071 0.011250
2 0.574107 0.953125 0.014286 0.012500
2 0.716964 0.926562 0.014286 0.012500
2 0.724554 0.922500 0.016071 0.013750
2 0.734821 0.919375 0.014286 0.013750
2 0.744643 0.915625 0.016071 0.012500
2 0.789286 0.966875 0.016071 0.008750
2 0.797321 0.963438 0.014286 0.011250
2 0.822768 0.953125 0.016071 0.012500
2 0.830357 0.948438 0.017857 0.012500
2 0.702232 0.985625 0.016071 0.015000
2 0.720089 0.978125 0.016071 0.012500
2 0.726786 0.973437 0.016071 0.012500
2 0.735714 0.967812 0.016071 0.013750
2 0.744643 0.965000 0.016071 0.011250
2 0.751786 0.960313 0.012500 0.011250
2 0.761161 0.958437 0.017857 0.013750
2 0.777232 0.951562 0.014286 0.012500
2 0.794196 0.944688 0.012500 0.011250
2 0.825000 0.930000 0.016071 0.010000
2 0.734821 0.933437 0.014286 0.013750
2 0.743750 0.930625 0.014286 0.011250
2 0.752679 0.925938 0.014286 0.011250
2 0.760268 0.923125 0.016071 0.015000
2 0.774107 0.915625 0.012500 0.012500
2 0.784821 0.912500 0.016071 0.012500
2 0.799554 0.904062 0.014286 0.011250
2 0.799107 0.890625 0.017857 0.012500
2 0.791964 0.896250 0.012500 0.011250
2 0.775000 0.901563 0.014286 0.012500
2 0.766964 0.903125 0.016071 0.012500
2 0.758036 0.908438 0.016071 0.013750
2 0.748661 0.911250 0.010714 0.010000
