2 0.811161 0.032500 0.019643 0.008750
2 0.859821 0.036875 0.023214 0.011250
2 0.837500 0.091563 0.023214 0.011250
2 0.832143 0.098750 0.021429 0.010000
2 0.829018 0.105937 0.019643 0.008750
2 0.820982 0.120000 0.021429 0.008750
2 0.818750 0.126250 0.021429 0.008750
2 0.846875 0.070625 0.019643 0.010000
2 0.816964 0.026250 0.017857 0.008750
2 0.819196 0.019375 0.017857 0.007500
2 0.445982 0.905937 0.012500 0.015000
2 0.005804 0.924063 0.007143 0.013750
2 0.109821 0.742188 0.014286 0.012500
2 0.412054 0.866875 0.016071 0.015000
2 0.429464 0.848125 0.010714 0.015000
2 0.403125 0.837187 0.016071 0.015000
2 0.419643 0.820312 0.008929 0.012500
2 0.424107 0.834375 0.008929 0.012500
2 0.460268 0.966250 0.014286 0.013750
2 0.466071 0.985000 0.012500 0.013750
2 0.461607 0.768750 0.021429 0.006250
2 0.909375 0.879687 0.019643 0.006250
2 0.813839 0.134688 0.016071 0.010000
