2 0.701786 0.912500 0.019643 0.006250
2 0.701786 0.907500 0.019643 0.008750
2 0.628125 0.883437 0.010714 0.013750
2 0.705804 0.601250 0.023214 0.008750
2 0.652679 0.573438 0.010714 0.012500
2 0.652679 0.588750 0.010714 0.015000
2 0.704911 0.609375 0.021429 0.006250
2 0.715179 0.788125 0.019643 0.007500
2 0.711607 0.794375 0.021429 0.007500
2 0.709821 0.853125 0.017857 0.006250
2 0.709821 0.860938 0.017857 0.006250
2 0.708036 0.866563 0.023214 0.005000
2 0.707143 0.873437 0.021429 0.006250
2 0.704911 0.880312 0.021429 0.007500
2 0.703571 0.886875 0.023214 0.005000
2 0.706250 0.893750 0.019643 0.006250
2 0.711607 0.561562 0.021429 0.007500
2 0.713393 0.552187 0.025000 0.007500
2 0.716964 0.525625 0.023214 0.007500
2 0.745536 0.469375 0.017857 0.007500
2 0.745536 0.462500 0.017857 0.006250
2 0.696429 0.186563 0.008929 0.013750
2 0.625893 0.898438 0.010714 0.012500
