2 0.919196 0.759687 0.012500 0.016250
2 0.983929 0.910625 0.012500 0.015000
2 0.912500 0.810625 0.012500 0.015000
2 0.944196 0.815000 0.008929 0.017500
2 0.922321 0.840312 0.014286 0.015000
2 0.930357 0.863750 0.012500 0.015000
2 0.751786 0.711250 0.012500 0.016250
2 0.807143 0.698750 0.016071 0.016250
2 0.840179 0.692187 0.010714 0.012500
2 0.853125 0.643125 0.014286 0.017500
2 0.834375 0.634687 0.012500 0.016250
2 0.870982 0.642813 0.014286 0.013750
2 0.863393 0.628437 0.012500 0.016250
2 0.823214 0.603750 0.012500 0.013750
2 0.857143 0.611250 0.008929 0.010000
2 0.814286 0.582500 0.012500 0.015000
2 0.820982 0.530625 0.012500 0.017500
2 0.747768 0.455625 0.017857 0.017500
2 0.599107 0.020625 0.019643 0.010000
2 0.572321 0.051875 0.010714 0.016250
2 0.566071 0.033437 0.016071 0.013750
2 0.621429 0.074687 0.019643 0.008750
2 0.629018 0.092500 0.021429 0.010000
2 0.635268 0.099687 0.016071 0.008750
2 0.639286 0.108125 0.019643 0.010000
2 0.644196 0.115000 0.016071 0.011250
2 0.651339 0.143125 0.021429 0.011250
2 0.662500 0.168125 0.021429 0.011250
2 0.975893 0.080625 0.014286 0.017500
2 0.992857 0.017500 0.012500 0.016250
2 0.949554 0.245000 0.019643 0.008750
2 0.983929 0.980625 0.012500 0.017500
2 0.975893 0.963438 0.014286 0.017500
2 0.970536 0.944688 0.012500 0.017500
2 0.961607 0.925625 0.012500 0.020000
2 0.971875 0.690312 0.019643 0.008750
