2 0.805357 0.072500 0.039286 0.013750
2 0.888393 0.073750 0.044643 0.016250
2 0.731250 0.128125 0.042857 0.012500
2 0.789732 0.132187 0.039286 0.011250
2 0.852679 0.130312 0.035714 0.013750
2 0.903571 0.133438 0.039286 0.013750
2 0.946875 0.134375 0.041071 0.012500
2 0.963393 0.729375 0.025000 0.027500
2 0.859375 0.729063 0.017857 0.023750
2 0.817857 0.733437 0.019643 0.026250
2 0.777679 0.730312 0.019643 0.026250
2 0.777679 0.700313 0.019643 0.028750
2 0.738393 0.730000 0.021429 0.028750
2 0.716964 0.727812 0.023214 0.027500
2 0.697321 0.724062 0.019643 0.026250
2 0.737500 0.697500 0.028571 0.032500
2 0.700446 0.693750 0.021429 0.031250
2 0.676786 0.722500 0.023214 0.032500
2 0.754018 0.071875 0.039286 0.012500
2 0.693750 0.070938 0.039286 0.013750
2 0.638839 0.067812 0.050000 0.013750
2 0.113393 0.074063 0.039286 0.013750
2 0.355357 0.121562 0.041071 0.015000
2 0.579018 0.066250 0.037500 0.013750
2 0.399554 0.121562 0.044643 0.015000
2 0.450000 0.121875 0.033929 0.012500
2 0.492857 0.121250 0.030357 0.011250
2 0.553125 0.124063 0.048214 0.013750
2 0.633482 0.128125 0.039286 0.012500
2 0.683036 0.128750 0.044643 0.013750
2 0.334375 0.060000 0.039286 0.013750
2 0.383482 0.060000 0.039286 0.013750
2 0.437500 0.063438 0.044643 0.011250
2 0.481250 0.065000 0.033929 0.011250
2 0.530357 0.065625 0.042857 0.012500
2 0.682143 0.692500 0.016071 0.028750
2 0.806696 0.629375 0.019643 0.027500
2 0.780357 0.625938 0.016071 0.030000
2 0.411607 0.691250 0.019643 0.026250
2 0.577679 0.624062 0.021429 0.026250
2 0.512054 0.724688 0.019643 0.027500
2 0.510714 0.694063 0.021429 0.028750
2 0.491964 0.721875 0.019643 0.025000
2 0.491964 0.692187 0.019643 0.025000
2 0.469643 0.693438 0.019643 0.027500
2 0.450893 0.693125 0.017857 0.023750
2 0.470536 0.724062 0.021429 0.026250
2 0.451786 0.723125 0.019643 0.027500
2 0.432143 0.718438 0.016071 0.027500
2 0.410268 0.720938 0.021429 0.026250
2 0.390179 0.720625 0.021429 0.022500
2 0.534375 0.622500 0.019643 0.026250
2 0.371429 0.717812 0.019643 0.026250
2 0.368750 0.685625 0.023214 0.027500
2 0.330357 0.689688 0.017857 0.026250
2 0.328125 0.714375 0.017857 0.022500
2 0.306696 0.690000 0.019643 0.023750
2 0.285714 0.684375 0.017857 0.025000
2 0.305804 0.716562 0.017857 0.023750
2 0.287500 0.712812 0.021429 0.022500
2 0.266964 0.712500 0.016071 0.025000
2 0.246429 0.713125 0.019643 0.026250
2 0.174107 0.742500 0.035714 0.016250
2 0.555357 0.621563 0.021429 0.027500
2 0.516518 0.623437 0.019643 0.025000
2 0.723214 0.623750 0.017857 0.028750
2 0.574107 0.691250 0.023214 0.026250
2 0.682589 0.623750 0.021429 0.028750
2 0.639732 0.622188 0.025000 0.028750
2 0.596875 0.623437 0.019643 0.025000
2 0.658036 0.724688 0.021429 0.027500
2 0.660714 0.694688 0.017857 0.023750
2 0.617857 0.724062 0.021429 0.026250
2 0.595536 0.724375 0.021429 0.030000
2 0.639732 0.693750 0.025000 0.031250
2 0.596429 0.693438 0.023214 0.027500
2 0.617411 0.693125 0.025000 0.030000
2 0.573214 0.721250 0.021429 0.023750
2 0.555357 0.692500 0.021429 0.028750
2 0.476339 0.623125 0.019643 0.027500
2 0.553125 0.725000 0.021429 0.031250
2 0.533036 0.723437 0.021429 0.025000
2 0.533929 0.693750 0.023214 0.031250
2 0.269643 0.615625 0.021429 0.025000
2 0.291964 0.616875 0.021429 0.027500
2 0.312054 0.617188 0.021429 0.025000
2 0.333929 0.620000 0.025000 0.027500
2 0.350893 0.619062 0.023214 0.028750
2 0.372321 0.622500 0.021429 0.026250
2 0.393304 0.620625 0.023214 0.028750
2 0.413839 0.621563 0.019643 0.027500
2 0.433036 0.618125 0.017857 0.023750
2 0.456696 0.617188 0.016071 0.025000
2 0.348214 0.716250 0.017857 0.026250
