2 0.853125 0.661875 0.014286 0.005000
2 0.726786 0.735313 0.016071 0.011250
2 0.323214 0.765937 0.012500 0.010000
2 0.058036 0.767500 0.008929 0.010000
2 0.229911 0.725938 0.008929 0.011250
2 0.178571 0.704688 0.008929 0.012500
2 0.251786 0.709375 0.012500 0.006250
2 0.148214 0.744688 0.010714 0.011250
2 0.225893 0.757500 0.014286 0.008750
2 0.217857 0.696250 0.007143 0.011250
2 0.152679 0.715000 0.010714 0.011250
2 0.220982 0.725313 0.008929 0.010000
2 0.200446 0.721562 0.012500 0.008750
2 0.171875 0.717500 0.008929 0.010000
2 0.189732 0.719375 0.008929 0.007500
2 0.180804 0.719062 0.008929 0.010000
2 0.504911 0.690000 0.014286 0.005000
2 0.509375 0.695312 0.014286 0.006250
2 0.521429 0.717187 0.016071 0.006250
2 0.322768 0.426875 0.025000 0.022500
