2 0.192857 0.727187 0.010714 0.020000
2 0.209375 0.729063 0.012500 0.017500
2 0.260714 0.730625 0.012500 0.017500
2 0.278571 0.730625 0.012500 0.017500
2 0.315179 0.734375 0.014286 0.025000
2 0.134821 0.783438 0.010714 0.013750
2 0.188393 0.786250 0.010714 0.016250
2 0.432589 0.682813 0.012500 0.025000
2 0.587946 0.805312 0.010714 0.020000
2 0.640179 0.803750 0.012500 0.020000
2 0.511161 0.495000 0.017857 0.040000
2 0.541964 0.586875 0.048214 0.011250
2 0.800446 0.440000 0.033929 0.011250
2 0.816518 0.502188 0.030357 0.007500
2 0.866071 0.592500 0.026786 0.010000
2 0.858036 0.533125 0.028571 0.010000
