2 0.713839 0.371250 0.021429 0.017500
2 0.047321 0.092188 0.014286 0.031250
2 0.322321 0.136563 0.010714 0.013750
2 0.299554 0.098125 0.014286 0.015000
2 0.335714 0.192188 0.010714 0.012500
2 0.808036 0.200000 0.017857 0.012500
2 0.762054 0.058750 0.010714 0.011250
2 0.741964 0.021563 0.010714 0.015000
2 0.108929 0.013125 0.012500 0.013750
2 0.315179 0.083437 0.014286 0.013750
2 0.311161 0.110312 0.010714 0.011250
2 0.340179 0.121562 0.010714 0.015000
2 0.349107 0.155000 0.010714 0.016250
2 0.350446 0.171250 0.008929 0.011250
2 0.358036 0.193437 0.010714 0.015000
2 0.418750 0.213750 0.016071 0.008750
2 0.177679 0.236563 0.016071 0.007500
2 0.262500 0.228750 0.016071 0.007500
2 0.185268 0.172500 0.017857 0.007500
2 0.514732 0.014063 0.007143 0.012500
2 0.533482 0.007812 0.008929 0.012500
2 0.516964 0.046250 0.007143 0.011250
2 0.535714 0.034375 0.008929 0.012500
2 0.537054 0.050625 0.007143 0.013750
2 0.518750 0.061562 0.010714 0.013750
2 0.521429 0.078125 0.007143 0.012500
2 0.537500 0.065625 0.012500 0.012500
2 0.544643 0.093750 0.008929 0.012500
2 0.545982 0.110000 0.007143 0.013750
2 0.531250 0.145937 0.008929 0.013750
2 0.478125 0.207500 0.023214 0.008750
2 0.501339 0.205938 0.016071 0.008750
2 0.600446 0.198437 0.017857 0.006250
2 0.629464 0.196563 0.017857 0.008750
2 0.450893 0.244688 0.008929 0.011250
2 0.473214 0.271875 0.008929 0.012500
2 0.516964 0.294375 0.007143 0.013750
2 0.526786 0.295312 0.008929 0.012500
2 0.625000 0.225000 0.008929 0.012500
2 0.475000 0.393750 0.012500 0.006250
2 0.503571 0.394687 0.016071 0.011250
2 0.682143 0.370938 0.007143 0.013750
2 0.776786 0.161562 0.008929 0.013750
2 0.772321 0.132812 0.008929 0.012500
2 0.746429 0.065938 0.010714 0.016250
2 0.748661 0.092812 0.010714 0.013750
2 0.757589 0.151875 0.010714 0.016250
2 0.653125 0.226875 0.007143 0.010000
2 0.707589 0.238125 0.008929 0.013750
2 0.717411 0.236563 0.010714 0.013750
2 0.730804 0.239063 0.010714 0.012500
2 0.851339 0.290313 0.010714 0.015000
2 0.964286 0.028437 0.008929 0.016250
2 0.966518 0.047500 0.008929 0.013750
2 0.936161 0.170000 0.019643 0.008750
2 0.798661 0.181875 0.012500 0.007500
2 0.855357 0.176250 0.014286 0.008750
2 0.873661 0.325313 0.019643 0.010000
2 0.750000 0.371563 0.008929 0.015000
2 0.769196 0.373125 0.007143 0.015000
2 0.781250 0.373750 0.008929 0.016250
2 0.787946 0.372500 0.008929 0.013750
2 0.799107 0.371563 0.008929 0.015000
2 0.816964 0.370938 0.008929 0.013750
2 0.824554 0.371563 0.010714 0.015000
2 0.815625 0.356250 0.010714 0.012500
2 0.825893 0.355000 0.008929 0.010000
2 0.871429 0.357500 0.019643 0.008750
2 0.941518 0.315625 0.012500 0.012500
2 0.679464 0.777500 0.010714 0.017500
2 0.424554 0.801562 0.014286 0.012500
2 0.073214 0.763125 0.012500 0.013750
2 0.099107 0.785625 0.019643 0.008750
2 0.241518 0.742188 0.014286 0.006250
2 0.061161 0.911875 0.010714 0.017500
2 0.056250 0.976250 0.014286 0.015000
2 0.139286 0.996875 0.019643 0.006250
2 0.213839 0.966875 0.021429 0.008750
2 0.331250 0.979375 0.019643 0.008750
2 0.375000 0.971875 0.008929 0.012500
2 0.392857 0.982500 0.017857 0.008750
2 0.589286 0.930937 0.008929 0.015000
2 0.581250 0.857187 0.010714 0.017500
2 0.574107 0.845625 0.023214 0.010000
2 0.710714 0.938125 0.019643 0.007500
2 0.707589 0.978750 0.017857 0.007500
2 0.707143 0.986563 0.021429 0.007500
2 0.765179 0.915938 0.021429 0.010000
2 0.615179 0.852187 0.016071 0.007500
2 0.581250 0.803125 0.010714 0.012500
2 0.592411 0.802187 0.010714 0.013750
2 0.586607 0.791250 0.021429 0.007500
2 0.589286 0.781875 0.017857 0.007500
2 0.774107 0.770625 0.012500 0.016250
