2 0.631250 0.247500 0.039286 0.013750
2 0.712946 0.222187 0.037500 0.010000
2 0.716964 0.233125 0.041071 0.010000
2 0.706250 0.365937 0.037500 0.010000
2 0.708929 0.377812 0.033929 0.008750
2 0.708482 0.389375 0.037500 0.010000
2 0.709375 0.400938 0.039286 0.011250
2 0.708036 0.411875 0.032143 0.011250
2 0.708036 0.423438 0.032143 0.006250
2 0.705804 0.432500 0.032143 0.008750
2 0.704464 0.449375 0.033929 0.011250
2 0.703125 0.459687 0.035714 0.010000
2 0.704911 0.473125 0.030357 0.008750
2 0.707589 0.483750 0.035714 0.011250
2 0.708929 0.506563 0.033929 0.010000
2 0.703571 0.520000 0.032143 0.008750
2 0.702232 0.531562 0.033929 0.010000
2 0.700000 0.541563 0.033929 0.011250
2 0.700000 0.554063 0.033929 0.011250
2 0.718304 0.208125 0.039286 0.010000
2 0.630357 0.231562 0.037500 0.010000
2 0.631250 0.218125 0.039286 0.011250
2 0.502679 0.523750 0.032143 0.010000
2 0.505804 0.546875 0.033929 0.012500
2 0.502679 0.558437 0.032143 0.013750
2 0.538393 0.582500 0.014286 0.021250
2 0.551786 0.579688 0.014286 0.025000
2 0.569196 0.584375 0.017857 0.025000
2 0.616071 0.582812 0.017857 0.025000
2 0.633929 0.580937 0.017857 0.027500
2 0.651786 0.585313 0.017857 0.023750
2 0.601786 0.582812 0.016071 0.025000
2 0.585714 0.579688 0.019643 0.025000
2 0.671875 0.583750 0.017857 0.023750
2 0.506250 0.485313 0.030357 0.011250
2 0.505357 0.461250 0.028571 0.010000
2 0.508036 0.433125 0.025000 0.010000
2 0.508929 0.408125 0.035714 0.010000
2 0.504018 0.394687 0.030357 0.011250
2 0.506250 0.374688 0.039286 0.008750
2 0.506696 0.352813 0.035714 0.008750
2 0.509821 0.340000 0.037500 0.011250
2 0.302232 0.267188 0.019643 0.025000
2 0.340625 0.266562 0.016071 0.023750
2 0.378571 0.266875 0.016071 0.027500
2 0.395089 0.265625 0.017857 0.025000
2 0.414286 0.265625 0.016071 0.025000
2 0.526786 0.247500 0.017857 0.032500
2 0.638393 0.315625 0.035714 0.012500
2 0.627232 0.206562 0.035714 0.010000
2 0.502232 0.533750 0.035714 0.011250
2 0.502232 0.509375 0.035714 0.012500
2 0.437946 0.520312 0.041071 0.012500
2 0.090179 0.748437 0.046429 0.012500
2 0.114286 0.727187 0.041071 0.013750
2 0.247321 0.731250 0.039286 0.012500
2 0.315179 0.764375 0.032143 0.010000
2 0.030357 0.666563 0.033929 0.011250
2 0.288839 0.655312 0.046429 0.013750
2 0.660714 0.677500 0.035714 0.011250
2 0.704464 0.658750 0.033929 0.011250
2 0.114732 0.338438 0.037500 0.011250
2 0.108482 0.365625 0.033929 0.012500
2 0.109821 0.388437 0.041071 0.011250
2 0.109821 0.400625 0.041071 0.013750
2 0.108036 0.438438 0.037500 0.011250
2 0.067857 0.449062 0.028571 0.013750
2 0.063393 0.497813 0.028571 0.011250
2 0.106696 0.461875 0.039286 0.011250
2 0.106250 0.476875 0.033929 0.010000
2 0.107143 0.490000 0.044643 0.011250
2 0.183036 0.391562 0.035714 0.011250
2 0.255804 0.396875 0.016071 0.025000
2 0.593304 0.255312 0.039286 0.013750
