2 0.578125 0.020625 0.026786 0.022500
2 0.970089 0.037500 0.016071 0.025000
2 0.877679 0.035313 0.014286 0.023750
2 0.888393 0.035313 0.017857 0.023750
2 0.920982 0.013125 0.016071 0.020000
2 0.935714 0.012500 0.014286 0.018750
2 0.923661 0.036250 0.012500 0.022500
2 0.936607 0.035000 0.016071 0.020000
2 0.956696 0.037187 0.016071 0.021250
2 0.977232 0.467187 0.030357 0.018750
2 0.974107 0.476875 0.028571 0.016250
2 0.964286 0.486250 0.026786 0.016250
2 0.956250 0.495625 0.028571 0.016250
2 0.922768 0.536875 0.028571 0.017500
2 0.920982 0.547187 0.033929 0.016250
2 0.910268 0.555625 0.030357 0.017500
2 0.886607 0.582500 0.032143 0.015000
2 0.877679 0.595000 0.032143 0.015000
2 0.858036 0.625312 0.037500 0.016250
2 0.841964 0.642813 0.032143 0.020000
2 0.816964 0.671875 0.035714 0.018750
2 0.800000 0.690937 0.037500 0.016250
2 0.787500 0.705625 0.030357 0.017500
2 0.779018 0.720625 0.035714 0.016250
2 0.853125 0.728125 0.032143 0.018750
2 0.872321 0.709375 0.039286 0.018750
2 0.879464 0.695312 0.035714 0.012500
2 0.896429 0.678125 0.033929 0.012500
2 0.911161 0.659062 0.032143 0.015000
2 0.929464 0.637500 0.037500 0.018750
2 0.946429 0.618750 0.026786 0.018750
2 0.980804 0.570625 0.037500 0.022500
2 0.965625 0.589375 0.033929 0.016250
2 0.957589 0.599375 0.035714 0.017500
