2 0.008482 0.063750 0.012500 0.008750
2 0.041964 0.020000 0.012500 0.021250
2 0.062054 0.020625 0.012500 0.016250
2 0.080804 0.024375 0.014286 0.017500
2 0.096429 0.022187 0.014286 0.022500
2 0.114732 0.068125 0.037500 0.017500
2 0.031250 0.200000 0.017857 0.025000
2 0.051786 0.200625 0.014286 0.020000
2 0.201786 0.213438 0.010714 0.017500
2 0.101786 0.204375 0.016071 0.021250
2 0.116518 0.206875 0.014286 0.020000
2 0.011607 0.259063 0.014286 0.015000
2 0.029464 0.259687 0.014286 0.016250
2 0.319643 0.483750 0.014286 0.023750
2 0.286161 0.483125 0.014286 0.022500
2 0.270536 0.483750 0.014286 0.023750
2 0.256250 0.464062 0.012500 0.018750
2 0.309375 0.458125 0.033929 0.022500
2 0.311607 0.333750 0.025000 0.023750
2 0.297768 0.338438 0.019643 0.023750
2 0.264286 0.349062 0.019643 0.020000
2 0.249554 0.355938 0.021429 0.021250
2 0.230804 0.358125 0.019643 0.022500
2 0.215179 0.364063 0.019643 0.018750
2 0.200446 0.371563 0.021429 0.021250
2 0.181250 0.376875 0.023214 0.022500
2 0.158036 0.383125 0.021429 0.022500
2 0.139286 0.388125 0.019643 0.020000
2 0.129018 0.394062 0.021429 0.022500
2 0.114286 0.399062 0.023214 0.020000
2 0.094196 0.406562 0.023214 0.022500
2 0.046429 0.446250 0.030357 0.011250
2 0.043750 0.460313 0.033929 0.011250
2 0.047768 0.471875 0.037500 0.012500
2 0.038393 0.485313 0.032143 0.011250
2 0.027679 0.499062 0.028571 0.007500
2 0.032143 0.510313 0.037500 0.011250
2 0.029911 0.535625 0.037500 0.008750
2 0.026339 0.551875 0.030357 0.010000
2 0.019643 0.562812 0.030357 0.010000
2 0.019643 0.576250 0.030357 0.008750
2 0.019196 0.587812 0.033929 0.010000
2 0.337054 0.488750 0.017857 0.021250
2 0.265179 0.511562 0.012500 0.026250
2 0.282589 0.510938 0.016071 0.025000
2 0.223661 0.322500 0.023214 0.020000
2 0.165625 0.268750 0.014286 0.018750
2 0.008482 0.281250 0.012500 0.018750
2 0.026786 0.283438 0.017857 0.026250
2 0.041964 0.285000 0.012500 0.020000
2 0.058482 0.284375 0.014286 0.025000
2 0.075000 0.285312 0.016071 0.023750
2 0.092857 0.284687 0.016071 0.022500
2 0.109821 0.288438 0.014286 0.023750
2 0.144643 0.294375 0.012500 0.020000
2 0.158036 0.345938 0.021429 0.020000
2 0.170089 0.340000 0.023214 0.023750
2 0.190179 0.336875 0.023214 0.023750
2 0.238393 0.320000 0.021429 0.021250
2 0.298214 0.511250 0.016071 0.022500
2 0.252232 0.313437 0.026786 0.023750
2 0.272768 0.307812 0.023214 0.025000
2 0.501339 0.180938 0.025000 0.027500
2 0.335714 0.151250 0.028571 0.015000
2 0.356696 0.196563 0.030357 0.015000
2 0.363393 0.207813 0.030357 0.012500
2 0.378125 0.214688 0.028571 0.013750
2 0.381696 0.239375 0.035714 0.016250
2 0.394643 0.255000 0.030357 0.016250
2 0.393750 0.268750 0.028571 0.012500
2 0.405804 0.288125 0.030357 0.013750
2 0.528571 0.436875 0.030357 0.011250
2 0.321429 0.512813 0.017857 0.022500
2 0.692411 0.552813 0.032143 0.015000
2 0.122768 0.534375 0.026786 0.012500
2 0.110714 0.605625 0.033929 0.011250
2 0.103571 0.629687 0.037500 0.012500
2 0.016518 0.655312 0.028571 0.013750
2 0.108929 0.731250 0.030357 0.018750
2 0.071429 0.781250 0.026786 0.018750
2 0.011607 0.197188 0.014286 0.022500
2 0.044196 0.258437 0.012500 0.020000
2 0.062500 0.259687 0.017857 0.022500
2 0.079911 0.259687 0.012500 0.022500
2 0.096429 0.261250 0.014286 0.022500
2 0.116964 0.264375 0.010714 0.022500
2 0.133482 0.265625 0.012500 0.025000
2 0.146875 0.265000 0.012500 0.023750
