2 0.036607 0.238750 0.010714 0.021250
2 0.013393 0.180000 0.008929 0.022500
2 0.035714 0.199063 0.008929 0.013750
2 0.024107 0.305000 0.012500 0.022500
2 0.315625 0.333125 0.010714 0.010000
2 0.266964 0.383125 0.007143 0.010000
2 0.087946 0.535625 0.010714 0.008750
2 0.081250 0.729063 0.010714 0.023750
2 0.106696 0.867500 0.012500 0.022500
2 0.117857 0.914375 0.012500 0.022500
2 0.480357 0.150938 0.014286 0.011250
2 0.045982 0.534375 0.007143 0.012500
2 0.052679 0.378437 0.007143 0.010000
2 0.044643 0.311875 0.008929 0.011250
2 0.037054 0.317500 0.007143 0.010000
2 0.041518 0.343438 0.007143 0.008750
2 0.061607 0.650938 0.007143 0.011250
2 0.054018 0.599375 0.005357 0.011250
2 0.049107 0.628125 0.008929 0.012500
2 0.053571 0.657813 0.008929 0.012500
2 0.055804 0.684375 0.008929 0.012500
2 0.129464 0.932813 0.008929 0.012500
2 0.120089 0.887500 0.012500 0.012500
2 0.112500 0.865000 0.010714 0.011250
2 0.059375 0.480000 0.007143 0.010000
2 0.252232 0.432500 0.008929 0.008750
2 0.320982 0.378437 0.012500 0.010000
2 0.312054 0.310312 0.012500 0.011250
2 0.320089 0.302813 0.010714 0.008750
2 0.680357 0.148125 0.012500 0.008750
2 0.733036 0.121562 0.010714 0.008750
2 0.747321 0.102813 0.012500 0.008750
2 0.881250 0.124687 0.012500 0.008750
2 0.887054 0.132500 0.010714 0.008750
2 0.903571 0.158125 0.012500 0.010000
2 0.908482 0.170625 0.008929 0.010000
2 0.957143 0.265000 0.012500 0.011250
2 0.906250 0.206562 0.008929 0.010000
2 0.973661 0.283125 0.014286 0.010000
2 0.982143 0.275625 0.008929 0.007500
2 0.992857 0.321250 0.012500 0.011250
2 0.449554 0.927500 0.010714 0.011250
