2 0.869196 0.166875 0.019643 0.015000
2 0.141071 0.014688 0.023214 0.007500
2 0.986607 0.026250 0.017857 0.008750
2 0.951786 0.056250 0.019643 0.006250
2 0.872768 0.306250 0.017857 0.012500
2 0.651339 0.172500 0.021429 0.007500
2 0.776339 0.146250 0.012500 0.011250
2 0.750000 0.147812 0.008929 0.011250
2 0.742857 0.150000 0.012500 0.012500
2 0.729464 0.155313 0.012500 0.013750
2 0.650893 0.164375 0.016071 0.010000
2 0.792857 0.186250 0.014286 0.010000
2 0.813839 0.182812 0.016071 0.012500
2 0.822768 0.178125 0.016071 0.012500
2 0.203125 0.474688 0.017857 0.008750
2 0.150000 0.535313 0.023214 0.005000
2 0.147321 0.725000 0.017857 0.006250
2 0.146429 0.771875 0.016071 0.006250
2 0.155357 0.949687 0.016071 0.008750
2 0.139286 0.038125 0.019643 0.007500
2 0.759821 0.146562 0.010714 0.015000
