2 0.471429 0.856563 0.023214 0.010000
2 0.561161 0.831875 0.010714 0.013750
2 0.779911 0.220312 0.010714 0.018750
2 0.841964 0.198437 0.023214 0.006250
2 0.846875 0.111250 0.010714 0.016250
2 0.815625 0.413750 0.010714 0.015000
2 0.980804 0.415313 0.010714 0.015000
2 0.980357 0.570000 0.023214 0.008750
2 0.240625 0.780625 0.012500 0.017500
2 0.273214 0.774375 0.019643 0.017500
2 0.421875 0.827812 0.008929 0.015000
2 0.533036 0.823438 0.021429 0.006250
2 0.394643 0.898750 0.012500 0.016250
2 0.167411 0.933437 0.026786 0.007500
2 0.251786 0.974062 0.012500 0.013750
2 0.553125 0.860313 0.030357 0.011250
2 0.632589 0.860000 0.019643 0.007500
2 0.679911 0.842812 0.025000 0.007500
2 0.865625 0.811562 0.012500 0.013750
