2 0.575893 0.434375 0.008929 0.012500
2 0.617857 0.149063 0.012500 0.013750
2 0.638393 0.148750 0.008929 0.010000
2 0.596875 0.051875 0.010714 0.016250
2 0.614732 0.054688 0.010714 0.012500
2 0.663839 0.025625 0.010714 0.013750
2 0.668304 0.010625 0.010714 0.015000
2 0.675000 0.217813 0.019643 0.007500
2 0.605804 0.308125 0.010714 0.016250
2 0.634821 0.329375 0.010714 0.015000
2 0.625893 0.360000 0.010714 0.013750
2 0.622768 0.374688 0.008929 0.015000
2 0.620536 0.390625 0.008929 0.012500
2 0.616071 0.406250 0.008929 0.012500
2 0.613839 0.423438 0.008929 0.012500
2 0.610268 0.441250 0.010714 0.013750
2 0.607143 0.456250 0.008929 0.012500
2 0.603571 0.473125 0.010714 0.015000
2 0.898214 0.021250 0.010714 0.011250
2 0.933036 0.024375 0.008929 0.011250
2 0.944196 0.025625 0.008929 0.013750
2 0.953125 0.015625 0.008929 0.012500
2 0.963393 0.015625 0.007143 0.012500
2 0.970982 0.015625 0.008929 0.012500
2 0.982143 0.015938 0.008929 0.010000
2 0.988839 0.015625 0.008929 0.012500
2 0.968304 0.028750 0.012500 0.013750
2 0.978571 0.028750 0.010714 0.013750
2 0.995536 0.029687 0.008929 0.012500
2 0.858036 0.042188 0.010714 0.012500
2 0.909821 0.049375 0.007143 0.011250
2 0.919643 0.050625 0.008929 0.013750
2 0.928571 0.052812 0.008929 0.015000
2 0.963393 0.054688 0.007143 0.012500
2 0.935268 0.064375 0.008929 0.010000
2 0.944196 0.065625 0.008929 0.012500
2 0.951786 0.066875 0.010714 0.015000
2 0.970982 0.067812 0.008929 0.013750
2 0.977679 0.070312 0.008929 0.012500
2 0.988839 0.069687 0.008929 0.011250
2 0.989732 0.056875 0.010714 0.013750
2 0.973214 0.054688 0.008929 0.012500
2 0.883929 0.086563 0.008929 0.013750
2 0.908036 0.100625 0.012500 0.013750
2 0.919643 0.102188 0.008929 0.013750
2 0.927232 0.103750 0.010714 0.013750
2 0.962946 0.095937 0.010714 0.013750
2 0.973214 0.095312 0.008929 0.012500
2 0.982143 0.096875 0.008929 0.012500
2 0.971875 0.109375 0.010714 0.012500
2 0.998214 0.096875 0.005357 0.012500
2 0.995536 0.110625 0.008929 0.015000
2 0.901786 0.127188 0.008929 0.013750
2 0.892411 0.126562 0.012500 0.012500
2 0.840179 0.121875 0.010714 0.012500
2 0.821429 0.131250 0.008929 0.012500
2 0.934821 0.142813 0.012500 0.013750
2 0.946429 0.144375 0.008929 0.013750
2 0.954018 0.144375 0.010714 0.013750
2 0.962946 0.145937 0.010714 0.013750
2 0.970982 0.146250 0.008929 0.011250
2 0.979911 0.146250 0.008929 0.011250
2 0.987946 0.147500 0.007143 0.013750
2 0.848214 0.160000 0.008929 0.013750
2 0.830357 0.170938 0.008929 0.013750
2 0.864732 0.175625 0.010714 0.013750
2 0.884821 0.165625 0.010714 0.012500
2 0.884821 0.178125 0.010714 0.012500
2 0.859375 0.159688 0.008929 0.010000
2 0.903125 0.167187 0.007143 0.012500
2 0.901786 0.179062 0.008929 0.011250
2 0.921875 0.169375 0.008929 0.013750
2 0.909821 0.178750 0.007143 0.013750
2 0.920536 0.179375 0.010714 0.015000
2 0.937500 0.182812 0.008929 0.012500
2 0.947321 0.172500 0.010714 0.013750
2 0.946429 0.185000 0.008929 0.013750
2 0.954464 0.185000 0.007143 0.013750
2 0.964286 0.173125 0.008929 0.015000
2 0.962946 0.185625 0.010714 0.015000
2 0.988839 0.188437 0.008929 0.011250
2 0.983036 0.174687 0.010714 0.015000
2 0.979911 0.187188 0.008929 0.015000
2 0.875000 0.224062 0.017857 0.007500
2 0.892857 0.205313 0.008929 0.013750
2 0.953125 0.105625 0.008929 0.011250
2 0.866964 0.201563 0.010714 0.012500
2 0.914732 0.196250 0.012500 0.011250
2 0.919643 0.208750 0.008929 0.011250
2 0.928571 0.209375 0.008929 0.012500
2 0.937500 0.211250 0.008929 0.016250
2 0.947321 0.210938 0.010714 0.012500
2 0.954464 0.212500 0.007143 0.012500
2 0.963393 0.212188 0.007143 0.015000
2 0.974107 0.214375 0.010714 0.016250
2 0.982143 0.215937 0.008929 0.016250
2 0.991071 0.216250 0.008929 0.013750
2 0.732143 0.241250 0.008929 0.013750
2 0.723214 0.241250 0.008929 0.013750
2 0.699554 0.247187 0.019643 0.010000
2 0.783482 0.247500 0.008929 0.013750
2 0.820089 0.252500 0.010714 0.011250
2 0.838393 0.253125 0.007143 0.012500
2 0.854911 0.255312 0.008929 0.013750
2 0.830357 0.253125 0.008929 0.012500
2 0.697321 0.254688 0.019643 0.006250
2 0.696429 0.260937 0.017857 0.006250
2 0.696429 0.266250 0.017857 0.007500
2 0.693304 0.273438 0.016071 0.006250
2 0.691964 0.279687 0.017857 0.006250
2 0.690625 0.286562 0.019643 0.007500
2 0.691964 0.292187 0.017857 0.006250
2 0.688839 0.299375 0.016071 0.005000
2 0.688839 0.304688 0.016071 0.006250
2 0.687500 0.310937 0.017857 0.006250
2 0.686607 0.318750 0.016071 0.006250
2 0.695089 0.330313 0.019643 0.007500
2 0.681696 0.334063 0.019643 0.008750
2 0.679911 0.340625 0.016071 0.006250
2 0.675000 0.366250 0.019643 0.007500
2 0.668304 0.389688 0.019643 0.007500
2 0.667411 0.402187 0.017857 0.007500
2 0.753125 0.272500 0.010714 0.013750
2 0.733929 0.282813 0.012500 0.012500
2 0.812500 0.290625 0.008929 0.012500
2 0.833482 0.280313 0.010714 0.013750
2 0.830357 0.293750 0.008929 0.012500
2 0.821429 0.293750 0.008929 0.012500
2 0.805357 0.279687 0.012500 0.012500
2 0.846875 0.295000 0.010714 0.015000
2 0.855804 0.296250 0.010714 0.011250
2 0.882589 0.292187 0.010714 0.012500
2 0.919196 0.263125 0.012500 0.013750
2 0.936607 0.264062 0.007143 0.012500
2 0.946429 0.265937 0.008929 0.016250
2 0.952679 0.266875 0.012500 0.015000
2 0.962054 0.266250 0.008929 0.013750
2 0.973214 0.267813 0.008929 0.013750
2 0.986161 0.268750 0.012500 0.012500
2 0.787054 0.315625 0.007143 0.012500
2 0.776339 0.328125 0.012500 0.012500
2 0.778571 0.354063 0.012500 0.011250
2 0.813393 0.359063 0.010714 0.015000
2 0.795536 0.329062 0.010714 0.011250
2 0.797768 0.317188 0.010714 0.012500
2 0.807143 0.318125 0.007143 0.011250
2 0.822768 0.320312 0.007143 0.012500
2 0.832589 0.321563 0.008929 0.015000
2 0.839286 0.334063 0.008929 0.015000
2 0.849107 0.333437 0.010714 0.013750
2 0.896429 0.326250 0.007143 0.015000
2 0.904018 0.288750 0.008929 0.015000
2 0.900893 0.300312 0.007143 0.010000
2 0.910714 0.303125 0.008929 0.012500
2 0.921875 0.293125 0.008929 0.011250
2 0.926339 0.303750 0.008929 0.013750
2 0.937500 0.303750 0.008929 0.013750
2 0.946429 0.293125 0.008929 0.011250
2 0.944196 0.304688 0.008929 0.012500
2 0.953125 0.306875 0.008929 0.013750
2 0.964286 0.307812 0.008929 0.012500
2 0.964286 0.294063 0.008929 0.010000
2 0.973214 0.293750 0.008929 0.012500
2 0.969643 0.309375 0.010714 0.012500
2 0.975446 0.319688 0.008929 0.011250
2 0.983036 0.297500 0.010714 0.013750
2 0.988393 0.310312 0.012500 0.011250
2 0.993304 0.296250 0.008929 0.011250
2 0.930804 0.333437 0.008929 0.013750
2 0.941964 0.332500 0.008929 0.015000
2 0.948661 0.333750 0.008929 0.011250
2 0.958482 0.334375 0.010714 0.012500
2 0.982143 0.339062 0.008929 0.012500
2 0.892411 0.340000 0.012500 0.011250
2 0.903571 0.341250 0.012500 0.013750
2 0.909821 0.341562 0.007143 0.011250
2 0.919643 0.343750 0.008929 0.012500
2 0.895982 0.366250 0.010714 0.013750
2 0.840179 0.372500 0.010714 0.013750
2 0.911607 0.381875 0.010714 0.013750
2 0.902679 0.380312 0.010714 0.013750
2 0.884821 0.377500 0.010714 0.011250
2 0.892857 0.378437 0.008929 0.010000
2 0.897321 0.416250 0.008929 0.013750
2 0.657143 0.438750 0.019643 0.008750
2 0.658482 0.446875 0.017857 0.006250
2 0.658036 0.452187 0.021429 0.007500
2 0.654911 0.464062 0.019643 0.006250
2 0.654018 0.471875 0.017857 0.006250
2 0.648214 0.477813 0.019643 0.008750
2 0.648214 0.490000 0.019643 0.011250
2 0.643304 0.520000 0.023214 0.008750
2 0.641518 0.528125 0.019643 0.006250
2 0.692857 0.541250 0.046429 0.013750
2 0.870536 0.526250 0.017857 0.008750
2 0.810714 0.606875 0.023214 0.007500
2 0.887054 0.589687 0.010714 0.013750
2 0.860268 0.556875 0.019643 0.007500
2 0.831250 0.397500 0.010714 0.013750
2 0.823214 0.370312 0.012500 0.012500
2 0.761161 0.390000 0.008929 0.011250
2 0.813393 0.410000 0.010714 0.013750
2 0.878125 0.416875 0.010714 0.015000
2 0.887054 0.417812 0.010714 0.013750
2 0.909821 0.417812 0.007143 0.013750
2 0.873661 0.442812 0.010714 0.013750
2 0.890179 0.498750 0.012500 0.016250
2 0.904911 0.556250 0.019643 0.006250
2 0.904911 0.543438 0.019643 0.008750
2 0.959821 0.569375 0.017857 0.007500
2 0.963839 0.563125 0.021429 0.007500
2 0.965179 0.556250 0.019643 0.006250
2 0.968750 0.549375 0.017857 0.005000
2 0.967857 0.544375 0.016071 0.007500
