2 0.874107 0.138437 0.007143 0.011250
2 0.826786 0.006563 0.010714 0.010000
2 0.717411 0.015625 0.019643 0.006250
2 0.626786 0.029375 0.012500 0.021250
2 0.901786 0.141562 0.008929 0.017500
2 0.885714 0.264062 0.012500 0.012500
2 0.842411 0.387500 0.019643 0.006250
2 0.908482 0.320312 0.017857 0.006250
2 0.905804 0.326250 0.021429 0.008750
2 0.854911 0.326250 0.017857 0.008750
2 0.834821 0.325000 0.017857 0.006250
2 0.815625 0.325000 0.019643 0.006250
2 0.861161 0.347812 0.012500 0.011250
2 0.786161 0.353125 0.014286 0.006250
2 0.769196 0.362500 0.016071 0.006250
2 0.746429 0.401250 0.019643 0.008750
2 0.715179 0.396563 0.010714 0.015000
2 0.847321 0.399688 0.025000 0.008750
2 0.630357 0.264062 0.019643 0.006250
2 0.838393 0.394375 0.016071 0.007500
2 0.837054 0.374375 0.017857 0.005000
2 0.822321 0.367188 0.010714 0.012500
2 0.782589 0.368750 0.016071 0.006250
2 0.789286 0.401875 0.016071 0.010000
2 0.781250 0.406250 0.017857 0.006250
2 0.719643 0.379375 0.010714 0.015000
2 0.638393 0.507812 0.035714 0.006250
2 0.637054 0.501563 0.037500 0.006250
2 0.641518 0.475625 0.037500 0.007500
2 0.630357 0.271875 0.019643 0.006250
2 0.633929 0.253125 0.017857 0.006250
2 0.669643 0.238125 0.017857 0.007500
2 0.883482 0.295312 0.012500 0.012500
2 0.681696 0.157500 0.028571 0.008750
2 0.680804 0.163125 0.026786 0.007500
2 0.679018 0.170000 0.023214 0.008750
2 0.679018 0.192500 0.023214 0.010000
2 0.678125 0.199687 0.021429 0.008750
2 0.678571 0.209375 0.017857 0.006250
2 0.677232 0.216562 0.019643 0.005000
2 0.674107 0.221563 0.017857 0.008750
2 0.673214 0.231875 0.016071 0.007500
2 0.672768 0.243750 0.019643 0.006250
2 0.630804 0.242188 0.016071 0.006250
2 0.673661 0.250000 0.021429 0.006250
2 0.675000 0.256250 0.019643 0.006250
2 0.663839 0.260625 0.028571 0.008750
2 0.666518 0.266250 0.025000 0.007500
2 0.666518 0.272500 0.025000 0.007500
2 0.661607 0.278750 0.028571 0.007500
2 0.638393 0.194375 0.017857 0.007500
2 0.637054 0.213750 0.019643 0.008750
2 0.633929 0.219062 0.017857 0.010000
2 0.633036 0.230625 0.016071 0.005000
2 0.642411 0.469375 0.039286 0.007500
2 0.642411 0.462500 0.039286 0.006250
2 0.641518 0.428125 0.037500 0.012500
2 0.641964 0.421563 0.033929 0.008750
2 0.677232 0.647500 0.010714 0.013750
2 0.675446 0.663125 0.007143 0.013750
2 0.491071 0.691250 0.017857 0.007500
2 0.487946 0.697813 0.016071 0.005000
2 0.486607 0.704063 0.017857 0.005000
2 0.533482 0.703125 0.017857 0.006250
2 0.537054 0.709375 0.016071 0.006250
2 0.486607 0.708750 0.017857 0.005000
2 0.487500 0.715000 0.019643 0.005000
2 0.495536 0.735313 0.017857 0.005000
2 0.492857 0.741250 0.021429 0.007500
2 0.488393 0.762500 0.021429 0.006250
2 0.489732 0.768750 0.019643 0.006250
2 0.487054 0.787500 0.023214 0.006250
2 0.478571 0.820937 0.019643 0.007500
2 0.480804 0.826562 0.019643 0.006250
2 0.476786 0.850000 0.016071 0.006250
2 0.471429 0.858437 0.023214 0.007500
2 0.470536 0.863750 0.021429 0.008750
2 0.386161 0.852187 0.008929 0.013750
2 0.470089 0.869688 0.025000 0.005000
2 0.468750 0.876563 0.017857 0.006250
2 0.469643 0.882812 0.019643 0.006250
2 0.467857 0.888125 0.016071 0.007500
2 0.462054 0.900000 0.017857 0.006250
2 0.442857 0.912500 0.019643 0.006250
2 0.442857 0.903750 0.019643 0.007500
2 0.463839 0.912500 0.021429 0.006250
2 0.439732 0.919375 0.017857 0.007500
2 0.458929 0.923125 0.016071 0.008750
2 0.497768 0.938125 0.017857 0.007500
2 0.494196 0.949062 0.019643 0.007500
2 0.502232 0.931250 0.017857 0.006250
2 0.503125 0.924375 0.019643 0.005000
2 0.537946 0.950625 0.017857 0.007500
2 0.542411 0.939688 0.017857 0.007500
2 0.537946 0.931250 0.017857 0.006250
2 0.502232 0.918125 0.017857 0.005000
2 0.502232 0.912500 0.017857 0.006250
2 0.537946 0.925000 0.017857 0.006250
2 0.541071 0.918750 0.019643 0.006250
2 0.540179 0.913125 0.017857 0.007500
2 0.541071 0.906875 0.019643 0.007500
2 0.540179 0.900000 0.017857 0.006250
2 0.567857 0.885000 0.019643 0.007500
2 0.566964 0.893750 0.017857 0.006250
2 0.585714 0.871250 0.010714 0.017500
2 0.563839 0.865625 0.016071 0.006250
2 0.502679 0.906250 0.023214 0.006250
2 0.504464 0.900938 0.017857 0.005000
2 0.504464 0.896875 0.017857 0.006250
2 0.505357 0.889687 0.019643 0.007500
2 0.504464 0.882812 0.017857 0.006250
2 0.545536 0.895000 0.019643 0.008750
2 0.543750 0.875938 0.016071 0.005000
2 0.538839 0.696875 0.019643 0.006250
2 0.536607 0.692187 0.019643 0.006250
2 0.535714 0.686875 0.017857 0.005000
2 0.536607 0.679688 0.019643 0.006250
2 0.577679 0.739687 0.021429 0.007500
2 0.587500 0.732812 0.014286 0.006250
2 0.536607 0.715000 0.019643 0.005000
2 0.533036 0.720313 0.021429 0.006250
2 0.533482 0.725938 0.017857 0.005000
2 0.531250 0.731250 0.017857 0.006250
2 0.530357 0.737500 0.016071 0.006250
2 0.530357 0.743125 0.016071 0.005000
2 0.529464 0.750000 0.014286 0.006250
2 0.526786 0.762188 0.017857 0.008750
2 0.524554 0.769375 0.017857 0.007500
2 0.558036 0.778125 0.017857 0.006250
2 0.522321 0.793750 0.017857 0.006250
2 0.521429 0.800000 0.016071 0.006250
2 0.518750 0.805625 0.019643 0.005000
2 0.518750 0.824062 0.019643 0.007500
2 0.514732 0.829688 0.016071 0.006250
2 0.549107 0.825000 0.017857 0.006250
2 0.550446 0.831250 0.016071 0.006250
2 0.547768 0.849062 0.019643 0.007500
2 0.546875 0.855625 0.017857 0.005000
2 0.567411 0.857500 0.023214 0.008750
2 0.548214 0.861563 0.016071 0.007500
2 0.508482 0.864687 0.021429 0.007500
2 0.507143 0.872500 0.014286 0.007500
2 0.504911 0.878125 0.014286 0.006250
