2 0.758929 0.591562 0.035714 0.011250
2 0.881250 0.988125 0.048214 0.020000
2 0.841071 0.997812 0.039286 0.005000
2 0.718750 0.873125 0.053571 0.015000
2 0.725000 0.817812 0.048214 0.013750
2 0.735268 0.772813 0.037500 0.017500
2 0.737500 0.747500 0.037500 0.013750
2 0.739732 0.705313 0.046429 0.013750
2 0.741518 0.690937 0.041071 0.016250
2 0.747321 0.678125 0.039286 0.012500
2 0.745536 0.663125 0.044643 0.013750
2 0.745982 0.648125 0.050000 0.015000
2 0.748661 0.631563 0.046429 0.016250
2 0.754911 0.618437 0.041071 0.015000
2 0.750000 0.605625 0.044643 0.017500
2 0.753125 0.576250 0.046429 0.015000
2 0.891518 0.905312 0.019643 0.026250
2 0.832589 0.903438 0.017857 0.028750
2 0.854018 0.903438 0.016071 0.022500
2 0.872768 0.905312 0.017857 0.026250
2 0.912946 0.909062 0.017857 0.027500
2 0.758036 0.549375 0.051786 0.017500
2 0.934375 0.910625 0.016071 0.027500
2 0.840625 0.989062 0.033929 0.012500
2 0.760268 0.534062 0.042857 0.015000
2 0.758929 0.516875 0.044643 0.015000
2 0.770089 0.491563 0.035714 0.011250
2 0.677679 0.299063 0.025000 0.026250
2 0.681696 0.208125 0.019643 0.028750
2 0.929464 0.116875 0.046429 0.015000
2 0.928571 0.155313 0.044643 0.013750
2 0.923214 0.171875 0.042857 0.012500
2 0.810268 0.902500 0.017857 0.023750
2 0.952232 0.909062 0.016071 0.021250
2 0.974554 0.913750 0.016071 0.027500
