2 0.265179 0.551875 0.039286 0.010000
2 0.526786 0.544375 0.044643 0.007500
2 0.758036 0.460625 0.087500 0.008750
2 0.713393 0.438750 0.042857 0.008750
2 0.721429 0.393750 0.041071 0.006250
2 0.721429 0.410313 0.032143 0.005000
2 0.790179 0.408437 0.026786 0.007500
2 0.776786 0.430312 0.026786 0.007500
2 0.829464 0.407500 0.033929 0.008750
2 0.819196 0.393437 0.044643 0.008750
2 0.661607 0.370625 0.010714 0.010000
2 0.513839 0.609063 0.041071 0.008750
2 0.597321 0.628750 0.069643 0.007500
2 0.585268 0.651875 0.050000 0.010000
