2 0.725893 0.640625 0.014286 0.012500
2 0.698661 0.971250 0.017857 0.011250
2 0.662054 0.908125 0.016071 0.010000
2 0.666518 0.877500 0.016071 0.011250
2 0.708929 0.857500 0.016071 0.008750
2 0.708929 0.867812 0.016071 0.007500
2 0.708929 0.874687 0.016071 0.008750
2 0.563839 0.751563 0.016071 0.006250
2 0.563839 0.719688 0.016071 0.005000
2 0.564732 0.712500 0.017857 0.006250
2 0.598214 0.667500 0.008929 0.010000
2 0.617411 0.666563 0.007143 0.011250
2 0.647321 0.093437 0.017857 0.008750
2 0.834375 0.120000 0.021429 0.008750
2 0.855357 0.122500 0.014286 0.007500
2 0.841518 0.094375 0.008929 0.013750
2 0.826339 0.091875 0.014286 0.015000
2 0.850446 0.053125 0.017857 0.006250
2 0.851786 0.047500 0.016071 0.007500
2 0.854018 0.039062 0.016071 0.006250
2 0.816964 0.089688 0.017857 0.020000
2 0.612946 0.090000 0.033929 0.011250
2 0.912500 0.221875 0.021429 0.006250
2 0.907143 0.230625 0.019643 0.005000
2 0.906696 0.237500 0.023214 0.006250
2 0.898661 0.838125 0.016071 0.007500
2 0.897321 0.861250 0.017857 0.010000
2 0.899554 0.820625 0.017857 0.010000
2 0.709375 0.840312 0.039286 0.027500
2 0.700893 0.382500 0.017857 0.015000
2 0.701339 0.295000 0.014286 0.015000
2 0.898214 0.806563 0.019643 0.010000
2 0.904464 0.791875 0.014286 0.008750
2 0.899554 0.830937 0.017857 0.008750
2 0.708036 0.100625 0.014286 0.007500
2 0.954911 0.011562 0.021429 0.007500
2 0.943750 0.105000 0.012500 0.016250
2 0.992857 0.441250 0.012500 0.007500
2 0.648214 0.419375 0.019643 0.013750
2 0.819643 0.349062 0.014286 0.007500
2 0.816964 0.361250 0.017857 0.010000
2 0.816964 0.368438 0.017857 0.008750
2 0.808929 0.393437 0.019643 0.008750
2 0.807143 0.400625 0.016071 0.007500
2 0.802232 0.413125 0.019643 0.007500
2 0.840179 0.431562 0.010714 0.010000
2 0.797321 0.418750 0.014286 0.006250
2 0.798214 0.426563 0.016071 0.006250
2 0.796875 0.432812 0.017857 0.006250
2 0.900000 0.466875 0.023214 0.008750
2 0.747321 0.447187 0.021429 0.010000
2 0.724107 0.444375 0.019643 0.007500
2 0.663393 0.435313 0.014286 0.005000
2 0.648661 0.434063 0.016071 0.008750
2 0.636161 0.416250 0.017857 0.013750
2 0.829911 0.475625 0.021429 0.007500
2 0.690625 0.292500 0.010714 0.010000
2 0.716071 0.283125 0.012500 0.010000
2 0.663839 0.408125 0.019643 0.010000
2 0.665179 0.401250 0.017857 0.008750
2 0.708036 0.420625 0.014286 0.003750
2 0.708929 0.414687 0.016071 0.007500
2 0.712500 0.406250 0.014286 0.006250
2 0.716518 0.395937 0.017857 0.007500
2 0.920536 0.188125 0.019643 0.007500
2 0.995536 0.129062 0.008929 0.011250
2 0.898214 0.128750 0.019643 0.007500
2 0.814732 0.114375 0.017857 0.010000
2 0.944196 0.865312 0.008929 0.021250
2 0.944196 0.831250 0.008929 0.018750
2 0.754464 0.108750 0.017857 0.005000
2 0.588839 0.117813 0.012500 0.013750
2 0.774107 0.109062 0.021429 0.008750
2 0.673214 0.383750 0.016071 0.011250
2 0.663393 0.454688 0.014286 0.006250
2 0.787500 0.452500 0.012500 0.005000
2 0.870536 0.464062 0.017857 0.006250
2 0.864732 0.855937 0.010714 0.015000
2 0.894196 0.866875 0.016071 0.008750
2 0.778125 0.648125 0.016071 0.015000
2 0.811161 0.499062 0.010714 0.013750
2 0.821429 0.502188 0.008929 0.013750
2 0.847321 0.503125 0.007143 0.012500
2 0.857143 0.503750 0.008929 0.013750
2 0.890179 0.505625 0.012500 0.017500
2 0.901339 0.506250 0.012500 0.018750
2 0.873661 0.324688 0.010714 0.015000
2 0.907589 0.216250 0.016071 0.007500
2 0.816518 0.125000 0.021429 0.012500
2 0.758929 0.161562 0.017857 0.007500
