2 0.871875 0.173125 0.016071 0.008750
2 0.952679 0.305312 0.012500 0.020000
2 0.923214 0.559063 0.016071 0.021250
2 0.956696 0.547813 0.016071 0.017500
2 0.958929 0.438438 0.016071 0.017500
2 0.898214 0.420312 0.019643 0.012500
2 0.585714 0.734375 0.019643 0.012500
2 0.915179 0.359375 0.017857 0.012500
2 0.573661 0.910313 0.026786 0.011250
2 0.838393 0.913125 0.025000 0.013750
2 0.576339 0.761562 0.023214 0.013750
2 0.573661 0.898125 0.026786 0.008750
2 0.904464 0.813750 0.014286 0.021250
2 0.959375 0.976250 0.021429 0.008750
2 0.849107 0.974687 0.019643 0.008750
2 0.963393 0.798750 0.025000 0.010000
2 0.874107 0.792500 0.025000 0.010000
2 0.980357 0.686250 0.023214 0.010000
2 0.624107 0.611875 0.016071 0.017500
2 0.945982 0.393125 0.012500 0.017500
