2 0.608750 0.689908 0.263750 0.291743
2 0.011875 0.548624 0.023750 0.135780
2 0.015312 0.424311 0.030625 0.101835
2 0.022187 0.673853 0.044375 0.096330
2 0.129062 0.723853 0.258125 0.161468
2 0.167500 0.461468 0.225000 0.133945
2 0.218125 0.846330 0.275000 0.305505
2 0.217187 0.474312 0.181875 0.137614
2 0.350625 0.651834 0.258750 0.259633
2 0.348750 0.500918 0.208750 0.163303
2 0.550625 0.436697 0.141250 0.133945
2 0.703125 0.310551 0.095000 0.122019
2 0.775625 0.384862 0.155000 0.112844
2 0.873437 0.441284 0.143125 0.161468
2 0.909375 0.622018 0.180000 0.236697
2 0.981250 0.808257 0.036250 0.179816
