2 0.036875 0.650376 0.073750 0.194654
2 0.069062 0.677945 0.138125 0.301588
2 0.146563 0.745614 0.293125 0.415204
2 0.216250 0.573099 0.225000 0.274019
2 0.239375 0.621553 0.091250 0.235589
2 0.268750 0.623224 0.125000 0.238931
2 0.250312 0.628237 0.079375 0.242272
2 0.314375 0.578112 0.078750 0.121972
2 0.316250 0.558480 0.080000 0.121137
2 0.428750 0.491228 0.030000 0.061822
2 0.446250 0.471596 0.031250 0.077694
2 0.441562 0.500000 0.019375 0.059314
2 0.473750 0.457811 0.040000 0.070176
2 0.500938 0.446951 0.024375 0.055138
2 0.709063 0.447368 0.015625 0.077695
