2 0.087813 0.651250 0.096875 0.184166
2 0.168125 0.637916 0.078750 0.149167
2 0.227500 0.530833 0.103750 0.050000
2 0.270937 0.654583 0.093125 0.172500
2 0.290937 0.550000 0.054375 0.046666
2 0.336875 0.664584 0.067500 0.165833
2 0.384062 0.654583 0.065625 0.177500
2 0.424063 0.650417 0.049375 0.172500
2 0.418125 0.527083 0.035000 0.039167
2 0.474375 0.541667 0.045000 0.036667
2 0.499688 0.567917 0.020625 0.072500
2 0.507188 0.577500 0.030625 0.053334
2 0.517813 0.551250 0.015625 0.027500
2 0.546875 0.648750 0.065000 0.065834
2 0.552188 0.672083 0.056875 0.170833
2 0.561562 0.572500 0.044375 0.053334
2 0.635938 0.667917 0.061875 0.179167
2 0.676250 0.541250 0.033750 0.039166
2 0.706250 0.675416 0.073750 0.180833
2 0.767500 0.544583 0.055000 0.049167
2 0.776250 0.677916 0.052500 0.179167
2 0.810000 0.572500 0.078750 0.073334
2 0.793750 0.538333 0.041250 0.041667
2 0.864688 0.675416 0.064375 0.170833
2 0.850938 0.537917 0.025625 0.035833
2 0.910937 0.670000 0.139375 0.160000
2 0.873437 0.594583 0.045625 0.077500
2 0.908438 0.655417 0.105625 0.117500
2 0.954063 0.652084 0.090625 0.140833
2 0.936250 0.541250 0.046250 0.039166
2 0.957812 0.656250 0.083125 0.142500
2 0.927188 0.542917 0.020625 0.042500
2 0.981875 0.639167 0.035000 0.105000
2 0.986875 0.543750 0.025000 0.034166
