2 0.037090 0.314316 0.074180 0.114101
2 0.104494 0.421959 0.208987 0.256190
2 0.090228 0.243272 0.150499 0.116254
2 0.300999 0.560280 0.399429 0.364908
2 0.206134 0.441873 0.205421 0.285253
2 0.128388 0.182454 0.041370 0.046286
2 0.249286 0.194833 0.032097 0.058127
2 0.396576 0.884285 0.303852 0.229279
2 0.305635 0.256727 0.084879 0.113025
2 0.327389 0.262648 0.115549 0.135630
2 0.298859 0.189990 0.032810 0.072121
2 0.422254 0.206673 0.028530 0.043057
2 0.426891 0.245425 0.037803 0.062433
2 0.464693 0.189990 0.036377 0.059203
2 0.547789 0.416039 0.171184 0.252960
2 0.501426 0.223359 0.075607 0.106567
2 0.534950 0.180839 0.037090 0.038751
2 0.558132 0.182454 0.032097 0.048439
2 0.580599 0.280948 0.061341 0.137783
2 0.621612 0.318084 0.092012 0.141012
2 0.643010 0.498923 0.099144 0.285253
2 0.657988 0.184607 0.032097 0.048439
2 0.721469 0.662003 0.109130 0.350915
2 0.735378 0.311087 0.058488 0.159311
2 0.761769 0.374058 0.038516 0.087190
2 0.901925 0.461787 0.123395 0.273412
2 0.875535 0.362756 0.037804 0.109795
2 0.880884 0.298709 0.014265 0.063509
2 0.895506 0.174381 0.017831 0.032292
2 0.926177 0.303552 0.062054 0.111948
2 0.936519 0.390743 0.061341 0.202368
2 0.923681 0.175457 0.025677 0.038751
