2 0.716875 0.747390 0.195000 0.286013
2 0.233438 0.536013 0.183125 0.149269
2 0.256250 0.526618 0.152500 0.195198
2 0.274375 0.853862 0.160000 0.229645
2 0.364687 0.501043 0.033125 0.112735
2 0.399375 0.504175 0.033750 0.167015
2 0.471562 0.508351 0.131875 0.187891
2 0.461250 0.783403 0.098750 0.224426
2 0.442187 0.793320 0.039375 0.098121
2 0.562188 0.760960 0.189375 0.269311
2 0.512188 0.487995 0.064375 0.203549
2 0.537813 0.490606 0.089375 0.169103
2 0.607500 0.771398 0.211250 0.321503
2 0.630625 0.471816 0.188750 0.277662
