2 0.429688 0.667083 0.155625 0.312500
2 0.102813 0.492083 0.110625 0.119167
2 0.136563 0.937083 0.173125 0.124167
2 0.255312 0.495416 0.183125 0.084167
2 0.492500 0.475833 0.047500 0.043333
2 0.529062 0.473334 0.044375 0.043333
2 0.573125 0.473334 0.043750 0.041667
2 0.697188 0.810000 0.179375 0.371666
2 0.627188 0.475000 0.019375 0.020000
2 0.640313 0.467917 0.013125 0.027500
2 0.796875 0.632500 0.082500 0.165000
2 0.879375 0.421666 0.015000 0.041667
2 0.903438 0.425833 0.011875 0.040000
2 0.915000 0.427500 0.013750 0.043334
2 0.934375 0.535417 0.040000 0.092500
2 0.944063 0.424166 0.005625 0.011667
2 0.952500 0.432084 0.006250 0.020833
2 0.969688 0.432916 0.010625 0.029167
