2 0.061562 0.715909 0.094375 0.485294
2 0.118750 0.757353 0.080000 0.394385
2 0.155312 0.747995 0.065625 0.375669
2 0.154688 0.760027 0.030625 0.362299
2 0.227187 0.766711 0.083125 0.413102
2 0.305312 0.739305 0.039375 0.358289
2 0.359687 0.757353 0.094375 0.362300
2 0.400625 0.749332 0.071250 0.356952
2 0.448438 0.754679 0.075625 0.426470
2 0.511563 0.746658 0.036875 0.362300
2 0.556250 0.741310 0.101250 0.389038
2 0.530625 0.749331 0.040000 0.378343
2 0.642187 0.724599 0.041875 0.328877
2 0.687500 0.741310 0.115000 0.399732
2 0.741250 0.762701 0.043750 0.389037
2 0.780000 0.693182 0.015000 0.156417
2 0.820000 0.683155 0.052500 0.302139
2 0.825937 0.709225 0.010625 0.199198
2 0.861875 0.721925 0.048750 0.433155
2 0.847813 0.688503 0.018125 0.235294
2 0.922187 0.739305 0.089375 0.409091
2 0.976250 0.739973 0.046250 0.397059
