2 0.008750 0.841250 0.017500 0.079166
2 0.072188 0.765000 0.144375 0.355000
2 0.113437 0.674584 0.226875 0.370833
2 0.144062 0.590833 0.281875 0.520000
2 0.211875 0.587917 0.303750 0.444167
2 0.369375 0.567917 0.321250 0.367500
2 0.428438 0.580000 0.371875 0.411666
2 0.565312 0.552500 0.325625 0.376666
2 0.581250 0.549167 0.285000 0.353333
2 0.605938 0.507916 0.241875 0.335833
2 0.737500 0.510000 0.345000 0.268334
2 0.686562 0.607500 0.214375 0.133334
2 0.762188 0.504166 0.275625 0.276667
2 0.858437 0.472500 0.281875 0.265000
2 0.845625 0.454167 0.232500 0.270000
2 0.844062 0.468750 0.185625 0.282500
2 0.883437 0.445000 0.220625 0.261666
2 0.889375 0.442500 0.181250 0.260000
