2 0.010932 0.321562 0.021863 0.043125
2 0.043726 0.317500 0.070342 0.051250
2 0.125950 0.623750 0.132129 0.166250
2 0.087452 0.327187 0.028517 0.053125
2 0.134030 0.384687 0.049429 0.076875
2 0.166825 0.424687 0.067490 0.081875
2 0.230989 0.661875 0.134981 0.181250
2 0.208175 0.354687 0.057034 0.066875
2 0.250951 0.475000 0.133079 0.017500
2 0.330323 0.865625 0.229088 0.210000
2 0.347909 0.316875 0.077947 0.056250
2 0.362642 0.489063 0.101711 0.114375
2 0.344581 0.335625 0.044677 0.046250
2 0.415875 0.335625 0.046578 0.042500
2 0.458650 0.567500 0.086502 0.126250
2 0.451996 0.413750 0.067490 0.061250
2 0.538973 0.677500 0.148289 0.185000
2 0.493821 0.329063 0.040875 0.049375
2 0.523289 0.441250 0.059886 0.078750
2 0.674430 0.804375 0.168251 0.227500
2 0.620247 0.345625 0.038974 0.055000
2 0.658745 0.400312 0.049430 0.076875
2 0.748574 0.491563 0.103612 0.043125
2 0.757605 0.607500 0.070343 0.140000
2 0.951520 0.891250 0.095057 0.216250
