2 0.160938 0.901970 0.104375 0.190432
2 0.279062 0.803002 0.076875 0.168856
2 0.350313 0.819419 0.039375 0.182927
2 0.367500 0.816604 0.046250 0.173546
2 0.420625 0.833021 0.060000 0.178237
2 0.459063 0.804409 0.088125 0.194184
2 0.484062 0.808631 0.056875 0.146341
2 0.502812 0.833959 0.073125 0.138837
2 0.540000 0.778143 0.045000 0.119137
2 0.568437 0.817542 0.074375 0.117261
2 0.568125 0.745309 0.050000 0.100375
2 0.581562 0.819419 0.071875 0.117261
2 0.623125 0.766885 0.060000 0.111633
2 0.859062 0.935741 0.078125 0.126642
2 0.938438 0.915573 0.121875 0.166979
2 0.914062 0.762664 0.026875 0.095685
2 0.960313 0.842401 0.078125 0.144465
2 0.928750 0.774390 0.012500 0.057223
