2 0.654589 0.837466 0.086957 0.308540
2 0.132246 0.669422 0.264493 0.247933
2 0.117150 0.501378 0.140097 0.225895
2 0.332729 0.630854 0.134058 0.154270
2 0.475845 0.484849 0.207729 0.363637
2 0.402778 0.761708 0.054348 0.322314
2 0.489130 0.549586 0.181159 0.250689
2 0.471015 0.786501 0.055555 0.349863
2 0.539855 0.537190 0.103864 0.269972
2 0.545289 0.801653 0.076087 0.391184
2 0.657005 0.564739 0.195652 0.330579
2 0.842995 0.568870 0.251208 0.355371
2 0.893116 0.712121 0.182368 0.256198
2 0.954106 0.706612 0.089372 0.228650
