2 0.161875 0.489167 0.048750 0.025000
2 0.232500 0.583333 0.105000 0.020000
2 0.240625 0.611667 0.096250 0.026667
2 0.211250 0.497500 0.030000 0.041666
2 0.266875 0.492500 0.031250 0.041666
2 0.334375 0.500000 0.068750 0.046666
2 0.368125 0.605000 0.101250 0.033334
2 0.393750 0.625000 0.130000 0.060000
2 0.363125 0.503333 0.026250 0.030000
2 0.410000 0.505833 0.020000 0.021667
2 0.420625 0.479167 0.038750 0.025000
2 0.443125 0.505834 0.043750 0.041667
2 0.498125 0.587500 0.061250 0.035000
2 0.485625 0.485833 0.008750 0.025000
2 0.654375 0.942500 0.303750 0.111666
2 0.543750 0.603334 0.060000 0.053333
2 0.526875 0.504167 0.013750 0.038333
2 0.544375 0.525000 0.048750 0.060000
2 0.679375 0.591667 0.106250 0.126667
2 0.718750 0.796667 0.180000 0.136667
2 0.709375 0.695000 0.151250 0.106666
2 0.680625 0.501667 0.028750 0.053333
2 0.766250 0.616667 0.162500 0.143333
2 0.714375 0.567500 0.046250 0.041666
2 0.939375 0.593334 0.118750 0.146667
2 0.965000 0.917500 0.067500 0.161666
2 0.971875 0.652500 0.053750 0.145000
