2 0.010313 0.463884 0.020625 0.201689
2 0.067187 0.146342 0.095625 0.056285
2 0.078125 0.142120 0.090000 0.051594
2 0.167187 0.426829 0.129375 0.287054
2 0.299063 0.324578 0.069375 0.172608
2 0.427187 0.510319 0.125625 0.397748
2 0.554375 0.398218 0.062500 0.274859
2 0.604375 0.600844 0.162500 0.424953
2 0.678125 0.515010 0.068750 0.315197
2 0.685625 0.176361 0.043750 0.080675
2 0.806875 0.696529 0.196250 0.490620
2 0.918438 0.269700 0.078125 0.083490
2 0.925938 0.302063 0.063125 0.144465
2 0.984687 0.361163 0.029375 0.150094
