2 0.672187 0.579167 0.153125 0.265000
2 0.049063 0.735834 0.098125 0.303333
2 0.067812 0.588750 0.135625 0.159166
2 0.104687 0.471250 0.046875 0.084166
2 0.193750 0.495833 0.106250 0.148333
2 0.368750 0.784167 0.308750 0.430000
2 0.307500 0.689584 0.142500 0.324167
2 0.490312 0.487500 0.043125 0.106666
2 0.504688 0.432500 0.016875 0.051666
2 0.534375 0.445000 0.042500 0.060000
2 0.550312 0.424583 0.023125 0.057500
2 0.588750 0.449583 0.037500 0.079167
2 0.627188 0.417500 0.019375 0.040000
2 0.725313 0.419584 0.011875 0.029167
2 0.730938 0.464166 0.020625 0.101667
2 0.783750 0.705833 0.112500 0.310000
2 0.859687 0.445417 0.019375 0.067500
2 0.895938 0.510416 0.060625 0.135833
2 0.942813 0.448750 0.023125 0.077500
2 0.982187 0.794167 0.034375 0.410000
