2 0.037500 0.825000 0.075000 0.187500
2 0.065235 0.651562 0.050781 0.076041
2 0.091797 0.619271 0.033594 0.067708
2 0.138672 0.644791 0.075782 0.129167
2 0.182422 0.825520 0.144531 0.278125
2 0.189062 0.606250 0.046875 0.072916
2 0.212891 0.589583 0.025781 0.041667
2 0.254296 0.649479 0.080469 0.130208
2 0.274609 0.578646 0.016407 0.034375
2 0.317969 0.614584 0.039062 0.095833
2 0.346875 0.588021 0.026562 0.057292
2 0.369922 0.661979 0.042969 0.132292
2 0.414062 0.695312 0.084375 0.184375
2 0.467187 0.632292 0.048437 0.125000
2 0.489453 0.608334 0.024218 0.052083
2 0.517578 0.659375 0.041406 0.143750
2 0.547265 0.643229 0.033593 0.101042
2 0.587109 0.698958 0.053906 0.177083
2 0.627344 0.653646 0.048438 0.107292
2 0.683984 0.706250 0.057031 0.154166
