2 0.789062 0.868489 0.158203 0.255209
2 0.029785 0.923828 0.057617 0.149740
2 0.141114 0.832682 0.106445 0.266927
2 0.238282 0.962890 0.050781 0.071615
2 0.311036 0.825521 0.026367 0.127604
2 0.376465 0.701172 0.016602 0.066406
2 0.411133 0.680990 0.013672 0.075521
2 0.460449 0.717448 0.014648 0.083334
2 0.530761 0.752604 0.043945 0.153646
2 0.570801 0.708334 0.030274 0.070313
2 0.625000 0.682943 0.001954 0.048177
2 0.657715 0.724609 0.032226 0.095052
2 0.713867 0.755208 0.083984 0.158854
2 0.916992 0.757812 0.042969 0.072917
2 0.950195 0.823568 0.097656 0.160156
