2 0.046875 0.777778 0.093750 0.242938
2 0.090625 0.763654 0.118750 0.237289
2 0.145313 0.754237 0.125625 0.229755
2 0.207813 0.769303 0.081875 0.229755
2 0.280938 0.774011 0.079375 0.224105
2 0.363750 0.763653 0.057500 0.222223
2 0.396250 0.775895 0.105000 0.227872
2 0.502812 0.757062 0.076875 0.242938
2 0.556875 0.756120 0.060000 0.225989
2 0.760312 0.774953 0.106875 0.197740
2 0.830625 0.769774 0.158750 0.215630
2 0.885625 0.772599 0.141250 0.202448
2 0.975313 0.805085 0.048125 0.143126
2 0.984063 0.848399 0.030625 0.101695
