2 0.511875 0.773753 0.350000 0.320791
2 0.152812 0.684383 0.090625 0.049859
2 0.354063 0.136406 0.021875 0.018815
2 0.413125 0.496237 0.086250 0.102540
2 0.507188 0.555974 0.030625 0.079021
2 0.526563 0.537629 0.064375 0.115710
2 0.543750 0.535748 0.057500 0.104422
2 0.576562 0.547977 0.038125 0.106303
2 0.608437 0.537629 0.025625 0.085607
2 0.778437 0.521166 0.041875 0.075259
2 0.831562 0.522107 0.064375 0.073377
2 0.850000 0.518344 0.096250 0.062089
2 0.863125 0.575259 0.050000 0.036689
2 0.893750 0.570555 0.042500 0.057384
