2 0.041563 0.454844 0.083125 0.134525
2 0.093438 0.531044 0.120625 0.290687
2 0.133125 0.507055 0.163750 0.389463
2 0.245000 0.549389 0.108750 0.285983
2 0.410937 0.401693 0.038125 0.163688
2 0.475938 0.549389 0.126875 0.312323
2 0.517187 0.497178 0.125625 0.362182
2 0.520625 0.527281 0.116250 0.367827
2 0.571250 0.560678 0.148750 0.323613
2 0.628750 0.531985 0.200000 0.401694
2 0.716562 0.549389 0.170625 0.385701
2 0.815312 0.535748 0.186875 0.409219
2 0.919063 0.552211 0.160625 0.402634
2 0.934688 0.613829 0.129375 0.333960
