0 0.041406 0.352083 0.026562 0.029167
0 0.080469 0.142708 0.101562 0.210417
0 0.096094 0.333333 0.064062 0.033333
0 0.108594 0.046875 0.029688 0.027083
0 0.110937 0.092708 0.028125 0.027083
0 0.179688 0.395833 0.056250 0.045833
0 0.197656 0.133333 0.029688 0.029167
0 0.203906 0.204167 0.032812 0.033333
0 0.225000 0.301042 0.028125 0.035417
0 0.257031 0.451042 0.057813 0.052083
0 0.248437 0.212500 0.031250 0.029167
0 0.529687 0.705208 0.553125 0.585417
0 0.300781 0.306250 0.035937 0.037500
0 0.323437 0.409375 0.037500 0.039583
0 0.453906 0.040625 0.207813 0.081250
0 0.667969 0.231250 0.542188 0.195833
0 0.535937 0.375000 0.043750 0.037500
0 0.739062 0.057292 0.031250 0.039583
0 0.794531 0.303125 0.051562 0.035417
0 0.949219 0.014583 0.060938 0.029167
