0 0.025037 0.639690 0.014728 0.024390
0 0.032401 0.695122 0.020619 0.015521
0 0.052283 0.733925 0.022091 0.022173
0 0.069219 0.615299 0.020619 0.015521
0 0.075110 0.677384 0.026510 0.015521
0 0.112666 0.615299 0.016200 0.011087
0 0.125184 0.687361 0.020619 0.022173
0 0.131075 0.651885 0.023564 0.013304
0 0.142857 0.595344 0.017673 0.011087
0 0.329161 0.394678 0.337261 0.221729
0 0.175258 0.574279 0.020619 0.008869
0 0.197349 0.650776 0.014728 0.019956
0 0.203976 0.624169 0.019146 0.015521
0 0.245950 0.639690 0.023564 0.024390
0 0.270987 0.600887 0.017673 0.013304
0 0.312224 0.609756 0.020619 0.013304
0 0.376289 0.505543 0.013255 0.013304
0 0.408689 0.555432 0.019146 0.011086
0 0.410162 0.946785 0.022091 0.022173
0 0.466127 0.464523 0.019146 0.019956
0 0.505891 0.462306 0.016200 0.024390
0 0.519146 0.512195 0.016200 0.017738
0 0.541974 0.507761 0.014728 0.013304
0 0.585420 0.427938 0.016200 0.008869
0 0.621502 0.725055 0.020619 0.008869
0 0.807069 0.373614 0.368189 0.148559
0 0.938144 0.844789 0.035346 0.022173
