0 0.256250 1.434375 0.237500 0.997917
0 0.368750 1.159375 0.300000 0.835417
0 0.367188 0.828125 0.278125 0.589583
0 0.413281 0.738542 0.304688 0.522917
0 0.464062 0.962500 0.343750 0.687500
0 0.494531 0.843750 0.360938 0.600000
0 0.491406 0.647917 0.345313 0.454167
0 0.508594 0.731250 0.360938 0.512500
0 0.508594 0.591667 0.357812 0.416667
0 0.632031 0.358333 0.548438 0.383333
0 0.570312 0.629167 0.400000 0.437500
0 0.600000 0.583333 0.415625 0.404167
0 0.616406 0.916667 0.448437 0.658333
0 0.638281 0.744792 0.448437 0.527083
0 0.647656 0.670833 0.451562 0.470833
0 0.664844 0.587500 0.457813 0.408333
0 0.782031 0.492708 0.532813 0.339583
0 0.803906 0.521875 0.548438 0.368750
0 0.819531 0.436458 0.557813 0.306250
0 0.838281 0.480208 0.570312 0.335417
0 0.847656 0.327083 0.573438 0.225000
0 0.953125 0.421875 0.643750 0.297917
0 1.104688 0.586458 0.756250 0.410417
