0 0.244100 0.859513 0.063422 0.108407
0 0.268437 0.753319 0.041298 0.059735
0 0.376106 0.643805 0.224189 0.194690
0 0.348083 0.762168 0.050147 0.077434
0 0.438791 0.761062 0.045723 0.075221
0 0.490413 0.903761 0.081121 0.130531
0 0.567109 0.653761 0.175516 0.126106
0 0.610619 0.898230 0.085546 0.106195
0 0.662979 0.956858 0.078171 0.068584
0 0.696903 0.727876 0.051622 0.057522
0 0.736726 0.714602 0.028024 0.039823
0 0.766224 0.830752 0.087021 0.099558
0 0.762537 0.762168 0.058997 0.046460
0 0.786136 0.746681 0.053097 0.050885
0 0.882006 0.832965 0.112094 0.130531
0 0.954277 0.977876 0.088496 0.035398
0 0.975664 0.816372 0.042773 0.075221
