3 0.197656 0.500000 0.395312 0.416666
3 0.364844 0.693750 0.729688 0.595834
3 0.292187 0.444271 0.557813 0.330208
3 0.076563 0.275000 0.100000 0.137500
3 0.271094 0.397917 0.437500 0.260417
3 0.179688 0.393750 0.154687 0.072916
3 0.226562 0.313542 0.209375 0.081250
3 0.202734 0.315625 0.105469 0.104166
3 0.374219 0.230209 0.035938 0.070833
3 0.608594 0.329166 0.132812 0.189583
3 0.623437 0.353125 0.107813 0.143750
3 0.813671 0.381771 0.061719 0.232292
3 0.913281 0.695833 0.171875 0.606250
3 0.900390 0.320312 0.067969 0.176041
