3 0.307188 0.705556 0.140625 0.424445
3 0.033750 0.756111 0.067500 0.481111
3 0.095312 0.537778 0.124375 0.335556
3 0.230938 0.517222 0.129375 0.285556
3 0.317500 0.415555 0.095000 0.064445
3 0.460938 0.561111 0.145625 0.373334
3 0.536250 0.532223 0.053750 0.186667
3 0.640313 0.546667 0.123125 0.288889
3 0.675937 0.431666 0.069375 0.158889
3 0.770000 0.550000 0.101250 0.177778
3 0.808125 0.479444 0.053750 0.205555
3 0.861250 0.376111 0.052500 0.116666
3 0.905625 0.422777 0.061250 0.141111
3 0.941250 0.377222 0.033750 0.127778
3 0.977500 0.638889 0.043750 0.364444
3 0.980000 0.437222 0.038750 0.152222
