3 0.676250 0.674583 0.210000 0.277500
3 0.039375 0.465417 0.078750 0.089167
3 0.048125 0.624583 0.096250 0.185833
3 0.095312 0.760000 0.190625 0.150000
3 0.209063 0.892917 0.418125 0.212500
3 0.153750 0.551666 0.195000 0.158333
3 0.254375 0.554583 0.157500 0.232500
3 0.329375 0.599584 0.116250 0.230833
3 0.423125 0.620834 0.191250 0.213333
3 0.405625 0.487500 0.082500 0.091666
3 0.404375 0.258333 0.031250 0.046667
3 0.475938 0.496250 0.086875 0.090834
3 0.550000 0.620417 0.212500 0.272500
3 0.605313 0.500417 0.055625 0.080833
3 0.676250 0.507500 0.102500 0.116666
3 0.771875 0.538333 0.093750 0.113333
3 0.879062 0.567917 0.099375 0.144167
