3 0.326111 0.660000 0.403334 0.313334
3 0.472777 0.579167 0.296667 0.258333
3 0.368889 0.285834 0.086666 0.178333
3 0.440000 0.357500 0.095556 0.178334
3 0.611111 0.518334 0.215556 0.193333
3 0.704445 0.483334 0.151111 0.136667
3 0.761111 0.465000 0.095556 0.130000
3 0.740555 0.375833 0.041111 0.068333
3 0.788333 0.452500 0.072222 0.121666
3 0.782778 0.365000 0.027778 0.043334
3 0.836111 0.377500 0.047778 0.058334
3 0.884444 0.392500 0.068889 0.085000
3 0.926667 0.382500 0.031111 0.065000
3 0.987778 0.393333 0.022222 0.056667
