3 0.015625 0.432292 0.031250 0.064583
3 0.163281 0.836458 0.326562 0.322917
3 0.121875 0.766667 0.187500 0.450000
3 0.099219 0.467708 0.039062 0.093750
3 0.347656 0.780208 0.392187 0.418750
3 0.224219 0.463542 0.042187 0.122917
3 0.287500 0.456250 0.075000 0.133333
3 0.357031 0.586458 0.157812 0.189583
3 0.494531 0.542708 0.145312 0.143750
3 0.614844 0.573958 0.214063 0.256250
3 0.760156 0.841667 0.248437 0.312500
3 0.701563 0.459375 0.053125 0.085417
3 0.806250 0.734375 0.246875 0.385417
3 0.719531 0.408333 0.048438 0.112500
3 0.710156 0.327083 0.020313 0.033333
3 0.883594 0.607292 0.104687 0.172917
3 0.964063 0.457292 0.068750 0.127083
3 0.964063 0.587500 0.068750 0.183333
3 0.971094 0.860417 0.054688 0.275000
