3 0.104167 0.470214 0.092448 0.098633
3 0.134114 0.376465 0.080729 0.065430
3 0.221680 0.823242 0.188151 0.150391
3 0.187500 0.339356 0.063802 0.047851
3 0.243489 0.883789 0.167969 0.117188
3 0.235026 0.763672 0.148438 0.123047
3 0.215820 0.569336 0.104818 0.111328
3 0.235352 0.631836 0.125651 0.117188
3 0.248047 0.368653 0.087240 0.071289
3 0.278645 0.325684 0.050781 0.079101
3 0.356771 0.378418 0.087240 0.061524
3 0.376302 0.334472 0.071614 0.053711
3 0.386394 0.486328 0.091797 0.103516
3 0.421224 0.797364 0.158854 0.151367
3 0.451497 0.523438 0.126953 0.130859
3 0.471029 0.605469 0.143880 0.115234
3 0.453776 0.331543 0.072916 0.055664
3 0.469401 0.357910 0.085938 0.069336
3 0.536458 0.640625 0.132813 0.126954
3 0.552735 0.324707 0.078125 0.069336
3 0.601889 0.461425 0.094401 0.057617
3 0.635417 0.769531 0.130209 0.158203
3 0.724935 0.637696 0.054036 0.148437
3 0.762370 0.521484 0.105469 0.107422
3 0.844401 0.592285 0.113282 0.104492
3 0.860026 0.677247 0.085938 0.165039
3 0.891277 0.414550 0.078125 0.067383
3 0.925130 0.389160 0.066406 0.059570
3 0.974935 0.613281 0.043620 0.107422
3 0.983399 0.417481 0.026693 0.065429
