3 0.067747 0.301552 0.135493 0.235033
3 0.049337 0.246120 0.063328 0.097561
3 0.150221 0.259424 0.082474 0.164080
3 0.206922 0.256098 0.134021 0.121951
3 0.278351 0.247228 0.055965 0.099778
3 0.293078 0.203991 0.044183 0.075388
3 0.388807 0.185144 0.094256 0.055432
3 0.550074 0.236142 0.045655 0.082040
3 0.600147 0.252772 0.083947 0.124169
3 0.690722 0.296009 0.111929 0.152993
3 0.717968 0.236142 0.057437 0.095344
3 0.765832 0.307095 0.106038 0.215078
3 0.809278 0.191796 0.081001 0.073171
3 0.877025 0.292683 0.128130 0.248337
3 0.883652 0.210643 0.076583 0.119734
3 0.964654 0.335920 0.067747 0.152993
3 0.966127 0.217295 0.064801 0.088692
