3 0.775625 0.709584 0.412500 0.499167
3 0.036250 0.684583 0.072500 0.287500
3 0.044375 0.569167 0.087500 0.295000
3 0.094375 0.447500 0.041250 0.108334
3 0.130625 0.462083 0.036250 0.137500
3 0.154375 0.495000 0.040000 0.161666
3 0.235938 0.544166 0.135625 0.266667
3 0.279687 0.429167 0.045625 0.048333
3 0.347500 0.516250 0.113750 0.235834
3 0.463750 0.557083 0.150000 0.289167
3 0.906875 0.525833 0.145000 0.190000
3 0.896562 0.404167 0.100625 0.111667
3 0.873438 0.388750 0.051875 0.070834
3 0.958438 0.443750 0.049375 0.132500
