3 0.019688 0.282446 0.039375 0.200747
3 0.110000 0.446779 0.220000 0.505135
3 0.054062 0.269374 0.078125 0.170869
3 0.195625 0.373483 0.171250 0.317460
3 0.201250 0.247432 0.091250 0.141923
3 0.308438 0.229225 0.069375 0.135388
3 0.355625 0.223623 0.051250 0.094304
3 0.486563 0.294117 0.220625 0.246499
3 0.682500 0.472922 0.520000 0.501401
3 0.587187 0.255835 0.124375 0.212885
3 0.610313 0.232026 0.126875 0.126050
3 0.676875 0.208683 0.057500 0.118581
3 0.856563 0.344071 0.133125 0.295985
3 0.878125 0.309524 0.106250 0.193277
3 0.900313 0.288516 0.094375 0.177405
3 0.920625 0.274043 0.058750 0.210084
