3 0.061500 0.699000 0.091000 0.278000
3 0.145500 0.685000 0.047000 0.218000
3 0.189000 0.696000 0.064000 0.248000
3 0.288000 0.713000 0.090000 0.282000
3 0.352000 0.647000 0.040000 0.158000
3 0.391000 0.683000 0.044000 0.222000
3 0.428000 0.691000 0.056000 0.258000
3 0.479000 0.711000 0.100000 0.282000
3 0.545000 0.652000 0.022000 0.132000
3 0.573000 0.643000 0.034000 0.162000
3 0.594500 0.662000 0.031000 0.184000
3 0.632500 0.703000 0.067000 0.250000
3 0.692500 0.729000 0.087000 0.302000
3 0.763000 0.683000 0.054000 0.206000
3 0.829000 0.655000 0.026000 0.134000
3 0.876500 0.691000 0.047000 0.210000
3 0.931000 0.658000 0.042000 0.128000
3 0.976500 0.661000 0.037000 0.130000
