3 0.023599 0.224558 0.047198 0.157080
3 0.019174 0.334071 0.038348 0.199115
3 0.087021 0.279867 0.056047 0.227876
3 0.158555 0.432522 0.154867 0.382743
3 0.319322 0.727876 0.264012 0.539823
3 0.253687 0.241150 0.058997 0.132743
3 0.398230 0.397124 0.117994 0.280973
3 0.463864 0.331858 0.072271 0.221239
3 0.575959 0.568584 0.187316 0.389381
3 0.503687 0.289823 0.025074 0.172566
3 0.741150 0.705752 0.308260 0.584071
3 0.687316 0.250000 0.056047 0.123894
3 0.879794 0.545354 0.143068 0.404867
3 0.933628 0.474558 0.079646 0.316372
