3 0.505313 0.567694 0.446875 0.668534
3 0.016875 0.188141 0.033750 0.060691
3 0.021250 0.370681 0.042500 0.304389
3 0.062187 0.317927 0.124375 0.198880
3 0.071875 0.183941 0.092500 0.138189
3 0.121562 0.234827 0.075625 0.239963
3 0.156562 0.253968 0.086875 0.205415
3 0.189375 0.272175 0.101250 0.234361
3 0.255312 0.288515 0.138125 0.239029
3 0.358437 0.274043 0.085625 0.084968
3 0.406562 0.283847 0.064375 0.084034
3 0.831562 0.347339 0.335625 0.397760
3 0.897188 0.239029 0.143125 0.143790
3 0.981563 0.490196 0.035625 0.158730
