0 0.168454 0.721896 0.231121 0.228386
0 0.031621 0.646789 0.056343 0.108828
0 0.167879 0.595441 0.073591 0.021459
0 0.378302 0.660584 0.158680 0.136419
0 0.285038 0.621621 0.084378 0.077870
0 0.556684 0.640938 0.197315 0.118535
0 0.423938 0.612104 0.088273 0.070948
0 0.706432 0.640136 0.231715 0.122861
0 0.783873 0.615946 0.170644 0.082299
0 0.811962 0.607208 0.137559 0.068375
0 0.840773 0.598550 0.133229 0.055499
0 0.842117 0.578979 0.085765 0.026383
0 0.849753 0.574917 0.062858 0.023349
0 0.865291 0.571057 0.043930 0.018641
0 0.867269 0.564561 0.042800 0.013181
0 0.564299 0.585877 0.084612 0.040048
0 0.608790 0.585210 0.036352 0.021865
0 0.628957 0.579959 0.037987 0.016879
0 0.672173 0.573904 0.048447 0.012109
