2 0.038125 0.06656953125000001 0.02 0.0112640625
2 0.7006249999999999 0.43282031249999997 0.0075 0.012515624999999999
2 0.709375 0.432509375 0.00625 0.01501875
2 0.725625 0.43282031249999997 0.0075 0.012515624999999999
2 0.745 0.43407265625 0.008749999999999999 0.015020312499999999
2 0.7537499999999999 0.43688593750000004 0.0075 0.017521875
2 0.7631249999999999 0.43813359375000005 0.0075 0.0137671875
2 0.7828125 0.43969531249999994 0.00625 0.013765625
2 0.7525000000000001 0.17562968750000002 0.01125 0.007509375
2 0.826875 0.15781640624999999 0.01 0.0062578124999999995
2 0.5075000000000001 0.10625390625 0.008749999999999999 0.0062578124999999995
2 0.1525 0.075940625 0.01125 0.00500625
2 0.0759375 0.06875390625 0.01125 0.0062578124999999995
2 0.318125 0.08750390625 0.01125 0.0062578124999999995
2 0.5625 0.44156953125 0.00625 0.0112640625
2 0.568125 0.44188046875 0.005 0.0087609375
2 0.5765625 0.44188046875 0.00625 0.0087609375
2 0.85625 0.46563359374999996 0.00625 0.012517187499999999
2 0.70625 0.59875625 0.00625 0.0100125
2 0.7109375 0.59875625 0.00625 0.0100125
2 0.7328125 0.54000625 0.00625 0.0112625
2 0.7368750000000001 0.54000625 0.005 0.0112625
2 0.7025 0.56813203125 0.005 0.0112640625
2 0.8196875 0.59188046875 0.005 0.0087609375
2 0.718125 0.5871929687499999 0.005 0.0087609375
2 0.8196875 0.60125546875 0.005 0.0087609375
2 0.8634375000000001 0.59406953125 0.005 0.0100140625
2 0.8478125000000001 0.60406953125 0.005 0.0112640625
2 0.8509375 0.60500625 0.005 0.0100125
2 0.8715624999999999 0.9718789062500001 0.008749999999999999 0.0062578124999999995
2 0.9012499999999999 0.960315625 0.008749999999999999 0.00500625
2 0.89875 0.9556281249999999 0.01 0.00500625
2 0.9184374999999999 0.9428171875 0.008749999999999999 0.007509375
2 0.9190625000000001 0.9506296875 0.01 0.007509375
2 0.9193749999999999 0.9553171875 0.0075 0.007509375
2 0.9228125 0.9609453125 0.005 0.012515624999999999
2 0.9324999999999999 0.9946945312500001 0.008749999999999999 0.0112640625
2 0.934375 0.607509375 0.00625 0.01501875
2 0.8975 0.5765710937499999 0.0075 0.012517187499999999
2 0.90625 0.54719375 0.00625 0.0100125
2 0.996875 0.4890703125 0.00625 0.012515624999999999
2 0.9315625000000001 0.48125390625 0.01 0.0062578124999999995
2 0.9471875000000001 0.482190625 0.01 0.00500625
2 0.7265625 0.58781953125 0.00625 0.0100140625
2 0.7925 0.6028179687499999 0.00375 0.0087609375
2 0.7390625 0.59781953125 0.00625 0.0112640625
2 0.9203125 0.59406953125 0.00625 0.0100140625
2 0.8978125 0.60594296875 0.005 0.0087609375
2 0.9390625 0.5781328125 0.00625 0.012515624999999999
2 0.038125 0.06656953125000001 0.02 0.0112640625