2 0.29874999999999996 0.7993750000000001 0.01625 0.005
2 0.32375 0.871875 0.01625 0.00625
2 0.224375 0.890625 0.005 0.01875
2 0.23343750000000002 0.9018750000000001 0.0075 0.01625
2 0.250625 0.9868750000000001 0.0075 0.017499999999999998
2 0.7759375000000001 0.9881249999999999 0.01125 0.013750000000000002
2 0.776875 0.9818749999999999 0.01 0.013750000000000002
2 0.820625 0.88125 0.01 0.0125
2 0.8346875 0.8740625 0.01 0.013750000000000002
2 0.8428125 0.8696875000000001 0.0075 0.01125
2 0.665625 0.665625 0.0125 0.00625
2 0.6790625 0.6640625 0.01125 0.00625
2 0.900625 0.6174999999999999 0.0075 0.01625
2 0.29874999999999996 0.7993750000000001 0.01625 0.005
2 0.32375 0.871875 0.01625 0.00625
2 0.224375 0.890625 0.005 0.01875
2 0.23343750000000002 0.9018750000000001 0.0075 0.01625
2 0.250625 0.9868750000000001 0.0075 0.017499999999999998
2 0.7759375000000001 0.9881249999999999 0.01125 0.013750000000000002
2 0.776875 0.9818749999999999 0.01 0.013750000000000002
2 0.820625 0.88125 0.01 0.0125
2 0.8346875 0.8740625 0.01 0.013750000000000002
2 0.8428125 0.8696875000000001 0.0075 0.01125
2 0.665625 0.665625 0.0125 0.00625
2 0.6790625 0.6640625 0.01125 0.00625
2 0.900625 0.6174999999999999 0.0075 0.01625
