2 0.64 0.7837500000000001 0.01125 0.03
2 0.6284375 0.653125 0.01 0.01875
2 0.62 0.06937499999999999 0.008749999999999999 0.02
2 0.6228125 0.20031249999999998 0.005 0.01
2 0.63 0.5190625 0.00375 0.01
2 0.6321875 0.5425 0.005 0.01
2 0.6321875 0.58875 0.005 0.008749999999999999
2 0.6321875 0.615 0.005 0.01125
2 0.6384375 0.626875 0.005 0.01
2 0.6328125 0.69625 0.00625 0.01125
2 0.4875 0.7068749999999999 0.01875 0.0075
2 0.529375 0.7125 0.015 0.00625
2 0.6353125000000001 0.7162499999999999 0.005 0.0075
2 0.6321875 0.754375 0.005 0.008749999999999999
2 0.6431250000000001 0.8065625000000001 0.005 0.01
2 0.6368750000000001 0.760625 0.005 0.008749999999999999
2 0.6425 0.8787499999999999 0.00375 0.0075
2 0.6384375 0.8353125 0.005 0.01125
2 0.64 0.89125 0.005 0.0075
2 0.630625 0.89875 0.005 0.01
2 0.63375 0.9121874999999999 0.005 0.008749999999999999
2 0.6321875 0.9253125000000001 0.005 0.01
2 0.6384375 0.9356249999999999 0.005 0.008749999999999999
2 0.6425 0.9459375 0.00375 0.0075
2 0.6425 0.97 0.00375 0.008749999999999999
2 0.6415625 0.9887499999999999 0.005 0.008749999999999999
2 0.6321875 0.9525 0.005 0.01125
2 0.2125 0.47874999999999995 0.00625 0.013750000000000002
2 0.140625 0.6584375 0.01875 0.02
2 0.294375 0.7268749999999999 0.0075 0.01
2 0.21812499999999999 0.379375 0.005 0.008749999999999999
