2 0.5650000000000001 0.41281249999999997 0.02375 0.028749999999999998
2 0.5040625000000001 0.1809375 0.017499999999999998 0.015
2 0.44343750000000004 0.79125 0.021249999999999998 0.026250000000000002
2 0.53625 0.3271875 0.01 0.02
2 0.5003124999999999 0.3725 0.01 0.013750000000000002
2 0.45375 0.441875 0.0075 0.015
2 0.5650000000000001 0.41281249999999997 0.02375 0.028749999999999998
2 0.5040625000000001 0.1809375 0.017499999999999998 0.015
2 0.44343750000000004 0.79125 0.021249999999999998 0.026250000000000002
2 0.53625 0.3271875 0.01 0.02
2 0.5003124999999999 0.3725 0.01 0.013750000000000002
2 0.45375 0.441875 0.0075 0.015
