2 0.5875 0.20249999999999999 0.06875 0.01125
2 0.545625 0.37312500000000004 0.0225 0.015
2 0.6021875 0.25656249999999997 0.02 0.01
2 0.51875 0.40718750000000004 0.01875 0.01125
2 0.5375 0.384375 0.01875 0.0125
2 0.58125 0.3353125 0.01875 0.01125
2 0.6990624999999999 0.32937500000000003 0.013750000000000002 0.015
2 0.7215625 0.336875 0.015 0.017499999999999998
2 0.6965625 0.3675 0.008749999999999999 0.01625
2 0.4065625 0.5900000000000001 0.0225 0.017499999999999998
2 0.82875 0.37124999999999997 0.02 0.02375
2 0.8678125 0.0159375 0.013750000000000002 0.01625
2 0.2190625 0.1109375 0.01625 0.01875
2 0.35281250000000003 0.370625 0.021249999999999998 0.01
2 0.1575 0.333125 0.008749999999999999 0.01625
2 0.08499999999999999 0.348125 0.02 0.008749999999999999
2 0.03875 0.32999999999999996 0.008749999999999999 0.01625
2 0.2475 0.09812499999999999 0.013750000000000002 0.015
2 0.23625 0.1203125 0.01625 0.0125
2 0.22125 0.065 0.017499999999999998 0.01125
2 0.40093750000000006 0.19718750000000002 0.017499999999999998 0.01
2 0.711875 0.21937500000000001 0.017499999999999998 0.0075
2 0.6096874999999999 0.334375 0.01625 0.0125
2 0.5728125000000001 0.3509375 0.017499999999999998 0.01125
