2 0.21968749999999998 0.11374999999999999 0.01125 0.021249999999999998
2 0.25406249999999997 0.1284375 0.01125 0.028749999999999998
2 0.2146875 0.395625 0.026250000000000002 0.01
2 0.274375 0.45062499999999994 0.01125 0.02
2 0.4403125 0.80375 0.021249999999999998 0.0075
2 0.17781249999999998 0.91375 0.021249999999999998 0.008749999999999999
2 0.1784375 0.9256249999999999 0.0225 0.0075
2 0.884375 0.7021875 0.025 0.013750000000000002
2 0.9525 0.6315625 0.01125 0.0225
2 0.9737500000000001 0.5912499999999999 0.028749999999999998 0.013750000000000002
2 0.915625 0.2684375 0.0125 0.027500000000000004
2 0.9550000000000001 0.335 0.01 0.026250000000000002
2 0.8859375 0.1978125 0.025 0.01125
2 0.8856249999999999 0.20968749999999997 0.021249999999999998 0.01
2 0.9199999999999999 0.05 0.008749999999999999 0.01875
2 0.8875 0.0990625 0.025 0.0075
2 0.885 0.10968750000000001 0.02 0.01
2 0.9915625 0.12562500000000001 0.017499999999999998 0.0075
2 0.8768750000000001 0.38687499999999997 0.0225 0.01125
2 0.8724999999999999 0.40125 0.02 0.008749999999999999
2 0.8724999999999999 0.414375 0.02 0.01
2 0.915 0.670625 0.01125 0.0225
2 0.885 0.6125 0.026250000000000002 0.0125
2 0.13343750000000001 0.899375 0.0075 0.017499999999999998
2 0.8853125000000001 0.3628125 0.02375 0.01
2 0.1240625 0.92875 0.02 0.0075
2 0.37374999999999997 0.136875 0.028749999999999998 0.01125
