2 0.899375 0.820625 0.017499999999999998 0.01625
2 0.85625 0.7590625 0.01875 0.015
2 0.813125 0.735 0.013750000000000002 0.013750000000000002
2 0.8125 0.771875 0.01875 0.0125
2 0.8884375 0.774375 0.017499999999999998 0.01125
2 0.914375 0.7878125 0.0225 0.01625
2 0.9459375 0.8046875 0.02 0.0125
2 0.9865625 0.8284375 0.013750000000000002 0.01
2 0.7993750000000001 0.8259375 0.017499999999999998 0.01125
2 0.7871875 0.795 0.015 0.015
2 0.765625 0.7478125 0.01875 0.01125
2 0.78 0.813125 0.01625 0.013750000000000002
2 0.7625 0.85 0.0125 0.01875
2 0.751875 0.8787499999999999 0.01625 0.013750000000000002
2 0.746875 0.88375 0.0125 0.01125
2 0.754375 0.8703125 0.015 0.0125
2 0.7418750000000001 0.8975 0.015 0.013750000000000002
2 0.7253125 0.921875 0.01625 0.0125
2 0.7203125 0.9321875000000001 0.01875 0.017499999999999998
2 0.7175 0.940625 0.01625 0.0125
2 0.7112499999999999 0.953125 0.01625 0.0125
2 0.694375 0.9765625 0.013750000000000002 0.01875
2 0.7068749999999999 0.9603125 0.013750000000000002 0.01125
2 0.795625 0.6546875 0.01 0.0125
2 0.8162499999999999 0.67375 0.0075 0.01
2 0.8237500000000001 0.6475 0.01 0.013750000000000002
2 0.8618750000000001 0.5265625 0.017499999999999998 0.025
2 0.89625 0.4625 0.01125 0.01875
2 0.899375 0.5540625 0.017499999999999998 0.01125
2 0.9734375 0.3228125 0.025 0.03625
2 0.9321875000000001 0.138125 0.01125 0.02
2 0.8428125 0.09718750000000001 0.02 0.01625
2 0.696875 0.16999999999999998 0.0125 0.015
2 0.7059375 0.17281249999999998 0.015 0.01125
2 0.7134375000000001 0.1965625 0.01125 0.015
2 0.715625 0.1765625 0.0125 0.0125
2 0.720625 0.18031250000000001 0.01 0.013750000000000002
2 0.728125 0.1825 0.0125 0.015
2 0.7359375 0.1871875 0.0125 0.015
2 0.7415625 0.1928125 0.01125 0.013750000000000002
2 0.7478125 0.19624999999999998 0.01125 0.01125
2 0.7565625 0.1984375 0.01 0.0125
2 0.76625 0.2015625 0.013750000000000002 0.01875
2 0.7737499999999999 0.206875 0.01 0.013750000000000002
2 0.6912499999999999 0.18625 0.013750000000000002 0.01625
2 0.6990624999999999 0.190625 0.0075 0.0125
2 0.7034374999999999 0.19343749999999998 0.01 0.015
2 0.721875 0.199375 0.0125 0.017499999999999998
2 0.7265625 0.205 0.0125 0.01625
2 0.733125 0.2090625 0.01 0.015
2 0.7421875 0.21218750000000003 0.0125 0.015
2 0.7490625 0.21749999999999997 0.013750000000000002 0.01625
2 0.755625 0.22000000000000003 0.01125 0.015
2 0.765 0.22374999999999998 0.01125 0.01625
2 0.6578125 0.21625 0.0125 0.013750000000000002
2 0.6703125 0.224375 0.0125 0.017499999999999998
2 0.750625 0.26625 0.0075 0.013750000000000002
2 0.7446875000000001 0.26156250000000003 0.01125 0.013750000000000002
2 0.73625 0.2575 0.01 0.015
2 0.7284375 0.2534375 0.01 0.01625
2 0.721875 0.2496875 0.0125 0.015
2 0.7140625 0.24656250000000002 0.0125 0.015
2 0.708125 0.24125000000000002 0.01 0.013750000000000002
2 0.7003125 0.238125 0.01 0.013750000000000002
2 0.6946875 0.23312499999999997 0.01125 0.01625
2 0.6865625 0.23093750000000002 0.013750000000000002 0.015
2 0.6775 0.2284375 0.01125 0.01625
2 0.6665625000000001 0.21781250000000002 0.01125 0.013750000000000002
2 0.626875 0.1390625 0.01625 0.0125
2 0.6321875 0.1303125 0.017499999999999998 0.013750000000000002
2 0.64 0.11374999999999999 0.017499999999999998 0.015
2 0.565625 0.06875 0.0125 0.01875
2 0.4953125 0.205625 0.0125 0.01125
2 0.559375 0.0134375 0.01875 0.01125
2 0.5359375 0.1284375 0.0125 0.01625
2 0.46687500000000004 0.2628125 0.015 0.01625
2 0.4490625 0.29093749999999996 0.013750000000000002 0.01625
2 0.46687500000000004 0.31124999999999997 0.015 0.01625
2 0.459375 0.32625000000000004 0.0125 0.015
2 0.4096875 0.366875 0.01 0.015
2 0.3875 0.396875 0.0125 0.0125
2 0.44781250000000006 0.34562499999999996 0.01125 0.01625
2 0.4390625 0.3621875 0.0125 0.015
2 0.428125 0.384375 0.0125 0.0125
2 0.4175 0.40374999999999994 0.01625 0.013750000000000002
2 0.4059375 0.42312500000000003 0.015 0.015
2 0.5390625 0.309375 0.01875 0.0125
2 0.5128125 0.29125 0.0225 0.013750000000000002
2 0.5015625 0.309375 0.01875 0.0125
2 0.5271874999999999 0.3246875 0.02 0.015
2 0.5334375 0.31625000000000003 0.02 0.013750000000000002
2 0.4959375 0.31656249999999997 0.02 0.01125
2 0.525625 0.334375 0.02 0.0125
2 0.49343750000000003 0.3259375 0.021249999999999998 0.01125
2 0.4878125 0.3328125 0.0225 0.0125
2 0.5231250000000001 0.340625 0.021249999999999998 0.0125
2 0.48656249999999995 0.340625 0.02 0.0125
2 0.5193749999999999 0.350625 0.02 0.013750000000000002
2 0.48 0.34625 0.01625 0.01125
2 0.5140625 0.35875 0.01875 0.01125
2 0.5096875 0.3671875 0.01625 0.0125
2 0.475 0.3571875 0.01875 0.01125
2 0.4703125 0.3640625 0.01875 0.0125
2 0.505625 0.3775 0.017499999999999998 0.01125
2 0.5015625 0.38375 0.01875 0.01125
2 0.4653125 0.3759375 0.015 0.01125
2 0.49312500000000004 0.39187500000000003 0.017499999999999998 0.015
2 0.46281249999999996 0.38375 0.0225 0.01125
2 0.460625 0.3921875 0.021249999999999998 0.0125
2 0.49124999999999996 0.4025 0.02 0.01125
2 0.45531249999999995 0.4015625 0.02 0.0125
2 0.4828125 0.409375 0.01875 0.0125
2 0.45062499999999994 0.40875000000000006 0.02 0.01125
2 0.48187499999999994 0.41875 0.02 0.0125
2 0.47625 0.42406249999999995 0.021249999999999998 0.013750000000000002
2 0.47375 0.4334375 0.0225 0.013750000000000002
2 0.46875 0.44312500000000005 0.01875 0.01125
2 0.44656250000000003 0.4175 0.015 0.01
2 0.4421875 0.428125 0.01875 0.0125
2 0.43656249999999996 0.4346875 0.013750000000000002 0.01
2 0.4325 0.44375 0.021249999999999998 0.0125
2 0.42750000000000005 0.45906250000000004 0.02375 0.015
2 0.3665625 0.5237499999999999 0.017499999999999998 0.01625
2 0.479375 0.5353125000000001 0.021249999999999998 0.017499999999999998
2 0.37093750000000003 0.46624999999999994 0.013750000000000002 0.013750000000000002
2 0.31 0.478125 0.013750000000000002 0.0125
2 0.3415625 0.45218749999999996 0.017499999999999998 0.013750000000000002
2 0.3578125 0.47874999999999995 0.0125 0.013750000000000002
2 0.3434375 0.491875 0.015 0.015
2 0.3284375 0.5037499999999999 0.01625 0.013750000000000002
2 0.285625 0.4953125 0.015 0.0125
2 0.31625000000000003 0.51625 0.013750000000000002 0.013750000000000002
2 0.2528125 0.5159374999999999 0.015 0.01
2 0.29874999999999996 0.5275000000000001 0.01625 0.01125
2 0.27937500000000004 0.5384375 0.015 0.01125
2 0.26156250000000003 0.5471874999999999 0.013750000000000002 0.01
2 0.21968749999999998 0.5321875 0.017499999999999998 0.01125
2 0.246875 0.55625 0.0125 0.0125
2 0.1825 0.545 0.021249999999999998 0.008749999999999999
2 0.2284375 0.5650000000000001 0.01625 0.01125
2 0.150625 0.5528125 0.013750000000000002 0.008749999999999999
2 0.16 0.563125 0.02 0.0075
2 0.21031249999999999 0.571875 0.017499999999999998 0.0125
2 0.1890625 0.5790625 0.01875 0.01125
2 0.1671875 0.5846875 0.01875 0.01
2 0.11499999999999999 0.5628124999999999 0.017499999999999998 0.01
2 0.133125 0.591875 0.01625 0.008749999999999999
2 0.11499999999999999 0.5962500000000001 0.017499999999999998 0.01125
2 0.1 0.9728125000000001 0.01875 0.01125
2 0.1209375 0.9737500000000001 0.02 0.01
2 0.14125000000000001 0.9928125 0.013750000000000002 0.013750000000000002
2 0.1840625 0.9925 0.015 0.01
2 0.173125 0.9793749999999999 0.015 0.015
2 0.16125 0.961875 0.01625 0.017499999999999998
2 0.150625 0.945 0.013750000000000002 0.015
2 0.06687499999999999 0.965625 0.015 0.0125
2 0.08 0.9546875 0.01625 0.0125
2 0.144375 0.92875 0.02 0.02
2 0.13187500000000002 0.905625 0.013750000000000002 0.017499999999999998
2 0.1271875 0.8896875 0.013750000000000002 0.013750000000000002
2 0.11937500000000001 0.8696875000000001 0.013750000000000002 0.017499999999999998
2 0.115625 0.8515625 0.0125 0.01875
2 0.10218750000000001 0.796875 0.013750000000000002 0.01875
2 0.0975 0.7737499999999999 0.013750000000000002 0.01625
2 0.057499999999999996 0.7565625 0.008749999999999999 0.01625
2 0.045 0.703125 0.008749999999999999 0.0125
2 0.10593749999999999 0.8143750000000001 0.015 0.01625
2 0.110625 0.834375 0.015 0.0125
2 0.09406250000000001 0.755 0.01625 0.01625
2 0.0896875 0.7315625 0.013750000000000002 0.01625
2 0.084375 0.7109375 0.0125 0.0125
2 0.07875 0.693125 0.013750000000000002 0.017499999999999998
2 0.07468749999999999 0.6728125 0.015 0.017499999999999998
2 0.0715625 0.6525000000000001 0.015 0.017499999999999998
2 0.026250000000000002 0.528125 0.015 0.0125
2 0.014374999999999999 0.3871875 0.01625 0.015
2 0.050624999999999996 0.35343749999999996 0.02 0.01625
2 0.09125 0.311875 0.02 0.017499999999999998
2 0.0821875 0.29281250000000003 0.017499999999999998 0.013750000000000002
2 0.026250000000000002 0.3453125 0.015 0.0125
2 0.0996875 0.2725 0.015 0.013750000000000002
2 0.0078125 0.36062500000000003 0.0125 0.015
2 0.11625 0.2359375 0.013750000000000002 0.0125
2 0.135625 0.2390625 0.015 0.0125
2 0.173125 0.238125 0.015 0.013750000000000002
2 0.17375000000000002 0.20375000000000001 0.01625 0.013750000000000002
2 0.20968749999999997 0.20437500000000003 0.01625 0.015
2 0.22218749999999998 0.1909375 0.01625 0.01625
2 0.25125000000000003 0.16499999999999998 0.015 0.01125
2 0.22999999999999998 0.15125 0.01625 0.015
2 0.24874999999999997 0.1328125 0.01625 0.0125
2 0.2678125 0.115625 0.013750000000000002 0.0125
2 0.3046875 0.11499999999999999 0.01875 0.017499999999999998
2 0.369375 0.0496875 0.013750000000000002 0.015
2 0.017499999999999998 0.05500000000000001 0.01625 0.01625
2 0.021875 0.4871875 0.0125 0.015
2 0.084375 0.6084375 0.01875 0.013750000000000002
2 0.09812499999999999 0.6012500000000001 0.015 0.008749999999999999
2 0.500625 0.5421875 0.02 0.0125
2 0.47750000000000004 0.29281250000000003 0.01125 0.013750000000000002
2 0.4846875 0.278125 0.01 0.0125
2 0.49625 0.253125 0.01125 0.01875
2 0.5209374999999999 0.15531250000000002 0.013750000000000002 0.02
2 0.3903125 0.0225 0.015 0.013750000000000002
2 0.8240624999999999 0.0865625 0.02 0.013750000000000002
2 0.9706250000000001 0.8184374999999999 0.01625 0.008749999999999999
