2 0.0071874999999999994 0.181875 0.005 0.013750000000000002
2 0.0128125 0.1928125 0.00375 0.013750000000000002
2 0.0196875 0.18062499999999998 0.005 0.01125
2 0.042499999999999996 0.19468749999999999 0.00375 0.01125
2 0.050937500000000004 0.18375 0.005 0.01125
2 0.0571875 0.18562499999999998 0.005 0.015
2 0.068125 0.18875 0.005 0.015
2 0.0728125 0.2209375 0.005 0.013750000000000002
2 0.08 0.2203125 0.00375 0.0125
2 0.08625000000000001 0.2203125 0.00375 0.0125
2 0.1034375 0.22749999999999998 0.00375 0.01125
2 0.339375 0.265 0.01 0.005
2 0.3515625 0.26187499999999997 0.0125 0.005
2 0.3828125 0.265 0.0125 0.005
2 0.393125 0.244375 0.01125 0.0075
2 0.409375 0.24937499999999999 0.0125 0.005
2 0.49093749999999997 0.2525 0.01 0.005
2 0.46968750000000004 0.2978125 0.005 0.01125
2 0.440625 0.27531249999999996 0.0125 0.00375
2 0.4409375 0.2790625 0.01 0.005
2 0.44000000000000006 0.289375 0.01125 0.00375
2 0.44125 0.32125 0.013750000000000002 0.005
2 0.4415625 0.32437499999999997 0.01125 0.005
2 0.961875 0.18562499999999998 0.005 0.015
2 0.38625 0.0190625 0.00375 0.01
