2 0.8028124999999999 0.029375000000000002 0.021249999999999998 0.04
2 0.8612500000000001 0.0396875 0.0225 0.026250000000000002
2 0.889375 0.0803125 0.034999999999999996 0.045
2 0.965625 0.811875 0.0125 0.017499999999999998
2 0.9221875 0.840625 0.01625 0.01875
2 0.89625 0.85875 0.01125 0.017499999999999998
2 0.875 0.9168749999999999 0.0125 0.015
2 0.869375 0.9765625 0.013750000000000002 0.01875
2 0.42437500000000006 0.729375 0.01125 0.021249999999999998
2 0.438125 0.7275 0.013750000000000002 0.02375
2 0.9490624999999999 0.21531250000000002 0.013750000000000002 0.015
