2 0.01625 0.683125 0.02 0.01
2 0.041875 0.6734375 0.015 0.00625
2 0.08625000000000001 0.66875 0.01625 0.00625
2 0.10874999999999999 0.6525000000000001 0.01125 0.01125
2 0.134375 0.6396875 0.00625 0.013750000000000002
2 0.168125 0.66625 0.017499999999999998 0.0075
2 0.0884375 0.71 0.017499999999999998 0.0075
2 0.2978125 0.63625 0.01125 0.01625
2 0.40843749999999995 0.48187499999999994 0.013750000000000002 0.0075
2 0.6756249999999999 0.7421875 0.0075 0.0125
2 0.5478125 0.7075 0.017499999999999998 0.008749999999999999
2 0.67625 0.75625 0.008749999999999999 0.0125
2 0.676875 0.7734375 0.01 0.0125
2 0.6603125000000001 0.7890625 0.017499999999999998 0.00625
2 0.6368750000000001 0.7965625000000001 0.017499999999999998 0.008749999999999999
2 0.655625 0.8099999999999999 0.017499999999999998 0.0075
2 0.63625 0.8115625 0.01625 0.0075
2 0.5549999999999999 0.8125 0.01625 0.00625
2 0.5549999999999999 0.8393750000000001 0.01625 0.01
2 0.64125 0.8328125 0.013750000000000002 0.00625
2 0.6525000000000001 0.8393750000000001 0.02375 0.01
2 0.65 0.906875 0.01875 0.0075
2 0.6865625 0.8768750000000001 0.0075 0.01625
2 0.689375 0.93625 0.01 0.01625
2 0.689375 0.9528125 0.01 0.015
2 0.5228125 0.0203125 0.017499999999999998 0.00625
2 0.0865625 0.31062500000000004 0.0075 0.015
2 0.09375 0.2975 0.00625 0.013750000000000002
