2 0.32406250000000003 0.246875 0.013750000000000002 0.00625
2 0.28500000000000003 0.25 0.02 0.00625
2 0.260625 0.25187499999999996 0.015 0.01
2 0.17093750000000002 0.2625 0.013750000000000002 0.00625
2 0.027187499999999996 0.275 0.013750000000000002 0.00625
2 0.0546875 0.2728125 0.0125 0.005
2 0.8925000000000001 0.39875 0.01 0.01625
2 0.9084375 0.48 0.0075 0.01625
2 0.8240624999999999 0.05437499999999999 0.0075 0.015
2 0.81375 0.0978125 0.008749999999999999 0.017499999999999998
2 0.961875 0.79125 0.017499999999999998 0.013750000000000002
2 0.714375 0.8746875 0.01625 0.021249999999999998
2 0.0496875 0.19875 0.008749999999999999 0.01625
2 0.0625 0.1928125 0.00625 0.013750000000000002
2 0.24906250000000002 0.210625 0.0075 0.015
2 0.24625 0.254375 0.01125 0.008749999999999999
2 0.4225 0.226875 0.013750000000000002 0.01
2 0.4171875 0.23718750000000002 0.0125 0.008749999999999999
2 0.595625 0.281875 0.01 0.013750000000000002
2 0.546875 0.114375 0.0125 0.01
2 0.6840625 0.18625 0.008749999999999999 0.01625
2 0.6959375 0.31 0.0075 0.013750000000000002
2 0.9809374999999999 0.566875 0.015 0.008749999999999999
