2 0.14750000000000002 0.22937500000000002 0.013750000000000002 0.03375
2 0.1975 0.0796875 0.013750000000000002 0.025
2 0.060625 0.02375 0.015 0.01
2 0.0590625 0.06343750000000001 0.008749999999999999 0.01125
2 0.05375 0.065 0.0075 0.01125
2 0.042812499999999996 0.0696875 0.0075 0.01125
2 0.025625 0.07718749999999999 0.0075 0.013750000000000002
2 0.015625 0.0803125 0.00625 0.013750000000000002
2 0.0090625 0.0846875 0.008749999999999999 0.01625
2 0.0740625 0.0846875 0.0075 0.01625
2 0.0671875 0.08937500000000001 0.00625 0.01
2 0.0615625 0.09 0.0075 0.01125
2 0.05 0.0953125 0.00625 0.0125
2 0.04375 0.096875 0.00625 0.0125
2 0.0375 0.09875 0.00625 0.01
2 0.0328125 0.10187500000000001 0.00625 0.01
2 0.0290625 0.1046875 0.005 0.0125
2 0.0225 0.10687500000000001 0.0075 0.013750000000000002
2 0.0171875 0.109375 0.00625 0.0125
2 0.014687500000000001 0.12062500000000001 0.0075 0.01
2 0.01 0.12593749999999998 0.0075 0.01125
2 0.0046875 0.128125 0.00625 0.0125
2 0.027500000000000004 0.16593750000000002 0.01125 0.01
2 0.065 0.141875 0.01125 0.008749999999999999
2 0.12 0.135625 0.008749999999999999 0.008749999999999999
2 0.169375 0.04625 0.0075 0.01125
2 0.18937500000000002 0.015312500000000001 0.01 0.015
2 0.1828125 0.0615625 0.00625 0.013750000000000002
2 0.173125 0.0653125 0.008749999999999999 0.015
2 0.1625 0.07875 0.00625 0.013750000000000002
2 0.20375000000000001 0.041249999999999995 0.0075 0.013750000000000002
2 0.200625 0.05625 0.0075 0.0125
2 0.165625 0.0975 0.00625 0.013750000000000002
2 0.15531250000000002 0.110625 0.0075 0.015
2 0.1615625 0.1340625 0.0075 0.015
2 0.15 0.14750000000000002 0.00625 0.013750000000000002
2 0.15687500000000001 0.16468750000000001 0.0075 0.013750000000000002
2 0.1528125 0.2325 0.008749999999999999 0.015
2 0.15687500000000001 0.1975 0.0075 0.013750000000000002
2 0.141875 0.2646875 0.008749999999999999 0.02
2 0.0303125 0.276875 0.0075 0.01
2 0.153125 0.3903125 0.00625 0.015
2 0.1528125 0.2834375 0.008749999999999999 0.013750000000000002
2 0.15687500000000001 0.541875 0.0075 0.015
2 0.1734375 0.5706249999999999 0.00625 0.0225
2 0.175 0.6428125 0.00625 0.013750000000000002
2 0.159375 0.665625 0.00625 0.0125
2 0.0396875 0.709375 0.0075 0.0125
2 0.10874999999999999 0.9146875 0.01125 0.013750000000000002
2 0.1746875 0.8931250000000001 0.008749999999999999 0.017499999999999998
2 0.2203125 0.729375 0.00625 0.015
2 0.213125 0.7284375 0.0075 0.01625
2 0.2046875 0.728125 0.00625 0.0125
2 0.17875000000000002 0.9109375 0.0075 0.0125
2 0.181875 0.9475 0.0075 0.013750000000000002
2 0.064375 0.984375 0.01 0.0125
2 0.3115625 0.9568749999999999 0.013750000000000002 0.0075
2 0.37875000000000003 0.850625 0.013750000000000002 0.0075
2 0.39468749999999997 0.8521875 0.01125 0.0075
2 0.465625 0.9731249999999999 0.00625 0.015
2 0.469375 0.9921875 0.0075 0.0125
2 0.54125 0.8637499999999999 0.013750000000000002 0.008749999999999999
2 0.5634375 0.8740625 0.01125 0.0075
2 0.7546875 0.9400000000000001 0.00625 0.01125
2 0.7290625000000001 0.73125 0.01125 0.00625
2 0.7296875 0.7240624999999999 0.0125 0.0075
2 0.729375 0.7171875 0.015 0.00625
2 0.9081250000000001 0.38937499999999997 0.01 0.01
2 0.8334374999999999 0.4525 0.0075 0.01125
2 0.8103125 0.4734375 0.01125 0.00625
2 0.7521875 0.53125 0.013750000000000002 0.00625
2 0.70875 0.54625 0.01125 0.005
2 0.709375 0.5546875 0.0125 0.00625
2 0.71 0.5599999999999999 0.013750000000000002 0.0075
2 0.71 0.571875 0.013750000000000002 0.00625
2 0.7084374999999999 0.5896874999999999 0.013750000000000002 0.0075
2 0.7353125 0.6203125 0.01125 0.00625
2 0.74 0.5375 0.01125 0.00625
2 0.740625 0.54375 0.0125 0.00625
2 0.7390625 0.556875 0.0125 0.0075
2 0.7525000000000001 0.538125 0.01125 0.0075
2 0.751875 0.5431250000000001 0.01 0.005
2 0.7509375 0.55 0.01125 0.00625
2 0.75 0.5903125 0.0125 0.008749999999999999
2 0.7375 0.573125 0.0125 0.008749999999999999
2 0.7371875 0.5859375 0.008749999999999999 0.00625
2 0.7368750000000001 0.590625 0.01125 0.00625
2 0.81875 0.7671875 0.00625 0.0125
2 0.043437500000000004 0.745 0.015 0.008749999999999999
2 0.3178125 0.2453125 0.0075 0.0125
2 0.30843750000000003 0.26968749999999997 0.013750000000000002 0.017499999999999998
2 0.325 0.278125 0.01875 0.01875
2 0.3115625 0.31 0.013750000000000002 0.0075
2 0.3115625 0.319375 0.013750000000000002 0.0075
2 0.3125 0.3271875 0.0125 0.0075
2 0.311875 0.3365625 0.01125 0.0075
2 0.29625 0.390625 0.01125 0.00625
2 0.29874999999999996 0.37093750000000003 0.01 0.0075
2 0.25 0.4578125 0.00625 0.0125
2 0.2290625 0.45906250000000004 0.005 0.015
2 0.1890625 0.5131249999999999 0.0125 0.0075
2 0.2384375 0.47781250000000003 0.01125 0.008749999999999999
2 0.24125000000000002 0.4875 0.0075 0.0125
2 0.23562500000000003 0.54375 0.008749999999999999 0.00625
2 0.25875 0.5700000000000001 0.01125 0.008749999999999999
2 0.259375 0.57875 0.0125 0.0075
2 0.190625 0.496875 0.0125 0.00625
2 0.19 0.5046875 0.01125 0.00625
2 0.18843749999999998 0.53125 0.01125 0.00625
2 0.1925 0.538125 0.01 0.0075
2 0.1915625 0.55125 0.01125 0.008749999999999999
2 0.2709375 0.5871875 0.0075 0.015
2 0.2709375 0.6025 0.0075 0.01125
2 0.27718750000000003 0.5974999999999999 0.0075 0.013750000000000002
2 0.13187500000000002 0.6740625 0.0075 0.013750000000000002
2 0.865 0.8559374999999999 0.01125 0.008749999999999999
2 0.8006249999999999 0.3246875 0.013750000000000002 0.008749999999999999
2 0.7978125 0.33187500000000003 0.01125 0.0075
2 0.8078125 0.2996875 0.0125 0.008749999999999999
2 0.735 0.33781249999999996 0.013750000000000002 0.01
2 0.70875 0.3271875 0.01125 0.0075
2 0.6900000000000001 0.32218749999999996 0.01125 0.01
2 0.678125 0.32 0.0125 0.008749999999999999
2 0.6521874999999999 0.2840625 0.013750000000000002 0.008749999999999999
2 0.6490625 0.291875 0.013750000000000002 0.008749999999999999
2 0.67125 0.220625 0.01125 0.01
2 0.68625 0.24937499999999999 0.01 0.01125
2 0.579375 0.425 0.015 0.00625
2 0.59375 0.4334375 0.0125 0.0075
2 0.60625 0.434375 0.0125 0.0125
2 0.5203125 0.3875 0.00625 0.0125
2 0.6209374999999999 0.301875 0.013750000000000002 0.01
2 0.36875 0.40406250000000005 0.00625 0.01125
2 0.3625 0.38656250000000003 0.00625 0.013750000000000002
2 0.36312500000000003 0.4046875 0.0075 0.0125
2 0.3765625 0.40531249999999996 0.00625 0.013750000000000002
2 0.43062500000000004 0.3834375 0.005 0.013750000000000002
2 0.4546875 0.38406250000000003 0.00625 0.015
2 0.44375 0.38406250000000003 0.00625 0.015
2 0.45 0.353125 0.00625 0.0125
2 0.4625 0.3540625 0.00625 0.01125
2 0.4875 0.3540625 0.00625 0.01125
2 0.42406249999999995 0.38375 0.0075 0.01125
2 0.381875 0.40374999999999994 0.0075 0.013750000000000002
2 0.3834375 0.30375 0.0075 0.013750000000000002
2 0.3825 0.254375 0.008749999999999999 0.015
2 0.39249999999999996 0.22937500000000002 0.01 0.015
2 0.4290625 0.20875 0.01125 0.01125
2 0.47125000000000006 0.23500000000000001 0.01125 0.013750000000000002
2 0.41312499999999996 0.31 0.0075 0.013750000000000002
2 0.9334374999999999 0.6778125 0.0075 0.015
