2 0.2603125 0.24156249999999999 0.017499999999999998 0.017499999999999998
2 0.45125000000000004 0.39718749999999997 0.015 0.01625
2 0.41937499999999994 0.40499999999999997 0.013750000000000002 0.01625
2 0.5134375 0.3728125 0.017499999999999998 0.01125
2 0.598125 0.4034375 0.015 0.01625
2 0.5971875 0.378125 0.01625 0.0125
2 0.5090625 0.655625 0.021249999999999998 0.017499999999999998
2 0.48250000000000004 0.684375 0.015 0.0125
2 0.2525 0.26687500000000003 0.017499999999999998 0.015
2 0.175 0.36124999999999996 0.0125 0.01625
2 0.415625 0.43125 0.0125 0.0125
2 0.403125 0.44375 0.01875 0.0125
2 0.3325 0.45375 0.015 0.013750000000000002
2 0.1540625 0.66625 0.017499999999999998 0.013750000000000002
2 0.175 0.6459374999999999 0.01875 0.013750000000000002
2 0.22875 0.5921875 0.013750000000000002 0.0125
2 0.38625 0.47874999999999995 0.01625 0.013750000000000002
2 0.0690625 0.75875 0.01625 0.01125
2 0.3271875 0.840625 0.013750000000000002 0.0125
2 0.658125 0.7684375 0.01 0.015
2 0.631875 0.8271875 0.013750000000000002 0.013750000000000002
2 0.66875 0.8371875 0.01875 0.015
2 0.653125 0.85375 0.0125 0.013750000000000002
2 0.9181250000000001 0.931875 0.017499999999999998 0.02
2 0.6375 0.90625 0.01875 0.01875
2 0.024375 0.5071875 0.01125 0.01125
2 0.02375 0.145 0.01625 0.008749999999999999
2 0.0246875 0.15437499999999998 0.015 0.008749999999999999
2 0.23937499999999998 0.0159375 0.01625 0.01
2 0.24500000000000002 0.0053124999999999995 0.015 0.0075
2 0.253125 0.5962500000000001 0.0125 0.01125
2 0.364375 0.4046875 0.01625 0.0125
2 0.12875 0.6946875 0.013750000000000002 0.01125
2 0.0221875 0.7984375 0.01 0.0125
2 0.16499999999999998 0.97625 0.01125 0.008749999999999999
2 0.099375 0.9909375 0.01125 0.01
2 0.2603125 0.8834375 0.01125 0.013750000000000002
2 0.265 0.533125 0.01125 0.01
2 0.3246875 0.565625 0.008749999999999999 0.0125
2 0.5546875 0.9315625000000001 0.0125 0.01
2 0.564375 0.9215625 0.01 0.008749999999999999
2 0.5959375 0.825 0.013750000000000002 0.0125
2 0.9668749999999999 0.9818749999999999 0.008749999999999999 0.013750000000000002
