2 0.5856250000000001 0.33187500000000003 0.015 0.02
2 0.6265625 0.38875000000000004 0.0125 0.015
2 0.57375 0.46281249999999996 0.01625 0.0225
2 0.34125 0.39625 0.026250000000000002 0.01125
2 0.41218750000000004 0.29562499999999997 0.021249999999999998 0.01
2 0.42281250000000004 0.271875 0.02375 0.0125
2 0.44437499999999996 0.23875000000000002 0.02 0.008749999999999999
2 0.60625 0.6174999999999999 0.0125 0.01625
2 0.57375 0.62625 0.01625 0.021249999999999998
2 0.5825 0.6950000000000001 0.021249999999999998 0.015
2 0.399375 0.5475 0.01125 0.02
2 0.36124999999999996 0.7684375 0.01625 0.021249999999999998
2 0.323125 0.83625 0.015 0.0225
