2 0.746875 0.018437500000000002 0.00625 0.015
2 0.75625 0.017812500000000002 0.00625 0.013750000000000002
2 0.724375 0.034687499999999996 0.005 0.01625
2 0.7484375 0.035625000000000004 0.00625 0.015
2 0.7553124999999999 0.0365625 0.0075 0.013750000000000002
2 0.7625 0.0375 0.00625 0.0125
2 0.5865625 0.03 0.0075 0.01625
2 0.6375 0.06999999999999999 0.00625 0.015
2 0.55375 0.0121875 0.0075 0.015
2 0.563125 0.030625000000000003 0.0075 0.017499999999999998
2 0.096875 0.071875 0.0125 0.0125
2 0.1484375 0.14125000000000001 0.0125 0.013750000000000002
2 0.114375 0.17875000000000002 0.01 0.013750000000000002
2 0.12281249999999999 0.19125 0.01125 0.013750000000000002
2 0.12281249999999999 0.21593749999999998 0.01125 0.01625
2 0.0821875 0.28500000000000003 0.01125 0.013750000000000002
