2 0.13999999999999999 0.95875 0.01125 0.02375
2 0.1559375 0.9665625 0.008749999999999999 0.017499999999999998
2 0.210625 0.9821875 0.027500000000000004 0.017499999999999998
2 0.4525 0.59875 0.01125 0.01625
2 0.473125 0.765625 0.008749999999999999 0.0125
2 0.13999999999999999 0.95875 0.01125 0.02375
2 0.1559375 0.9665625 0.008749999999999999 0.017499999999999998
2 0.210625 0.9821875 0.027500000000000004 0.017499999999999998
2 0.4525 0.59875 0.01125 0.01625
2 0.473125 0.765625 0.008749999999999999 0.0125
