2 0.0734375 0.4059375 0.00625 0.027500000000000004
2 0.0796875 0.61125 0.00625 0.0225
2 0.315 0.4809375 0.017499999999999998 0.015
2 0.80375 0.9099999999999999 0.013750000000000002 0.013750000000000002
2 0.811875 0.9015625 0.01125 0.0125
2 0.3390625 0.375625 0.00625 0.0075
2 0.35 0.37374999999999997 0.00625 0.01
2 0.3609375 0.36906249999999996 0.00625 0.01
2 0.36875 0.36375 0.00625 0.008749999999999999
2 0.374375 0.36375 0.005 0.008749999999999999
2 0.4171875 0.3621875 0.00625 0.008749999999999999
2 0.4203125 0.36062500000000003 0.00625 0.008749999999999999
2 0.2996875 0.52625 0.008749999999999999 0.008749999999999999
2 0.3121875 0.6275000000000001 0.008749999999999999 0.01125
2 0.31843750000000004 0.6284375 0.008749999999999999 0.01
2 0.3246875 0.63875 0.008749999999999999 0.008749999999999999
2 0.3271875 0.6425 0.0075 0.01
2 0.40750000000000003 0.6590625 0.008749999999999999 0.008749999999999999
2 0.4090625 0.6621875 0.008749999999999999 0.008749999999999999
2 0.425625 0.67 0.0075 0.008749999999999999
2 0.438125 0.6746875 0.0075 0.008749999999999999
2 0.4334375 0.67375 0.0075 0.01
2 0.505625 0.8887499999999999 0.005 0.008749999999999999
2 0.5 0.8853125000000001 0.00625 0.01125
2 0.49312500000000004 0.8815625 0.005 0.01
2 0.48656249999999995 0.8800000000000001 0.0075 0.01
2 0.4796875 0.8728125 0.00625 0.01125
2 0.490625 0.9012499999999999 0.00625 0.008749999999999999
2 0.48531250000000004 0.8971875 0.005 0.01
2 0.478125 0.8925000000000001 0.00625 0.01
2 0.475 0.8712500000000001 0.00625 0.01125
2 0.45999999999999996 0.8596875 0.0075 0.01
2 0.4609375 0.8465624999999999 0.00625 0.008749999999999999
2 0.506875 0.783125 0.0075 0.01
2 0.2640625 0.7325 0.00625 0.008749999999999999
2 0.2578125 0.733125 0.00625 0.01
2 0.25125000000000003 0.7365625 0.008749999999999999 0.0075
2 0.240625 0.73875 0.00625 0.008749999999999999
2 0.195 0.7746875 0.008749999999999999 0.008749999999999999
2 0.18625 0.784375 0.01 0.00625
2 0.183125 0.7884375 0.01 0.005
2 0.18156250000000002 0.79375 0.01 0.00625
2 0.171875 0.813125 0.0125 0.0075
2 0.17124999999999999 0.8290625 0.01125 0.005
2 0.2384375 0.9240625 0.01125 0.0075
2 0.265625 0.94375 0.0125 0.00625
2 0.231875 0.9393750000000001 0.0075 0.01
2 0.471875 0.8871874999999999 0.00625 0.008749999999999999
2 0.795 0.920625 0.008749999999999999 0.01
2 0.7909375 0.923125 0.01 0.008749999999999999
