2 0.35812499999999997 0.4846875 0.01 0.01625
2 0.396875 0.47093749999999995 0.0125 0.0075
2 0.3753125 0.480625 0.01 0.017499999999999998
2 0.32625000000000004 0.49343750000000003 0.008749999999999999 0.015
2 0.37093750000000003 0.51125 0.013750000000000002 0.01
2 0.259375 0.538125 0.0125 0.0075
2 0.3265625 0.5225 0.0125 0.0075
2 0.3 0.521875 0.0125 0.00625
2 0.304375 0.496875 0.008749999999999999 0.0125
2 0.28718750000000004 0.5028125 0.008749999999999999 0.015
2 0.2784375 0.50625 0.01 0.0125
2 0.27 0.506875 0.008749999999999999 0.013750000000000002
2 0.26156250000000003 0.51 0.0075 0.013750000000000002
2 0.2525 0.51125 0.01125 0.01625
2 0.24500000000000002 0.51625 0.008749999999999999 0.013750000000000002
2 0.21156250000000001 0.79875 0.013750000000000002 0.01
2 0.26125 0.8346875 0.01 0.01625
2 0.27718750000000003 0.8303125 0.0075 0.013750000000000002
2 0.22999999999999998 0.8412499999999999 0.01 0.013750000000000002
2 0.288125 0.8315625000000001 0.0075 0.01625
2 0.2 0.87625 0.00625 0.015
2 0.23500000000000001 0.8771875 0.0075 0.013750000000000002
2 0.27625 0.86875 0.008749999999999999 0.0125
2 0.1409375 0.9228125 0.01 0.017499999999999998
2 0.150625 0.9203125 0.0075 0.01875
2 0.1575 0.9168749999999999 0.008749999999999999 0.015
2 0.170625 0.91875 0.01 0.01875
2 0.9434374999999999 0.7596875 0.008749999999999999 0.01625
2 0.9887499999999999 0.9106249999999999 0.008749999999999999 0.015
2 0.93875 0.8106249999999999 0.008749999999999999 0.015
2 0.9609375 0.8150000000000001 0.00625 0.017499999999999998
2 0.945625 0.8403124999999999 0.01 0.015
2 0.9512499999999999 0.8637499999999999 0.008749999999999999 0.015
2 0.8262499999999999 0.7112499999999999 0.008749999999999999 0.01625
2 0.865 0.69875 0.01125 0.01625
2 0.8881249999999999 0.6921875 0.0075 0.0125
2 0.8971875 0.6431250000000001 0.01 0.017499999999999998
2 0.8840625 0.6346875 0.008749999999999999 0.01625
2 0.9096875000000001 0.6428125 0.01 0.013750000000000002
2 0.9043749999999999 0.6284375 0.008749999999999999 0.01625
2 0.87625 0.60375 0.008749999999999999 0.013750000000000002
2 0.9 0.61125 0.00625 0.01
2 0.8699999999999999 0.5825 0.008749999999999999 0.015
2 0.8746875 0.530625 0.008749999999999999 0.017499999999999998
2 0.8234375 0.45562500000000006 0.0125 0.017499999999999998
2 0.6725 0.033125 0.013750000000000002 0.01
2 0.614375 0.028749999999999998 0.01 0.013750000000000002
2 0.6371875 0.08 0.008749999999999999 0.01625
2 0.719375 0.020624999999999998 0.013750000000000002 0.01
2 0.7006249999999999 0.051875000000000004 0.0075 0.01625
2 0.69625 0.033437499999999995 0.01125 0.013750000000000002
2 0.735 0.07468749999999999 0.013750000000000002 0.008749999999999999
2 0.7403125 0.0925 0.015 0.01
2 0.7446875000000001 0.0996875 0.01125 0.008749999999999999
2 0.7474999999999999 0.108125 0.013750000000000002 0.01
2 0.7509375 0.11499999999999999 0.01125 0.01125
2 0.7559375 0.143125 0.015 0.01125
2 0.76375 0.168125 0.015 0.01125
2 0.148125 0.31625000000000003 0.021249999999999998 0.013750000000000002
2 0.14906250000000001 0.32625000000000004 0.013750000000000002 0.008749999999999999
2 0.206875 0.3075 0.013750000000000002 0.008749999999999999
2 0.205 0.2896875 0.01 0.0075
2 0.2284375 0.193125 0.01 0.017499999999999998
2 0.23718750000000002 0.224375 0.008749999999999999 0.017499999999999998
2 0.221875 0.275625 0.0125 0.0075
2 0.21593749999999998 0.253125 0.01625 0.00625
2 0.22312500000000002 0.17625 0.008749999999999999 0.015
2 0.21812499999999999 0.160625 0.01125 0.015
2 0.1975 0.18062499999999998 0.013750000000000002 0.01125
2 0.20218750000000002 0.200625 0.013750000000000002 0.0075
2 0.2034375 0.20750000000000002 0.01625 0.008749999999999999
2 0.20812499999999998 0.1278125 0.01 0.015
2 0.2134375 0.14250000000000002 0.01125 0.01625
2 0.20249999999999999 0.108125 0.01125 0.01625
2 0.10218750000000001 0.1190625 0.013750000000000002 0.01
2 0.12250000000000001 0.07906250000000001 0.013750000000000002 0.01125
2 0.0121875 0.11499999999999999 0.015 0.01125
2 0.015 0.1440625 0.017499999999999998 0.01
2 0.240625 0.045625 0.0125 0.01
2 0.25406249999999997 0.040625 0.01125 0.0125
2 0.27 0.039375 0.015 0.01
2 0.29281250000000003 0.0290625 0.013750000000000002 0.01125
2 0.3434375 0.0140625 0.015 0.0125
2 0.3603125 0.008125 0.01125 0.01
2 0.43499999999999994 0.0675 0.0075 0.01625
2 0.46125 0.07062500000000001 0.01 0.01625
2 0.44343750000000004 0.0925 0.008749999999999999 0.01625
2 0.46687500000000004 0.095 0.008749999999999999 0.015
2 0.46187500000000004 0.1559375 0.01125 0.015
2 0.4846875 0.15375 0.01 0.013750000000000002
2 0.49093749999999997 0.17124999999999999 0.01 0.017499999999999998
2 0.5446875 0.05125 0.01125 0.015
2 0.5109375 0.0590625 0.0125 0.015
2 0.495625 0.0646875 0.01 0.013750000000000002
2 0.5431250000000001 0.0959375 0.01125 0.013750000000000002
2 0.5271874999999999 0.0975 0.0075 0.013750000000000002
2 0.52 0.0975 0.008749999999999999 0.013750000000000002
2 0.5059375 0.10124999999999999 0.008749999999999999 0.015
2 0.49124999999999996 0.1075 0.0075 0.015
2 0.5409375 0.20031249999999998 0.01625 0.01
2 0.5549999999999999 0.21531250000000002 0.01625 0.008749999999999999
2 0.6796875 0.05500000000000001 0.0125 0.01
2 0.983125 0.080625 0.01 0.017499999999999998
2 0.9949999999999999 0.017499999999999998 0.008749999999999999 0.01625
2 0.9646874999999999 0.24500000000000002 0.013750000000000002 0.008749999999999999
2 0.9887499999999999 0.9806250000000001 0.008749999999999999 0.017499999999999998
2 0.983125 0.9634375000000001 0.01 0.017499999999999998
2 0.9793749999999999 0.9446875 0.008749999999999999 0.017499999999999998
2 0.9731249999999999 0.9256249999999999 0.008749999999999999 0.02
2 0.11125 0.9290625 0.01 0.017499999999999998
2 0.10187500000000001 0.9303125 0.01 0.013750000000000002
2 0.0959375 0.9315625000000001 0.0075 0.01625
2 0.08249999999999999 0.9331250000000001 0.008749999999999999 0.01625
2 0.0246875 0.9800000000000001 0.008749999999999999 0.01625
2 0.9803124999999999 0.6903125 0.013750000000000002 0.008749999999999999
