2 0.1025 0.6084375 0.02375 0.013750000000000002
2 0.0140625 0.43 0.025 0.01625
2 0.0409375 0.440625 0.01 0.00625
2 0.058125 0.44312500000000005 0.01 0.005
2 0.0896875 0.4571875 0.0075 0.005
2 0.09812499999999999 0.46875 0.008749999999999999 0.00625
2 0.1375 0.5221875 0.00625 0.01
2 0.13874999999999998 0.5431250000000001 0.008749999999999999 0.01125
2 0.1515625 0.5446875 0.00625 0.01125
2 0.151875 0.5603125 0.01 0.01125
2 0.3325 0.6928124999999999 0.008749999999999999 0.0075
2 0.48250000000000004 0.8278125 0.008749999999999999 0.008749999999999999
2 0.47000000000000003 0.8574999999999999 0.008749999999999999 0.008749999999999999
2 0.488125 0.8412499999999999 0.0075 0.0075
2 0.5225 0.8887499999999999 0.0075 0.008749999999999999
2 0.210625 0.650625 0.008749999999999999 0.0075
2 0.1278125 0.624375 0.008749999999999999 0.005
2 0.14250000000000002 0.63125 0.01 0.00625
2 0.240625 0.344375 0.00625 0.0075
2 0.5365624999999999 0.960625 0.0075 0.008749999999999999
