2 0.5475 0.010624999999999999 0.013750000000000002 0.015
2 0.5090625 0.0078125 0.021249999999999998 0.0125
2 0.5028125 0.0234375 0.015 0.0125
2 0.5459375 0.025312499999999998 0.013750000000000002 0.01
2 0.5178125 0.042812499999999996 0.013750000000000002 0.013750000000000002
2 0.528125 0.0475 0.0125 0.013750000000000002
2 0.5475 0.0571875 0.013750000000000002 0.017499999999999998
2 0.036875000000000005 0.9025000000000001 0.01125 0.017499999999999998
2 0.0196875 0.9121874999999999 0.01125 0.015
2 0.199375 0.9378125 0.01125 0.01625
