2 0.7618750000000001 0.026250000000000002 0.017499999999999998 0.015
2 0.7571875 0.042499999999999996 0.017499999999999998 0.01625
2 0.913125 0.060625 0.0075 0.008749999999999999
2 0.890625 0.1453125 0.00625 0.0125
2 0.170625 0.22999999999999998 0.01 0.01
2 0.4203125 0.340625 0.0125 0.0125
2 0.296875 0.199375 0.00625 0.01125
2 0.3078125 0.200625 0.00625 0.013750000000000002
2 0.2821875 0.2284375 0.01125 0.01
2 0.288125 0.23312499999999997 0.0075 0.01
2 0.29125 0.236875 0.0075 0.01125
2 0.2978125 0.2384375 0.005 0.01125
2 0.3178125 0.2446875 0.0075 0.01125
2 0.306875 0.24 0.0075 0.01125
2 0.16999999999999998 0.0978125 0.015 0.005
2 0.4296875 0.20125 0.0125 0.015
2 0.396875 0.1775 0.00625 0.01125
2 0.40406250000000005 0.17875000000000002 0.005 0.013750000000000002
2 0.89625 0.834375 0.01125 0.01875
2 0.8106249999999999 0.4815625 0.015 0.01
