2 0.2809375 0.301875 0.015 0.01
2 0.184375 0.21625 0.0125 0.013750000000000002
2 0.15031250000000002 0.18656250000000002 0.01 0.013750000000000002
2 0.1684375 0.209375 0.008749999999999999 0.0125
2 0.665625 0.185 0.0125 0.013750000000000002
2 0.476875 0.83125 0.01 0.01875
2 0.460625 0.869375 0.008749999999999999 0.013750000000000002
2 0.45625 0.905 0.0125 0.01625
2 0.45499999999999996 0.92125 0.01 0.01125
2 0.4503125 0.940625 0.01 0.0125
2 0.1746875 0.2140625 0.008749999999999999 0.0125
2 0.3621875 0.325625 0.008749999999999999 0.013750000000000002
2 0.3921875 0.076875 0.0125 0.01
2 0.35750000000000004 0.1240625 0.008749999999999999 0.013750000000000002
2 0.2809375 0.301875 0.015 0.01
2 0.184375 0.21625 0.0125 0.013750000000000002
2 0.15031250000000002 0.18656250000000002 0.01 0.013750000000000002
2 0.1684375 0.209375 0.008749999999999999 0.0125
2 0.665625 0.185 0.0125 0.013750000000000002
2 0.476875 0.83125 0.01 0.01875
2 0.460625 0.869375 0.008749999999999999 0.013750000000000002
2 0.45625 0.905 0.0125 0.01625
2 0.45499999999999996 0.92125 0.01 0.01125
2 0.4503125 0.940625 0.01 0.0125
2 0.1746875 0.2140625 0.008749999999999999 0.0125
2 0.3621875 0.325625 0.008749999999999999 0.013750000000000002
2 0.3921875 0.076875 0.0125 0.01
2 0.35750000000000004 0.1240625 0.008749999999999999 0.013750000000000002
