2 0.4571875 0.4303125 0.017499999999999998 0.013750000000000002
2 0.5209374999999999 0.40875000000000006 0.013750000000000002 0.017499999999999998
2 0.525625 0.409375 0.0075 0.0125
2 0.53125 0.41 0.0125 0.013750000000000002
2 0.538125 0.4125 0.0075 0.0125
2 0.5506249999999999 0.41875 0.0075 0.0125
2 0.5559375 0.421875 0.008749999999999999 0.0125
2 0.5653125 0.421875 0.008749999999999999 0.0125
2 0.575 0.425625 0.00625 0.013750000000000002
2 0.58125 0.428125 0.00625 0.0125
2 0.588125 0.429375 0.0075 0.015
2 0.5984375 0.434375 0.0125 0.0125
