2 0.6084375 0.369375 0.02 0.0075
2 0.610625 0.378125 0.015 0.00625
2 0.610625 0.388125 0.021249999999999998 0.0075
2 0.61125 0.396875 0.01625 0.00625
2 0.6118750000000001 0.40625 0.017499999999999998 0.00625
2 0.609375 0.43499999999999994 0.01875 0.0075
2 0.6125 0.4953125 0.01875 0.00625
2 0.6125 0.5146875 0.01875 0.0075
2 0.6109375 0.525625 0.01875 0.0075
2 0.6075 0.641875 0.021249999999999998 0.008749999999999999
2 0.608125 0.691875 0.0225 0.008749999999999999
2 0.6096874999999999 0.68125 0.01625 0.00625
2 0.7340625000000001 0.6784375 0.008749999999999999 0.01625
2 0.751875 0.6771874999999999 0.01 0.02
2 0.733125 0.725 0.01 0.01875
2 0.7453125 0.72375 0.00625 0.01625
2 0.7553124999999999 0.724375 0.0075 0.017499999999999998
2 0.76375 0.72375 0.008749999999999999 0.01625
2 0.7740625 0.724375 0.0075 0.017499999999999998
2 0.828125 0.6759375000000001 0.00625 0.01125
2 0.8703125 0.6790625 0.00625 0.017499999999999998
2 0.8809374999999999 0.6790625 0.008749999999999999 0.017499999999999998
2 0.891875 0.676875 0.008749999999999999 0.01625
2 0.9209375 0.6793750000000001 0.0075 0.015
2 0.931875 0.6799999999999999 0.0075 0.01625
2 0.9428124999999999 0.6793750000000001 0.0075 0.015
2 0.9771875 0.6565624999999999 0.0075 0.01625
2 0.8887499999999999 0.58875 0.008749999999999999 0.021249999999999998
2 0.8828125 0.609375 0.00625 0.0125
2 0.900625 0.60375 0.0075 0.013750000000000002
2 0.9 0.5846875 0.00625 0.01625
2 0.9121874999999999 0.5856250000000001 0.008749999999999999 0.021249999999999998
2 0.0396875 0.76875 0.0075 0.0125
2 0.0475 0.7693749999999999 0.0075 0.013750000000000002
2 0.05625 0.770625 0.00625 0.01625
2 0.075625 0.7715625 0.0075 0.015
2 0.0871875 0.7728125 0.008749999999999999 0.017499999999999998
2 0.095 0.7709374999999999 0.008749999999999999 0.013750000000000002
2 0.105625 0.7715625 0.005 0.015
2 0.1140625 0.7728125 0.00625 0.017499999999999998
2 0.1234375 0.770625 0.00625 0.01625
2 0.0196875 0.7928124999999999 0.017499999999999998 0.0075
2 0.017499999999999998 0.819375 0.01625 0.0075
2 0.019375 0.840625 0.013750000000000002 0.00625
2 0.0225 0.859375 0.013750000000000002 0.00625
2 0.016875 0.885 0.015 0.0075
2 0.018125 0.8959374999999999 0.017499999999999998 0.0075
2 0.096875 0.8256249999999999 0.01875 0.0075
2 0.095 0.835 0.015 0.0075
2 0.09375 0.8553124999999999 0.01875 0.0075
2 0.093125 0.865625 0.017499999999999998 0.00625
2 0.138125 0.7931250000000001 0.013750000000000002 0.005
2 0.136875 0.8015625 0.017499999999999998 0.00625
2 0.139375 0.8125 0.01625 0.00625
2 0.13968750000000002 0.82125 0.013750000000000002 0.005
2 0.1409375 0.83125 0.01625 0.00625
2 0.14156249999999998 0.840625 0.017499999999999998 0.00625
2 0.139375 0.85 0.01625 0.00625
2 0.0703125 0.9168749999999999 0.00625 0.015
2 0.0890625 0.9165625000000001 0.00625 0.017499999999999998
2 0.109375 0.9168749999999999 0.00625 0.015
2 0.12875 0.9168749999999999 0.0075 0.015
2 0.14750000000000002 0.9184374999999999 0.0075 0.015
2 0.1615625 0.8684375 0.0075 0.015
