2 0.5440625 0.105625 0.01625 0.03
2 0.5725 0.11374999999999999 0.013750000000000002 0.021249999999999998
2 0.6012500000000001 0.11781250000000001 0.015 0.026250000000000002
2 0.5228125 0.146875 0.017499999999999998 0.025
2 0.5503125 0.14875 0.01625 0.028749999999999998
2 0.0496875 0.0478125 0.021249999999999998 0.01125
2 0.042812499999999996 0.0625 0.026250000000000002 0.0125
2 0.04 0.07375000000000001 0.03 0.01625
2 0.040625 0.09125 0.025 0.013750000000000002
2 0.033437499999999995 0.1159375 0.026250000000000002 0.01625
2 0.028125 0.13093749999999998 0.025 0.015
