2 0.18843749999999998 0.41 0.017499999999999998 0.0075
2 0.12281249999999999 0.42093749999999996 0.017499999999999998 0.0075
2 0.354375 0.409375 0.015 0.00625
2 0.371875 0.4078125 0.0125 0.00625
2 0.48562500000000003 0.401875 0.015 0.01
2 0.5015625 0.399375 0.0125 0.005
2 0.7809375000000001 0.39625 0.008749999999999999 0.017499999999999998
2 0.9556250000000001 0.1771875 0.017499999999999998 0.0075
2 0.691875 0.575 0.008749999999999999 0.0125
2 0.729375 0.826875 0.008749999999999999 0.01625
2 0.436875 0.725625 0.017499999999999998 0.0075
2 0.32937500000000003 0.9309375 0.015 0.008749999999999999
2 0.349375 0.9284375 0.017499999999999998 0.01
2 0.4915625 0.9240625 0.02375 0.0075
2 0.55625 0.9193749999999999 0.03125 0.013750000000000002
2 0.0221875 0.6809375 0.01625 0.008749999999999999
2 0.0875 0.67625 0.01875 0.008749999999999999
2 0.1828125 0.673125 0.01875 0.008749999999999999
2 0.25125000000000003 0.6693749999999999 0.021249999999999998 0.0075
2 0.0159375 0.0734375 0.01625 0.00625
2 0.2209375 0.07625 0.013750000000000002 0.008749999999999999
2 0.095625 0.24125000000000002 0.01 0.013750000000000002
2 0.1025 0.291875 0.01125 0.015
2 0.08499999999999999 0.2709375 0.013750000000000002 0.0075
2 0.0965625 0.35343749999999996 0.015 0.01
2 0.061250000000000006 0.21875 0.01625 0.00625
2 0.1471875 0.44125 0.01 0.013750000000000002
2 0.2803125 0.441875 0.013750000000000002 0.008749999999999999
2 0.12875 0.6756249999999999 0.013750000000000002 0.0075
2 0.2109375 0.65125 0.01875 0.008749999999999999
2 0.0265625 0.63625 0.00625 0.01625
2 0.365 0.95625 0.01125 0.0125
2 0.6915625000000001 0.846875 0.01125 0.025
2 0.60625 0.7121875 0.00625 0.015
2 0.6203125 0.7109375 0.00625 0.0125
2 0.5587500000000001 0.7040625 0.005 0.01125
2 0.8456250000000001 0.7340625000000001 0.0225 0.008749999999999999
2 0.8684375 0.45125000000000004 0.015 0.008749999999999999
