2 0.265 0.029375000000000002 0.017499999999999998 0.008749999999999999
2 0.253125 0.08499999999999999 0.0125 0.0075
2 0.2525 0.096875 0.01125 0.00625
2 0.26 0.06218749999999999 0.013750000000000002 0.008749999999999999
2 0.265 0.0075 0.017499999999999998 0.008749999999999999
2 0.265 0.0403125 0.017499999999999998 0.008749999999999999
2 0.3590625 0.043437500000000004 0.021249999999999998 0.008749999999999999
2 0.3615625 0.05437499999999999 0.02 0.008749999999999999
2 0.364375 0.09 0.0225 0.01125
2 0.39875 0.13125 0.01625 0.01875
2 0.371875 0.09875 0.025 0.01625
2 0.453125 0.1546875 0.0125 0.01875
2 0.5375 0.1265625 0.01875 0.01875
2 0.5246875 0.136875 0.015 0.017499999999999998
2 0.46749999999999997 0.0925 0.01625 0.0225
2 0.28781249999999997 0.0959375 0.01 0.02
2 0.41968750000000005 0.9018750000000001 0.01125 0.0225
2 0.48125 0.91375 0.01875 0.008749999999999999
2 0.48562500000000003 0.9268750000000001 0.021249999999999998 0.01
2 0.48656249999999995 0.93875 0.02 0.008749999999999999
2 0.7721875 0.0721875 0.0225 0.01
