2 0.1746875 0.138125 0.008749999999999999 0.013750000000000002
2 0.09875 0.5703125 0.01625 0.00625
2 0.0965625 0.585 0.015 0.0075
2 0.325 0.5309375000000001 0.01875 0.008749999999999999
2 0.29 0.5121875 0.017499999999999998 0.008749999999999999
2 0.3409375 0.49749999999999994 0.01 0.013750000000000002
2 0.24874999999999997 0.5871875 0.01 0.015
2 0.027187499999999996 0.6446875000000001 0.0075 0.017499999999999998
2 0.021562500000000002 0.3628125 0.008749999999999999 0.01625
2 0.7375 0.503125 0.0125 0.0125
2 0.66875 0.5959375 0.01875 0.013750000000000002
2 0.4615625 0.93875 0.02 0.008749999999999999
2 0.355 0.890625 0.01625 0.0125
2 0.568125 0.725 0.017499999999999998 0.0125
2 0.4140625 0.704375 0.0125 0.015
2 0.694375 0.89 0.013750000000000002 0.01125
2 0.7849999999999999 0.88125 0.013750000000000002 0.00625
2 0.7625 0.860625 0.00625 0.015
2 0.798125 0.5475 0.015 0.0075
2 0.803125 0.5553125 0.0125 0.0075
2 0.809375 0.5599999999999999 0.0125 0.0075
2 0.8228125000000001 0.5706249999999999 0.017499999999999998 0.01
2 0.8262499999999999 0.5756249999999999 0.015 0.0075
2 0.8334374999999999 0.5821875000000001 0.013750000000000002 0.01125
2 0.8390625 0.5871875 0.0125 0.008749999999999999
2 0.844375 0.5925 0.013750000000000002 0.01
2 0.79125 0.5878125 0.013750000000000002 0.01
2 0.7837500000000001 0.6040625000000001 0.01125 0.01125
2 0.84375 0.2240625 0.01875 0.0075
2 0.9959374999999999 0.308125 0.0075 0.01625
2 0.1575 0.1734375 0.008749999999999999 0.0125
2 0.2584375 0.5859375 0.0075 0.0125
2 0.053437500000000006 0.7474999999999999 0.01 0.013750000000000002
2 0.01875 0.7678125 0.01875 0.0075
2 0.058437499999999996 0.8168749999999999 0.0075 0.015
2 0.34562499999999996 0.7578125 0.01625 0.0125
2 0.35875 0.9671875 0.01125 0.0125
2 0.8949999999999999 0.8275 0.008749999999999999 0.017499999999999998
2 0.775 0.571875 0.0125 0.0125
2 0.8025 0.5996875 0.01125 0.008749999999999999
2 0.8074999999999999 0.605 0.008749999999999999 0.01
2 0.8140625 0.6118750000000001 0.0125 0.01125
2 0.558125 0.7128125 0.01625 0.01
