2 0.9025000000000001 0.0453125 0.01125 0.01875
2 0.8175000000000001 0.25625 0.01 0.03125
2 0.840625 0.36375 0.00625 0.021249999999999998
2 0.8421875 0.40750000000000003 0.00625 0.015
2 0.8168749999999999 0.405625 0.008749999999999999 0.017499999999999998
2 0.81375 0.7224999999999999 0.008749999999999999 0.0325
2 0.8434375 0.7106250000000001 0.008749999999999999 0.021249999999999998
2 0.8465624999999999 0.6025 0.008749999999999999 0.02375
2 0.8084374999999999 0.7765625 0.0075 0.03125
2 0.835625 0.753125 0.008749999999999999 0.01875
2 0.8418749999999999 0.77 0.008749999999999999 0.015
2 0.8328125 0.8153124999999999 0.00625 0.015
2 0.8418749999999999 0.88375 0.008749999999999999 0.02375
2 0.8074999999999999 0.9175000000000001 0.008749999999999999 0.0225
2 0.8081250000000001 0.8296875 0.01 0.025
2 0.8115625 0.8793749999999999 0.0075 0.027500000000000004
2 0.8465624999999999 0.9665625 0.008749999999999999 0.03
2 0.7578125 0.826875 0.00625 0.0225
2 0.76 0.9268750000000001 0.0075 0.0225
2 0.725 0.8515625 0.0125 0.0625
2 0.7584375 0.898125 0.0075 0.008749999999999999
2 0.838125 0.666875 0.0075 0.015
2 0.689375 0.125 0.01 0.01875
2 0.691875 0.07625 0.008749999999999999 0.021249999999999998
2 0.68875 0.1821875 0.008749999999999999 0.02375
2 0.68875 0.20812499999999998 0.008749999999999999 0.0225
2 0.691875 0.24500000000000002 0.008749999999999999 0.021249999999999998
2 0.7224999999999999 0.215 0.0075 0.01125
2 0.740625 0.21187499999999998 0.00625 0.02375
2 0.8553124999999999 0.2340625 0.0075 0.015
