2 0.3325 0.6303124999999999 0.021249999999999998 0.0075
2 0.30656249999999996 0.85375 0.01625 0.0075
2 0.4534375 0.7865624999999999 0.01625 0.0075
2 0.45531249999999995 0.8021874999999999 0.02 0.0075
2 0.45875000000000005 0.8262499999999999 0.017499999999999998 0.008749999999999999
2 0.45875000000000005 0.8418749999999999 0.017499999999999998 0.008749999999999999
2 0.5287499999999999 0.7809375000000001 0.013750000000000002 0.008749999999999999
2 0.528125 0.788125 0.01875 0.0075
2 0.525 0.7971874999999999 0.01875 0.01
2 0.5234375 0.8162499999999999 0.01875 0.0075
2 0.5196875000000001 0.828125 0.017499999999999998 0.00625
2 0.5237499999999999 0.845 0.01625 0.008749999999999999
2 0.524375 0.8521875 0.017499999999999998 0.0075
2 0.5196875000000001 0.8621874999999999 0.017499999999999998 0.008749999999999999
2 0.52 0.869375 0.021249999999999998 0.0075
2 0.5237499999999999 0.8771875 0.01625 0.0075
2 0.45875000000000005 0.8484375 0.017499999999999998 0.00625
2 0.459375 0.8574999999999999 0.01875 0.008749999999999999
2 0.9075 0.33218749999999997 0.008749999999999999 0.017499999999999998
2 0.8040625 0.336875 0.01125 0.017499999999999998
2 0.9221875 0.3153125 0.01 0.015
2 0.733125 0.40531249999999996 0.01625 0.0075
2 0.73375 0.41656250000000006 0.017499999999999998 0.005
2 0.975625 0.3540625 0.02 0.01125
2 0.9090624999999999 0.36593749999999997 0.021249999999999998 0.01
2 0.2896875 0.0765625 0.0075 0.0125
2 0.21000000000000002 0.24625 0.0075 0.01125
2 0.0653125 0.5803125 0.021249999999999998 0.0075
2 0.0765625 0.5890625 0.00625 0.0125
2 0.0725 0.596875 0.013750000000000002 0.00625
2 0.0853125 0.590625 0.005 0.0125
2 0.09375 0.5909375 0.00625 0.01625
2 0.100625 0.5912499999999999 0.0075 0.013750000000000002
2 0.1075 0.5796875 0.015 0.00625
2 0.1253125 0.5540625 0.01625 0.005
2 0.14250000000000002 0.553125 0.01625 0.00625
2 0.1428125 0.559375 0.013750000000000002 0.00625
2 0.12437499999999999 0.560625 0.017499999999999998 0.008749999999999999
2 0.10968750000000001 0.571875 0.01625 0.00625
2 0.12437499999999999 0.569375 0.017499999999999998 0.0075
2 0.12625 0.57625 0.015 0.008749999999999999
2 0.11687499999999999 0.5890625 0.008749999999999999 0.0125
2 0.12562500000000001 0.5878125 0.0075 0.01625
2 0.1409375 0.5875 0.01625 0.00625
2 0.141875 0.5828125 0.015 0.00625
2 0.1403125 0.575 0.015 0.00625
2 0.144375 0.57125 0.013750000000000002 0.005
2 0.15687500000000001 0.58125 0.013750000000000002 0.00625
2 0.15812500000000002 0.5759375 0.01625 0.005
2 0.15875 0.575 0.017499999999999998 0.00625
2 0.1596875 0.5703125 0.01625 0.00625
2 0.16 0.5650000000000001 0.013750000000000002 0.005
2 0.1603125 0.5596875 0.01125 0.00375
2 0.15812500000000002 0.588125 0.01625 0.0075
2 0.17250000000000001 0.5875 0.013750000000000002 0.00625
2 0.1909375 0.586875 0.01625 0.005
2 0.18937500000000002 0.58125 0.01625 0.00625
2 0.173125 0.5806250000000001 0.015 0.005
2 0.173125 0.575 0.015 0.00625
2 0.1909375 0.5743750000000001 0.01625 0.005
2 0.1909375 0.5696875 0.01625 0.005
2 0.1771875 0.55625 0.02 0.00625
2 0.3259375 0.49093749999999997 0.017499999999999998 0.01
2 0.16999999999999998 0.9653124999999999 0.021249999999999998 0.008749999999999999
2 0.168125 0.9746874999999999 0.017499999999999998 0.008749999999999999
2 0.1690625 0.8403124999999999 0.01625 0.008749999999999999
2 0.21031249999999999 0.838125 0.017499999999999998 0.0075
2 0.6809375 0.2071875 0.008749999999999999 0.017499999999999998
2 0.681875 0.22312500000000002 0.0075 0.015
2 0.713125 0.23500000000000001 0.0075 0.013750000000000002
