2 0.18562499999999998 0.551875 0.027500000000000004 0.01
2 0.36875 0.5443749999999999 0.03125 0.0075
2 0.530625 0.460625 0.061250000000000006 0.008749999999999999
2 0.499375 0.43875000000000003 0.03 0.008749999999999999
2 0.505 0.39375 0.028749999999999998 0.00625
2 0.505 0.4103125 0.0225 0.005
2 0.553125 0.40843749999999995 0.01875 0.0075
2 0.54375 0.4303125 0.01875 0.0075
2 0.5806250000000001 0.40750000000000003 0.02375 0.008749999999999999
2 0.5734375 0.3934375 0.03125 0.008749999999999999
2 0.46312499999999995 0.370625 0.0075 0.01
2 0.3596875 0.6090625000000001 0.028749999999999998 0.008749999999999999
2 0.418125 0.6287499999999999 0.04875 0.0075
2 0.4096875 0.651875 0.034999999999999996 0.01
