2 0.2303125 0.954375 0.013750000000000002 0.03375
2 0.2875 0.8775000000000001 0.025 0.01125
2 0.29312499999999997 0.6553125 0.02375 0.013750000000000002
2 0.22562500000000002 0.533125 0.013750000000000002 0.034999999999999996
2 0.2778125 0.5771875 0.03375 0.013750000000000002
2 0.1303125 0.34781249999999997 0.026250000000000002 0.01125
2 0.27718750000000003 0.35375 0.026250000000000002 0.013750000000000002
2 0.335 0.1759375 0.026250000000000002 0.01125
2 0.9521875 0.1853125 0.026250000000000002 0.017499999999999998
2 0.20812499999999998 0.34249999999999997 0.01625 0.06625
