2 0.875 0.48125 0.03125 0.0125
2 0.8796875 0.49874999999999997 0.03125 0.01
2 0.915625 0.476875 0.025 0.01
2 0.478125 0.6603125000000001 0.00625 0.01125
2 0.500625 0.655625 0.0075 0.017499999999999998
2 0.5084375 0.6559375000000001 0.0075 0.015
2 0.516875 0.655 0.008749999999999999 0.01625
2 0.52625 0.6403125000000001 0.015 0.008749999999999999
2 0.525 0.655625 0.00625 0.017499999999999998
2 0.531875 0.654375 0.0075 0.015
2 0.5421875 0.655 0.00625 0.01625
2 0.546875 0.6534375 0.00625 0.01625
2 0.55625 0.6537499999999999 0.00625 0.013750000000000002
2 0.5640625 0.649375 0.00625 0.017499999999999998
2 0.571875 0.650625 0.00625 0.02
2 0.58125 0.6490625 0.00625 0.013750000000000002
2 0.49375 0.6571875 0.00625 0.017499999999999998
2 0.506875 0.6778125 0.0075 0.015
2 0.515625 0.6784375 0.00625 0.01625
2 0.525 0.67625 0.00625 0.015
2 0.531875 0.6765625 0.0075 0.0125
2 0.5821875000000001 0.68875 0.017499999999999998 0.008749999999999999
2 0.5815625 0.70125 0.01625 0.008749999999999999
2 0.529375 0.704375 0.015 0.008749999999999999
2 0.545 0.70375 0.015 0.0075
2 0.545 0.7175 0.008749999999999999 0.01625
2 0.284375 0.8440625 0.00625 0.01625
2 0.2915625 0.8409375000000001 0.005 0.01625
2 0.2990625 0.8371875 0.0075 0.015
2 0.30625 0.8346875 0.00625 0.01625
2 0.311875 0.8175000000000001 0.017499999999999998 0.01
2 0.3296875 0.8228125000000001 0.00625 0.017499999999999998
2 0.338125 0.8228125000000001 0.0075 0.017499999999999998
2 0.344375 0.8184374999999999 0.0075 0.015
2 0.3515625 0.818125 0.00625 0.017499999999999998
2 0.4325 0.766875 0.008749999999999999 0.015
2 0.414375 0.72875 0.01 0.013750000000000002
2 0.4415625 0.8221875000000001 0.01125 0.01
2 0.44781250000000006 0.828125 0.01125 0.0125
2 0.480625 0.803125 0.005 0.0125
2 0.488125 0.8021874999999999 0.0075 0.013750000000000002
2 0.45843749999999994 0.7224999999999999 0.013750000000000002 0.0075
2 0.460625 0.73125 0.015 0.00625
2 0.459375 0.7375 0.01875 0.00625
2 0.46375 0.7453125 0.015 0.00625
2 0.476875 0.73125 0.01625 0.00625
2 0.47906250000000006 0.7381249999999999 0.017499999999999998 0.0075
2 0.479375 0.7474999999999999 0.015 0.0075
2 0.47781250000000003 0.75625 0.015 0.00625
2 0.499375 0.7418750000000001 0.017499999999999998 0.008749999999999999
2 0.499375 0.750625 0.017499999999999998 0.0075
2 0.500625 0.7631249999999999 0.013750000000000002 0.0075
2 0.4996875 0.778125 0.015 0.00625
2 0.501875 0.7871875 0.01625 0.008749999999999999
2 0.501875 0.796875 0.01625 0.00625
2 0.5496875 0.7381249999999999 0.015 0.0075
2 0.5303125 0.725 0.013750000000000002 0.00625
2 0.5862499999999999 0.7365625 0.01625 0.0075
2 0.5346875 0.7693749999999999 0.01625 0.0075
2 0.534375 0.7765625 0.01875 0.00625
2 0.5346875 0.7834375 0.01625 0.0075
2 0.5349999999999999 0.8003125000000001 0.013750000000000002 0.01
2 0.5309375000000001 0.8146875 0.015 0.0075
2 0.46312499999999995 0.8400000000000001 0.0075 0.017499999999999998
2 0.46968750000000004 0.8403124999999999 0.005 0.015
2 0.4771875 0.8403124999999999 0.0075 0.015
2 0.5856250000000001 0.78125 0.015 0.00625
2 0.563125 0.7821875 0.0075 0.017499999999999998
2 0.5340625 0.7553124999999999 0.015 0.0075
2 0.5615625 0.7496875000000001 0.0075 0.015
2 0.54875 0.7465625 0.01625 0.008749999999999999
2 0.5475 0.7546875 0.013750000000000002 0.00625
2 0.5521874999999999 0.775625 0.013750000000000002 0.0075
2 0.5528125 0.7828125 0.015 0.00625
2 0.5490625 0.7921875 0.013750000000000002 0.00625
2 0.5503125 0.8006249999999999 0.01625 0.0075
2 0.4875 0.8387499999999999 0.00625 0.015
2 0.500625 0.8403124999999999 0.0075 0.015
2 0.53125 0.83625 0.00625 0.01625
2 0.5387500000000001 0.835625 0.008749999999999999 0.015
2 0.5599999999999999 0.83625 0.0075 0.01625
2 0.5678124999999999 0.8346875 0.0075 0.01625
2 0.41937499999999994 0.7653125000000001 0.0075 0.015
2 0.575 0.8331250000000001 0.00625 0.01625
2 0.5903125 0.8309374999999999 0.008749999999999999 0.015
2 0.5984375 0.8300000000000001 0.00625 0.01625
2 0.6059375 0.8328125 0.008749999999999999 0.01875
2 0.6131249999999999 0.8321875000000001 0.0075 0.017499999999999998
2 0.6068749999999999 0.795 0.0075 0.015
2 0.6140625 0.7940625 0.00625 0.01625
2 0.6224999999999999 0.79375 0.0075 0.01875
2 0.6303124999999999 0.79375 0.0075 0.01875
2 0.6375 0.79375 0.00625 0.01875
2 0.6453125 0.7940625 0.00625 0.01625
2 0.6521874999999999 0.7931250000000001 0.0075 0.017499999999999998
2 0.6528125 0.8275 0.008749999999999999 0.017499999999999998
2 0.663125 0.826875 0.0075 0.01625
2 0.6703125 0.826875 0.00625 0.01625
2 0.67875 0.8275 0.0075 0.017499999999999998
2 0.6871875000000001 0.8271875 0.008749999999999999 0.02
2 0.6609375 0.7925 0.00625 0.01625
2 0.6693749999999999 0.7925 0.0075 0.01625
2 0.6759375000000001 0.7925 0.005 0.01625
2 0.684375 0.7909375 0.00625 0.01625
2 0.6921875 0.7903125 0.00625 0.015
2 0.6950000000000001 0.828125 0.008749999999999999 0.01875
2 0.713125 0.7893749999999999 0.0075 0.01625
2 0.2359375 0.9921875 0.0125 0.00625
2 0.26937500000000003 0.9784375000000001 0.0075 0.01625
2 0.278125 0.9896874999999999 0.0125 0.0075
2 0.2959375 0.9753125 0.0075 0.01625
2 0.304375 0.9759375 0.008749999999999999 0.017499999999999998
2 0.5084375 0.8378125000000001 0.0075 0.01625
2 0.313125 0.9753125 0.0075 0.01625
2 0.3271875 0.9731249999999999 0.0075 0.015
2 0.3365625 0.9734375 0.0075 0.01875
2 0.34500000000000003 0.9737500000000001 0.008749999999999999 0.01625
2 0.350625 0.9731249999999999 0.0075 0.015
2 0.3578125 0.9728125000000001 0.00625 0.017499999999999998
2 0.3646875 0.9709375 0.0075 0.013750000000000002
2 0.3725 0.9696875 0.0075 0.017499999999999998
2 0.4078125 0.968125 0.00625 0.017499999999999998
2 0.6681250000000001 0.9653124999999999 0.017499999999999998 0.008749999999999999
2 0.6678124999999999 0.9887499999999999 0.013750000000000002 0.008749999999999999
2 0.7303124999999999 0.7887500000000001 0.0075 0.015
2 0.7228125000000001 0.7893749999999999 0.005 0.01625
2 0.73875 0.78625 0.008749999999999999 0.01625
2 0.715625 0.826875 0.00625 0.01625
2 0.724375 0.8262499999999999 0.005 0.015
2 0.73125 0.8246874999999999 0.00625 0.015
2 0.7381249999999999 0.8246874999999999 0.0075 0.015
2 0.744375 0.8246874999999999 0.0075 0.015
2 0.7521875 0.8237500000000001 0.0075 0.01625
2 0.7828125 0.8237500000000001 0.00625 0.01625
2 0.7890625 0.8228125000000001 0.00625 0.017499999999999998
2 0.7984375 0.820625 0.00625 0.01625
2 0.7875 0.78625 0.00625 0.01625
2 0.80375 0.785625 0.0075 0.015
2 0.811875 0.7846875 0.005 0.01625
2 0.81875 0.7825 0.00625 0.015
2 0.805625 0.818125 0.005 0.017499999999999998
2 0.813125 0.81875 0.0075 0.01875
2 0.82125 0.8190625 0.005 0.01625
2 0.8256249999999999 0.7825 0.0075 0.015
2 0.8328125 0.781875 0.00625 0.013750000000000002
2 0.8412499999999999 0.781875 0.0075 0.02
2 0.85 0.7825 0.00625 0.015
2 0.8571875 0.7809375000000001 0.005 0.015
2 0.865625 0.7809375000000001 0.00625 0.015
2 0.8734375 0.779375 0.00625 0.015
2 0.88125 0.780625 0.00625 0.017499999999999998
2 0.82875 0.81875 0.0075 0.01875
2 0.84375 0.818125 0.00625 0.017499999999999998
2 0.8515625 0.820625 0.00625 0.01625
2 0.85875 0.8190625 0.005 0.01625
2 0.866875 0.818125 0.008749999999999999 0.017499999999999998
2 0.875 0.818125 0.00625 0.017499999999999998
2 0.9 0.6203125 0.01875 0.0125
2 0.898125 0.626875 0.015 0.01
2 0.8975 0.63375 0.013750000000000002 0.01125
2 0.9 0.6440625 0.0125 0.01
2 0.944375 0.6325000000000001 0.013750000000000002 0.008749999999999999
2 0.953125 0.610625 0.00625 0.015
2 0.9246874999999999 0.61125 0.008749999999999999 0.01625
2 0.9396875 0.6546875 0.013750000000000002 0.0125
2 0.9434374999999999 0.6609375 0.015 0.0125
2 0.9340624999999999 0.6775 0.015 0.01125
2 0.946875 0.68125 0.0125 0.0125
2 0.9334374999999999 0.70875 0.013750000000000002 0.01125
2 0.9475 0.6990624999999999 0.013750000000000002 0.013750000000000002
2 0.9475 0.7096875 0.013750000000000002 0.01
2 0.9475 0.7175 0.013750000000000002 0.01
2 0.9475 0.7259375 0.013750000000000002 0.01125
2 0.9487500000000001 0.733125 0.01625 0.01
2 0.9490624999999999 0.74 0.013750000000000002 0.01125
2 0.9490624999999999 0.755625 0.013750000000000002 0.01125
2 0.8231249999999999 0.9481249999999999 0.008749999999999999 0.015
2 0.83125 0.9475 0.00625 0.013750000000000002
2 0.838125 0.9487500000000001 0.0075 0.01625
2 0.8484375 0.9487500000000001 0.00625 0.01625
2 0.89375 0.9324999999999999 0.00625 0.015
2 0.9793749999999999 0.74 0.015 0.01125
2 0.9806250000000001 0.73 0.017499999999999998 0.01
2 0.97875 0.720625 0.013750000000000002 0.01
2 0.9793749999999999 0.7112499999999999 0.015 0.01
2 0.9784375000000001 0.6953125 0.01625 0.0125
2 0.978125 0.68625 0.0125 0.01
2 0.9662499999999999 0.5959375 0.013750000000000002 0.0075
2 0.9731249999999999 0.625 0.015 0.00625
2 0.9740624999999999 0.6328125 0.013750000000000002 0.00625
2 0.975625 0.64375 0.013750000000000002 0.00625
2 0.975625 0.6528125 0.013750000000000002 0.008749999999999999
2 0.9909375 0.6353125000000001 0.01 0.005
2 0.9459375 0.610625 0.0075 0.015
2 0.93125 0.61 0.00625 0.013750000000000002
2 0.938125 0.61125 0.0075 0.01625
2 0.034687499999999996 0.9475 0.028749999999999998 0.013750000000000002
2 0.9040625 0.7003125 0.01125 0.01
2 0.9046875 0.7090625 0.0125 0.008749999999999999
2 0.905625 0.7178125 0.01125 0.0075
2 0.9065625 0.7268749999999999 0.01 0.01
2 0.9065625 0.7328125 0.01 0.00625
2 0.906875 0.7418750000000001 0.013750000000000002 0.008749999999999999
2 0.9078125 0.7496875000000001 0.0125 0.008749999999999999
2 0.7271875 0.5734375 0.0075 0.01875
2 0.109375 0.9949999999999999 0.01875 0.008749999999999999
2 0.23500000000000001 0.975 0.013750000000000002 0.00625
2 0.5859375 0.7515625 0.0125 0.00625
2 0.5309375000000001 0.711875 0.015 0.005
2 0.531875 0.7318749999999999 0.013750000000000002 0.0075
2 0.5325 0.7390625 0.015 0.00625
2 0.5315624999999999 0.7478125 0.01625 0.005
2 0.5828125 0.83125 0.00625 0.01875
2 0.76875 0.8225 0.00625 0.02
2 0.7603125000000001 0.8225 0.005 0.013750000000000002
2 0.5862499999999999 0.7740625 0.01625 0.0075
2 0.49874999999999997 0.75625 0.01625 0.00625
2 0.533125 0.7621875 0.01625 0.008749999999999999
2 0.7787499999999999 0.7878125 0.0075 0.01625
2 0.8625 0.9471875000000001 0.00625 0.01625
2 0.08562499999999999 0.9268750000000001 0.015 0.01
2 0.153125 0.9268750000000001 0.0125 0.01
2 0.196875 0.9178124999999999 0.0125 0.0075
2 0.44625000000000004 0.8925000000000001 0.017499999999999998 0.01
2 0.59875 0.92125 0.01625 0.01125
