2 0.2946875 0.08875 0.017499999999999998 0.008749999999999999
2 0.6950000000000001 0.0678125 0.015 0.0075
2 0.66875 0.24500000000000002 0.01875 0.008749999999999999
2 0.783125 0.20031249999999998 0.01 0.01625
2 0.8175000000000001 0.5046875 0.01625 0.00625
2 0.7575000000000001 0.48562500000000003 0.008749999999999999 0.015
2 0.256875 0.1303125 0.0075 0.013750000000000002
2 0.48343749999999996 0.104375 0.0075 0.015
2 0.8121875 0.0846875 0.015 0.01
2 0.8721875000000001 0.0590625 0.01625 0.008749999999999999
2 0.83375 0.23875000000000002 0.017499999999999998 0.008749999999999999
2 0.804375 0.2225 0.015 0.0075
2 0.701875 0.22781250000000003 0.01625 0.008749999999999999
2 0.6278125 0.23125 0.015 0.00625
2 0.6534375 0.21375000000000002 0.01 0.008749999999999999
2 0.51375 0.28625 0.008749999999999999 0.01625
2 0.041249999999999995 0.36625 0.0075 0.013750000000000002
2 0.0921875 0.514375 0.025 0.01
2 0.118125 0.5184375 0.017499999999999998 0.008749999999999999
2 0.15375 0.5037499999999999 0.0075 0.013750000000000002
2 0.19718750000000002 0.5146875 0.01625 0.0075
2 0.094375 0.865625 0.0075 0.0125
2 0.095625 0.8943749999999999 0.01 0.013750000000000002
2 0.0965625 0.9121874999999999 0.008749999999999999 0.015
2 0.3375 0.456875 0.00625 0.013750000000000002
2 0.3365625 0.44375 0.0075 0.0125
2 0.34125 0.5037499999999999 0.0075 0.013750000000000002
2 0.5959375 0.5284375 0.02 0.01
2 0.968125 0.42874999999999996 0.017499999999999998 0.0075
2 0.9375 0.42281250000000004 0.0125 0.01125
2 0.6553125 0.77 0.0075 0.015
2 0.6575 0.7887500000000001 0.008749999999999999 0.015
2 0.608125 0.0671875 0.01625 0.00625
