2 0.311875 0.9428124999999999 0.02375 0.013750000000000002
2 0.3053125 0.9553125 0.02 0.013750000000000002
2 0.5181250000000001 0.9012499999999999 0.017499999999999998 0.015
2 0.42843749999999997 0.091875 0.0225 0.027500000000000004
2 0.44375 0.081875 0.0125 0.026250000000000002
2 0.546875 0.13999999999999999 0.025 0.01125
2 0.77125 0.076875 0.02375 0.01
2 0.9199999999999999 0.2128125 0.021249999999999998 0.01
2 0.03375 0.090625 0.01125 0.025
2 0.974375 0.5984375 0.01125 0.01875
2 0.985625 0.599375 0.008749999999999999 0.017499999999999998
