2 0.8990625 0.05125 0.013750000000000002 0.008749999999999999
2 0.6681250000000001 0.3471875 0.017499999999999998 0.01
2 0.7221875 0.351875 0.01625 0.01
2 0.8065625000000001 0.3746875 0.01625 0.015
2 0.82125 0.3928125 0.01125 0.02
2 0.28500000000000003 0.338125 0.013750000000000002 0.0075
2 0.025 0.6290625000000001 0.01875 0.01125
2 0.06375 0.6490625 0.015 0.0075
2 0.1028125 0.6534375 0.015 0.01
2 0.1240625 0.6578125 0.013750000000000002 0.0125
2 0.14250000000000002 0.6571875 0.01625 0.01125
2 0.18375 0.658125 0.017499999999999998 0.01
2 0.183125 0.6409374999999999 0.01625 0.01
2 0.20218750000000002 0.6603125000000001 0.013750000000000002 0.01125
2 0.851875 0.36 0.01625 0.0075
2 0.6018749999999999 0.6878124999999999 0.01625 0.01
2 0.63375 0.718125 0.01125 0.01125
2 0.19125 0.318125 0.013750000000000002 0.005
2 0.365 0.3271875 0.01125 0.0075
2 0.015 0.9634375000000001 0.017499999999999998 0.01125
2 0.4875 0.9959374999999999 0.01875 0.0075
2 0.0703125 0.04875 0.00625 0.01625
2 0.1521875 0.273125 0.0075 0.015
2 0.16375 0.04875 0.008749999999999999 0.01625
2 0.579375 0.3103125 0.008749999999999999 0.017499999999999998
2 0.6396875 0.3125 0.0075 0.0125
2 0.64 0.3284375 0.01125 0.01625
2 0.42781250000000004 0.37625000000000003 0.008749999999999999 0.015
2 0.770625 0.6190625 0.01 0.01625
2 0.6309375 0.45 0.008749999999999999 0.01875
2 0.6331249999999999 0.49874999999999997 0.01 0.01625
2 0.023125 0.5974999999999999 0.015 0.0075
2 0.06937499999999999 0.9653124999999999 0.013750000000000002 0.008749999999999999
2 0.0090625 0.626875 0.015 0.01
2 0.8990625 0.05125 0.013750000000000002 0.008749999999999999
2 0.6681250000000001 0.3471875 0.017499999999999998 0.01
2 0.7221875 0.351875 0.01625 0.01
2 0.8065625000000001 0.3746875 0.01625 0.015
2 0.82125 0.3928125 0.01125 0.02
2 0.28500000000000003 0.338125 0.013750000000000002 0.0075
2 0.025 0.6290625000000001 0.01875 0.01125
2 0.06375 0.6490625 0.015 0.0075
2 0.1028125 0.6534375 0.015 0.01
2 0.1240625 0.6578125 0.013750000000000002 0.0125
2 0.14250000000000002 0.6571875 0.01625 0.01125
2 0.18375 0.658125 0.017499999999999998 0.01
2 0.183125 0.6409374999999999 0.01625 0.01
2 0.20218750000000002 0.6603125000000001 0.013750000000000002 0.01125
2 0.851875 0.36 0.01625 0.0075
2 0.6018749999999999 0.6878124999999999 0.01625 0.01
2 0.63375 0.718125 0.01125 0.01125
2 0.19125 0.318125 0.013750000000000002 0.005
2 0.365 0.3271875 0.01125 0.0075
2 0.015 0.9634375000000001 0.017499999999999998 0.01125
2 0.4875 0.9959374999999999 0.01875 0.0075
2 0.0703125 0.04875 0.00625 0.01625
2 0.1521875 0.273125 0.0075 0.015
2 0.16375 0.04875 0.008749999999999999 0.01625
2 0.579375 0.3103125 0.008749999999999999 0.017499999999999998
2 0.6396875 0.3125 0.0075 0.0125
2 0.64 0.3284375 0.01125 0.01625
2 0.42781250000000004 0.37625000000000003 0.008749999999999999 0.015
2 0.770625 0.6190625 0.01 0.01625
2 0.6309375 0.45 0.008749999999999999 0.01875
2 0.6331249999999999 0.49874999999999997 0.01 0.01625
2 0.023125 0.5974999999999999 0.015 0.0075
2 0.06937499999999999 0.9653124999999999 0.013750000000000002 0.008749999999999999
2 0.0090625 0.626875 0.015 0.01
