2 0.771875 0.205 0.00625 0.01625
2 0.74125 0.34125 0.0075 0.013750000000000002
2 0.735 0.4221875 0.0075 0.01625
2 0.8931250000000001 0.438125 0.005 0.013750000000000002
2 0.7303124999999999 0.5796875 0.0075 0.0125
2 0.89375 0.6 0.00625 0.0125
2 0.743125 0.60625 0.005 0.0125
2 0.7418750000000001 0.8243750000000001 0.008749999999999999 0.017499999999999998
2 0.9103125000000001 0.9193749999999999 0.017499999999999998 0.0075
2 0.77625 0.9125 0.021249999999999998 0.00625
2 0.9634375000000001 0.93 0.01125 0.01
2 0.72875 0.9821875 0.0075 0.017499999999999998
2 0.744375 0.9946875000000001 0.0075 0.01125
2 0.6956249999999999 0.9371875 0.01625 0.008749999999999999
2 0.5321875 0.7784375 0.005 0.01
2 0.52125 0.7775000000000001 0.005 0.01125
2 0.63125 0.7790625 0.00625 0.01125
2 0.625625 0.8334374999999999 0.0075 0.013750000000000002
2 0.61625 0.803125 0.013750000000000002 0.00625
2 0.6328125 0.7484375 0.00625 0.0125
2 0.64 0.749375 0.005 0.01125
2 0.1434375 0.506875 0.008749999999999999 0.026250000000000002
2 0.12281249999999999 0.515625 0.005 0.0125
2 0.35 0.3125 0.0125 0.00625
2 0.0590625 0.22875 0.008749999999999999 0.013750000000000002
2 0.057499999999999996 0.2625 0.008749999999999999 0.0125
2 0.0059375 0.26937500000000003 0.008749999999999999 0.0075
2 0.028749999999999998 0.263125 0.013750000000000002 0.0075
2 0.07625 0.271875 0.008749999999999999 0.0125
2 0.14125000000000001 0.3278125 0.013750000000000002 0.008749999999999999
2 0.16593750000000002 0.32875 0.01625 0.0075
2 0.19718750000000002 0.323125 0.01625 0.008749999999999999
2 0.1909375 0.3153125 0.01625 0.008749999999999999
2 0.09812499999999999 0.40406250000000005 0.008749999999999999 0.01125
2 0.3090625 0.3125 0.015 0.00625
2 0.22999999999999998 0.313125 0.01625 0.0075
2 0.24937499999999999 0.32875 0.017499999999999998 0.0075
2 0.2765625 0.3125 0.0125 0.00625
2 0.29031250000000003 0.3125 0.015 0.00625
2 0.366875 0.3125 0.015 0.00625
2 0.3796875 0.3125 0.0125 0.00625
2 0.484375 0.3103125 0.0125 0.005
2 0.5131249999999999 0.315625 0.013750000000000002 0.00625
2 0.49749999999999994 0.31 0.013750000000000002 0.0075
2 0.5565625 0.3125 0.01 0.0125
2 0.58125 0.3109375 0.0125 0.00625
2 0.55 0.2921875 0.00625 0.0125
2 0.548125 0.2790625 0.008749999999999999 0.01125
2 0.55 0.246875 0.00625 0.0125
2 0.5506249999999999 0.2328125 0.0075 0.0125
2 0.5640625 0.24375 0.00625 0.0125
2 0.5646875 0.2290625 0.0075 0.01125
2 0.5506249999999999 0.21812499999999999 0.0075 0.01125
2 0.55 0.20406249999999998 0.00625 0.01125
2 0.5493750000000001 0.1909375 0.005 0.01
2 0.55 0.178125 0.00625 0.0125
2 0.55 0.164375 0.00625 0.01
2 0.55 0.15125 0.00625 0.008749999999999999
2 0.55 0.12593749999999998 0.00625 0.01125
2 0.5506249999999999 0.10874999999999999 0.0075 0.01125
2 0.5521874999999999 0.09625 0.0075 0.01125
2 0.36843750000000003 0.1359375 0.008749999999999999 0.0125
2 0.3615625 0.1359375 0.0075 0.0125
2 0.3921875 0.12156249999999999 0.00625 0.015
2 0.16468750000000001 0.30625 0.013750000000000002 0.00625
2 0.16499999999999998 0.3 0.01125 0.00625
2 0.171875 0.3159375 0.01875 0.01
2 0.184375 0.29093749999999996 0.00625 0.01
2 0.281875 0.075 0.0075 0.0125
2 0.275 0.074375 0.00625 0.01125
2 0.25875 0.07468749999999999 0.01125 0.008749999999999999
2 0.2571875 0.0684375 0.017499999999999998 0.008749999999999999
2 0.2575 0.0625 0.015 0.00625
2 0.2584375 0.05625 0.013750000000000002 0.00625
2 0.36 0.050937500000000004 0.0075 0.01125
2 0.29125 0.0678125 0.0075 0.013750000000000002
2 0.3590625 0.0390625 0.008749999999999999 0.0125
2 0.3596875 0.0240625 0.01 0.013750000000000002
2 0.4140625 0.0553125 0.0125 0.0075
2 0.42125 0.0396875 0.01125 0.0075
2 0.4065625 0.040625 0.01625 0.00625
2 0.44437499999999996 0.05625 0.013750000000000002 0.00625
2 0.434375 0.0421875 0.0125 0.00625
2 0.4490625 0.0421875 0.013750000000000002 0.00625
2 0.49124999999999996 0.044375 0.013750000000000002 0.0075
2 0.473125 0.056874999999999995 0.015 0.0075
2 0.45999999999999996 0.05625 0.013750000000000002 0.00625
2 0.52 0.04375 0.015 0.00625
2 0.49375 0.0725 0.00625 0.013750000000000002
2 0.16312500000000002 0.16875 0.0075 0.0125
2 0.31875 0.0765625 0.00625 0.0125
2 0.553125 0.0140625 0.00625 0.0125
2 0.5671875 0.038125 0.00625 0.013750000000000002
2 0.5671875 0.050937500000000004 0.00625 0.01125
2 0.756875 0.07875 0.0075 0.013750000000000002
2 0.7559375 0.10625 0.008749999999999999 0.0125
2 0.753125 0.12125 0.00625 0.01125
2 0.75125 0.135625 0.008749999999999999 0.015
2 0.750625 0.17875000000000002 0.0075 0.013750000000000002
2 0.7896875 0.18031250000000001 0.0075 0.013750000000000002
2 0.815625 0.2084375 0.0125 0.0075
2 0.9881249999999999 0.1328125 0.0075 0.0125
2 0.97 0.055625 0.008749999999999999 0.01125
2 0.828125 0.2084375 0.0125 0.0075
2 0.8684375 0.2078125 0.015 0.00625
2 0.906875 0.20625 0.013750000000000002 0.00625
2 0.9203125 0.2078125 0.0125 0.00625
2 0.9328125 0.20625 0.0125 0.00625
2 0.9487500000000001 0.206875 0.01625 0.0075
2 0.8943749999999999 0.2740625 0.0075 0.013750000000000002
2 0.95625 0.28375 0.00625 0.01125
2 0.7428125 0.26937500000000003 0.0075 0.013750000000000002
2 0.67875 0.319375 0.013750000000000002 0.0075
2 0.7240624999999999 0.319375 0.013750000000000002 0.0075
2 0.7740625 0.3178125 0.013750000000000002 0.0075
2 0.836875 0.3075 0.017499999999999998 0.008749999999999999
2 0.9078125 0.3334375 0.00625 0.013750000000000002
2 0.9834375 0.3178125 0.013750000000000002 0.0075
2 0.89375 0.3453125 0.00625 0.0125
2 0.89375 0.3571875 0.00625 0.01125
2 0.8931250000000001 0.370625 0.005 0.01
2 0.8928125 0.421875 0.0075 0.0125
2 0.9078125 0.41500000000000004 0.00625 0.01125
2 0.8928125 0.40875000000000006 0.0075 0.01125
2 0.89125 0.3953125 0.0075 0.0125
2 0.73125 0.5650000000000001 0.00625 0.01125
2 0.7296875 0.5521874999999999 0.00625 0.013750000000000002
2 0.7446875000000001 0.5540625 0.005 0.01125
2 0.7465625 0.5346875 0.008749999999999999 0.01625
2 0.7459374999999999 0.5118750000000001 0.0075 0.01125
2 0.734375 0.436875 0.00625 0.01125
2 0.7325 0.4515625 0.008749999999999999 0.0125
2 0.733125 0.46687500000000004 0.01 0.015
2 0.7490625 0.45843749999999994 0.0075 0.013750000000000002
2 0.748125 0.4734375 0.008749999999999999 0.0125
2 0.9075 0.5121875 0.008749999999999999 0.015
2 0.8943749999999999 0.5525 0.0075 0.01125
2 0.89375 0.54 0.00625 0.01125
2 0.8934374999999999 0.61625 0.008749999999999999 0.013750000000000002
2 0.89375 0.631875 0.00625 0.013750000000000002
2 0.89375 0.64625 0.00625 0.01125
2 0.8934374999999999 0.660625 0.008749999999999999 0.015
2 0.9084375 0.6253124999999999 0.0075 0.01
2 0.9081250000000001 0.5965625 0.01 0.015
2 0.9075 0.6128125 0.008749999999999999 0.01
2 0.9078125 0.65625 0.00625 0.0125
2 0.74375 0.653125 0.00625 0.0125
2 0.09375 0.44656250000000003 0.0125 0.008749999999999999
2 0.1221875 0.46687500000000004 0.01 0.015
2 0.10093749999999999 0.4171875 0.01125 0.0125
2 0.105625 0.43125 0.01125 0.0125
2 0.1325 0.46375 0.008749999999999999 0.015
2 0.100625 0.595 0.013750000000000002 0.008749999999999999
2 0.1221875 0.58 0.01 0.01625
2 0.099375 0.6018749999999999 0.017499999999999998 0.01
2 0.095 0.6128125 0.015 0.01
2 0.09125 0.620625 0.013750000000000002 0.01
2 0.0871875 0.635 0.015 0.0075
2 0.11687499999999999 0.891875 0.015 0.008749999999999999
2 0.11781250000000001 0.875625 0.013750000000000002 0.0075
2 0.1203125 0.869375 0.01875 0.0075
2 0.1559375 0.796875 0.015 0.00625
2 0.7428125 0.7834375 0.0075 0.013750000000000002
2 0.74125 0.84375 0.0075 0.0125
2 0.021562500000000002 0.840625 0.008749999999999999 0.0125
2 0.01875 0.776875 0.0125 0.01
2 0.044375 0.7212500000000001 0.013750000000000002 0.01125
2 0.210625 0.75 0.008749999999999999 0.0125
2 0.22000000000000003 0.749375 0.008749999999999999 0.01125
2 0.22625 0.749375 0.008749999999999999 0.01125
2 0.23343750000000002 0.7474999999999999 0.0075 0.013750000000000002
2 0.2628125 0.7521875 0.01 0.013750000000000002
2 0.273125 0.7515625 0.008749999999999999 0.0125
2 0.288125 0.7509375 0.0075 0.01125
2 0.2965625 0.7509375 0.008749999999999999 0.01125
2 0.301875 0.7503124999999999 0.01 0.01
2 0.28875 0.7631249999999999 0.015 0.0075
2 0.31 0.7646875 0.013750000000000002 0.0075
2 0.33125 0.746875 0.00625 0.0125
2 0.1584375 0.8053125 0.013750000000000002 0.0075
2 0.14750000000000002 0.8271875 0.013750000000000002 0.0075
2 0.1459375 0.8375 0.013750000000000002 0.00625
2 0.1459375 0.85625 0.013750000000000002 0.00625
2 0.1453125 0.86875 0.0125 0.00625
2 0.1459375 0.8787499999999999 0.013750000000000002 0.0075
2 0.1459375 0.8865624999999999 0.013750000000000002 0.0075
2 0.144375 0.9046875 0.013750000000000002 0.00625
2 0.1434375 0.9140625 0.015 0.00625
2 0.145 0.9328125 0.015 0.00625
2 0.1584375 0.8171875 0.013750000000000002 0.00625
2 0.159375 0.85625 0.0125 0.00625
2 0.159375 0.86875 0.0125 0.00625
2 0.15875 0.8803124999999999 0.01125 0.0075
2 0.145 0.9625 0.015 0.00625
2 0.1584375 0.9203125 0.013750000000000002 0.00625
2 0.123125 0.7615624999999999 0.015 0.0075
2 0.1859375 0.7953125 0.0125 0.00625
2 0.1875 0.8015625 0.0125 0.00625
2 0.185 0.8078125 0.013750000000000002 0.00625
2 0.1871875 0.8140625 0.015 0.00625
2 0.1840625 0.8375 0.015 0.00625
2 0.18625 0.8490624999999999 0.01625 0.0075
2 0.185 0.86 0.013750000000000002 0.0075
2 0.18562499999999998 0.9 0.015 0.00625
2 0.184375 0.9421875 0.01875 0.00625
2 0.1975 0.978125 0.013750000000000002 0.00625
2 0.1990625 0.806875 0.013750000000000002 0.0075
2 0.1996875 0.8262499999999999 0.015 0.008749999999999999
2 0.198125 0.84375 0.015 0.00625
2 0.1975 0.85375 0.013750000000000002 0.0075
2 0.198125 0.86875 0.015 0.00625
2 0.22718750000000001 0.7775000000000001 0.013750000000000002 0.005
2 0.22718750000000001 0.784375 0.013750000000000002 0.00625
2 0.22562500000000002 0.7965625000000001 0.013750000000000002 0.008749999999999999
2 0.225 0.806875 0.0125 0.0075
2 0.2265625 0.8243750000000001 0.0125 0.005
2 0.22875 0.8306250000000001 0.013750000000000002 0.005
2 0.2246875 0.8375 0.015 0.00625
2 0.22562500000000002 0.84375 0.013750000000000002 0.00625
2 0.2396875 0.9546875 0.013750000000000002 0.00625
2 0.22312500000000002 0.8609375 0.015 0.00625
2 0.22531249999999997 0.871875 0.01625 0.00625
2 0.22562500000000002 0.8890625 0.013750000000000002 0.00625
2 0.2265625 0.9015625 0.0125 0.00625
2 0.22718750000000001 0.906875 0.013750000000000002 0.0075
2 0.2246875 0.925 0.015 0.00625
2 0.2396875 0.91375 0.013750000000000002 0.008749999999999999
2 0.23875000000000002 0.885 0.015 0.0075
2 0.240625 0.871875 0.0125 0.00625
2 0.2390625 0.8615625 0.0125 0.0075
2 0.2534375 0.8525 0.01 0.01125
2 0.241875 0.846875 0.015 0.00625
2 0.241875 0.81875 0.015 0.00625
2 0.2421875 0.8006249999999999 0.0125 0.0075
2 0.241875 0.7931250000000001 0.015 0.005
2 0.24125000000000002 0.7828125 0.013750000000000002 0.00625
2 0.26625 0.7928124999999999 0.013750000000000002 0.0075
2 0.2828125 0.7828125 0.0125 0.00625
2 0.2834375 0.8 0.013750000000000002 0.00625
2 0.2659375 0.803125 0.01625 0.00625
2 0.26625 0.8568749999999999 0.013750000000000002 0.0075
2 0.265 0.86875 0.01125 0.00625
2 0.2653125 0.8734375 0.015 0.00625
2 0.26625 0.8853125000000001 0.013750000000000002 0.005
2 0.281875 0.83125 0.013750000000000002 0.00625
2 0.2803125 0.8734375 0.013750000000000002 0.00625
2 0.28250000000000003 0.80625 0.015 0.00625
2 0.28125 0.8125 0.0125 0.00625
2 0.2803125 0.825 0.013750000000000002 0.00625
2 0.281875 0.836875 0.013750000000000002 0.005
2 0.306875 0.83125 0.013750000000000002 0.00625
2 0.306875 0.8265625 0.013750000000000002 0.00625
2 0.321875 0.8234375 0.0125 0.00625
2 0.3209375 0.8375 0.013750000000000002 0.00625
2 0.3209375 0.850625 0.013750000000000002 0.0075
2 0.3225 0.7984375 0.013750000000000002 0.00625
2 0.306875 0.803125 0.013750000000000002 0.00625
2 0.304375 0.8125 0.015 0.00625
2 0.32156250000000003 0.7890625 0.015 0.00625
2 0.30375 0.89125 0.013750000000000002 0.0075
2 0.3203125 0.9084375 0.0125 0.0075
2 0.30375 0.9084375 0.013750000000000002 0.0075
2 0.319375 0.8678125 0.013750000000000002 0.0075
2 0.30625 0.8734375 0.0125 0.00625
2 0.3334375 0.9243750000000001 0.0075 0.01125
2 0.34125 0.8828125 0.013750000000000002 0.00625
2 0.3446875 0.8671875 0.01125 0.00625
2 0.3428125 0.850625 0.013750000000000002 0.0075
2 0.34750000000000003 0.8140625 0.013750000000000002 0.00625
2 0.3625 0.811875 0.0125 0.005
2 0.3465625 0.8025 0.015 0.005
2 0.346875 0.7671875 0.0125 0.00625
2 0.34750000000000003 0.7603125000000001 0.013750000000000002 0.005
2 0.34750000000000003 0.79125 0.013750000000000002 0.0075
2 0.506875 0.749375 0.0075 0.01125
2 0.735625 0.40625 0.008749999999999999 0.0125
2 0.8006249999999999 0.9256249999999999 0.013750000000000002 0.0075
2 0.8481249999999999 0.913125 0.015 0.0075
2 0.5375 0.994375 0.0125 0.0075
2 0.553125 0.9875 0.0125 0.00625
2 0.575 0.9809374999999999 0.0125 0.008749999999999999
2 0.5884375000000001 0.975625 0.01125 0.0075
2 0.599375 0.9724999999999999 0.01125 0.0075
2 0.6118750000000001 0.9678125 0.01125 0.0075
2 0.54125 0.9493750000000001 0.0075 0.01125
2 0.569375 0.9378125 0.0075 0.01
2 0.5821875000000001 0.9400000000000001 0.01125 0.01125
2 0.6115625 0.850625 0.0075 0.013750000000000002
2 0.6234375 0.9625 0.0125 0.00625
2 0.6546875 0.9506249999999999 0.0125 0.0075
2 0.6665625000000001 0.946875 0.01125 0.00625
2 0.678125 0.9434374999999999 0.0125 0.008749999999999999
2 0.729375 0.9668749999999999 0.008749999999999999 0.015
2 0.853125 0.9265625 0.0125 0.00625
2 0.8675 0.9271874999999999 0.01625 0.0075
2 0.884375 0.92875 0.0125 0.0075
2 0.89875 0.92875 0.01625 0.0075
2 0.9321875000000001 0.9303125 0.017499999999999998 0.0075
2 0.946875 0.915625 0.01875 0.00625
2 0.8943749999999999 0.8753125 0.0075 0.01
2 0.9078125 0.875625 0.00625 0.013750000000000002
2 0.9090624999999999 0.8634375000000001 0.008749999999999999 0.01125
2 0.8943749999999999 0.7943749999999999 0.0075 0.013750000000000002
2 0.906875 0.836875 0.0075 0.01125
2 0.9643750000000001 0.91625 0.01625 0.0075
2 0.9928125 0.9178124999999999 0.013750000000000002 0.0075
2 0.40625 0.9037499999999999 0.01875 0.0075
