2 0.0415625 0.7690625 0.017499999999999998 0.01625
2 0.191875 0.6034375 0.021249999999999998 0.0225
2 0.209375 0.6071875 0.03125 0.03
2 0.244375 0.571875 0.02 0.01875
2 0.2765625 0.6278125 0.0375 0.04
2 0.3609375 0.5540625 0.01875 0.017499999999999998
2 0.32625000000000004 0.5203125 0.021249999999999998 0.01875
2 0.42000000000000004 0.501875 0.015 0.01625
2 0.46281249999999996 0.4065625 0.0225 0.01625
2 0.5009375 0.35031249999999997 0.02375 0.0225
2 0.5409375 0.3259375 0.01625 0.017499999999999998
2 0.590625 0.350625 0.01875 0.02
2 0.6290625000000001 0.2421875 0.017499999999999998 0.01875
2 0.6275000000000001 0.1953125 0.017499999999999998 0.01875
2 0.5803125 0.169375 0.02 0.02
2 0.3421875 0.364375 0.01875 0.0225
2 0.33125 0.34875 0.0125 0.01625
2 0.40093750000000006 0.3459375 0.017499999999999998 0.02
2 0.29874999999999996 0.41281249999999997 0.0225 0.0225
2 0.4290625 0.28312499999999996 0.01125 0.0225
2 0.4359375 0.27531249999999996 0.0125 0.0225
2 0.4671875 0.2475 0.0125 0.02
2 0.8425 0.1075 0.01625 0.015
2 0.8184374999999999 0.145625 0.027500000000000004 0.0225
