2 0.19125 0.18625 0.013750000000000002 0.00375
2 0.5875 0.024375 0.0125 0.01125
2 0.5700000000000001 0.084375 0.008749999999999999 0.0125
2 0.5890625 0.11687499999999999 0.00625 0.015
2 0.578125 0.2084375 0.00625 0.013750000000000002
2 0.6 0.26187499999999997 0.00625 0.01125
2 0.600625 0.275625 0.0075 0.013750000000000002
2 0.58375 0.29 0.005 0.01125
2 0.5703125 0.10375000000000001 0.00625 0.013750000000000002
2 0.6912499999999999 0.049375 0.013750000000000002 0.005
2 0.65 0.04375 0.00625 0.0125
2 0.6912499999999999 0.5303125 0.013750000000000002 0.0075
2 0.68625 0.5575 0.01625 0.008749999999999999
2 0.53 0.56875 0.01 0.0125
2 0.5153125000000001 0.5743750000000001 0.008749999999999999 0.01125
2 0.46187500000000004 0.588125 0.01125 0.013750000000000002
2 0.0378125 0.225 0.01625 0.00625
2 0.91875 0.2446875 0.00625 0.01125
2 0.920625 0.260625 0.01 0.015
2 0.8859375 0.45531249999999995 0.0125 0.013750000000000002
2 0.8053125 0.48312499999999997 0.013750000000000002 0.01625
2 0.7953125 0.5540625 0.0125 0.017499999999999998
2 0.900625 0.29031250000000003 0.0075 0.015
2 0.385625 0.696875 0.008749999999999999 0.0125
2 0.395625 0.719375 0.01 0.013750000000000002
2 0.4659375 0.8578125 0.01 0.0125
2 0.47906250000000006 0.896875 0.01125 0.0125
2 0.4728125 0.9415625000000001 0.01125 0.017499999999999998
2 0.090625 0.82875 0.0125 0.013750000000000002
2 0.7681250000000001 0.7240624999999999 0.01125 0.013750000000000002
2 0.8087500000000001 0.765625 0.01125 0.0125
2 0.7965625000000001 0.7953125 0.008749999999999999 0.0125
2 0.8615625 0.7928124999999999 0.013750000000000002 0.0075
2 0.81875 0.85875 0.00625 0.01125
2 0.86625 0.953125 0.0075 0.0125
2 0.8453125 0.96125 0.00625 0.01
2 0.8709374999999999 0.978125 0.0075 0.0125
2 0.85125 0.9881249999999999 0.008749999999999999 0.013750000000000002
2 0.805 0.93125 0.01625 0.00625
2 0.2778125 0.5121875 0.008749999999999999 0.015
2 0.48624999999999996 0.8240624999999999 0.01625 0.0075
2 0.6671875 0.10406249999999999 0.00625 0.01125
2 0.8534375000000001 0.1521875 0.01625 0.0075
2 0.8875 0.046875 0.00625 0.0125
2 0.8884375 0.8706250000000001 0.017499999999999998 0.01
