2 0.396875 0.60875 0.0125 0.017499999999999998
2 0.46187500000000004 0.6799999999999999 0.01125 0.01
2 0.45625 0.68625 0.0125 0.01625
2 0.1575 0.14750000000000002 0.021249999999999998 0.013750000000000002
2 0.7215625 0.659375 0.015 0.025
2 0.6321875 0.5853125 0.017499999999999998 0.017499999999999998
2 0.5059375 0.5175 0.008749999999999999 0.01625
2 0.5878125 0.41156249999999994 0.01 0.013750000000000002
2 0.15812500000000002 0.634375 0.01 0.0125
2 0.17625 0.3665625 0.015 0.01125
2 0.1421875 0.38656250000000003 0.0125 0.0075
2 0.54 0.179375 0.01125 0.015
2 0.0228125 0.1871875 0.017499999999999998 0.008749999999999999
2 0.1609375 0.21937500000000001 0.00625 0.013750000000000002
2 0.16875 0.21781250000000002 0.00625 0.013750000000000002
2 0.18375 0.22625 0.01125 0.008749999999999999
2 0.0915625 0.371875 0.01125 0.0125
2 0.08937500000000001 0.39968750000000003 0.01625 0.008749999999999999
2 0.088125 0.40750000000000003 0.013750000000000002 0.008749999999999999
2 0.183125 0.390625 0.01 0.0125
2 0.32875 0.30593750000000003 0.013750000000000002 0.015
2 0.0475 0.7221875 0.013750000000000002 0.01
2 0.0540625 0.72875 0.01125 0.0075
2 0.4246875 0.9643750000000001 0.015 0.01
2 0.48375 0.785625 0.01125 0.015
2 0.8162499999999999 0.88125 0.013750000000000002 0.0125
2 0.9659375000000001 0.9434374999999999 0.01625 0.008749999999999999
2 0.9556250000000001 0.954375 0.01125 0.015
2 0.665625 0.85125 0.0125 0.015
2 0.3871875 0.5928125 0.015 0.02
2 0.28312499999999996 0.23156249999999998 0.01 0.01
2 0.28875 0.236875 0.008749999999999999 0.01125
2 0.30125 0.2228125 0.015 0.01125
2 0.3121875 0.2146875 0.008749999999999999 0.0075
2 0.51375 0.150625 0.008749999999999999 0.013750000000000002
2 0.5825 0.47437500000000005 0.008749999999999999 0.017499999999999998
2 0.6628125 0.631875 0.01 0.013750000000000002
2 0.8775000000000001 0.6434375 0.017499999999999998 0.008749999999999999
2 0.1846875 0.14781249999999999 0.01 0.01125
2 0.24312499999999998 0.18625 0.017499999999999998 0.01625
