2 0.11625 0.7184375000000001 0.026250000000000002 0.015
2 0.128125 0.7328125 0.025 0.0125
2 0.3890625 0.8790625000000001 0.025 0.01125
2 0.270625 0.9371875 0.0225 0.015
2 0.19593750000000001 0.943125 0.02 0.02375
2 0.724375 0.93875 0.01125 0.021249999999999998
2 0.8384375000000001 0.914375 0.02375 0.01625
2 0.8959374999999999 0.9365625 0.013750000000000002 0.02
2 0.9709375 0.9512499999999999 0.013750000000000002 0.021249999999999998
2 0.074375 0.954375 0.017499999999999998 0.027500000000000004
2 0.34562499999999996 0.94625 0.034999999999999996 0.017499999999999998
2 0.471875 0.9746874999999999 0.0125 0.021249999999999998
2 0.7121875 0.7375 0.027500000000000004 0.0125
