2 0.08687500000000001 0.2359375 0.017499999999999998 0.00625
2 0.17906249999999999 0.1909375 0.017499999999999998 0.01
2 0.6584375 0.4096875 0.02 0.01
2 0.9296875 0.4375 0.01875 0.00625
2 0.639375 0.5431250000000001 0.01 0.017499999999999998
2 0.5134375 0.754375 0.01125 0.015
2 0.826875 0.754375 0.01 0.015
2 0.6793750000000001 0.9271874999999999 0.008749999999999999 0.013750000000000002
2 0.8571875 0.9621875 0.017499999999999998 0.008749999999999999
2 0.9481249999999999 0.9340624999999999 0.008749999999999999 0.015
2 0.1109375 0.4625 0.0125 0.00625
2 0.0315625 0.680625 0.01 0.017499999999999998
2 0.025937500000000002 0.75 0.017499999999999998 0.00625
2 0.599375 0.8709374999999999 0.017499999999999998 0.0075
2 0.076875 0.198125 0.01625 0.008749999999999999
2 0.123125 0.195625 0.015 0.01
2 0.46125 0.19437500000000002 0.01625 0.0075
2 0.5496875 0.1890625 0.015 0.00625
2 0.6409374999999999 0.1690625 0.01625 0.01
2 0.7112499999999999 0.16468750000000001 0.01625 0.0075
2 0.6596875 0.2078125 0.01625 0.00625
2 0.7803125 0.20218750000000002 0.0075 0.013750000000000002
2 0.795 0.2028125 0.008749999999999999 0.015
2 0.8021874999999999 0.200625 0.0075 0.013750000000000002
2 0.7840625 0.3959375 0.008749999999999999 0.013750000000000002
2 0.9128125 0.4225 0.01625 0.0075
2 0.0403125 0.2875 0.008749999999999999 0.0125
2 0.43156249999999996 0.4175 0.01 0.01625
2 0.5996875 0.3559375 0.008749999999999999 0.015
2 0.285625 0.5434375 0.008749999999999999 0.015
2 0.7931250000000001 0.9646874999999999 0.017499999999999998 0.0075
2 0.46375 0.77625 0.008749999999999999 0.015
2 0.13874999999999998 0.9400000000000001 0.008749999999999999 0.01125
2 0.13218749999999999 0.9221875 0.005 0.01
