2 0.0565625 0.3196875 0.01625 0.04875
2 0.6174999999999999 0.516875 0.028749999999999998 0.015
2 0.5378125 0.5337500000000001 0.028749999999999998 0.01125
2 0.3978125 0.339375 0.02375 0.01
2 0.3915625 0.3228125 0.03 0.01125
2 0.506875 0.3259375 0.026250000000000002 0.01125
2 0.43187499999999995 0.3571875 0.026250000000000002 0.01125
2 0.3953125 0.40093750000000006 0.03125 0.01125
2 0.3903125 0.43187499999999995 0.03375 0.013750000000000002
2 0.3896875 0.4646875 0.0325 0.013750000000000002
2 0.42843749999999997 0.3090625 0.034999999999999996 0.015
2 0.030625000000000003 0.5818749999999999 0.03 0.013750000000000002
2 0.028749999999999998 0.5490625 0.026250000000000002 0.013750000000000002
2 0.471875 0.228125 0.0125 0.025
2 0.44000000000000006 0.22562500000000002 0.01125 0.026250000000000002
2 0.39625 0.226875 0.01125 0.028749999999999998
2 0.445625 0.145625 0.028749999999999998 0.01
2 0.3753125 0.14375 0.034999999999999996 0.0125
2 0.28875 0.14375 0.027500000000000004 0.0125
2 0.206875 0.14125000000000001 0.026250000000000002 0.013750000000000002
2 0.545625 0.1471875 0.028749999999999998 0.01
2 0.27718750000000003 0.8709374999999999 0.013750000000000002 0.026250000000000002
2 0.2109375 0.8671875 0.0125 0.025
2 0.1675 0.8890625 0.028749999999999998 0.0125
2 0.1640625 0.7925 0.01875 0.01
2 0.139375 0.7196875 0.0225 0.01125
2 0.0209375 0.851875 0.0325 0.0225
2 0.023125 0.74125 0.03375 0.026250000000000002
2 0.54 0.659375 0.03 0.0125
2 0.35031249999999997 0.6546875 0.028749999999999998 0.0125
2 0.52625 0.7162499999999999 0.015 0.0325
2 0.6849999999999999 0.6993750000000001 0.026250000000000002 0.02375
2 0.7474999999999999 0.56875 0.013750000000000002 0.03125
2 0.5803125 0.621875 0.013750000000000002 0.025
2 0.704375 0.480625 0.015 0.03625
2 0.7025 0.41531250000000003 0.017499999999999998 0.03375
2 0.7068749999999999 0.3740625 0.013750000000000002 0.026250000000000002
2 0.309375 0.869375 0.0125 0.026250000000000002
2 0.42874999999999996 0.9425000000000001 0.026250000000000002 0.01
2 0.7228125000000001 0.9096875000000001 0.017499999999999998 0.034999999999999996
2 0.745625 0.8237500000000001 0.01625 0.028749999999999998
2 0.680625 0.8628125000000001 0.03 0.028749999999999998
2 0.684375 0.81375 0.025 0.027500000000000004
2 0.684375 0.746875 0.025 0.025
2 0.9703125 0.645 0.03125 0.015
2 0.9103125000000001 0.6203125 0.01125 0.03125
2 0.8740625 0.6234375 0.013750000000000002 0.03125
2 0.8412499999999999 0.624375 0.013750000000000002 0.03
2 0.8153124999999999 0.9765625 0.027500000000000004 0.0125
2 0.756875 0.01875 0.013750000000000002 0.03125
2 0.5806250000000001 0.0115625 0.02375 0.02
2 0.4803125 0.038125 0.02 0.02
