2 0.13125 0.709375 0.025 0.0125
2 0.36906249999999996 0.6534375 0.0225 0.01
2 0.5974999999999999 0.6381249999999999 0.013750000000000002 0.0075
2 0.70125 0.66875 0.027500000000000004 0.0125
2 0.6221875 0.70625 0.0225 0.0125
2 0.415625 0.7106250000000001 0.0125 0.021249999999999998
2 0.44375 0.7056250000000001 0.01875 0.01125
2 0.9815625000000001 0.4575 0.0225 0.015
2 0.98125 0.289375 0.01875 0.01
2 0.9190625000000001 0.084375 0.01 0.025
2 0.990625 0.43 0.0125 0.0225
2 0.9865625 0.491875 0.02 0.008749999999999999
2 0.9949999999999999 0.6950000000000001 0.008749999999999999 0.015
2 0.75875 0.69375 0.01125 0.01875
2 0.5387500000000001 0.70625 0.021249999999999998 0.0125
2 0.605 0.9887499999999999 0.01 0.021249999999999998
2 0.6331249999999999 0.9868750000000001 0.0225 0.01125
2 0.13125 0.709375 0.025 0.0125
2 0.36906249999999996 0.6534375 0.0225 0.01
2 0.5974999999999999 0.6381249999999999 0.013750000000000002 0.0075
2 0.70125 0.66875 0.027500000000000004 0.0125
2 0.6221875 0.70625 0.0225 0.0125
2 0.415625 0.7106250000000001 0.0125 0.021249999999999998
2 0.44375 0.7056250000000001 0.01875 0.01125
2 0.9815625000000001 0.4575 0.0225 0.015
2 0.98125 0.289375 0.01875 0.01
2 0.9190625000000001 0.084375 0.01 0.025
2 0.990625 0.43 0.0125 0.0225
2 0.9865625 0.491875 0.02 0.008749999999999999
2 0.9949999999999999 0.6950000000000001 0.008749999999999999 0.015
2 0.75875 0.69375 0.01125 0.01875
2 0.5387500000000001 0.70625 0.021249999999999998 0.0125
2 0.605 0.9887499999999999 0.01 0.021249999999999998
2 0.6331249999999999 0.9868750000000001 0.0225 0.01125
