2 0.723125 0.3978125 0.015 0.01125
2 0.6246875000000001 0.34968750000000004 0.008749999999999999 0.008749999999999999
2 0.6609375 0.35031249999999997 0.0125 0.01
2 0.6609375 0.366875 0.0125 0.008749999999999999
2 0.6599999999999999 0.390625 0.013750000000000002 0.0125
2 0.6834374999999999 0.370625 0.013750000000000002 0.01
2 0.6853125 0.38937499999999997 0.01125 0.01
2 0.6859375 0.40031249999999996 0.0125 0.01
2 0.600625 0.3196875 0.013750000000000002 0.01125
2 0.55125 0.301875 0.015 0.01
2 0.5349999999999999 0.3146875 0.013750000000000002 0.0075
2 0.529375 0.32156250000000003 0.015 0.008749999999999999
