2 0.379375 0.40093750000000006 0.015 0.017499999999999998
2 0.375 0.3921875 0.0125 0.0125
2 0.385 0.4096875 0.013750000000000002 0.01625
2 0.4046875 0.43062500000000004 0.0125 0.017499999999999998
2 0.38937499999999997 0.4265625 0.01625 0.0125
2 0.8978125 0.596875 0.017499999999999998 0.0125
2 0.9209375 0.58125 0.013750000000000002 0.0125
2 0.8315625000000001 0.7178125 0.0225 0.0325
2 0.859375 0.7015625 0.01875 0.025
2 0.84375 0.728125 0.01875 0.025
2 0.9262499999999999 0.6537499999999999 0.008749999999999999 0.013750000000000002
2 0.9490624999999999 0.67875 0.013750000000000002 0.013750000000000002
2 0.9490624999999999 0.6028125 0.013750000000000002 0.008749999999999999
2 0.9434374999999999 0.6265625 0.008749999999999999 0.0125
2 0.15531250000000002 0.52 0.013750000000000002 0.008749999999999999
2 0.2296875 0.456875 0.00625 0.013750000000000002
2 0.19125 0.5125 0.013750000000000002 0.0125
2 0.3225 0.52 0.013750000000000002 0.008749999999999999
2 0.338125 0.528125 0.013750000000000002 0.0125
2 0.185 0.525625 0.013750000000000002 0.0075
2 0.2303125 0.663125 0.0075 0.013750000000000002
2 0.23500000000000001 0.665625 0.0075 0.0125
2 0.244375 0.6725 0.0075 0.013750000000000002
2 0.250625 0.6765625 0.0075 0.0125
2 0.256875 0.678125 0.0075 0.0125
2 0.263125 0.6828125 0.0075 0.0125
2 0.26875 0.6849999999999999 0.00625 0.013750000000000002
2 0.41624999999999995 0.61625 0.0075 0.013750000000000002
2 0.45125000000000004 0.55625 0.008749999999999999 0.0125
2 0.49343750000000003 0.525 0.008749999999999999 0.0125
2 0.45375 0.5959375 0.0075 0.013750000000000002
2 0.429375 0.635 0.008749999999999999 0.013750000000000002
2 0.42312500000000003 0.646875 0.008749999999999999 0.0125
2 0.416875 0.659375 0.008749999999999999 0.0125
2 0.46312499999999995 0.578125 0.0075 0.0125
2 0.428125 0.594375 0.0125 0.013750000000000002
2 0.29031250000000003 0.946875 0.021249999999999998 0.0125
2 0.274375 0.9584374999999999 0.017499999999999998 0.0075
2 0.3125 0.9262499999999999 0.01875 0.008749999999999999
2 0.354375 0.370625 0.015 0.01625
2 0.3459375 0.396875 0.013750000000000002 0.0125
2 0.0078125 0.37625000000000003 0.0125 0.008749999999999999
2 0.021875 0.3853125 0.0125 0.01125
2 0.0084375 0.44625000000000004 0.0075 0.01125
2 0.017812500000000002 0.446875 0.0075 0.0125
2 0.025625 0.44875 0.0075 0.01625
2 0.031875 0.453125 0.0075 0.01875
2 0.406875 0.8565625000000001 0.013750000000000002 0.01
2 0.4078125 0.8659375 0.0125 0.01
2 0.39437500000000003 0.8165625000000001 0.0075 0.01125
2 0.438125 0.6212500000000001 0.0075 0.01125
2 0.32406250000000003 0.6034375 0.0075 0.01
2 0.338125 0.5796875 0.0075 0.0125
2 0.3440625 0.5671875 0.01 0.0125
2 0.43093750000000003 0.41968750000000005 0.008749999999999999 0.01125
2 0.24906250000000002 0.47093749999999995 0.0075 0.013750000000000002
2 0.199375 0.5025000000000001 0.01125 0.01125
2 0.8171875 0.9465625 0.0125 0.008749999999999999
2 0.7509375 0.8246874999999999 0.01125 0.008749999999999999
2 0.81375 0.7971874999999999 0.008749999999999999 0.01
2 0.8046875 0.9668749999999999 0.0125 0.008749999999999999
2 0.765 0.76875 0.01125 0.0125
2 0.7575000000000001 0.7825 0.008749999999999999 0.008749999999999999
2 0.750625 0.7915625000000001 0.0075 0.01125
2 0.7503124999999999 0.8128125 0.01 0.01
2 0.936875 0.63875 0.01125 0.015
2 0.8943749999999999 0.54 0.0075 0.01125
2 0.9515625 0.4759375 0.00625 0.01125
