2 0.51375 0.05 0.008749999999999999 0.0125
2 0.22000000000000003 0.2203125 0.008749999999999999 0.0125
2 0.3328125 0.27937500000000004 0.01875 0.008749999999999999
2 0.5546875 0.2834375 0.01875 0.0075
2 0.65625 0.2640625 0.01875 0.00625
2 0.713125 0.2765625 0.013750000000000002 0.00625
2 0.46687500000000004 0.0515625 0.015 0.00625
2 0.4690625 0.0578125 0.01625 0.00625
2 0.2603125 0.125 0.017499999999999998 0.00625
2 0.8334374999999999 0.1575 0.013750000000000002 0.015
2 0.5203125 0.1990625 0.00625 0.013750000000000002
2 0.7731250000000001 0.2734375 0.015 0.00625
2 0.7931250000000001 0.2575 0.017499999999999998 0.008749999999999999
2 0.97 0.7846875 0.015 0.01
2 0.9671875 0.7703125 0.01875 0.00625
2 0.9896874999999999 0.7318749999999999 0.0075 0.013750000000000002
2 0.6553125 0.595 0.0075 0.015
2 0.46312499999999995 0.5653125 0.0075 0.015
2 0.6575 0.618125 0.008749999999999999 0.017499999999999998
2 0.76 0.91875 0.013750000000000002 0.00625
2 0.781875 0.9390625 0.0075 0.0125
2 0.7934375 0.9390625 0.008749999999999999 0.0125
2 0.8684375 0.900625 0.015 0.0075
2 0.915 0.9112500000000001 0.017499999999999998 0.01
2 0.006562500000000001 0.78 0.01 0.01625
2 0.0696875 0.9365625 0.017499999999999998 0.0075
2 0.21937500000000001 0.8765625 0.0075 0.0125
2 0.26125 0.4771875 0.01625 0.0075
2 0.0125 0.021562500000000002 0.01875 0.008749999999999999
2 0.21437499999999998 0.1590625 0.01 0.015
2 0.213125 0.141875 0.0075 0.015
2 0.1721875 0.18812500000000001 0.01625 0.0075
2 0.2184375 0.190625 0.008749999999999999 0.0125
2 0.24312499999999998 0.1721875 0.017499999999999998 0.01
2 0.45999999999999996 0.1825 0.013750000000000002 0.008749999999999999
2 0.12625 0.32625000000000004 0.008749999999999999 0.015
2 0.027500000000000004 0.71875 0.01125 0.00625
2 0.03625 0.7515625 0.01625 0.00625
2 0.10625 0.9025000000000001 0.00625 0.01125
2 0.6140625 0.7887500000000001 0.01875 0.008749999999999999
2 0.6178125 0.7965625000000001 0.013750000000000002 0.008749999999999999
2 0.7265625 0.7678125 0.01875 0.0075
2 0.3890625 0.7421875 0.01875 0.00625
2 0.3825 0.5065625 0.008749999999999999 0.01625
2 0.73875 0.306875 0.008749999999999999 0.013750000000000002
2 0.6125 0.2809375 0.01875 0.008749999999999999
2 0.6793750000000001 0.263125 0.015 0.0075
2 0.74375 0.25906250000000003 0.01875 0.008749999999999999
2 0.914375 0.3596875 0.01 0.01
2 0.9446875 0.428125 0.01125 0.00625
2 0.9471875000000001 0.448125 0.01625 0.008749999999999999
2 0.780625 0.8618750000000001 0.005 0.01125
2 0.7803125 0.8484375 0.0075 0.0125
2 0.515625 0.9324999999999999 0.01875 0.008749999999999999
2 0.433125 0.9246874999999999 0.01625 0.008749999999999999
2 0.46687500000000004 0.9668749999999999 0.008749999999999999 0.015
