2 0.9043749999999999 0.778125 0.027500000000000004 0.0125
2 0.71 0.8162499999999999 0.026250000000000002 0.013750000000000002
2 0.7615624999999999 0.776875 0.026250000000000002 0.01625
2 0.6925 0.7503124999999999 0.028749999999999998 0.01625
2 0.6775 0.2528125 0.01125 0.027500000000000004
2 0.7228125000000001 0.9393750000000001 0.005 0.01
2 0.7234375 0.8618750000000001 0.00625 0.01125
2 0.733125 0.8096875000000001 0.01 0.01
2 0.7321875 0.748125 0.01125 0.015
2 0.684375 0.3796875 0.00625 0.01875
2 0.75625 0.32875 0.00625 0.013750000000000002
2 0.715625 0.291875 0.00625 0.015
2 0.510625 0.2990625 0.027500000000000004 0.0075
2 0.5753125 0.299375 0.01625 0.005
2 0.990625 0.44125 0.0125 0.0075
