2 0.23718750000000002 0.09 0.015 0.017499999999999998
2 0.1796875 0.1078125 0.01875 0.0125
2 0.18843749999999998 0.1275 0.017499999999999998 0.017499999999999998
2 0.41593749999999996 0.28875 0.0225 0.015
2 0.40125 0.3146875 0.015 0.013750000000000002
2 0.34625 0.3234375 0.017499999999999998 0.0125
2 0.335625 0.3415625 0.015 0.01125
2 0.323125 0.356875 0.015 0.013750000000000002
2 0.31843750000000004 0.3675 0.021249999999999998 0.01625
2 0.3825 0.34875 0.021249999999999998 0.01625
2 0.3725 0.36124999999999996 0.02 0.01625
2 0.3565625 0.38468749999999996 0.01625 0.01
2 0.32625000000000004 0.433125 0.021249999999999998 0.01625
2 0.316875 0.44875 0.021249999999999998 0.01625
2 0.29375 0.48 0.01875 0.01625
2 0.24906250000000002 0.46749999999999997 0.02 0.01625
2 0.281875 0.504375 0.02 0.015
2 0.191875 0.556875 0.015 0.013750000000000002
2 0.2053125 0.6221875 0.02 0.01625
2 0.01625 0.673125 0.02 0.015
2 0.1625 0.6825 0.01875 0.015
2 0.1459375 0.7162499999999999 0.02 0.013750000000000002
2 0.075625 0.74 0.02 0.017499999999999998
2 0.09812499999999999 0.7871875 0.021249999999999998 0.015
2 0.113125 0.29312499999999997 0.02 0.02375
2 0.1390625 0.3096875 0.01875 0.0225
