2 0.4528125 0.8393750000000001 0.008749999999999999 0.01
2 0.45843749999999994 0.8440625 0.0075 0.01
2 0.46218750000000003 0.8509375 0.008749999999999999 0.01125
2 0.47000000000000003 0.8609375 0.008749999999999999 0.0125
2 0.3784375 0.9071875 0.01 0.005
2 0.6028125 0.9237500000000001 0.008749999999999999 0.01
2 0.5475 0.929375 0.0075 0.008749999999999999
2 0.55125 0.9375 0.008749999999999999 0.00625
2 0.56125 0.953125 0.01 0.00625
2 0.5709375 0.96875 0.0075 0.00625
2 0.579375 0.98125 0.008749999999999999 0.00625
2 0.5543750000000001 0.9834375 0.008749999999999999 0.0075
2 0.509375 0.906875 0.00625 0.0075
2 0.51875 0.9215625 0.00625 0.008749999999999999
2 0.5125 0.9146875 0.00625 0.0075
2 0.074375 0.7075 0.005 0.008749999999999999
2 0.068125 0.708125 0.005 0.01
2 0.064375 0.7059375 0.00375 0.008749999999999999
2 0.080625 0.665 0.005 0.01125
2 0.0759375 0.6643749999999999 0.005 0.01
2 0.0690625 0.6653125 0.00375 0.008749999999999999
2 0.20968749999999997 0.6359375 0.01 0.00625
2 0.583125 0.5 0.01 0.00625
2 0.58375 0.538125 0.01125 0.0075
2 0.5640625 0.5275000000000001 0.00625 0.01125
2 0.5503125 0.5025000000000001 0.01 0.005
2 0.5806250000000001 0.4875 0.01125 0.00625
2 0.5753125 0.4921875 0.01 0.00625
2 0.576875 0.4796875 0.01 0.00625
2 0.5496875 0.49625 0.008749999999999999 0.005
2 0.47125000000000006 0.43843750000000004 0.01125 0.005
2 0.4325 0.4525 0.008749999999999999 0.005
2 0.4221875 0.4525 0.01 0.005
2 0.28312499999999996 0.11781250000000001 0.01 0.0075
2 0.27375 0.13125 0.01 0.00625
2 0.50125 0.0315625 0.008749999999999999 0.01
2 0.5059375 0.026875 0.008749999999999999 0.01
2 0.5096875 0.0221875 0.01 0.01
2 0.5231250000000001 0.038125 0.008749999999999999 0.0075
2 0.5337500000000001 0.03875 0.005 0.008749999999999999
2 0.526875 0.0325 0.01 0.008749999999999999
2 0.5334375 0.0209375 0.0075 0.0075
2 0.5396875 0.021249999999999998 0.0075 0.01125
2 0.54375 0.014687500000000001 0.00625 0.0075
2 0.54875 0.0128125 0.01 0.01
2 0.55375 0.0075 0.0075 0.008749999999999999
2 0.5584374999999999 0.0053124999999999995 0.0075 0.0075
2 0.5384375 0.0390625 0.005 0.0125
2 0.5431250000000001 0.03625 0.005 0.01
2 0.54875 0.0378125 0.00375 0.01
2 0.5540625 0.03875 0.005 0.008749999999999999
2 0.5728125000000001 0.039375 0.005 0.01
2 0.58125 0.039375 0.00625 0.01
2 0.58125 0.0290625 0.00625 0.01125
2 0.5884375000000001 0.027187499999999996 0.005 0.0075
2 0.56875 0.028437499999999998 0.00625 0.01
2 0.59375 0.03875 0.00625 0.008749999999999999
2 0.5884375000000001 0.039375 0.005 0.01
2 0.6 0.0378125 0.00625 0.01
2 0.7106250000000001 0.944375 0.008749999999999999 0.0075
2 0.7521875 0.9012499999999999 0.0075 0.008749999999999999
2 0.7396874999999999 0.9615625 0.0075 0.0075
2 0.9574999999999999 0.9678125 0.008749999999999999 0.0075
2 0.9653124999999999 0.965625 0.008749999999999999 0.00625
2 0.9706250000000001 0.9818749999999999 0.01 0.0075
2 0.9574999999999999 0.9881249999999999 0.008749999999999999 0.0075
2 0.945 0.99125 0.008749999999999999 0.0075
2 0.838125 0.8931250000000001 0.0075 0.01125
2 0.846875 0.9175000000000001 0.00625 0.01
2 0.9625 0.851875 0.00625 0.01
2 0.4528125 0.8393750000000001 0.008749999999999999 0.01
2 0.45843749999999994 0.8440625 0.0075 0.01
2 0.46218750000000003 0.8509375 0.008749999999999999 0.01125
2 0.47000000000000003 0.8609375 0.008749999999999999 0.0125
2 0.3784375 0.9071875 0.01 0.005
2 0.6028125 0.9237500000000001 0.008749999999999999 0.01
2 0.5475 0.929375 0.0075 0.008749999999999999
2 0.55125 0.9375 0.008749999999999999 0.00625
2 0.56125 0.953125 0.01 0.00625
2 0.5709375 0.96875 0.0075 0.00625
2 0.579375 0.98125 0.008749999999999999 0.00625
2 0.5543750000000001 0.9834375 0.008749999999999999 0.0075
2 0.509375 0.906875 0.00625 0.0075
2 0.51875 0.9215625 0.00625 0.008749999999999999
2 0.5125 0.9146875 0.00625 0.0075
2 0.074375 0.7075 0.005 0.008749999999999999
2 0.068125 0.708125 0.005 0.01
2 0.064375 0.7059375 0.00375 0.008749999999999999
2 0.080625 0.665 0.005 0.01125
2 0.0759375 0.6643749999999999 0.005 0.01
2 0.0690625 0.6653125 0.00375 0.008749999999999999
2 0.20968749999999997 0.6359375 0.01 0.00625
2 0.583125 0.5 0.01 0.00625
2 0.58375 0.538125 0.01125 0.0075
2 0.5640625 0.5275000000000001 0.00625 0.01125
2 0.5503125 0.5025000000000001 0.01 0.005
2 0.5806250000000001 0.4875 0.01125 0.00625
2 0.5753125 0.4921875 0.01 0.00625
2 0.576875 0.4796875 0.01 0.00625
2 0.5496875 0.49625 0.008749999999999999 0.005
2 0.47125000000000006 0.43843750000000004 0.01125 0.005
2 0.4325 0.4525 0.008749999999999999 0.005
2 0.4221875 0.4525 0.01 0.005
2 0.28312499999999996 0.11781250000000001 0.01 0.0075
2 0.27375 0.13125 0.01 0.00625
2 0.50125 0.0315625 0.008749999999999999 0.01
2 0.5059375 0.026875 0.008749999999999999 0.01
2 0.5096875 0.0221875 0.01 0.01
2 0.5231250000000001 0.038125 0.008749999999999999 0.0075
2 0.5337500000000001 0.03875 0.005 0.008749999999999999
2 0.526875 0.0325 0.01 0.008749999999999999
2 0.5334375 0.0209375 0.0075 0.0075
2 0.5396875 0.021249999999999998 0.0075 0.01125
2 0.54375 0.014687500000000001 0.00625 0.0075
2 0.54875 0.0128125 0.01 0.01
2 0.55375 0.0075 0.0075 0.008749999999999999
2 0.5584374999999999 0.0053124999999999995 0.0075 0.0075
2 0.5384375 0.0390625 0.005 0.0125
2 0.5431250000000001 0.03625 0.005 0.01
2 0.54875 0.0378125 0.00375 0.01
2 0.5540625 0.03875 0.005 0.008749999999999999
2 0.5728125000000001 0.039375 0.005 0.01
2 0.58125 0.039375 0.00625 0.01
2 0.58125 0.0290625 0.00625 0.01125
2 0.5884375000000001 0.027187499999999996 0.005 0.0075
2 0.56875 0.028437499999999998 0.00625 0.01
2 0.59375 0.03875 0.00625 0.008749999999999999
2 0.5884375000000001 0.039375 0.005 0.01
2 0.6 0.0378125 0.00625 0.01
2 0.7106250000000001 0.944375 0.008749999999999999 0.0075
2 0.7521875 0.9012499999999999 0.0075 0.008749999999999999
2 0.7396874999999999 0.9615625 0.0075 0.0075
2 0.9574999999999999 0.9678125 0.008749999999999999 0.0075
2 0.9653124999999999 0.965625 0.008749999999999999 0.00625
2 0.9706250000000001 0.9818749999999999 0.01 0.0075
2 0.9574999999999999 0.9881249999999999 0.008749999999999999 0.0075
2 0.945 0.99125 0.008749999999999999 0.0075
2 0.838125 0.8931250000000001 0.0075 0.01125
2 0.846875 0.9175000000000001 0.00625 0.01
2 0.9625 0.851875 0.00625 0.01
