2 0.155 0.9796875 0.01625 0.00625
2 0.851875 0.94375 0.01625 0.00625
2 0.8859375 0.9396875 0.0125 0.0075
2 0.7134375000000001 0.9328125 0.017499999999999998 0.00625
2 0.6950000000000001 0.946875 0.015 0.00625
2 0.6734375 0.659375 0.00625 0.0125
2 0.8025 0.6174999999999999 0.01125 0.01625
2 0.9887499999999999 0.64125 0.008749999999999999 0.013750000000000002
2 0.6878124999999999 0.4203125 0.01 0.0125
2 0.79625 0.13374999999999998 0.01125 0.01125
2 0.79875 0.151875 0.01625 0.01
2 0.590625 0.22125 0.0125 0.01125
2 0.6021875 0.23093750000000002 0.013750000000000002 0.015
2 0.7125 0.1978125 0.0125 0.01125
2 0.7403125 0.1775 0.015 0.01125
2 0.7546875 0.165625 0.0125 0.0125
2 0.8765625 0.034375 0.0125 0.0125
2 0.755 0.139375 0.01 0.01625
2 0.79125 0.09625 0.013750000000000002 0.01125
2 0.595625 0.40125 0.01 0.015
2 0.51625 0.49124999999999996 0.013750000000000002 0.013750000000000002
2 0.5015625 0.500625 0.0125 0.013750000000000002
2 0.510625 0.7849999999999999 0.015 0.0075
2 0.6346875 0.93875 0.01625 0.008749999999999999
2 0.655 0.9356249999999999 0.01625 0.008749999999999999
2 0.8556250000000001 0.8859375 0.005 0.0125
2 0.135625 0.9790625000000001 0.015 0.01125
2 0.1796875 0.9793749999999999 0.01875 0.008749999999999999
2 0.010624999999999999 0.2053125 0.015 0.013750000000000002
2 0.8121875 0.703125 0.008749999999999999 0.0125
