2 0.3325 0.9834375 0.008749999999999999 0.02
2 0.2940625 0.9678125 0.01625 0.013750000000000002
2 0.273125 0.991875 0.015 0.015
2 0.9803124999999999 0.2884375 0.013750000000000002 0.017499999999999998
2 0.9746874999999999 0.2946875 0.015 0.017499999999999998
2 0.9525 0.34968750000000004 0.01125 0.008749999999999999
2 0.9268750000000001 0.3171875 0.01625 0.0125
2 0.0125 0.175 0.0125 0.01875
2 0.01625 0.2321875 0.013750000000000002 0.017499999999999998
2 0.026250000000000002 0.22749999999999998 0.015 0.017499999999999998
2 0.0421875 0.2190625 0.0125 0.01625
2 0.0590625 0.20875 0.015 0.017499999999999998
2 0.071875 0.22718750000000001 0.0125 0.013750000000000002
2 0.0615625 0.230625 0.013750000000000002 0.017499999999999998
2 0.051875000000000004 0.2340625 0.01 0.015
2 0.04375 0.23937499999999998 0.0125 0.01625
2 0.0359375 0.2446875 0.0125 0.017499999999999998
2 0.027500000000000004 0.2475 0.01125 0.013750000000000002
2 0.013125000000000001 0.2578125 0.013750000000000002 0.01875
2 0.0840625 0.2134375 0.015 0.017499999999999998
2 0.0996875 0.20218750000000002 0.015 0.02
2 0.1084375 0.1978125 0.013750000000000002 0.017499999999999998
2 0.12625 0.18687499999999999 0.015 0.017499999999999998
2 0.16499999999999998 0.1596875 0.01125 0.01625
2 0.18 0.15 0.01625 0.01875
2 0.18812500000000001 0.14375 0.013750000000000002 0.01875
2 0.1940625 0.136875 0.01625 0.017499999999999998
2 0.1928125 0.19875 0.013750000000000002 0.01625
2 0.1771875 0.205625 0.013750000000000002 0.017499999999999998
2 0.0821875 0.27375 0.01125 0.01625
2 0.0678125 0.2840625 0.013750000000000002 0.015
2 0.059375 0.29031250000000003 0.0125 0.015
2 0.053125 0.29562499999999997 0.0125 0.01625
2 0.042812499999999996 0.3003125 0.013750000000000002 0.01625
2 0.034375 0.304375 0.0125 0.015
2 0.0265625 0.31062500000000004 0.0125 0.015
2 0.018437500000000002 0.31656249999999997 0.015 0.017499999999999998
2 0.0109375 0.3228125 0.0125 0.017499999999999998
2 0.006562500000000001 0.3271875 0.01 0.02
2 0.9715624999999999 0.82 0.015 0.015
2 0.8943749999999999 0.865 0.013750000000000002 0.017499999999999998
2 0.89625 0.8306250000000001 0.017499999999999998 0.01125
2 0.0053124999999999995 0.24312499999999998 0.0075 0.017499999999999998
