2 0.764375 0.623125 0.01 0.008749999999999999
2 0.7803125 0.625625 0.0075 0.0075
2 0.5971875 0.661875 0.01 0.005
2 0.50875 0.7353125 0.01125 0.01125
2 0.22625 0.7659374999999999 0.008749999999999999 0.01
2 0.040625 0.7675 0.00625 0.01
2 0.1609375 0.7259375 0.00625 0.01125
2 0.125 0.7046875 0.00625 0.0125
2 0.17625 0.709375 0.008749999999999999 0.00625
2 0.10375000000000001 0.7446875000000001 0.0075 0.01125
2 0.15812500000000002 0.7575000000000001 0.01 0.008749999999999999
2 0.1525 0.69625 0.005 0.01125
2 0.10687500000000001 0.7150000000000001 0.0075 0.01125
2 0.1546875 0.7253125 0.00625 0.01
2 0.1403125 0.7215625 0.008749999999999999 0.008749999999999999
2 0.1203125 0.7175 0.00625 0.01
2 0.1328125 0.719375 0.00625 0.0075
2 0.1265625 0.7190624999999999 0.00625 0.01
2 0.35343749999999996 0.6900000000000001 0.01 0.005
2 0.3565625 0.6953125 0.01 0.00625
2 0.365 0.7171875 0.01125 0.00625
2 0.22593749999999999 0.426875 0.017499999999999998 0.0225
