2 0.2425 0.140625 0.01625 0.00625
2 0.3384375 0.13125 0.017499999999999998 0.00625
2 0.4225 0.1078125 0.0075 0.0125
2 0.82875 0.024375 0.013750000000000002 0.01125
2 0.718125 0.1265625 0.017499999999999998 0.00625
2 0.5775 0.16343749999999999 0.005 0.01125
2 0.017812500000000002 0.2071875 0.013750000000000002 0.01125
2 0.006562500000000001 0.21749999999999997 0.01 0.01
2 0.63 0.776875 0.01 0.01
2 0.9 0.6537499999999999 0.00625 0.013750000000000002
2 0.7871875 0.4246875 0.015 0.008749999999999999
2 0.7453125 0.399375 0.00625 0.01125
2 0.61875 0.5231250000000001 0.01875 0.008749999999999999
2 0.6984375 0.45875000000000005 0.0125 0.01125
2 0.20750000000000002 0.22000000000000003 0.008749999999999999 0.015
2 0.19468749999999999 0.1915625 0.01125 0.01125
2 0.2425 0.140625 0.01625 0.00625
2 0.3384375 0.13125 0.017499999999999998 0.00625
2 0.4225 0.1078125 0.0075 0.0125
2 0.82875 0.024375 0.013750000000000002 0.01125
2 0.718125 0.1265625 0.017499999999999998 0.00625
2 0.5775 0.16343749999999999 0.005 0.01125
2 0.017812500000000002 0.2071875 0.013750000000000002 0.01125
2 0.006562500000000001 0.21749999999999997 0.01 0.01
2 0.63 0.776875 0.01 0.01
2 0.9 0.6537499999999999 0.00625 0.013750000000000002
2 0.7871875 0.4246875 0.015 0.008749999999999999
2 0.7453125 0.399375 0.00625 0.01125
2 0.61875 0.5231250000000001 0.01875 0.008749999999999999
2 0.6984375 0.45875000000000005 0.0125 0.01125
2 0.20750000000000002 0.22000000000000003 0.008749999999999999 0.015
2 0.19468749999999999 0.1915625 0.01125 0.01125
