2 0.5471874999999999 0.11499999999999999 0.01625 0.01125
2 0.5387500000000001 0.16 0.008749999999999999 0.02
2 0.41500000000000004 0.42874999999999996 0.017499999999999998 0.0075
2 0.436875 0.418125 0.01125 0.01125
2 0.85375 0.31875 0.013750000000000002 0.00625
2 0.9771875 0.18375 0.013750000000000002 0.01125
2 0.8481249999999999 0.43499999999999994 0.015 0.013750000000000002
2 0.83625 0.4221875 0.01625 0.01625
2 0.94625 0.5734375 0.01125 0.0125
2 0.9490624999999999 0.9199999999999999 0.0075 0.015
2 0.9403124999999999 0.921875 0.008749999999999999 0.0125
2 0.9234375 0.92875 0.00625 0.013750000000000002
2 0.906875 0.9340624999999999 0.0075 0.015
2 0.9140625 0.93 0.00625 0.01625
2 0.8778124999999999 0.9721875000000001 0.008749999999999999 0.01625
2 0.896875 0.9668749999999999 0.00625 0.015
2 0.9075 0.9659375000000001 0.008749999999999999 0.01625
2 0.9353125 0.9581250000000001 0.01125 0.01625
2 0.9496874999999999 0.9528125 0.008749999999999999 0.015
2 0.9621875 0.9506249999999999 0.008749999999999999 0.02
2 0.3721875 0.95375 0.01 0.013750000000000002
2 0.36593749999999997 0.959375 0.01 0.0125
2 0.3615625 0.9640625 0.0075 0.0125
2 0.3525 0.969375 0.01125 0.013750000000000002
2 0.339375 0.9668749999999999 0.01 0.015
2 0.301875 0.9731249999999999 0.01 0.015
2 0.294375 0.978125 0.0075 0.0125
2 0.28781249999999997 0.9815625000000001 0.01 0.01625
2 0.27937500000000004 0.9865625 0.008749999999999999 0.013750000000000002
2 0.2453125 0.905 0.0125 0.01
2 0.240625 0.91875 0.0125 0.00625
