2 0.1578125 0.2228125 0.0125 0.042499999999999996
2 0.1375 0.2328125 0.0125 0.05
2 0.1340625 0.3078125 0.008749999999999999 0.05
2 0.146875 0.385625 0.0125 0.04
2 0.128125 0.440625 0.0125 0.025
2 0.6953125 0.4034375 0.0125 0.028749999999999998
2 0.7106250000000001 0.40499999999999997 0.008749999999999999 0.034999999999999996
2 0.720625 0.40499999999999997 0.01 0.034999999999999996
2 0.2475 0.123125 0.013750000000000002 0.008749999999999999
2 0.25875 0.1596875 0.017499999999999998 0.01
2 0.3715625 0.1403125 0.015 0.008749999999999999
2 0.5084375 0.175625 0.013750000000000002 0.0075
2 0.846875 0.1984375 0.0125 0.00625
2 0.8006249999999999 0.045625 0.026250000000000002 0.01
2 0.900625 0.0590625 0.02 0.008749999999999999
2 0.991875 0.0753125 0.015 0.01
2 0.585 0.0240625 0.02 0.0075
2 0.256875 0.7296875 0.045 0.0125
2 0.308125 0.7334375 0.0475 0.013750000000000002
2 0.36312500000000003 0.7375 0.05125 0.0125
2 0.45218749999999996 0.7409375 0.045 0.01
2 0.1578125 0.2228125 0.0125 0.042499999999999996
2 0.1375 0.2328125 0.0125 0.05
2 0.1340625 0.3078125 0.008749999999999999 0.05
2 0.146875 0.385625 0.0125 0.04
2 0.128125 0.440625 0.0125 0.025
2 0.6953125 0.4034375 0.0125 0.028749999999999998
2 0.7106250000000001 0.40499999999999997 0.008749999999999999 0.034999999999999996
2 0.720625 0.40499999999999997 0.01 0.034999999999999996
2 0.2475 0.123125 0.013750000000000002 0.008749999999999999
2 0.25875 0.1596875 0.017499999999999998 0.01
2 0.3715625 0.1403125 0.015 0.008749999999999999
2 0.5084375 0.175625 0.013750000000000002 0.0075
2 0.846875 0.1984375 0.0125 0.00625
2 0.8006249999999999 0.045625 0.026250000000000002 0.01
2 0.900625 0.0590625 0.02 0.008749999999999999
2 0.991875 0.0753125 0.015 0.01
2 0.585 0.0240625 0.02 0.0075
2 0.256875 0.7296875 0.045 0.0125
2 0.308125 0.7334375 0.0475 0.013750000000000002
2 0.36312500000000003 0.7375 0.05125 0.0125
2 0.45218749999999996 0.7409375 0.045 0.01
