2 0.028749999999999998 0.5375 0.026250000000000002 0.00625
2 0.401875 0.5465625000000001 0.028749999999999998 0.008749999999999999
2 0.3584375 0.5996875 0.026250000000000002 0.008749999999999999
2 0.36062500000000003 0.6159375 0.027500000000000004 0.01
2 0.396875 0.5965625 0.025 0.008749999999999999
2 0.3353125 0.6928124999999999 0.03 0.0075
2 0.3903125 0.6996875 0.027500000000000004 0.008749999999999999
2 0.38625 0.6743750000000001 0.028749999999999998 0.01125
2 0.4184375 0.67625 0.027500000000000004 0.008749999999999999
2 0.4215625 0.6990624999999999 0.027500000000000004 0.0075
2 0.42312500000000003 0.6453125 0.027500000000000004 0.0125
2 0.475 0.6428125 0.025 0.0075
2 0.476875 0.6756249999999999 0.028749999999999998 0.0075
2 0.464375 0.589375 0.028749999999999998 0.01
2 0.5337500000000001 0.625 0.02375 0.00625
2 0.503125 0.645 0.025 0.008749999999999999
2 0.6071875 0.5459375 0.03 0.0075
2 0.6284375 0.43562500000000004 0.028749999999999998 0.008749999999999999
