2 0.18875 0.44281249999999994 0.008749999999999999 0.026250000000000002
2 0.19 0.661875 0.01125 0.03
2 0.15687500000000001 0.09 0.0075 0.02375
2 0.1671875 0.028125 0.00625 0.0125
2 0.1603125 0.03125 0.005 0.0125
2 0.161875 0.045625 0.005 0.01
2 0.161875 0.060312500000000005 0.005 0.01125
2 0.1625 0.074375 0.00625 0.01125
2 0.1828125 0.0875 0.00625 0.0125
2 0.1671875 0.04625 0.00625 0.01125
2 0.059375 0.1390625 0.0125 0.00625
2 0.060625 0.144375 0.015 0.0075
2 0.021875 0.2146875 0.0125 0.0075
2 0.0703125 0.1875 0.0125 0.00625
2 0.075625 0.121875 0.0075 0.0125
2 0.093125 0.128125 0.01125 0.00625
2 0.17093750000000002 0.135 0.0075 0.013750000000000002
2 0.1640625 0.2165625 0.00625 0.01125
2 0.1671875 0.255 0.00625 0.01
2 0.0665625 0.321875 0.005 0.0125
2 0.059375 0.3228125 0.00625 0.01125
2 0.028749999999999998 0.328125 0.0075 0.0125
2 0.013125000000000001 0.333125 0.0075 0.01
2 0.0296875 0.350625 0.0125 0.0075
2 0.05 0.3609375 0.0125 0.00625
2 0.049375 0.35625 0.01125 0.00625
2 0.075 0.48687500000000006 0.0125 0.005
2 0.030625000000000003 0.4875 0.01125 0.00625
2 0.0196875 0.5015625 0.01125 0.00625
2 0.0546875 0.488125 0.0125 0.0075
2 0.16875 0.5675 0.00625 0.01625
2 0.175 0.596875 0.00625 0.0125
2 0.014374999999999999 0.675 0.01 0.00625
2 0.015 0.68125 0.01125 0.00625
2 0.0165625 0.6875 0.01125 0.00625
2 0.039375 0.68125 0.01 0.00625
2 0.017812500000000002 0.711875 0.013750000000000002 0.005
2 0.06 0.684375 0.013750000000000002 0.00625
2 0.058750000000000004 0.678125 0.01125 0.00625
2 0.06 0.6728125 0.013750000000000002 0.005
2 0.0896875 0.70625 0.013750000000000002 0.00625
2 0.0165625 0.7234375 0.01125 0.00625
2 0.1046875 0.725 0.00625 0.0125
2 0.10874999999999999 0.715625 0.01125 0.00625
2 0.10906249999999999 0.709375 0.015 0.00625
2 0.11968749999999999 0.7078125 0.01125 0.00625
2 0.11125 0.7046875 0.01 0.00625
2 0.12 0.7040625 0.008749999999999999 0.005
2 0.136875 0.696875 0.01125 0.00625
2 0.0228125 0.840625 0.01125 0.00625
2 0.0228125 0.8515625 0.01125 0.00625
2 0.021249999999999998 0.8625 0.01125 0.00625
2 0.021875 0.868125 0.0125 0.005
2 0.0571875 0.915 0.005 0.01125
2 0.0859375 0.9193749999999999 0.00625 0.013750000000000002
2 0.0796875 0.9181250000000001 0.00625 0.01125
2 0.0734375 0.9203125 0.00625 0.0125
2 0.094375 0.921875 0.0075 0.0125
2 0.1328125 0.9400000000000001 0.00625 0.01125
2 0.15625 0.9428124999999999 0.00625 0.013750000000000002
2 0.1615625 0.8859375 0.0075 0.0125
2 0.1625 0.8578125 0.00625 0.0125
2 0.16375 0.8390625 0.008749999999999999 0.0125
2 0.165625 0.8178124999999999 0.00625 0.013750000000000002
2 0.08125 0.7275 0.00625 0.01125
2 0.1375 0.693125 0.0125 0.005
2 0.1375 0.686875 0.0125 0.005
2 0.13968750000000002 0.68125 0.013750000000000002 0.00625
2 0.13874999999999998 0.6693749999999999 0.015 0.0075
2 0.13874999999999998 0.6625 0.015 0.00625
2 0.21156250000000001 0.7325 0.013750000000000002 0.008749999999999999
2 0.275625 0.6921875 0.0075 0.0125
2 0.275 0.6678124999999999 0.00625 0.013750000000000002
2 0.2128125 0.743125 0.01625 0.01125
2 0.3003125 0.6690625 0.01 0.01625
2 0.325 0.6928124999999999 0.00625 0.013750000000000002
2 0.19375 0.9324999999999999 0.0125 0.008749999999999999
2 0.2109375 0.9243750000000001 0.0125 0.01125
2 0.22312500000000002 0.929375 0.008749999999999999 0.008749999999999999
2 0.241875 0.9506249999999999 0.008749999999999999 0.0075
2 0.2440625 0.9371875 0.01 0.008749999999999999
2 0.258125 0.943125 0.01625 0.01125
2 0.255625 0.9553125 0.01125 0.0075
2 0.26749999999999996 0.9609375 0.01 0.00625
2 0.2759375 0.9490624999999999 0.01125 0.0075
2 0.286875 0.9625 0.01125 0.00625
2 0.2965625 0.9625 0.008749999999999999 0.00625
2 0.3096875 0.9625 0.01 0.00625
2 0.34781249999999997 0.963125 0.01125 0.0075
2 0.3640625 0.963125 0.0125 0.0075
2 0.40093750000000006 0.96 0.01125 0.0075
2 0.385 0.9496874999999999 0.013750000000000002 0.008749999999999999
2 0.42281250000000004 0.9528125 0.01125 0.008749999999999999
2 0.480625 0.911875 0.01125 0.01125
2 0.4878125 0.8853125000000001 0.01 0.01125
2 0.5 0.8556250000000001 0.00625 0.01125
2 0.5037499999999999 0.8412499999999999 0.0075 0.013750000000000002
2 0.5184375 0.803125 0.008749999999999999 0.0125
2 0.50625 0.815625 0.00625 0.0125
2 0.5193749999999999 0.79 0.0075 0.01125
2 0.50625 0.8021874999999999 0.00625 0.013750000000000002
2 0.333125 0.909375 0.01 0.00625
2 0.33218749999999997 0.921875 0.01125 0.00625
2 0.16875 0.3259375 0.00625 0.01125
2 0.169375 0.359375 0.0075 0.0125
2 0.169375 0.3828125 0.0075 0.0125
2 0.16999999999999998 0.41593749999999996 0.008749999999999999 0.01
2 0.2896875 0.07125000000000001 0.0075 0.01125
2 0.294375 0.06875 0.0075 0.0125
2 0.30375 0.06343750000000001 0.0075 0.01125
2 0.321875 0.0453125 0.00625 0.0125
2 0.328125 0.0459375 0.00625 0.013750000000000002
2 0.82125 0.0125 0.005 0.0125
2 0.6934375 0.2875 0.015 0.00625
2 0.69625 0.29375 0.01125 0.00625
2 0.7146874999999999 0.3715625 0.0075 0.015
2 0.6865625 0.3753125 0.0075 0.01625
2 0.6953125 0.43375 0.00625 0.01125
2 0.719375 0.42406249999999995 0.0075 0.013750000000000002
2 0.724375 0.4234375 0.005 0.0125
2 0.73375 0.428125 0.005 0.0125
2 0.7421875 0.428125 0.00625 0.0125
2 0.750625 0.42750000000000005 0.0075 0.01125
2 0.75625 0.426875 0.00625 0.01
2 0.74375 0.418125 0.00625 0.01125
2 0.775 0.40062499999999995 0.00625 0.013750000000000002
2 0.78125 0.40062499999999995 0.00625 0.013750000000000002
2 0.786875 0.4015625 0.005 0.0125
2 0.79375 0.4 0.00625 0.0125
2 0.805625 0.38 0.005 0.01
2 0.7515625 0.4171875 0.00625 0.0125
2 0.7571875 0.4171875 0.005 0.0125
2 0.7625 0.41875 0.00625 0.0125
2 0.76875 0.418125 0.00625 0.01125
2 0.775 0.41875 0.00625 0.0125
2 0.78125 0.41875 0.00625 0.0125
2 0.7875 0.4203125 0.00625 0.0125
2 0.7931250000000001 0.42093749999999996 0.005 0.013750000000000002
2 0.8 0.4203125 0.00625 0.0125
2 0.806875 0.4203125 0.0075 0.0125
2 0.7993750000000001 0.4015625 0.005 0.0125
2 0.803125 0.4 0.00625 0.0125
2 0.8109375 0.4015625 0.00625 0.0125
2 0.811875 0.380625 0.005 0.01125
2 0.8171875 0.38125 0.00625 0.0125
2 0.8296875 0.38375 0.00625 0.01125
2 0.834375 0.38375 0.00625 0.01125
2 0.8400000000000001 0.38375 0.005 0.01125
2 0.8453125 0.38375 0.00625 0.01125
2 0.8815625 0.296875 0.01 0.00625
2 0.8803124999999999 0.3125 0.013750000000000002 0.00625
2 0.8881249999999999 0.3646875 0.0075 0.013750000000000002
2 0.8703125 0.403125 0.00625 0.0125
2 0.85 0.4021875 0.00625 0.013750000000000002
2 0.8462500000000001 0.3484375 0.01125 0.00625
2 0.8478125000000001 0.3428125 0.01125 0.0075
2 0.8462500000000001 0.3375 0.01125 0.00625
2 0.6921875 0.99 0.00625 0.01125
2 0.68125 0.9775 0.00625 0.01125
2 0.681875 0.9884375000000001 0.0075 0.01125
2 0.693125 0.9487500000000001 0.005 0.01
2 0.6828125 0.905625 0.00625 0.01125
2 0.681875 0.9203125 0.0075 0.0125
2 0.69375 0.8890625 0.00625 0.0125
2 0.694375 0.8765625 0.0075 0.0125
2 0.6849999999999999 0.85125 0.0075 0.015
2 0.694375 0.8318749999999999 0.0075 0.013750000000000002
2 0.75875 0.850625 0.01125 0.0075
2 0.7790625 0.8521875 0.01125 0.0075
2 0.7665625 0.8696875000000001 0.005 0.01125
2 0.7978125 0.959375 0.01125 0.00625
2 0.7993750000000001 0.9525 0.01125 0.005
2 0.8006249999999999 0.946875 0.013750000000000002 0.00625
2 0.79375 0.8712500000000001 0.00625 0.01125
2 0.788125 0.8715624999999999 0.0075 0.008749999999999999
2 0.78125 0.8706250000000001 0.00625 0.01
2 0.8040625 0.8706250000000001 0.005 0.01
2 0.825 0.851875 0.00625 0.01
2 0.8353125 0.8525 0.005 0.01125
2 0.9234375 0.921875 0.00625 0.0125
2 0.925 0.953125 0.00625 0.0125
2 0.9209375 0.8396874999999999 0.0075 0.013750000000000002
2 0.9340624999999999 0.8556250000000001 0.008749999999999999 0.01125
2 0.9356249999999999 0.8884375 0.008749999999999999 0.01125
2 0.934375 0.9259375000000001 0.00625 0.01125
2 0.9359375 0.940625 0.00625 0.0125
2 0.765625 0.7725 0.0125 0.0075
2 0.99375 0.42718749999999994 0.00625 0.013750000000000002
2 0.996875 0.403125 0.00625 0.0125
2 0.984375 0.403125 0.00625 0.0125
2 0.9953125 0.1753125 0.00625 0.01625
2 0.9415625000000001 0.5625 0.01125 0.00625
2 0.9453125 0.5578125 0.0125 0.00625
2 0.9453125 0.5515625 0.0125 0.00625
2 0.946875 0.5443749999999999 0.0125 0.0075
2 0.9478125000000001 0.5328125 0.01125 0.00625
2 0.9506249999999999 0.5209374999999999 0.013750000000000002 0.0075
2 0.9521875 0.5140625 0.013750000000000002 0.00625
2 0.8953125 0.5590625 0.0125 0.008749999999999999
2 0.9087500000000001 0.671875 0.005 0.0125
2 0.9040625 0.671875 0.005 0.0125
2 0.99375 0.64625 0.00625 0.01125
2 0.9275 0.6984375 0.01125 0.00625
2 0.881875 0.6703125 0.0075 0.0125
2 0.9140625 0.671875 0.00625 0.0125
2 0.896875 0.6703125 0.00625 0.0125
2 0.890625 0.6693749999999999 0.00625 0.013750000000000002
