2 0.85625 0.11187499999999999 0.0125 0.01125
2 0.7268749999999999 0.21781250000000002 0.01 0.013750000000000002
2 0.4565625 0.338125 0.01625 0.0075
2 0.44312500000000005 0.33625 0.01125 0.01
2 0.4671875 0.3540625 0.0125 0.01125
2 0.5090625 0.4140625 0.021249999999999998 0.0125
2 0.974375 0.43562500000000004 0.017499999999999998 0.015
2 0.8925000000000001 0.5840625 0.01 0.015
2 0.9315625000000001 0.6681250000000001 0.01 0.017499999999999998
2 0.9428124999999999 0.6846875 0.013750000000000002 0.01625
2 0.95 0.665625 0.0125 0.0125
2 0.23500000000000001 0.0059375 0.013750000000000002 0.008749999999999999
2 0.7575000000000001 0.078125 0.015 0.0125
2 0.5496875 0.03625 0.008749999999999999 0.01625
2 0.8731249999999999 0.16593750000000002 0.008749999999999999 0.01625
2 0.881875 0.168125 0.0075 0.017499999999999998
2 0.9659375000000001 0.40812499999999996 0.01625 0.01
2 0.708125 0.1721875 0.01 0.0225
2 0.3615625 0.215625 0.0075 0.01875
2 0.588125 0.148125 0.013750000000000002 0.015
2 0.46624999999999994 0.34562499999999996 0.013750000000000002 0.01
2 0.206875 0.754375 0.0075 0.015
2 0.9868750000000001 0.6525000000000001 0.01125 0.01125
2 0.86625 0.4871875 0.0075 0.015
