2 0.15375 0.18937500000000002 0.0075 0.01
2 0.1771875 0.1909375 0.013750000000000002 0.00375
2 0.2484375 0.224375 0.0125 0.005
2 0.26375000000000004 0.23531249999999998 0.015 0.005
2 0.26187499999999997 0.25 0.01125 0.00625
2 0.2375 0.27937500000000004 0.00625 0.015
2 0.304375 0.384375 0.015 0.0125
2 0.32156250000000003 0.44000000000000006 0.015 0.01125
2 0.17250000000000001 0.475 0.013750000000000002 0.00625
2 0.010624999999999999 0.47750000000000004 0.015 0.005
2 0.0325 0.475 0.015 0.00625
2 0.053125 0.47406249999999994 0.0125 0.0075
