2 0.5974999999999999 0.030625000000000003 0.013750000000000002 0.01125
2 0.6440625 0.059375 0.01625 0.0125
2 0.8009375000000001 0.108125 0.017499999999999998 0.01
2 0.85875 0.1303125 0.017499999999999998 0.013750000000000002
2 0.8462500000000001 0.3159375 0.017499999999999998 0.01
2 0.48 0.6421875 0.01625 0.0125
2 0.20187499999999997 0.9012499999999999 0.01 0.015
2 0.2190625 0.8890625 0.01625 0.00625
2 0.2646875 0.7303124999999999 0.02 0.013750000000000002
2 0.8540625000000001 0.53 0.017499999999999998 0.01
2 0.9481249999999999 0.495 0.015 0.008749999999999999
2 0.7631249999999999 0.175 0.0075 0.0125
2 0.76625 0.15812500000000002 0.0075 0.01625
