2 0.17093750000000002 0.68625 0.013750000000000002 0.01625
2 0.226875 0.788125 0.01 0.02
2 0.26937500000000003 0.8306250000000001 0.013750000000000002 0.017499999999999998
2 0.230625 0.8418749999999999 0.017499999999999998 0.015
2 0.721875 0.585 0.0125 0.013750000000000002
2 0.5237499999999999 0.0071874999999999994 0.01625 0.01125
2 0.6390625 0.0240625 0.0125 0.0075
2 0.0265625 0.258125 0.0125 0.01625
2 0.24874999999999997 0.311875 0.01625 0.01125
2 0.1134375 0.931875 0.01125 0.013750000000000002
2 0.091875 0.6118750000000001 0.015 0.01125
2 0.4225 0.5228125 0.013750000000000002 0.01125
2 0.42718749999999994 0.99125 0.013750000000000002 0.013750000000000002
2 0.47625 0.9071875 0.008749999999999999 0.01125
2 0.5387500000000001 0.811875 0.015 0.01125
2 0.6525000000000001 0.6925 0.01125 0.01625
2 0.75125 0.6956249999999999 0.015 0.01
2 0.7525000000000001 0.7253125 0.01125 0.01
2 0.6090625000000001 0.7534375 0.008749999999999999 0.01
2 0.67125 0.665625 0.01125 0.0125
2 0.6396875 0.403125 0.013750000000000002 0.0125
2 0.691875 0.4421875 0.008749999999999999 0.0125
2 0.5240625 0.3315625 0.013750000000000002 0.01
2 0.4090625 0.4603125 0.015 0.01125
2 0.405625 0.1278125 0.017499999999999998 0.021249999999999998
2 0.4334375 0.1365625 0.0075 0.013750000000000002
2 0.5303125 0.1840625 0.013750000000000002 0.008749999999999999
2 0.6896875 0.1825 0.013750000000000002 0.015
2 0.4325 0.1025 0.008749999999999999 0.02375
2 0.945 0.658125 0.015 0.01
