2 0.025625 0.23875000000000002 0.0075 0.021249999999999998
2 0.009375 0.18 0.00625 0.0225
2 0.025 0.1990625 0.00625 0.013750000000000002
2 0.016875 0.305 0.008749999999999999 0.0225
2 0.2209375 0.333125 0.0075 0.01
2 0.18687499999999999 0.383125 0.005 0.01
2 0.0615625 0.535625 0.0075 0.008749999999999999
2 0.056874999999999995 0.7290625000000001 0.0075 0.02375
2 0.07468749999999999 0.8675 0.008749999999999999 0.0225
2 0.08249999999999999 0.914375 0.008749999999999999 0.0225
2 0.7056250000000001 0.748125 0.005 0.015
2 0.7056250000000001 0.8121875 0.005 0.015
2 0.724375 0.8034375 0.005 0.01625
2 0.8053125 0.984375 0.013750000000000002 0.00625
2 0.821875 0.99375 0.0125 0.00625
2 0.765625 0.2603125 0.00625 0.01125
2 0.33625 0.1509375 0.01 0.01125
2 0.0321875 0.534375 0.005 0.0125
2 0.036875000000000005 0.3784375 0.005 0.01
2 0.03125 0.311875 0.00625 0.01125
2 0.025937500000000002 0.3175 0.005 0.01
2 0.0290625 0.3434375 0.005 0.008749999999999999
2 0.043125000000000004 0.6509375000000001 0.005 0.01125
2 0.0378125 0.599375 0.00375 0.01125
2 0.034375 0.628125 0.00625 0.0125
2 0.0375 0.6578125 0.00625 0.0125
2 0.0390625 0.684375 0.00625 0.0125
2 0.090625 0.9328125 0.00625 0.0125
2 0.0840625 0.8875 0.008749999999999999 0.0125
2 0.07875 0.865 0.0075 0.01125
2 0.0415625 0.48 0.005 0.01
2 0.1765625 0.4325 0.00625 0.008749999999999999
2 0.2246875 0.3784375 0.008749999999999999 0.01
2 0.2184375 0.3103125 0.008749999999999999 0.01125
2 0.2240625 0.30281250000000004 0.0075 0.008749999999999999
2 0.47625 0.148125 0.008749999999999999 0.008749999999999999
2 0.5131249999999999 0.12156249999999999 0.0075 0.008749999999999999
2 0.5231250000000001 0.1028125 0.008749999999999999 0.008749999999999999
2 0.6168750000000001 0.12468749999999999 0.008749999999999999 0.008749999999999999
2 0.6209374999999999 0.1325 0.0075 0.008749999999999999
2 0.6325000000000001 0.15812500000000002 0.008749999999999999 0.01
2 0.6359375 0.170625 0.00625 0.01
2 0.67 0.265 0.008749999999999999 0.01125
2 0.634375 0.20656249999999998 0.00625 0.01
2 0.6815625 0.28312499999999996 0.01 0.01
2 0.6875 0.275625 0.00625 0.0075
2 0.696875 0.3040625 0.00625 0.01125
2 0.6950000000000001 0.32125 0.008749999999999999 0.01125
2 0.7334375 0.37906249999999997 0.0075 0.01125
2 0.734375 0.399375 0.00625 0.01125
2 0.7125 0.445625 0.00625 0.01
2 0.711875 0.4884375 0.005 0.01125
2 0.7150000000000001 0.501875 0.005 0.01
2 0.7212500000000001 0.50875 0.005 0.01125
2 0.7203125 0.528125 0.00625 0.0125
2 0.7165625 0.8884375 0.005 0.01125
2 0.7212500000000001 0.9221875 0.005 0.01
2 0.7056250000000001 0.921875 0.005 0.0125
2 0.7078125 0.9724999999999999 0.00625 0.013750000000000002
2 0.718125 0.95875 0.005 0.01125
2 0.3146875 0.9275 0.0075 0.01125
