2 0.2496875 0.5328125 0.015 0.00625
2 0.32406250000000003 0.556875 0.013750000000000002 0.0075
2 0.595625 0.6615624999999999 0.01 0.0075
2 0.940625 0.7196875 0.0125 0.005
2 0.811875 0.6487499999999999 0.005 0.01
2 0.811875 0.6715625000000001 0.005 0.015
2 0.8175000000000001 0.6743750000000001 0.00375 0.017499999999999998
2 0.828125 0.6671875 0.0125 0.0125
2 0.8087500000000001 0.603125 0.005 0.0125
2 0.843125 0.6003125 0.005 0.01625
2 0.8400000000000001 0.6259375 0.005 0.01125
2 0.8553124999999999 0.6131249999999999 0.0075 0.013750000000000002
2 0.8625 0.615625 0.00625 0.0125
2 0.8675 0.60625 0.00375 0.0125
2 0.8456250000000001 0.670625 0.01 0.01
2 0.8765625 0.590625 0.00625 0.0125
2 0.88125 0.57875 0.0125 0.0075
2 0.2496875 0.5328125 0.015 0.00625
2 0.32406250000000003 0.556875 0.013750000000000002 0.0075
2 0.595625 0.6615624999999999 0.01 0.0075
2 0.940625 0.7196875 0.0125 0.005
2 0.811875 0.6487499999999999 0.005 0.01
2 0.811875 0.6715625000000001 0.005 0.015
2 0.8175000000000001 0.6743750000000001 0.00375 0.017499999999999998
2 0.828125 0.6671875 0.0125 0.0125
2 0.8087500000000001 0.603125 0.005 0.0125
2 0.843125 0.6003125 0.005 0.01625
2 0.8400000000000001 0.6259375 0.005 0.01125
2 0.8553124999999999 0.6131249999999999 0.0075 0.013750000000000002
2 0.8625 0.615625 0.00625 0.0125
2 0.8675 0.60625 0.00375 0.0125
2 0.8456250000000001 0.670625 0.01 0.01
2 0.8765625 0.590625 0.00625 0.0125
2 0.88125 0.57875 0.0125 0.0075
