2 0.9556250000000001 0.12250000000000001 0.017499999999999998 0.0075
2 0.771875 0.178125 0.0125 0.00625
2 0.468125 0.30062500000000003 0.017499999999999998 0.0075
2 0.45531249999999995 0.440625 0.0075 0.0125
2 0.47874999999999995 0.4234375 0.013750000000000002 0.00625
2 0.4815625 0.4296875 0.01625 0.00625
2 0.7784375 0.366875 0.01 0.015
2 0.6203125 0.5743750000000001 0.00625 0.017499999999999998
2 0.625 0.6171875 0.00625 0.0125
2 0.2084375 0.5375 0.013750000000000002 0.00625
2 0.275 0.529375 0.00625 0.015
2 0.25 0.553125 0.00625 0.0125
2 0.27875 0.5859375 0.0075 0.0125
2 0.253125 0.595 0.00625 0.015
2 0.2078125 0.61125 0.0125 0.00375
2 0.28125 0.634375 0.00625 0.0125
2 0.2834375 0.6503125 0.0075 0.01625
2 0.28718750000000004 0.70625 0.008749999999999999 0.0125
2 0.29031250000000003 0.7306250000000001 0.008749999999999999 0.02375
2 0.29375 0.7825 0.00625 0.008749999999999999
2 0.650625 0.728125 0.0075 0.0125
2 0.6509375000000001 0.74375 0.005 0.0125
2 0.6671875 0.8365625 0.00625 0.013750000000000002
2 0.6075 0.85 0.015 0.00625
2 0.6625 0.8625 0.00625 0.0125
2 0.7065625 0.704375 0.01 0.008749999999999999
2 0.8546875 0.8865624999999999 0.00625 0.013750000000000002
2 0.813125 0.9359375 0.02 0.00625
2 0.76875 0.9821875 0.00625 0.01125
2 0.021249999999999998 0.963125 0.017499999999999998 0.0075
2 0.0675 0.959375 0.01625 0.00625
2 0.5828125 0.51875 0.01875 0.00625
2 0.974375 0.1109375 0.005 0.0125
2 0.9556250000000001 0.12250000000000001 0.017499999999999998 0.0075
2 0.771875 0.178125 0.0125 0.00625
2 0.468125 0.30062500000000003 0.017499999999999998 0.0075
2 0.45531249999999995 0.440625 0.0075 0.0125
2 0.47874999999999995 0.4234375 0.013750000000000002 0.00625
2 0.4815625 0.4296875 0.01625 0.00625
2 0.7784375 0.366875 0.01 0.015
2 0.6203125 0.5743750000000001 0.00625 0.017499999999999998
2 0.625 0.6171875 0.00625 0.0125
2 0.2084375 0.5375 0.013750000000000002 0.00625
2 0.275 0.529375 0.00625 0.015
2 0.25 0.553125 0.00625 0.0125
2 0.27875 0.5859375 0.0075 0.0125
2 0.253125 0.595 0.00625 0.015
2 0.2078125 0.61125 0.0125 0.00375
2 0.28125 0.634375 0.00625 0.0125
2 0.2834375 0.6503125 0.0075 0.01625
2 0.28718750000000004 0.70625 0.008749999999999999 0.0125
2 0.29031250000000003 0.7306250000000001 0.008749999999999999 0.02375
2 0.29375 0.7825 0.00625 0.008749999999999999
2 0.650625 0.728125 0.0075 0.0125
2 0.6509375000000001 0.74375 0.005 0.0125
2 0.6671875 0.8365625 0.00625 0.013750000000000002
2 0.6075 0.85 0.015 0.00625
2 0.6625 0.8625 0.00625 0.0125
2 0.7065625 0.704375 0.01 0.008749999999999999
2 0.8546875 0.8865624999999999 0.00625 0.013750000000000002
2 0.813125 0.9359375 0.02 0.00625
2 0.76875 0.9821875 0.00625 0.01125
2 0.021249999999999998 0.963125 0.017499999999999998 0.0075
2 0.0675 0.959375 0.01625 0.00625
2 0.5828125 0.51875 0.01875 0.00625
2 0.974375 0.1109375 0.005 0.0125
