2 0.03875 0.8496874999999999 0.008749999999999999 0.015
2 0.033437499999999995 0.640625 0.0075 0.0125
2 0.1521875 0.44375 0.0075 0.0125
2 0.1753125 0.41531250000000003 0.01625 0.008749999999999999
2 0.1525 0.4046875 0.017499999999999998 0.00625
2 0.108125 0.365 0.01 0.01125
2 0.105625 0.3121875 0.017499999999999998 0.008749999999999999
2 0.13468750000000002 0.041875 0.01625 0.008749999999999999
2 0.22875 0.0375 0.013750000000000002 0.00625
2 0.3740625 0.18937500000000002 0.0075 0.01
2 0.4025 0.159375 0.017499999999999998 0.00625
2 0.465625 0.16875 0.00625 0.0125
2 0.485 0.38125 0.02 0.00625
2 0.5240625 0.35343749999999996 0.0075 0.01
2 0.615625 0.3915625 0.0125 0.005
2 0.626875 0.3984375 0.01625 0.00625
2 0.7153125 0.378125 0.015 0.00625
2 0.40531249999999996 0.3640625 0.0075 0.0125
2 0.49375 0.43125 0.00625 0.0125
2 0.8168749999999999 0.381875 0.04 0.0075
2 0.8634375000000001 0.3875 0.017499999999999998 0.00625
2 0.7943749999999999 0.2965625 0.0075 0.015
2 0.7075 0.25875 0.008749999999999999 0.005
2 0.708125 0.25187499999999996 0.01 0.00375
2 0.6625 0.18375 0.00625 0.01125
2 0.9803124999999999 0.4178125 0.0075 0.013750000000000002
2 0.9428124999999999 0.41218750000000004 0.0075 0.015
2 0.3328125 0.6575 0.01875 0.008749999999999999
2 0.2109375 0.713125 0.0125 0.013750000000000002
2 0.46312499999999995 0.6965625 0.0075 0.008749999999999999
2 0.47093749999999995 0.6953125 0.0075 0.0125
2 0.409375 0.704375 0.00625 0.015
2 0.8956250000000001 0.7 0.01625 0.00625
2 0.9168749999999999 0.740625 0.008749999999999999 0.0125
2 0.8790625000000001 0.7328125 0.017499999999999998 0.0125
2 0.903125 0.7396874999999999 0.0125 0.013750000000000002
2 0.743125 0.7065625 0.017499999999999998 0.01
2 0.7903125 0.70375 0.015 0.0075
2 0.6021875 0.6587500000000001 0.0075 0.01125
2 0.47562499999999996 0.634375 0.0075 0.0125
2 0.5587500000000001 0.8778124999999999 0.01125 0.015
2 0.7153125 0.9268750000000001 0.008749999999999999 0.01
2 0.7196875 0.9487500000000001 0.01125 0.01
2 0.1896875 0.510625 0.0075 0.015
2 0.969375 0.090625 0.0075 0.0125
2 0.9921875 0.20125 0.00625 0.015
2 0.7068749999999999 0.1421875 0.013750000000000002 0.00625
2 0.5231250000000001 0.18375 0.015 0.005
2 0.338125 0.2840625 0.0075 0.008749999999999999
2 0.825 0.6821875000000001 0.00625 0.01125
2 0.8390625 0.676875 0.00625 0.01
2 0.045625 0.175625 0.01 0.0075
2 0.046875 0.0134375 0.00625 0.01125
2 0.071875 0.268125 0.0125 0.005
2 0.45 0.5365624999999999 0.01875 0.0075
2 0.37687499999999996 0.603125 0.01625 0.00625
