2 0.7290625000000001 0.471875 0.01125 0.0125
2 0.47906250000000006 0.5078125 0.017499999999999998 0.0125
2 0.57125 0.3178125 0.01125 0.0075
2 0.6190625 0.2971875 0.01 0.01
2 0.6696875 0.320625 0.01125 0.01
2 0.4171875 0.5384375 0.0125 0.017499999999999998
2 0.393125 0.5896874999999999 0.01125 0.02
2 0.9734375 0.12562500000000001 0.0125 0.013750000000000002
2 0.9862500000000001 0.11000000000000001 0.01 0.013750000000000002
2 0.9790625000000001 0.011875 0.017499999999999998 0.017499999999999998
2 0.9881249999999999 0.018437500000000002 0.013750000000000002 0.015
2 0.99375 0.025625 0.0125 0.02
