2 0.3003125 0.9346875000000001 0.01625 0.01625
2 0.1990625 0.9134375 0.0075 0.017499999999999998
2 0.21156250000000001 0.91625 0.0075 0.013750000000000002
2 0.2209375 0.9181250000000001 0.0075 0.017499999999999998
2 0.200625 0.93625 0.0075 0.01625
2 0.221875 0.9371875 0.00625 0.015
2 0.1890625 0.9331250000000001 0.00625 0.01625
2 0.11687499999999999 0.91375 0.021249999999999998 0.021249999999999998
2 0.1240625 0.9334374999999999 0.026250000000000002 0.026250000000000002
2 0.093125 0.9221875 0.03 0.028749999999999998
2 0.0859375 0.92875 0.025 0.026250000000000002
2 0.08875 0.9734375 0.021249999999999998 0.00625
2 0.1353125 0.9728125000000001 0.03 0.01125
2 0.1740625 0.974375 0.026250000000000002 0.01125
2 0.3121875 0.974375 0.04625 0.01125
2 0.38 0.976875 0.041249999999999995 0.01
2 0.046875 0.9734375 0.05 0.0125
2 0.01125 0.1140625 0.01 0.01875
2 0.006875000000000001 0.185 0.0075 0.02
