2 0.271875 0.5196875000000001 0.00625 0.01125
2 0.26968749999999997 0.553125 0.005 0.0125
2 0.22562500000000002 0.649375 0.0075 0.017499999999999998
2 0.1859375 0.615625 0.0125 0.00625
2 0.1859375 0.6234375 0.0125 0.00625
2 0.18812500000000001 0.6303124999999999 0.013750000000000002 0.0075
2 0.509375 0.81875 0.0125 0.00625
2 0.7228125000000001 0.630625 0.01125 0.005
2 0.9 0.6771874999999999 0.00625 0.013750000000000002
2 0.906875 0.6778125 0.0075 0.015
2 0.9650000000000001 0.578125 0.01125 0.00625
2 0.14156249999999998 0.0225 0.01125 0.0075
2 0.1828125 0.0625 0.0125 0.00625
2 0.20218750000000002 0.0475 0.0075 0.013750000000000002
2 0.25875 0.031875 0.01125 0.0075
2 0.28781249999999997 0.033125 0.01 0.01
2 0.26749999999999996 0.0503125 0.01 0.01
2 0.263125 0.0553125 0.0075 0.0075
2 0.2571875 0.058125 0.01125 0.01
2 0.23500000000000001 0.08249999999999999 0.0075 0.008749999999999999
2 0.2296875 0.0878125 0.0125 0.01
2 0.2134375 0.1025 0.01125 0.01125
2 0.1665625 0.10593749999999999 0.01125 0.008749999999999999
2 0.27156250000000004 0.5759375 0.008749999999999999 0.01125
2 0.2546875 0.540625 0.00625 0.0125
2 0.2709375 0.50875 0.0075 0.01125
2 0.053437500000000006 0.85625 0.01 0.00625
2 0.06875 0.85375 0.0125 0.0075
2 0.1290625 0.8484375 0.01125 0.00625
2 0.14250000000000002 0.8474999999999999 0.01 0.0075
2 0.1665625 0.844375 0.01125 0.0075
2 0.2290625 0.8375 0.01125 0.00625
2 0.589375 0.2959375 0.01 0.0075
2 0.6125 0.1290625 0.00625 0.01125
2 0.619375 0.205625 0.0075 0.01125
2 0.5984375 0.17250000000000001 0.00625 0.013750000000000002
2 0.619375 0.2203125 0.0075 0.0125
2 0.60375 0.8731249999999999 0.0075 0.015
2 0.6234375 0.8703125 0.00625 0.0125
2 0.624375 0.8481249999999999 0.005 0.015
2 0.625 0.9165625000000001 0.00625 0.01125
2 0.6046875 0.9928125 0.00625 0.013750000000000002
2 0.08375 0.8765625 0.005 0.0125
2 0.0821875 0.8868750000000001 0.005 0.01125
2 0.081875 0.8978125 0.0075 0.01125
2 0.081875 0.9578125 0.0075 0.0125
2 0.0796875 0.991875 0.00625 0.015
2 0.248125 0.9871874999999999 0.008749999999999999 0.015
2 0.24937499999999999 0.8828125 0.005 0.0125
2 0.25 0.8724999999999999 0.00625 0.013750000000000002
2 0.24906250000000002 0.859375 0.0075 0.0125
2 0.4171875 0.95375 0.00625 0.013750000000000002
2 0.4178125 0.9090624999999999 0.0075 0.015
2 0.4171875 0.865 0.00625 0.01125
2 0.41875 0.8515625 0.00625 0.0125
2 0.6375 0.8059375 0.0125 0.008749999999999999
2 0.369375 0.803125 0.0075 0.0125
2 0.496875 0.803125 0.00625 0.0125
2 0.48187499999999994 0.803125 0.0075 0.0125
2 0.50875 0.8025 0.005 0.01125
2 0.5140625 0.8040625 0.00625 0.01125
2 0.5228125 0.803125 0.005 0.0125
2 0.5287499999999999 0.8046875 0.0075 0.0125
2 0.536875 0.803125 0.005 0.0125
2 0.5446875 0.80375 0.005 0.013750000000000002
2 0.5509375000000001 0.80375 0.005 0.013750000000000002
2 0.55625 0.8040625 0.00625 0.01125
2 0.5646875 0.803125 0.0075 0.0125
2 0.25593750000000004 0.095625 0.008749999999999999 0.01
2 0.21437499999999998 0.13374999999999998 0.01 0.01125
2 0.22999999999999998 0.12125 0.01 0.01125
2 0.203125 0.1446875 0.0125 0.01125
2 0.1684375 0.11937500000000001 0.008749999999999999 0.0075
2 0.15031250000000002 0.135625 0.01 0.008749999999999999
2 0.076875 0.20750000000000002 0.01 0.015
2 0.06937499999999999 0.215625 0.0075 0.0125
2 0.0665625 0.21968749999999998 0.01125 0.01125
2 0.057499999999999996 0.22749999999999998 0.008749999999999999 0.01125
2 0.11499999999999999 0.2846875 0.005 0.01
2 0.027500000000000004 0.25406249999999997 0.01125 0.01125
2 0.105625 0.28531249999999997 0.005 0.01125
