2 0.471875 0.015312500000000001 0.0125 0.015
2 0.5349999999999999 0.02375 0.013750000000000002 0.01
2 0.4859375 0.05 0.0125 0.0125
2 0.4728125 0.045625 0.01125 0.01
2 0.44312500000000005 0.0728125 0.01125 0.01125
2 0.4025 0.053125 0.01125 0.0125
2 0.410625 0.104375 0.015 0.015
2 0.23937499999999998 0.20125 0.01625 0.015
2 0.26187499999999997 0.1940625 0.017499999999999998 0.01625
2 0.316875 0.19343749999999998 0.015 0.015
2 0.3728125 0.15718749999999998 0.017499999999999998 0.017499999999999998
2 0.24500000000000002 0.260625 0.015 0.015
2 0.22312500000000002 0.2965625 0.015 0.015
2 0.273125 0.23625 0.015 0.01
2 0.19125 0.31062500000000004 0.013750000000000002 0.015
2 0.139375 0.36 0.01625 0.013750000000000002
2 0.09875 0.396875 0.01 0.0125
2 0.33875 0.421875 0.015 0.0125
2 0.708125 0.4390625 0.01625 0.0125
2 0.6821875000000001 0.371875 0.01125 0.0125
2 0.4640625 0.2996875 0.01875 0.008749999999999999
2 0.609375 0.6246875000000001 0.0125 0.015
2 0.3665625 0.46281249999999996 0.017499999999999998 0.01625
2 0.275625 0.5115624999999999 0.013750000000000002 0.013750000000000002
2 0.1775 0.5506249999999999 0.017499999999999998 0.013750000000000002
2 0.2803125 0.6946875 0.013750000000000002 0.01125
2 0.028125 0.8481249999999999 0.01875 0.015
2 0.5765625 0.634375 0.0125 0.0125
2 0.5571875000000001 0.8209375 0.01125 0.013750000000000002
2 0.5765625 0.883125 0.0125 0.01625
2 0.5509375000000001 0.85 0.01125 0.0125
2 0.32625000000000004 0.75875 0.015 0.01125
2 0.6559375000000001 0.9425000000000001 0.015 0.01625
2 0.6378125 0.9271874999999999 0.01625 0.013750000000000002
2 0.7515625 0.9662499999999999 0.01875 0.013750000000000002
2 0.779375 0.8184374999999999 0.015 0.008749999999999999
2 0.8153124999999999 0.8262499999999999 0.015 0.015
2 0.8746875 0.8859375 0.015 0.0125
2 0.62 0.4203125 0.015 0.0125
2 0.405625 0.41875 0.017499999999999998 0.0125
2 0.4953125 0.5921875 0.01875 0.0125
2 0.5728125000000001 0.7271875 0.017499999999999998 0.0075
2 0.57625 0.719375 0.021249999999999998 0.0075
2 0.5759375 0.776875 0.017499999999999998 0.01
2 0.851875 0.8846875000000001 0.01625 0.01
2 0.8203125 0.449375 0.0125 0.01125
2 0.81125 0.4446875 0.01625 0.01125
2 0.006562500000000001 0.485 0.01 0.013750000000000002
2 0.08499999999999999 0.11937500000000001 0.013750000000000002 0.013750000000000002
2 0.9459375 0.0278125 0.013750000000000002 0.015
2 0.3515625 0.159375 0.0125 0.0125
2 0.2840625 0.9503125000000001 0.015 0.01
2 0.8412499999999999 0.9081250000000001 0.013750000000000002 0.01
2 0.42281250000000004 0.3353125 0.01125 0.01125
