2 0.3146875 0.651875 0.0075 0.01625
2 0.47625 0.0075 0.015 0.008749999999999999
2 0.2940625 0.010312499999999999 0.01625 0.01125
2 0.49375 0.027500000000000004 0.01875 0.01125
2 0.5103125000000001 0.0159375 0.017499999999999998 0.01
2 0.8675 0.33968750000000003 0.01625 0.0075
2 0.8868750000000001 0.32375 0.017499999999999998 0.01
2 0.94625 0.30343749999999997 0.017499999999999998 0.01
2 0.9475 0.32999999999999996 0.013750000000000002 0.01
2 0.9243750000000001 0.2340625 0.017499999999999998 0.008749999999999999
2 0.228125 0.6346875 0.0125 0.01625
2 0.889375 0.33875 0.01625 0.008749999999999999
