2 0.0959375 0.1925 0.026250000000000002 0.01
2 0.1440625 0.19 0.028749999999999998 0.01125
2 0.4190625 0.19 0.028749999999999998 0.01125
2 0.3365625 0.19 0.026250000000000002 0.01125
2 0.46875 0.18625 0.03125 0.01
2 0.1828125 0.1903125 0.025 0.008749999999999999
2 0.299375 0.1890625 0.03 0.0125
2 0.5549999999999999 0.1853125 0.028749999999999998 0.01125
2 0.791875 0.1828125 0.03375 0.0125
2 0.9181250000000001 0.181875 0.03625 0.013750000000000002
2 0.8678125 0.1821875 0.026250000000000002 0.01125
2 0.83375 0.1825 0.02375 0.008749999999999999
2 0.92125 0.9715624999999999 0.03 0.015
2 0.8862500000000001 0.98125 0.034999999999999996 0.01875
2 0.09875 0.9846875 0.041249999999999995 0.0225
