2 0.946875 0.130625 0.00625 0.01125
2 0.9303125 0.17281249999999998 0.0075 0.01125
2 0.9528125 0.141875 0.008749999999999999 0.008749999999999999
2 0.9643750000000001 0.1578125 0.00375 0.00625
2 0.9359375 0.19593750000000001 0.0125 0.0075
2 0.9393750000000001 0.205625 0.01 0.005
2 0.94625 0.2209375 0.01125 0.0075
2 0.94625 0.225 0.01125 0.00625
2 0.9493750000000001 0.231875 0.01125 0.0075
2 0.9515625 0.2375 0.0125 0.00625
2 0.9528125 0.24375 0.008749999999999999 0.00625
2 0.9556250000000001 0.2459375 0.01125 0.0075
2 0.9559374999999999 0.250625 0.008749999999999999 0.0075
2 0.9596875 0.25125000000000003 0.01 0.008749999999999999
2 0.8771875 0.034375 0.0075 0.0125
2 0.89375 0.046875 0.00625 0.0125
2 0.88125 0.04625 0.00625 0.01125
2 0.6978125000000001 0.2403125 0.01125 0.008749999999999999
2 0.5996875 0.325 0.008749999999999999 0.00625
2 0.6368750000000001 0.28375 0.005 0.005
2 0.6571875 0.3384375 0.005 0.005
2 0.5984375 0.22125 0.00625 0.005
2 0.6521874999999999 0.184375 0.0075 0.00625
2 0.6325000000000001 0.200625 0.008749999999999999 0.0075
2 0.621875 0.2296875 0.00625 0.00625
2 0.6725 0.2 0.0075 0.00625
2 0.6956249999999999 0.18812500000000001 0.01 0.0075
2 0.6431250000000001 0.193125 0.005 0.005
2 0.6753125 0.175625 0.01 0.0075
2 0.663125 0.184375 0.0075 0.00625
2 0.6559375000000001 0.190625 0.008749999999999999 0.00625
2 0.5796875 0.244375 0.00625 0.0075
2 0.6040625000000001 0.2321875 0.005 0.005
2 0.6165625 0.22374999999999998 0.005 0.00375
2 0.6103125 0.2290625 0.005 0.005
2 0.5640625 0.29 0.0125 0.01125
2 0.5653125 0.28718750000000004 0.008749999999999999 0.008749999999999999
2 0.5703125 0.28531249999999997 0.0125 0.01125
2 0.58 0.27625 0.01 0.008749999999999999
2 0.5778125000000001 0.32 0.008749999999999999 0.008749999999999999
2 0.5646875 0.3278125 0.0075 0.008749999999999999
2 0.5599999999999999 0.3325 0.0075 0.008749999999999999
2 0.558125 0.35031249999999997 0.00375 0.00375
2 0.495 0.32406250000000003 0.008749999999999999 0.0075
2 0.4928125 0.35 0.0075 0.00625
2 0.398125 0.39437500000000003 0.008749999999999999 0.0075
2 0.5125 0.3265625 0.00625 0.00625
2 0.506875 0.3146875 0.0075 0.0075
2 0.4765625 0.3125 0.00625 0.00625
2 0.47437500000000005 0.315 0.005 0.005
2 0.4646875 0.330625 0.0075 0.005
2 0.5059375 0.32875 0.008749999999999999 0.0075
2 0.45843749999999994 0.346875 0.0075 0.00625
2 0.478125 0.33999999999999997 0.00625 0.005
2 0.475 0.34375 0.00625 0.00625
2 0.47125000000000006 0.3446875 0.005 0.005
2 0.370625 0.398125 0.01 0.008749999999999999
2 0.34375 0.41937499999999994 0.00625 0.0075
2 0.35 0.41531250000000003 0.00625 0.008749999999999999
2 0.3803125 0.39125 0.0075 0.0075
2 0.31 0.4490625 0.0075 0.0075
2 0.32125 0.4421875 0.005 0.00625
2 0.350625 0.434375 0.0075 0.00625
2 0.364375 0.405625 0.00375 0.005
2 0.375625 0.395 0.0075 0.008749999999999999
2 0.3265625 0.4525 0.00625 0.005
2 0.33718750000000003 0.44375 0.008749999999999999 0.00625
2 0.34125 0.446875 0.0075 0.00625
2 0.374375 0.4046875 0.005 0.00625
2 0.47406249999999994 0.3646875 0.0075 0.0075
2 0.48218750000000005 0.5203125 0.005 0.00625
2 0.5509375000000001 0.48312499999999997 0.01125 0.01
2 0.5125 0.5 0.00625 0.00625
2 0.490625 0.5146875 0.00625 0.0075
2 0.488125 0.5171875 0.0075 0.00625
2 0.4984375 0.5209374999999999 0.00625 0.0075
2 0.49375 0.5234375 0.00625 0.00625
2 0.488125 0.528125 0.0075 0.00625
2 0.47562499999999996 0.52625 0.0075 0.008749999999999999
2 0.471875 0.530625 0.00625 0.005
2 0.3821875 0.6184375 0.01125 0.008749999999999999
2 0.246875 0.7978125 0.00625 0.005
2 0.265625 0.818125 0.00625 0.005
2 0.26968749999999997 0.8246874999999999 0.01125 0.008749999999999999
2 0.39625 0.7790625 0.005 0.005
2 0.3578125 0.85 0.0125 0.00625
2 0.340625 0.8637499999999999 0.0125 0.008749999999999999
2 0.489375 0.6075 0.01 0.008749999999999999
2 0.4925 0.6168750000000001 0.00375 0.008749999999999999
2 0.5037499999999999 0.625625 0.0075 0.0075
2 0.49437499999999995 0.631875 0.0075 0.0075
2 0.499375 0.6359375 0.005 0.00625
2 0.50125 0.6375 0.008749999999999999 0.00625
2 0.12625 0.8096875000000001 0.008749999999999999 0.01
2 0.121875 0.6681250000000001 0.0125 0.005
2 0.13093749999999998 0.6756249999999999 0.015 0.0075
2 0.17781249999999998 0.585 0.008749999999999999 0.0075
2 0.14625 0.61375 0.01125 0.008749999999999999
2 0.20656249999999998 0.5706249999999999 0.01 0.01
2 0.2875 0.575 0.00625 0.00625
2 0.21187499999999998 0.5390625 0.005 0.00625
2 0.21781250000000002 0.535625 0.0075 0.008749999999999999
2 0.221875 0.53125 0.00625 0.00625
2 0.24156249999999999 0.5171875 0.005 0.00625
2 0.27718750000000003 0.501875 0.0075 0.01
2 0.24656250000000002 0.54125 0.008749999999999999 0.0075
2 0.2265625 0.55 0.00625 0.00625
2 0.21781250000000002 0.5828125 0.0075 0.00625
2 0.1578125 0.6571875 0.00625 0.005
2 0.230625 0.54375 0.005 0.00625
2 0.113125 0.409375 0.0075 0.00625
