2 0.6096874999999999 0.8300000000000001 0.01 0.01625
2 0.8184374999999999 0.9199999999999999 0.008749999999999999 0.015
2 0.6571875 0.6596875 0.017499999999999998 0.01
2 0.69875 0.65625 0.01625 0.00625
2 0.8046875 0.66875 0.01875 0.00625
2 0.54875 0.1909375 0.01625 0.01625
2 0.564375 0.26625 0.01 0.013750000000000002
2 0.5621875000000001 0.6431250000000001 0.015 0.005
2 0.320625 0.5628124999999999 0.01 0.01625
2 0.153125 0.9446875 0.0125 0.01125
2 0.380625 0.97 0.017499999999999998 0.008749999999999999
2 0.309375 0.9481249999999999 0.00625 0.015
2 0.49093749999999997 0.9646874999999999 0.01625 0.0075
2 0.5128125 0.9637499999999999 0.01625 0.008749999999999999
2 0.525625 0.8815625 0.0075 0.01625
2 0.7340625000000001 0.991875 0.008749999999999999 0.015
2 0.82 0.9512499999999999 0.015 0.008749999999999999
2 0.9659375000000001 0.95875 0.028749999999999998 0.01125
2 0.931875 0.9793749999999999 0.0075 0.015
2 0.9409375000000001 0.9581250000000001 0.01625 0.01
2 0.9059375 0.6990624999999999 0.008749999999999999 0.013750000000000002
2 0.70875 0.6753125 0.017499999999999998 0.01
2 0.8306250000000001 0.41156249999999994 0.01125 0.013750000000000002
2 0.9193749999999999 0.4171875 0.0075 0.01875
2 0.9400000000000001 0.40875000000000006 0.005 0.01125
2 0.9400000000000001 0.42281250000000004 0.005 0.01125
