2 0.15718749999999998 0.36875 0.017499999999999998 0.00625
2 0.41500000000000004 0.3384375 0.017499999999999998 0.005
2 0.484375 0.3515625 0.0125 0.00625
2 0.5009375 0.3515625 0.017499999999999998 0.00625
2 0.860625 0.384375 0.015 0.00625
2 0.9037499999999999 0.3859375 0.013750000000000002 0.00625
2 0.78125 0.1590625 0.00625 0.008749999999999999
2 0.11937500000000001 0.7265625 0.013750000000000002 0.00625
2 0.8412499999999999 0.9881249999999999 0.0075 0.013750000000000002
2 0.8296875 0.8321875000000001 0.00625 0.01125
2 0.3834375 0.3225 0.0075 0.013750000000000002
2 0.0371875 0.57625 0.015 0.008749999999999999
