2 0.042499999999999996 0.2971875 0.01 0.01625
2 0.0359375 0.344375 0.0125 0.013750000000000002
2 0.05375 0.36 0.013750000000000002 0.013750000000000002
2 0.0375 0.4390625 0.0125 0.0125
2 0.1603125 0.368125 0.01125 0.017499999999999998
2 0.17281249999999998 0.666875 0.01125 0.015
2 0.24125000000000002 0.7109375 0.0075 0.0125
2 0.19343749999999998 0.73625 0.015 0.01
2 0.2359375 0.77125 0.01875 0.01125
2 0.3128125 0.7853125000000001 0.01625 0.01125
2 0.4034375 0.8462500000000001 0.01625 0.017499999999999998
2 0.042499999999999996 0.2971875 0.01 0.01625
2 0.0359375 0.344375 0.0125 0.013750000000000002
2 0.05375 0.36 0.013750000000000002 0.013750000000000002
2 0.0375 0.4390625 0.0125 0.0125
2 0.1603125 0.368125 0.01125 0.017499999999999998
2 0.17281249999999998 0.666875 0.01125 0.015
2 0.24125000000000002 0.7109375 0.0075 0.0125
2 0.19343749999999998 0.73625 0.015 0.01
2 0.2359375 0.77125 0.01875 0.01125
2 0.3128125 0.7853125000000001 0.01625 0.01125
2 0.4034375 0.8462500000000001 0.01625 0.017499999999999998
