2 0.3196875 0.81375 0.005 0.008749999999999999
2 0.3384375 0.7787499999999999 0.005 0.0075
2 0.2971875 0.9703125 0.00375 0.00625
2 0.2125 0.9859375 0.0125 0.00625
2 0.24500000000000002 0.990625 0.008749999999999999 0.00625
2 0.3565625 0.9953125 0.01 0.00625
2 0.20187499999999997 0.9737500000000001 0.01 0.00375
2 0.05125 0.961875 0.008749999999999999 0.005
2 0.1209375 0.9721875000000001 0.0075 0.00375
2 0.12875 0.974375 0.0075 0.005
2 0.013750000000000002 0.9446875 0.008749999999999999 0.005
2 0.16375 0.8378125000000001 0.008749999999999999 0.00375
2 0.4065625 0.15125 0.0225 0.008749999999999999
2 0.344375 0.07843750000000001 0.0075 0.028749999999999998
2 0.35 0.078125 0.00625 0.025
2 0.35625 0.0775 0.00625 0.02375
2 0.3615625 0.0865625 0.0075 0.026250000000000002
2 0.40843749999999995 0.206875 0.0075 0.0075
2 0.278125 0.1684375 0.00625 0.008749999999999999
2 0.24718749999999998 0.16218749999999998 0.00375 0.008749999999999999
2 0.2515625 0.16218749999999998 0.00625 0.008749999999999999
2 0.26437499999999997 0.16468750000000001 0.00375 0.0075
2 0.2125 0.1253125 0.00625 0.01
2 0.21625 0.09343749999999999 0.0075 0.015
2 0.2521875 0.19437500000000002 0.0075 0.0075
2 0.27468750000000003 0.21437499999999998 0.008749999999999999 0.01
2 0.25406249999999997 0.2128125 0.005 0.01
2 0.25875 0.2128125 0.005 0.01
2 0.015 0.15 0.005 0.00625
2 0.02375 0.1509375 0.00375 0.005
2 0.041875 0.1521875 0.0025 0.0075
2 0.045625 0.15375 0.00375 0.0075
2 0.0290625 0.1528125 0.005 0.008749999999999999
