2 0.36843750000000003 0.15625 0.015 0.0125
2 0.384375 0.1509375 0.0125 0.01125
2 0.4109375 0.134375 0.0125 0.0125
2 0.4525 0.10874999999999999 0.01125 0.01125
2 0.490625 0.0828125 0.0125 0.0125
2 0.5037499999999999 0.0765625 0.013750000000000002 0.0125
2 0.516875 0.0665625 0.015 0.01125
2 0.548125 0.0471875 0.015 0.01
2 0.5443749999999999 0.083125 0.013750000000000002 0.01
2 0.1759375 0.635 0.017499999999999998 0.013750000000000002
2 0.23625 0.5634375 0.01 0.01125
2 0.0571875 0.665625 0.017499999999999998 0.0125
2 0.3678125 0.5237499999999999 0.013750000000000002 0.01
2 0.4390625 0.47125000000000006 0.0125 0.01125
2 0.51125 0.4290625 0.01625 0.01125
2 0.610625 0.38093750000000004 0.015 0.008749999999999999
2 0.6653125 0.3825 0.015 0.008749999999999999
2 0.8421875 0.0165625 0.00625 0.01125
2 0.788125 0.1375 0.0075 0.0125
2 0.878125 0.045 0.0125 0.008749999999999999
2 0.8734375 0.1240625 0.0125 0.0075
2 0.7731250000000001 0.2203125 0.008749999999999999 0.0125
2 0.8034375 0.23156249999999998 0.01 0.01625
2 0.766875 0.255 0.008749999999999999 0.01625
2 0.82 0.3225 0.008749999999999999 0.013750000000000002
2 0.81375 0.35375 0.008749999999999999 0.013750000000000002
2 0.8334374999999999 0.2834375 0.013750000000000002 0.0075
2 0.7631249999999999 0.4575 0.0075 0.015
2 0.7021875 0.46312499999999995 0.013750000000000002 0.0075
2 0.7903125 0.528125 0.015 0.00625
2 0.7553124999999999 0.7584375 0.013750000000000002 0.0075
2 0.7474999999999999 0.776875 0.013750000000000002 0.01
2 0.7075 0.8590625 0.008749999999999999 0.015
2 0.7065625 0.79125 0.01 0.013750000000000002
2 0.635625 0.8625 0.015 0.0125
2 0.6525000000000001 0.9168749999999999 0.01125 0.015
2 0.6990624999999999 0.8334374999999999 0.0075 0.013750000000000002
2 0.6496875 0.9425000000000001 0.008749999999999999 0.01625
2 0.6453125 0.8234375 0.0125 0.00625
2 0.8724999999999999 0.41156249999999994 0.013750000000000002 0.0075
2 0.89125 0.4146875 0.013750000000000002 0.0075
2 0.971875 0.484375 0.00625 0.0125
2 0.99 0.41156249999999994 0.017499999999999998 0.013750000000000002
2 0.959375 0.4015625 0.0125 0.0125
2 0.81875 0.0296875 0.00625 0.0125
2 0.6643749999999999 0.8559374999999999 0.01 0.015
2 0.6875 0.898125 0.00625 0.015
2 0.14125000000000001 0.70125 0.013750000000000002 0.015
2 0.143125 0.7462500000000001 0.017499999999999998 0.01125
2 0.15 0.7581249999999999 0.00625 0.01625
2 0.1665625 0.751875 0.01125 0.01625
2 0.174375 0.76625 0.01125 0.013750000000000002
2 0.18937500000000002 0.7925 0.01 0.01625
2 0.2225 0.903125 0.013750000000000002 0.0125
2 0.3046875 0.951875 0.0125 0.01
2 0.24562499999999998 0.954375 0.01 0.015
2 0.250625 0.9724999999999999 0.013750000000000002 0.0075
2 0.259375 0.9796875 0.0125 0.00625
2 0.254375 0.9893750000000001 0.015 0.01
2 0.5425 0.121875 0.01 0.0125
2 0.349375 0.18375 0.01125 0.01125
2 0.2503125 0.618125 0.01 0.01125
2 0.17906249999999999 0.8225 0.017499999999999998 0.013750000000000002
2 0.2109375 0.8346875 0.0125 0.01625
2 0.1565625 0.7925 0.0225 0.01625
2 0.6490625 0.77 0.02 0.008749999999999999
2 0.72 0.22749999999999998 0.021249999999999998 0.01125
