2 0.9662499999999999 0.44875 0.03875 0.01625
2 0.496875 0.236875 0.0375 0.017499999999999998
2 0.15531250000000002 0.3275 0.02 0.01125
2 0.175 0.308125 0.01875 0.01
2 0.1484375 0.476875 0.01875 0.01
2 0.19624999999999998 0.253125 0.02375 0.0125
2 0.441875 0.3434375 0.021249999999999998 0.008749999999999999
2 0.46875 0.3434375 0.01875 0.008749999999999999
2 0.49000000000000005 0.3440625 0.017499999999999998 0.01
2 0.48656249999999995 0.29874999999999996 0.0325 0.01625
2 0.4390625 0.3021875 0.03125 0.013750000000000002
2 0.09406250000000001 0.529375 0.06625 0.015
2 0.28781249999999997 0.52625 0.07875 0.015
