2 0.1609375 0.65 0.0125 0.00625
2 0.23125 0.5740624999999999 0.00625 0.013750000000000002
2 0.5231250000000001 0.5703125 0.015 0.00625
2 0.20625 0.53625 0.00625 0.01
2 0.2071875 0.5515625 0.005 0.0125
2 0.748125 0.7837500000000001 0.021249999999999998 0.01125
2 0.676875 0.740625 0.01625 0.00625
2 0.7340625000000001 0.7215625 0.008749999999999999 0.008749999999999999
2 0.5546875 0.6003125 0.0125 0.01
2 0.5756249999999999 0.5715625 0.013750000000000002 0.008749999999999999
2 0.6115625 0.3040625 0.013750000000000002 0.005
2 0.6328125 0.39625 0.00625 0.01125
2 0.6203125 0.399375 0.00625 0.01125
2 0.1640625 0.330625 0.0125 0.005
2 0.21593749999999998 0.33468749999999997 0.00375 0.01
2 0.17781249999999998 0.42281250000000004 0.015 0.005
2 0.15875 0.42281250000000004 0.017499999999999998 0.005
2 0.2240625 0.04 0.0075 0.01125
2 0.044375 0.22749999999999998 0.0075 0.01125
2 0.339375 0.6287499999999999 0.01625 0.0075
2 0.4959375 0.046875 0.013750000000000002 0.0125
2 0.4953125 0.058750000000000004 0.0125 0.005
2 0.496875 0.06593750000000001 0.0125 0.00375
2 0.5840625 0.940625 0.008749999999999999 0.0125
2 0.7309375 0.959375 0.008749999999999999 0.0125
2 0.6584375 0.525 0.02 0.00625
2 0.5971875 0.2015625 0.01625 0.00625
2 0.9221875 0.0546875 0.01 0.0125
2 0.9521875 0.0853125 0.013750000000000002 0.005
2 0.9731249999999999 0.0853125 0.015 0.005
2 0.8153124999999999 0.3975 0.015 0.0075
2 0.9021874999999999 0.44437499999999996 0.0075 0.013750000000000002
2 0.9221875 0.620625 0.01 0.01
2 0.9337500000000001 0.635 0.01125 0.013750000000000002
2 0.840625 0.6537499999999999 0.0125 0.0075
2 0.951875 0.6890625 0.01625 0.0125
2 0.9731249999999999 0.8503125 0.015 0.01
2 0.8409375000000001 0.8162499999999999 0.01 0.013750000000000002
2 0.7821875 0.7584375 0.017499999999999998 0.0075
2 0.225 0.4690625 0.00625 0.01625
2 0.22625 0.489375 0.008749999999999999 0.01625
2 0.7015625 0.9418749999999999 0.0125 0.008749999999999999
