2 0.968125 0.265625 0.017499999999999998 0.00625
2 0.33187500000000003 0.473125 0.0075 0.015
2 0.221875 0.43656249999999996 0.0125 0.013750000000000002
2 0.20625 0.465 0.01875 0.01125
2 0.13468750000000002 0.436875 0.01625 0.01125
2 0.1625 0.4503125 0.01875 0.01
2 0.183125 0.46375 0.01625 0.015
2 0.2071875 0.49000000000000005 0.017499999999999998 0.01125
2 0.1975 0.47437500000000005 0.013750000000000002 0.01125
2 0.259375 0.4615625 0.0125 0.013750000000000002
2 0.39249999999999996 0.54 0.01625 0.01125
2 0.374375 0.54625 0.017499999999999998 0.01125
2 0.33375 0.55625 0.01125 0.0125
2 0.280625 0.5431250000000001 0.01125 0.01125
2 0.545625 0.6118750000000001 0.01 0.017499999999999998
2 0.469375 0.6125 0.0075 0.0125
2 0.7178125 0.6025 0.013750000000000002 0.01125
2 0.7353125 0.6103125 0.017499999999999998 0.01125
2 0.7631249999999999 0.653125 0.0075 0.0125
2 0.6681250000000001 0.8087500000000001 0.017499999999999998 0.01125
2 0.69375 0.8328125 0.01875 0.00625
2 0.8709374999999999 0.8053125 0.0075 0.013750000000000002
2 0.94375 0.8240624999999999 0.01875 0.0075
2 0.8665625 0.8387499999999999 0.017499999999999998 0.008749999999999999
2 0.38687499999999997 0.5771875 0.01125 0.013750000000000002
2 0.45906250000000004 0.629375 0.008749999999999999 0.015
2 0.6421875 0.6168750000000001 0.00625 0.015
2 0.7003125 0.6215625 0.01 0.015
2 0.785625 0.8340624999999999 0.015 0.008749999999999999
2 0.8625 0.8084374999999999 0.00625 0.013750000000000002
