2 0.08562499999999999 0.34968750000000004 0.015 0.015
2 0.1265625 0.781875 0.0125 0.0075
2 0.6950000000000001 0.7971874999999999 0.008749999999999999 0.01625
2 0.688125 0.8353125 0.0075 0.017499999999999998
2 0.7021875 0.835 0.0075 0.013750000000000002
2 0.709375 0.7975 0.00625 0.013750000000000002
2 0.74125 0.9181250000000001 0.0075 0.017499999999999998
2 0.023125 0.42437500000000006 0.015 0.017499999999999998
2 0.196875 0.215625 0.0125 0.0125
2 0.265 0.10093749999999999 0.01125 0.01125
2 0.59375 0.0375 0.0125 0.0125
2 0.090625 0.31 0.0125 0.013750000000000002
2 0.1609375 0.25906250000000003 0.0125 0.015
2 0.2390625 0.7803125 0.0125 0.0075
2 0.1628125 0.815625 0.01 0.0125
2 0.0059375 0.4459375 0.008749999999999999 0.013750000000000002
2 0.7634375 0.57375 0.01125 0.01
2 0.7515625 0.5309375000000001 0.0125 0.008749999999999999
2 0.6615624999999999 0.984375 0.013750000000000002 0.00625
