2 0.7503124999999999 0.025937500000000002 0.01625 0.017499999999999998
2 0.6956249999999999 0.693125 0.0225 0.017499999999999998
2 0.8590625 0.62 0.015 0.015
2 0.10593749999999999 0.885 0.021249999999999998 0.013750000000000002
2 0.0134375 0.909375 0.017499999999999998 0.01875
2 0.6990624999999999 0.0375 0.013750000000000002 0.01875
2 0.6068749999999999 0.020624999999999998 0.0075 0.0225
2 0.6165625 0.01625 0.01125 0.026250000000000002
2 0.62625 0.013750000000000002 0.008749999999999999 0.021249999999999998
2 0.63625 0.0109375 0.01 0.01875
