2 0.0321875 0.375 0.01125 0.00625
2 0.0715625 0.3740625 0.015 0.0075
2 0.078125 0.3625 0.0125 0.00625
2 0.159375 0.3678125 0.0125 0.0075
2 0.27375 0.3609375 0.01625 0.00625
2 0.6871875000000001 0.36375 0.015 0.008749999999999999
2 0.7134375000000001 0.3803125 0.017499999999999998 0.0075
2 0.7474999999999999 0.375 0.013750000000000002 0.00625
2 0.0484375 0.515 0.0125 0.01125
2 0.0475 0.5221875 0.013750000000000002 0.01
2 0.881875 0.41 0.013750000000000002 0.0075
2 0.97875 0.43968749999999995 0.013750000000000002 0.0075
2 0.971875 0.4246875 0.0125 0.008749999999999999
