2 0.008749999999999999 0.43843750000000004 0.01125 0.017499999999999998
2 0.3046875 0.45625 0.0125 0.0125
2 0.3125 0.4415625 0.0125 0.01125
2 0.43156249999999996 0.8265625 0.01 0.0125
2 0.4265625 0.8409375000000001 0.0125 0.01625
2 0.40625 0.834375 0.0125 0.0125
2 0.401875 0.8509375 0.01 0.01125
2 0.45093750000000005 0.72875 0.01125 0.013750000000000002
2 0.469375 0.7409375 0.0075 0.01625
2 0.436875 0.765625 0.01125 0.0125
2 0.34375 0.9075 0.01875 0.008749999999999999
2 0.3225 0.8768750000000001 0.013750000000000002 0.01625
2 0.4815625 0.915625 0.01625 0.0125
2 0.4059375 0.1584375 0.015 0.013750000000000002
2 0.5675 0.13874999999999998 0.01625 0.008749999999999999
2 0.6815625 0.1053125 0.01625 0.02
2 0.7787499999999999 0.053125 0.013750000000000002 0.0125
2 0.7775000000000001 0.104375 0.01125 0.015
2 0.83375 0.23343750000000002 0.01125 0.013750000000000002
2 0.7209375 0.5387500000000001 0.0075 0.015
2 0.7540625000000001 0.54875 0.017499999999999998 0.01
2 0.755625 0.5596875 0.017499999999999998 0.01
2 0.9265625 0.5890625 0.00625 0.0125
2 0.9349999999999999 0.5878125 0.0075 0.01625
2 0.74 0.615 0.01125 0.017499999999999998
2 0.8081250000000001 0.724375 0.01 0.017499999999999998
2 0.820625 0.9087500000000001 0.01625 0.01125
2 0.4065625 0.9106249999999999 0.01 0.015
2 0.4134375 0.9256249999999999 0.01125 0.013750000000000002
2 0.16468750000000001 0.89875 0.02 0.01
2 0.1734375 0.915 0.01875 0.01125
2 0.215 0.7521875 0.01125 0.013750000000000002
2 0.40062499999999995 0.6096874999999999 0.013750000000000002 0.01
2 0.5428124999999999 0.48968749999999994 0.013750000000000002 0.0075
2 0.5290625 0.5040625000000001 0.017499999999999998 0.01125
2 0.635625 0.4225 0.015 0.0075
2 0.7040625 0.006562500000000001 0.017499999999999998 0.01
