2 0.959375 0.5921875 0.00625 0.0125
2 0.9890625 0.565625 0.0125 0.00625
2 0.7165625 0.46875 0.01125 0.00625
2 0.6578125 0.484375 0.0125 0.0125
2 0.68125 0.23343750000000002 0.00625 0.013750000000000002
2 0.68875 0.23343750000000002 0.008749999999999999 0.013750000000000002
2 0.735 0.9643750000000001 0.013750000000000002 0.01
2 0.66875 0.9609375 0.0125 0.00625
2 0.339375 0.646875 0.01 0.0125
2 0.8653124999999999 0.25375000000000003 0.015 0.0075
2 0.8815625 0.2546875 0.01625 0.00625
2 0.5225 0.2475 0.0075 0.013750000000000002
2 0.3509375 0.960625 0.01125 0.008749999999999999
2 0.2765625 0.9925 0.0125 0.01
2 0.9 0.9731249999999999 0.00625 0.015
2 0.9662499999999999 0.866875 0.0075 0.015
2 0.6431250000000001 0.240625 0.005 0.0125
2 0.5193749999999999 0.23156249999999998 0.0075 0.01625
