2 0.0240625 0.22312500000000002 0.02 0.015
2 0.015 0.24625 0.017499999999999998 0.01125
2 0.074375 0.2515625 0.017499999999999998 0.0125
2 0.17781249999999998 0.4246875 0.015 0.021249999999999998
2 0.1409375 0.45062499999999994 0.01625 0.02
2 0.1771875 0.4525 0.013750000000000002 0.017499999999999998
2 0.1446875 0.4984375 0.01125 0.0125
2 0.1084375 0.5290625 0.013750000000000002 0.017499999999999998
2 0.17906249999999999 0.5128125 0.02375 0.01625
2 0.20812499999999998 0.448125 0.0225 0.015
2 0.170625 0.5275000000000001 0.01625 0.01125
2 0.16593750000000002 0.53625 0.01625 0.01
2 0.1609375 0.5459375 0.01875 0.013750000000000002
2 0.205625 0.4571875 0.03 0.017499999999999998
2 0.12125 0.50625 0.017499999999999998 0.01875
2 0.11374999999999999 0.5134375 0.015 0.017499999999999998
2 0.23625 0.49406249999999996 0.01625 0.01
2 0.065 0.2728125 0.01125 0.017499999999999998
2 0.20031249999999998 0.5665625000000001 0.01625 0.01125
2 0.19468749999999999 0.5790625 0.017499999999999998 0.01125
2 0.1925 0.5884375000000001 0.01625 0.01125
2 0.11187499999999999 0.56375 0.017499999999999998 0.021249999999999998
2 0.011875 0.5834374999999999 0.01125 0.02
2 0.0109375 0.62 0.01875 0.015
2 0.040625 0.631875 0.01875 0.013750000000000002
2 0.063125 0.640625 0.02 0.0125
2 0.078125 0.661875 0.0125 0.017499999999999998
2 0.0890625 0.6681250000000001 0.0125 0.017499999999999998
2 0.10874999999999999 0.7103125 0.01125 0.017499999999999998
2 0.08687500000000001 0.72875 0.017499999999999998 0.013750000000000002
2 0.0240625 0.7840625 0.02 0.021249999999999998
2 0.041875 0.8106249999999999 0.015 0.015
2 0.091875 0.8021874999999999 0.015 0.02
2 0.1234375 0.7746875 0.01875 0.015
2 0.260625 0.8053125 0.015 0.02
2 0.3078125 0.7871875 0.01875 0.027500000000000004
2 0.336875 0.7325 0.017499999999999998 0.021249999999999998
2 0.35281250000000003 0.7059375 0.015 0.021249999999999998
2 0.354375 0.635625 0.015 0.021249999999999998
2 0.3678125 0.61 0.02 0.026250000000000002
2 0.38125 0.583125 0.01875 0.0225
2 0.433125 0.488125 0.01625 0.02
2 0.4453125 0.46375 0.01875 0.021249999999999998
2 0.48187499999999994 0.5621875000000001 0.02 0.015
2 0.47625 0.406875 0.015 0.02
2 0.48624999999999996 0.388125 0.01625 0.02
2 0.5153125000000001 0.335625 0.015 0.021249999999999998
2 0.5118750000000001 0.41375 0.017499999999999998 0.021249999999999998
2 0.54875 0.3509375 0.01625 0.017499999999999998
2 0.5615625 0.33625 0.013750000000000002 0.01625
2 0.5640625 0.315 0.01875 0.017499999999999998
2 0.5053124999999999 0.28375 0.02 0.017499999999999998
2 0.49375 0.17906249999999999 0.01875 0.017499999999999998
2 0.4809375 0.0121875 0.015 0.015
2 0.5809375 0.04 0.015 0.017499999999999998
2 0.7681250000000001 0.10625 0.017499999999999998 0.01875
2 0.8331250000000001 0.058125 0.0225 0.0225
2 0.8609375 0.0290625 0.01875 0.017499999999999998
2 0.8793749999999999 0.013125000000000001 0.015 0.013750000000000002
2 0.7471875 0.32 0.01625 0.021249999999999998
2 0.73125 0.34875 0.0125 0.0225
2 0.759375 0.348125 0.0125 0.021249999999999998
2 0.7553124999999999 0.375 0.013750000000000002 0.01875
2 0.75125 0.3975 0.015 0.02
2 0.7787499999999999 0.40062499999999995 0.013750000000000002 0.02
2 0.8006249999999999 0.365 0.02 0.01125
2 0.7849999999999999 0.4253125 0.013750000000000002 0.0225
2 0.7921875 0.4490625 0.0125 0.02
2 0.8015625 0.47562499999999996 0.0125 0.02
2 0.8071875000000001 0.506875 0.01125 0.02
2 0.81125 0.53125 0.01 0.01875
2 0.8143750000000001 0.5587500000000001 0.01 0.017499999999999998
2 0.8203125 0.6075 0.0125 0.027500000000000004
2 0.8231249999999999 0.7046875 0.015 0.01875
2 0.609375 0.8790625000000001 0.0125 0.017499999999999998
2 0.62 0.9037499999999999 0.021249999999999998 0.013750000000000002
2 0.7003125 0.95625 0.01625 0.0125
2 0.7625 0.9521875 0.01875 0.013750000000000002
2 0.7887500000000001 0.960625 0.021249999999999998 0.015
2 0.76625 0.9775 0.013750000000000002 0.01125
2 0.81875 0.9703125 0.01875 0.0125
2 0.8768750000000001 0.9862500000000001 0.01 0.01625
2 0.884375 0.9650000000000001 0.0125 0.017499999999999998
2 0.880625 0.9190625000000001 0.01125 0.01625
2 0.914375 0.8971875 0.01625 0.0225
2 0.8671875 0.8887499999999999 0.01875 0.008749999999999999
2 0.90625 0.8584375 0.0125 0.02
2 0.915625 0.8396874999999999 0.0125 0.02
2 0.9446875 0.8334374999999999 0.01125 0.013750000000000002
2 0.95625 0.8071875000000001 0.0125 0.017499999999999998
2 0.9921875 0.73375 0.0125 0.017499999999999998
2 0.45187499999999997 0.5240625 0.01625 0.02
2 0.1953125 0.6725 0.01875 0.013750000000000002
2 0.27875 0.7078125 0.026250000000000002 0.01875
2 0.843125 0.1240625 0.017499999999999998 0.02
2 0.9737500000000001 0.15625 0.0225 0.01875
2 0.811875 0.733125 0.017499999999999998 0.01
2 0.8815625 0.8453125 0.0225 0.0125
2 0.871875 0.875625 0.025 0.02
2 0.305625 0.9115624999999999 0.017499999999999998 0.02
2 0.10375000000000001 0.57875 0.013750000000000002 0.013750000000000002
2 0.25375000000000003 0.46187500000000004 0.02 0.017499999999999998
2 0.56375 0.3975 0.021249999999999998 0.02
2 0.7474999999999999 0.45375 0.02 0.013750000000000002
2 0.5584374999999999 0.4221875 0.013750000000000002 0.01625
2 0.5493750000000001 0.43843750000000004 0.017499999999999998 0.017499999999999998
2 0.5265625 0.488125 0.01875 0.013750000000000002
2 0.5109375 0.5003124999999999 0.025 0.01625
2 0.44125 0.5159374999999999 0.013750000000000002 0.01625
2 0.97875 0.6287499999999999 0.02 0.013750000000000002
