2 0.99375 0.8931250000000001 0.0125 0.017499999999999998
2 0.9834375 0.9265625 0.013750000000000002 0.0125
2 0.9709375 0.9550000000000001 0.0075 0.01625
2 0.7496875000000001 0.8871874999999999 0.008749999999999999 0.015
2 0.7640625 0.8306250000000001 0.0125 0.017499999999999998
2 0.7646875 0.8153124999999999 0.0075 0.015
2 0.76875 0.795625 0.0125 0.01625
2 0.775 0.6934375 0.0125 0.015
2 0.7903125 0.6950000000000001 0.008749999999999999 0.015
2 0.744375 0.725625 0.013750000000000002 0.0075
2 0.7381249999999999 0.713125 0.013750000000000002 0.0075
2 0.9159375000000001 0.36062500000000003 0.01 0.015
2 0.9237500000000001 0.34187500000000004 0.01 0.015
2 0.9278124999999999 0.3253125 0.008749999999999999 0.01625
2 0.9340624999999999 0.3090625 0.008749999999999999 0.015
2 0.93875 0.29281250000000003 0.008749999999999999 0.013750000000000002
2 0.9859375 0.34562499999999996 0.0125 0.01625
2 0.978125 0.3715625 0.0125 0.015
2 0.9715624999999999 0.3878125 0.008749999999999999 0.01625
2 0.9028124999999999 0.47000000000000003 0.015 0.008749999999999999
2 0.410625 0.4725 0.015 0.013750000000000002
2 0.4225 0.485 0.013750000000000002 0.013750000000000002
2 0.9475 0.2375 0.013750000000000002 0.0125
2 0.9115624999999999 0.37625000000000003 0.0075 0.015
2 0.953125 0.22718750000000001 0.0125 0.0075
2 0.954375 0.2165625 0.015 0.01125
2 0.7534375 0.9065625 0.01 0.01625
2 0.754375 0.9650000000000001 0.015 0.01125
2 0.7365625 0.8740625 0.0075 0.013750000000000002
2 0.7309375 0.9003125000000001 0.008749999999999999 0.01625
2 0.7474999999999999 0.820625 0.0075 0.01625
2 0.9634375000000001 0.9793749999999999 0.01125 0.015
