2 0.4996875 0.37124999999999997 0.015 0.017499999999999998
2 0.033125 0.0921875 0.01 0.03125
2 0.22562500000000002 0.1365625 0.0075 0.013750000000000002
2 0.20968749999999997 0.09812499999999999 0.01 0.015
2 0.23500000000000001 0.1921875 0.0075 0.0125
2 0.565625 0.2 0.0125 0.0125
2 0.5334375 0.058750000000000004 0.0075 0.01125
2 0.5193749999999999 0.021562500000000002 0.0075 0.015
2 0.07625 0.013125000000000001 0.008749999999999999 0.013750000000000002
2 0.220625 0.0834375 0.01 0.013750000000000002
2 0.21781250000000002 0.1103125 0.0075 0.01125
2 0.238125 0.12156249999999999 0.0075 0.015
2 0.244375 0.155 0.0075 0.01625
2 0.2453125 0.17124999999999999 0.00625 0.01125
2 0.250625 0.19343749999999998 0.0075 0.015
2 0.29312499999999997 0.21375000000000002 0.01125 0.008749999999999999
2 0.12437499999999999 0.2365625 0.01125 0.0075
2 0.18375 0.22875 0.01125 0.0075
2 0.1296875 0.17250000000000001 0.0125 0.0075
2 0.3603125 0.0140625 0.005 0.0125
2 0.3734375 0.0078125 0.00625 0.0125
2 0.361875 0.04625 0.005 0.01125
2 0.375 0.034375 0.00625 0.0125
2 0.3759375 0.050624999999999996 0.005 0.013750000000000002
2 0.36312500000000003 0.0615625 0.0075 0.013750000000000002
2 0.365 0.078125 0.005 0.0125
2 0.37625000000000003 0.065625 0.008749999999999999 0.0125
2 0.38125 0.09375 0.00625 0.0125
2 0.3821875 0.11000000000000001 0.005 0.013750000000000002
2 0.371875 0.1459375 0.00625 0.013750000000000002
2 0.33468749999999997 0.20750000000000002 0.01625 0.008749999999999999
2 0.3509375 0.20593750000000002 0.01125 0.008749999999999999
2 0.4203125 0.1984375 0.0125 0.00625
2 0.440625 0.1965625 0.0125 0.008749999999999999
2 0.315625 0.2446875 0.00625 0.01125
2 0.33125 0.271875 0.00625 0.0125
2 0.361875 0.294375 0.005 0.013750000000000002
2 0.36875 0.2953125 0.00625 0.0125
2 0.4375 0.225 0.00625 0.0125
2 0.3325 0.39375 0.008749999999999999 0.00625
2 0.3525 0.39468749999999997 0.01125 0.01125
2 0.47750000000000004 0.37093750000000003 0.005 0.013750000000000002
2 0.54375 0.1615625 0.00625 0.013750000000000002
2 0.540625 0.1328125 0.00625 0.0125
2 0.5225 0.06593750000000001 0.0075 0.01625
2 0.5240625 0.09281249999999999 0.0075 0.013750000000000002
2 0.5303125 0.151875 0.0075 0.01625
2 0.4571875 0.226875 0.005 0.01
2 0.4953125 0.238125 0.00625 0.013750000000000002
2 0.5021875 0.2365625 0.0075 0.013750000000000002
2 0.5115624999999999 0.2390625 0.0075 0.0125
2 0.5959375 0.29031250000000003 0.0075 0.015
2 0.675 0.028437499999999998 0.00625 0.01625
2 0.6765625 0.0475 0.00625 0.013750000000000002
2 0.834375 0.029375000000000002 0.00625 0.015
2 0.85 0.055937499999999994 0.00625 0.015
2 0.85 0.0925 0.00625 0.01625
2 0.8390625 0.12687500000000002 0.00625 0.01625
2 0.8543749999999999 0.1278125 0.008749999999999999 0.015
2 0.8659375 0.144375 0.01 0.0075
2 0.915 0.139375 0.01125 0.01
2 0.95875 0.1340625 0.01125 0.008749999999999999
2 0.9728125000000001 0.1325 0.01125 0.008749999999999999
2 0.9868750000000001 0.13187500000000002 0.01125 0.0075
2 0.8143750000000001 0.160625 0.01 0.008749999999999999
2 0.8275 0.14906250000000001 0.01125 0.0075
2 0.7696875000000001 0.15687500000000001 0.01125 0.0075
2 0.7578125 0.1584375 0.0125 0.0075
2 0.7115625 0.164375 0.013750000000000002 0.01
2 0.6553125 0.16999999999999998 0.013750000000000002 0.008749999999999999
2 0.5590625 0.181875 0.008749999999999999 0.0075
2 0.59875 0.17625 0.01 0.008749999999999999
2 0.6115625 0.3253125 0.013750000000000002 0.01
2 0.525 0.3715625 0.00625 0.015
2 0.5384375 0.37312500000000004 0.005 0.015
2 0.546875 0.37374999999999997 0.00625 0.01625
2 0.5515625 0.3725 0.00625 0.013750000000000002
2 0.559375 0.3715625 0.00625 0.015
2 0.571875 0.37093750000000003 0.00625 0.013750000000000002
2 0.5771875 0.3715625 0.0075 0.015
2 0.5709375 0.35625 0.0075 0.0125
2 0.578125 0.355 0.00625 0.01
2 0.61 0.35750000000000004 0.013750000000000002 0.008749999999999999
2 0.6590625 0.315625 0.008749999999999999 0.0125
2 0.47562499999999996 0.7775000000000001 0.0075 0.017499999999999998
2 0.2971875 0.8015625 0.01 0.0125
2 0.05125 0.7631249999999999 0.008749999999999999 0.013750000000000002
2 0.06937499999999999 0.785625 0.013750000000000002 0.008749999999999999
2 0.1690625 0.7421875 0.01 0.00625
2 0.042812499999999996 0.911875 0.0075 0.017499999999999998
2 0.039375 0.97625 0.01 0.015
2 0.0975 0.996875 0.013750000000000002 0.00625
2 0.1496875 0.9668749999999999 0.015 0.008749999999999999
2 0.231875 0.9793749999999999 0.013750000000000002 0.008749999999999999
2 0.2625 0.971875 0.00625 0.0125
2 0.275 0.9824999999999999 0.0125 0.008749999999999999
2 0.4125 0.9309375 0.00625 0.015
2 0.406875 0.8571875 0.0075 0.017499999999999998
2 0.401875 0.8456250000000001 0.01625 0.01
2 0.49749999999999994 0.938125 0.013750000000000002 0.0075
2 0.4953125 0.97875 0.0125 0.0075
2 0.495 0.9865625 0.015 0.0075
2 0.535625 0.9159375000000001 0.015 0.01
2 0.43062500000000004 0.8521875 0.01125 0.0075
2 0.406875 0.803125 0.0075 0.0125
2 0.4146875 0.8021874999999999 0.0075 0.013750000000000002
2 0.410625 0.79125 0.015 0.0075
2 0.4125 0.781875 0.0125 0.0075
2 0.541875 0.770625 0.008749999999999999 0.01625
2 0.8474999999999999 0.0225 0.0075 0.013750000000000002
2 0.4996875 0.37124999999999997 0.015 0.017499999999999998
2 0.033125 0.0921875 0.01 0.03125
2 0.22562500000000002 0.1365625 0.0075 0.013750000000000002
2 0.20968749999999997 0.09812499999999999 0.01 0.015
2 0.23500000000000001 0.1921875 0.0075 0.0125
2 0.565625 0.2 0.0125 0.0125
2 0.5334375 0.058750000000000004 0.0075 0.01125
2 0.5193749999999999 0.021562500000000002 0.0075 0.015
2 0.07625 0.013125000000000001 0.008749999999999999 0.013750000000000002
2 0.220625 0.0834375 0.01 0.013750000000000002
2 0.21781250000000002 0.1103125 0.0075 0.01125
2 0.238125 0.12156249999999999 0.0075 0.015
2 0.244375 0.155 0.0075 0.01625
2 0.2453125 0.17124999999999999 0.00625 0.01125
2 0.250625 0.19343749999999998 0.0075 0.015
2 0.29312499999999997 0.21375000000000002 0.01125 0.008749999999999999
2 0.12437499999999999 0.2365625 0.01125 0.0075
2 0.18375 0.22875 0.01125 0.0075
2 0.1296875 0.17250000000000001 0.0125 0.0075
2 0.3603125 0.0140625 0.005 0.0125
2 0.3734375 0.0078125 0.00625 0.0125
2 0.361875 0.04625 0.005 0.01125
2 0.375 0.034375 0.00625 0.0125
2 0.3759375 0.050624999999999996 0.005 0.013750000000000002
2 0.36312500000000003 0.0615625 0.0075 0.013750000000000002
2 0.365 0.078125 0.005 0.0125
2 0.37625000000000003 0.065625 0.008749999999999999 0.0125
2 0.38125 0.09375 0.00625 0.0125
2 0.3821875 0.11000000000000001 0.005 0.013750000000000002
2 0.371875 0.1459375 0.00625 0.013750000000000002
2 0.33468749999999997 0.20750000000000002 0.01625 0.008749999999999999
2 0.3509375 0.20593750000000002 0.01125 0.008749999999999999
2 0.4203125 0.1984375 0.0125 0.00625
2 0.440625 0.1965625 0.0125 0.008749999999999999
2 0.315625 0.2446875 0.00625 0.01125
2 0.33125 0.271875 0.00625 0.0125
2 0.361875 0.294375 0.005 0.013750000000000002
2 0.36875 0.2953125 0.00625 0.0125
2 0.4375 0.225 0.00625 0.0125
2 0.3325 0.39375 0.008749999999999999 0.00625
2 0.3525 0.39468749999999997 0.01125 0.01125
2 0.47750000000000004 0.37093750000000003 0.005 0.013750000000000002
2 0.54375 0.1615625 0.00625 0.013750000000000002
2 0.540625 0.1328125 0.00625 0.0125
2 0.5225 0.06593750000000001 0.0075 0.01625
2 0.5240625 0.09281249999999999 0.0075 0.013750000000000002
2 0.5303125 0.151875 0.0075 0.01625
2 0.4571875 0.226875 0.005 0.01
2 0.4953125 0.238125 0.00625 0.013750000000000002
2 0.5021875 0.2365625 0.0075 0.013750000000000002
2 0.5115624999999999 0.2390625 0.0075 0.0125
2 0.5959375 0.29031250000000003 0.0075 0.015
2 0.675 0.028437499999999998 0.00625 0.01625
2 0.6765625 0.0475 0.00625 0.013750000000000002
2 0.834375 0.029375000000000002 0.00625 0.015
2 0.85 0.055937499999999994 0.00625 0.015
2 0.85 0.0925 0.00625 0.01625
2 0.8390625 0.12687500000000002 0.00625 0.01625
2 0.8543749999999999 0.1278125 0.008749999999999999 0.015
2 0.8659375 0.144375 0.01 0.0075
2 0.915 0.139375 0.01125 0.01
2 0.95875 0.1340625 0.01125 0.008749999999999999
2 0.9728125000000001 0.1325 0.01125 0.008749999999999999
2 0.9868750000000001 0.13187500000000002 0.01125 0.0075
2 0.8143750000000001 0.160625 0.01 0.008749999999999999
2 0.8275 0.14906250000000001 0.01125 0.0075
2 0.7696875000000001 0.15687500000000001 0.01125 0.0075
2 0.7578125 0.1584375 0.0125 0.0075
2 0.7115625 0.164375 0.013750000000000002 0.01
2 0.6553125 0.16999999999999998 0.013750000000000002 0.008749999999999999
2 0.5590625 0.181875 0.008749999999999999 0.0075
2 0.59875 0.17625 0.01 0.008749999999999999
2 0.6115625 0.3253125 0.013750000000000002 0.01
2 0.525 0.3715625 0.00625 0.015
2 0.5384375 0.37312500000000004 0.005 0.015
2 0.546875 0.37374999999999997 0.00625 0.01625
2 0.5515625 0.3725 0.00625 0.013750000000000002
2 0.559375 0.3715625 0.00625 0.015
2 0.571875 0.37093750000000003 0.00625 0.013750000000000002
2 0.5771875 0.3715625 0.0075 0.015
2 0.5709375 0.35625 0.0075 0.0125
2 0.578125 0.355 0.00625 0.01
2 0.61 0.35750000000000004 0.013750000000000002 0.008749999999999999
2 0.6590625 0.315625 0.008749999999999999 0.0125
2 0.47562499999999996 0.7775000000000001 0.0075 0.017499999999999998
2 0.2971875 0.8015625 0.01 0.0125
2 0.05125 0.7631249999999999 0.008749999999999999 0.013750000000000002
2 0.06937499999999999 0.785625 0.013750000000000002 0.008749999999999999
2 0.1690625 0.7421875 0.01 0.00625
2 0.042812499999999996 0.911875 0.0075 0.017499999999999998
2 0.039375 0.97625 0.01 0.015
2 0.0975 0.996875 0.013750000000000002 0.00625
2 0.1496875 0.9668749999999999 0.015 0.008749999999999999
2 0.231875 0.9793749999999999 0.013750000000000002 0.008749999999999999
2 0.2625 0.971875 0.00625 0.0125
2 0.275 0.9824999999999999 0.0125 0.008749999999999999
2 0.4125 0.9309375 0.00625 0.015
2 0.406875 0.8571875 0.0075 0.017499999999999998
2 0.401875 0.8456250000000001 0.01625 0.01
2 0.49749999999999994 0.938125 0.013750000000000002 0.0075
2 0.4953125 0.97875 0.0125 0.0075
2 0.495 0.9865625 0.015 0.0075
2 0.535625 0.9159375000000001 0.015 0.01
2 0.43062500000000004 0.8521875 0.01125 0.0075
2 0.406875 0.803125 0.0075 0.0125
2 0.4146875 0.8021874999999999 0.0075 0.013750000000000002
2 0.410625 0.79125 0.015 0.0075
2 0.4125 0.781875 0.0125 0.0075
2 0.541875 0.770625 0.008749999999999999 0.01625
2 0.8474999999999999 0.0225 0.0075 0.013750000000000002
