2 0.08687500000000001 0.031875 0.017499999999999998 0.0075
2 0.0896875 0.040625 0.013750000000000002 0.00625
2 0.0925 0.050624999999999996 0.01625 0.0075
2 0.096875 0.063125 0.0125 0.0075
2 0.12281249999999999 0.01625 0.017499999999999998 0.0075
2 0.1253125 0.025625 0.0225 0.0075
2 0.128125 0.038125 0.0125 0.0075
2 0.1303125 0.053437500000000006 0.013750000000000002 0.01
2 0.114375 0.0709375 0.01 0.013750000000000002
2 0.123125 0.0671875 0.008749999999999999 0.0125
2 0.2203125 0.099375 0.0125 0.017499999999999998
2 0.20593750000000002 0.34187500000000004 0.015 0.008749999999999999
2 0.1375 0.38125 0.0125 0.00625
2 0.0578125 0.384375 0.01875 0.00625
2 0.0821875 0.3934375 0.017499999999999998 0.008749999999999999
2 0.1540625 0.36375 0.03 0.008749999999999999
2 0.6168750000000001 0.03875 0.015 0.008749999999999999
2 0.6174999999999999 0.045 0.01625 0.008749999999999999
2 0.6212500000000001 0.0590625 0.01125 0.008749999999999999
2 0.624375 0.06999999999999999 0.017499999999999998 0.008749999999999999
2 0.8025 0.021562500000000002 0.01125 0.015
2 0.8862500000000001 0.0690625 0.01 0.01625
2 0.880625 0.099375 0.01125 0.017499999999999998
2 0.99 0.40062499999999995 0.01125 0.02
2 0.97 0.323125 0.008749999999999999 0.015
2 0.954375 0.49437499999999995 0.015 0.0075
2 0.9356249999999999 0.503125 0.015 0.0125
2 0.92125 0.5081249999999999 0.01125 0.01
2 0.903125 0.5146875 0.0125 0.013750000000000002
2 0.8856249999999999 0.5196875000000001 0.015 0.01125
2 0.8396874999999999 0.533125 0.013750000000000002 0.01
2 0.76875 0.5565625 0.01875 0.01
2 0.45437500000000003 0.9512499999999999 0.015 0.008749999999999999
2 0.521875 0.9324999999999999 0.0125 0.008749999999999999
2 0.6925 0.8809374999999999 0.01625 0.008749999999999999
2 0.6803125 0.915625 0.0075 0.0125
2 0.14375 0.4546875 0.0125 0.0125
2 0.18625 0.47375 0.01 0.01625
2 0.18875 0.4959375 0.008749999999999999 0.013750000000000002
2 0.1784375 0.578125 0.01 0.01875
2 0.20593750000000002 0.5746875 0.008749999999999999 0.021249999999999998
2 0.24281250000000001 0.5706249999999999 0.0075 0.01625
2 0.1640625 0.623125 0.0125 0.008749999999999999
2 0.16593750000000002 0.631875 0.01625 0.0075
2 0.258125 0.5853125 0.01 0.01125
2 0.24874999999999997 0.5859375 0.01 0.0125
2 0.23875000000000002 0.5903125 0.008749999999999999 0.015
2 0.195 0.5928125 0.015 0.013750000000000002
2 0.2028125 0.49124999999999996 0.008749999999999999 0.013750000000000002
2 0.21375000000000002 0.49000000000000005 0.008749999999999999 0.017499999999999998
2 0.3728125 0.818125 0.005 0.017499999999999998
2 0.3328125 0.79875 0.00625 0.01625
2 0.184375 0.9809374999999999 0.0125 0.015
2 0.174375 0.9528125 0.01125 0.015
2 0.1665625 0.93625 0.01125 0.01625
2 0.3046875 0.913125 0.00625 0.013750000000000002
2 0.43656249999999996 0.24625 0.02 0.01125
2 0.7784375 0.136875 0.01625 0.01125
2 0.9334374999999999 0.3171875 0.0075 0.0125
2 0.8715624999999999 0.38 0.008749999999999999 0.01625
2 0.8481249999999999 0.3471875 0.008749999999999999 0.01625
2 0.8146875 0.560625 0.0075 0.015
2 0.7134375000000001 0.5428124999999999 0.01125 0.013750000000000002
2 0.720625 0.5921875 0.01 0.0125
2 0.47000000000000003 0.9809374999999999 0.008749999999999999 0.015
2 0.33625 0.5621875000000001 0.01 0.021249999999999998
2 0.473125 0.3878125 0.015 0.0225
2 0.465625 0.39375 0.0125 0.01875
2 0.315 0.4325 0.01125 0.021249999999999998
2 0.03875 0.4025 0.015 0.01125
2 0.0078125 0.3115625 0.0125 0.0075
2 0.646875 0.10218750000000001 0.0125 0.0075
2 0.08687500000000001 0.031875 0.017499999999999998 0.0075
2 0.0896875 0.040625 0.013750000000000002 0.00625
2 0.0925 0.050624999999999996 0.01625 0.0075
2 0.096875 0.063125 0.0125 0.0075
2 0.12281249999999999 0.01625 0.017499999999999998 0.0075
2 0.1253125 0.025625 0.0225 0.0075
2 0.128125 0.038125 0.0125 0.0075
2 0.1303125 0.053437500000000006 0.013750000000000002 0.01
2 0.114375 0.0709375 0.01 0.013750000000000002
2 0.123125 0.0671875 0.008749999999999999 0.0125
2 0.2203125 0.099375 0.0125 0.017499999999999998
2 0.20593750000000002 0.34187500000000004 0.015 0.008749999999999999
2 0.1375 0.38125 0.0125 0.00625
2 0.0578125 0.384375 0.01875 0.00625
2 0.0821875 0.3934375 0.017499999999999998 0.008749999999999999
2 0.1540625 0.36375 0.03 0.008749999999999999
2 0.6168750000000001 0.03875 0.015 0.008749999999999999
2 0.6174999999999999 0.045 0.01625 0.008749999999999999
2 0.6212500000000001 0.0590625 0.01125 0.008749999999999999
2 0.624375 0.06999999999999999 0.017499999999999998 0.008749999999999999
2 0.8025 0.021562500000000002 0.01125 0.015
2 0.8862500000000001 0.0690625 0.01 0.01625
2 0.880625 0.099375 0.01125 0.017499999999999998
2 0.99 0.40062499999999995 0.01125 0.02
2 0.97 0.323125 0.008749999999999999 0.015
2 0.954375 0.49437499999999995 0.015 0.0075
2 0.9356249999999999 0.503125 0.015 0.0125
2 0.92125 0.5081249999999999 0.01125 0.01
2 0.903125 0.5146875 0.0125 0.013750000000000002
2 0.8856249999999999 0.5196875000000001 0.015 0.01125
2 0.8396874999999999 0.533125 0.013750000000000002 0.01
2 0.76875 0.5565625 0.01875 0.01
2 0.45437500000000003 0.9512499999999999 0.015 0.008749999999999999
2 0.521875 0.9324999999999999 0.0125 0.008749999999999999
2 0.6925 0.8809374999999999 0.01625 0.008749999999999999
2 0.6803125 0.915625 0.0075 0.0125
2 0.14375 0.4546875 0.0125 0.0125
2 0.18625 0.47375 0.01 0.01625
2 0.18875 0.4959375 0.008749999999999999 0.013750000000000002
2 0.1784375 0.578125 0.01 0.01875
2 0.20593750000000002 0.5746875 0.008749999999999999 0.021249999999999998
2 0.24281250000000001 0.5706249999999999 0.0075 0.01625
2 0.1640625 0.623125 0.0125 0.008749999999999999
2 0.16593750000000002 0.631875 0.01625 0.0075
2 0.258125 0.5853125 0.01 0.01125
2 0.24874999999999997 0.5859375 0.01 0.0125
2 0.23875000000000002 0.5903125 0.008749999999999999 0.015
2 0.195 0.5928125 0.015 0.013750000000000002
2 0.2028125 0.49124999999999996 0.008749999999999999 0.013750000000000002
2 0.21375000000000002 0.49000000000000005 0.008749999999999999 0.017499999999999998
2 0.3728125 0.818125 0.005 0.017499999999999998
2 0.3328125 0.79875 0.00625 0.01625
2 0.184375 0.9809374999999999 0.0125 0.015
2 0.174375 0.9528125 0.01125 0.015
2 0.1665625 0.93625 0.01125 0.01625
2 0.3046875 0.913125 0.00625 0.013750000000000002
2 0.43656249999999996 0.24625 0.02 0.01125
2 0.7784375 0.136875 0.01625 0.01125
2 0.9334374999999999 0.3171875 0.0075 0.0125
2 0.8715624999999999 0.38 0.008749999999999999 0.01625
2 0.8481249999999999 0.3471875 0.008749999999999999 0.01625
2 0.8146875 0.560625 0.0075 0.015
2 0.7134375000000001 0.5428124999999999 0.01125 0.013750000000000002
2 0.720625 0.5921875 0.01 0.0125
2 0.47000000000000003 0.9809374999999999 0.008749999999999999 0.015
2 0.33625 0.5621875000000001 0.01 0.021249999999999998
2 0.473125 0.3878125 0.015 0.0225
2 0.465625 0.39375 0.0125 0.01875
2 0.315 0.4325 0.01125 0.021249999999999998
2 0.03875 0.4025 0.015 0.01125
2 0.0078125 0.3115625 0.0125 0.0075
2 0.646875 0.10218750000000001 0.0125 0.0075
