2 0.3325 0.034375 0.008749999999999999 0.01875
2 0.33187500000000003 0.05437499999999999 0.0075 0.015
2 0.325625 0.0865625 0.0075 0.02
2 0.15031250000000002 0.6756249999999999 0.01 0.02
2 0.16312500000000002 0.65 0.0075 0.01875
2 0.181875 0.661875 0.0075 0.017499999999999998
2 0.1765625 0.67875 0.00625 0.013750000000000002
2 0.1771875 0.7003125 0.0075 0.01625
2 0.216875 0.7884375 0.015 0.017499999999999998
2 0.23312499999999997 0.65625 0.01 0.01875
2 0.23937499999999998 0.69375 0.01 0.01875
2 0.3565625 0.64125 0.0225 0.013750000000000002
2 0.17906249999999999 0.7378125 0.01125 0.01625
2 0.1996875 0.743125 0.015 0.017499999999999998
2 0.25656249999999997 0.9125 0.01 0.01875
2 0.258125 0.9349999999999999 0.01 0.013750000000000002
2 0.27749999999999997 0.9875 0.01125 0.01875
2 0.0321875 0.6168750000000001 0.01125 0.015
2 0.0059375 0.960625 0.008749999999999999 0.015
2 0.0171875 0.9478125000000001 0.0125 0.017499999999999998
2 0.0321875 0.9321875000000001 0.017499999999999998 0.017499999999999998
2 0.04625 0.9199999999999999 0.01125 0.015
2 0.320625 0.10718749999999999 0.01 0.017499999999999998
2 0.319375 0.13093749999999998 0.0075 0.021249999999999998
2 0.40374999999999994 0.14875 0.0075 0.01625
2 0.21375000000000002 0.173125 0.008749999999999999 0.015
2 0.0034375000000000005 0.395625 0.00375 0.01
2 0.35875 0.3434375 0.01125 0.015
2 0.3753125 0.6490625 0.01 0.013750000000000002
2 0.21437499999999998 0.7603125000000001 0.01 0.017499999999999998
2 0.19 0.7553124999999999 0.01125 0.013750000000000002
2 0.22937500000000002 0.8040625 0.015 0.017499999999999998
2 0.2659375 0.9534375 0.01 0.01625
2 0.254375 0.748125 0.008749999999999999 0.015
2 0.2503125 0.72875 0.01 0.013750000000000002
2 0.258125 0.765 0.01 0.017499999999999998
2 0.3975 0.515625 0.02 0.0125
