2 0.7053125 0.5840625 0.0075 0.015
2 0.7053125 0.604375 0.0075 0.015
2 0.7053125 0.621875 0.0075 0.0125
2 0.7990625 0.54 0.013750000000000002 0.02375
2 0.813125 0.5371875 0.0075 0.008749999999999999
2 0.8234375 0.5365624999999999 0.00625 0.0075
2 0.780625 0.54125 0.017499999999999998 0.02
2 0.76 0.525625 0.013750000000000002 0.0075
2 0.7575000000000001 0.5118750000000001 0.008749999999999999 0.005
2 0.75125 0.505625 0.008749999999999999 0.005
2 0.754375 0.4971875 0.015 0.00375
2 0.75125 0.4884375 0.008749999999999999 0.005
2 0.75 0.48 0.0125 0.00375
2 0.7484375 0.46968750000000004 0.0125 0.005
2 0.775 0.45093750000000005 0.00625 0.01125
2 0.8053125 0.4484375 0.0075 0.0125
2 0.826875 0.44406249999999997 0.01 0.01
2 0.8546875 0.49406249999999996 0.0125 0.041249999999999995
2 0.8803124999999999 0.5818749999999999 0.013750000000000002 0.0075
2 0.878125 0.5940624999999999 0.0125 0.01
2 0.884375 0.61875 0.0125 0.0125
2 0.8846875000000001 0.6331249999999999 0.01625 0.01
2 0.884375 0.645 0.0125 0.008749999999999999
2 0.8778124999999999 0.658125 0.015 0.01
2 0.8865624999999999 0.6643749999999999 0.013750000000000002 0.01
2 0.8865624999999999 0.673125 0.013750000000000002 0.008749999999999999
2 0.8887499999999999 0.6837500000000001 0.015 0.01125
2 0.8625 0.7034374999999999 0.00625 0.01
2 0.8546875 0.704375 0.00625 0.008749999999999999
2 0.83125 0.7065625 0.00625 0.01
2 0.80625 0.704375 0.00625 0.008749999999999999
2 0.7721875 0.7384375000000001 0.01 0.017499999999999998
2 0.7903125 0.7375 0.008749999999999999 0.0125
2 0.8178124999999999 0.7375 0.0075 0.0125
2 0.835 0.7353125 0.0075 0.01125
2 0.8515625 0.733125 0.00625 0.01
2 0.8621874999999999 0.7340625000000001 0.008749999999999999 0.015
2 0.79875 0.7171875 0.01625 0.00625
2 0.4734375 0.9071875 0.0125 0.005
2 0.47125000000000006 0.9203125 0.017499999999999998 0.00625
2 0.43156249999999996 0.221875 0.01 0.0125
2 0.6331249999999999 0.05 0.01625 0.00625
2 0.35375 0.1675 0.013750000000000002 0.01
2 0.45843749999999994 0.18375 0.013750000000000002 0.01125
2 0.3821875 0.37687499999999996 0.01125 0.01
2 0.185 0.4221875 0.013750000000000002 0.01
2 0.3409375 0.3609375 0.01 0.00625
2 0.0340625 0.4971875 0.015 0.01
2 0.213125 0.7046875 0.0075 0.0125
2 0.1315625 0.7693749999999999 0.01625 0.0075
2 0.185 0.754375 0.013750000000000002 0.008749999999999999
2 0.0075 0.77625 0.008749999999999999 0.015
2 0.37124999999999997 0.646875 0.01125 0.0125
2 0.459375 0.7259375 0.0125 0.005
2 0.2996875 0.7162499999999999 0.015 0.0075
2 0.2790625 0.896875 0.017499999999999998 0.00625
2 0.278125 0.9140625 0.01875 0.00625
2 0.2784375 0.9203125 0.01625 0.00625
2 0.206875 0.9784375000000001 0.0075 0.01
2 0.0925 0.975 0.01625 0.00625
2 0.95 0.7975 0.00625 0.013750000000000002
2 0.97 0.9234375 0.008749999999999999 0.0125
2 0.9824999999999999 0.9275 0.008749999999999999 0.01125
2 0.9396875 0.6900000000000001 0.0075 0.01125
2 0.9193749999999999 0.340625 0.0075 0.0125
2 0.3075 0.36 0.021249999999999998 0.013750000000000002
2 0.48250000000000004 0.6068749999999999 0.015 0.013750000000000002
2 0.139375 0.735625 0.01 0.015
