2 0.0365625 0.0809375 0.013750000000000002 0.008749999999999999
2 0.09812499999999999 0.0475 0.015 0.013750000000000002
2 0.1353125 0.0209375 0.017499999999999998 0.0075
2 0.7346874999999999 0.08687500000000001 0.01625 0.017499999999999998
2 0.7693749999999999 0.1084375 0.013750000000000002 0.013750000000000002
2 0.8065625000000001 0.115625 0.01625 0.01875
2 0.365 0.8675 0.01125 0.01625
2 0.520625 0.8724999999999999 0.01 0.013750000000000002
2 0.5065625 0.903125 0.01625 0.0125
2 0.5275000000000001 0.8696875000000001 0.01125 0.01125
2 0.555625 0.8543749999999999 0.01125 0.015
2 0.5628124999999999 0.8484375 0.01 0.0125
2 0.5609375 0.8896875 0.0125 0.013750000000000002
2 0.790625 0.9356249999999999 0.0125 0.015
2 0.8275 0.8071875000000001 0.017499999999999998 0.01125
2 0.8231249999999999 0.8603125 0.015 0.017499999999999998
2 0.8303125 0.8571875 0.0075 0.017499999999999998
2 0.8375 0.8534375000000001 0.0125 0.01625
2 0.8453125 0.8453125 0.0125 0.0125
2 0.8590625 0.838125 0.015 0.013750000000000002
2 0.8290625 0.9584374999999999 0.017499999999999998 0.013750000000000002
2 0.8887499999999999 0.278125 0.008749999999999999 0.0125
2 0.8731249999999999 0.8284375 0.015 0.0225
