2 0.0590625 0.1075 0.015 0.008749999999999999
2 0.56125 0.05125 0.01625 0.008749999999999999
2 0.4959375 0.09812499999999999 0.013750000000000002 0.015
2 0.5746875 0.1428125 0.015 0.0075
2 0.68625 0.10124999999999999 0.01625 0.008749999999999999
2 0.7212500000000001 0.10906249999999999 0.017499999999999998 0.008749999999999999
2 0.22374999999999998 0.8840625 0.01625 0.008749999999999999
2 0.8140625 0.22562500000000002 0.00625 0.013750000000000002
2 0.7609375 0.038125 0.01875 0.0075
2 0.056874999999999995 0.11937500000000001 0.013750000000000002 0.0075
2 0.09031249999999999 0.12 0.015 0.008749999999999999
2 0.659375 0.15375 0.0125 0.0075
