2 0.33999999999999997 0.275 0.01125 0.0125
2 0.3471875 0.268125 0.01 0.01125
2 0.355 0.259375 0.01 0.0125
2 0.3640625 0.2521875 0.0125 0.013750000000000002
2 0.368125 0.244375 0.01125 0.013750000000000002
2 0.3775 0.2384375 0.01125 0.01125
2 0.380625 0.2321875 0.01125 0.01125
2 0.35031249999999997 0.22937500000000002 0.01 0.015
2 0.35812499999999997 0.2146875 0.01 0.013750000000000002
2 0.36593749999999997 0.2 0.01 0.0125
2 0.425625 0.14750000000000002 0.013750000000000002 0.013750000000000002
2 0.4359375 0.15875 0.0125 0.01125
2 0.4371875 0.181875 0.015 0.013750000000000002
2 0.43562500000000004 0.19 0.008749999999999999 0.01125
2 0.43 0.1925 0.01 0.01
2 0.42374999999999996 0.19468749999999999 0.01 0.01125
2 0.42062499999999997 0.2 0.01 0.0125
2 0.41125 0.20968749999999997 0.01 0.01
2 0.401875 0.21593749999999998 0.01 0.01
2 0.39187500000000003 0.22562500000000002 0.015 0.013750000000000002
2 0.11625 0.33468749999999997 0.013750000000000002 0.01
2 0.1421875 0.3696875 0.0125 0.005
2 0.32625000000000004 0.0665625 0.008749999999999999 0.01125
2 0.3334375 0.0671875 0.0075 0.0125
2 0.35562499999999997 0.075625 0.005 0.013750000000000002
2 0.36312500000000003 0.0765625 0.0075 0.0125
2 0.3740625 0.0834375 0.0075 0.013750000000000002
2 0.3909375 0.09 0.01 0.01125
2 0.3990625 0.0909375 0.0075 0.01
2 0.4046875 0.095625 0.00625 0.01
2 0.35125 0.042812499999999996 0.008749999999999999 0.013750000000000002
2 0.3671875 0.046875 0.00625 0.0125
2 0.385625 0.05375 0.008749999999999999 0.013750000000000002
2 0.44000000000000006 0.064375 0.01125 0.01
2 0.503125 0.034375 0.0125 0.0125
2 0.3909375 0.041875 0.01 0.008749999999999999
2 0.4015625 0.04625 0.00625 0.01125
2 0.37312500000000004 0.035312500000000004 0.008749999999999999 0.01125
2 0.41312499999999996 0.017499999999999998 0.0075 0.01
2 0.406875 0.015 0.0075 0.01125
2 0.38875000000000004 0.0078125 0.008749999999999999 0.0125
2 0.39437500000000003 0.010312499999999999 0.0075 0.01125
