2 0.146875 0.6109375 0.0125 0.03125
2 0.1609375 0.6109375 0.0125 0.03125
2 0.18 0.6131249999999999 0.01625 0.0325
2 0.199375 0.6125 0.01125 0.03125
2 0.2125 0.6140625 0.0125 0.03125
2 0.22875 0.6131249999999999 0.013750000000000002 0.03875
2 0.24656250000000002 0.614375 0.015 0.034999999999999996
2 0.2796875 0.595625 0.0375 0.01
2 0.2803125 0.614375 0.026250000000000002 0.01
2 0.27749999999999997 0.6321875 0.03 0.01125
2 0.2790625 0.6503125 0.03 0.01
2 0.27531249999999996 0.6659375 0.028749999999999998 0.01
2 0.275 0.68125 0.03125 0.00625
2 0.27375 0.7003125 0.028749999999999998 0.01
2 0.2725 0.7150000000000001 0.0325 0.01125
2 0.2725 0.733125 0.026250000000000002 0.01
2 0.275625 0.750625 0.0325 0.013750000000000002
2 0.2725 0.765625 0.026250000000000002 0.0125
2 0.27218749999999997 0.7825 0.028749999999999998 0.008749999999999999
2 0.271875 0.8012499999999999 0.03125 0.008749999999999999
2 0.27375 0.8146875 0.028749999999999998 0.0075
2 0.274375 0.8315625000000001 0.03 0.01
2 0.274375 0.8478125000000001 0.03 0.01125
2 0.274375 0.865625 0.03 0.00625
2 0.273125 0.8803124999999999 0.027500000000000004 0.013750000000000002
2 0.274375 0.898125 0.03 0.008749999999999999
2 0.2728125 0.9153125 0.03 0.008749999999999999
2 0.271875 0.930625 0.025 0.01125
2 0.2725 0.9487500000000001 0.026250000000000002 0.01
2 0.2709375 0.9659375000000001 0.026250000000000002 0.01
2 0.27125 0.9818749999999999 0.03 0.0075
2 0.271875 0.9953125 0.025 0.00625
2 0.100625 0.7375 0.03875 0.0125
2 0.0978125 0.7559375 0.03625 0.008749999999999999
2 0.10218750000000001 0.7715625 0.0325 0.015
2 0.0990625 0.7893749999999999 0.0325 0.01
2 0.09468750000000001 0.8053125 0.03625 0.013750000000000002
2 0.18375 0.8237500000000001 0.04875 0.06
2 0.179375 0.8956250000000001 0.04625 0.06
2 0.1746875 0.9265625 0.04625 0.0625
2 0.17906249999999999 0.965625 0.05500000000000001 0.0625
2 0.16625 0.9824999999999999 0.03875 0.03375
2 0.31375000000000003 0.94375 0.027500000000000004 0.0125
