2 0.026875 0.7096875 0.01625 0.01625
2 0.289375 0.5328125 0.01625 0.0125
2 0.5650000000000001 0.47843749999999996 0.017499999999999998 0.01
2 0.603125 0.6465625 0.0125 0.015
2 0.6246875000000001 0.47375 0.015 0.01
2 0.8409375000000001 0.7696875000000001 0.01 0.017499999999999998
2 0.8393750000000001 0.8003125000000001 0.01 0.01625
2 0.8462500000000001 0.6853125 0.01125 0.017499999999999998
2 0.8509375 0.6321875 0.01125 0.017499999999999998
2 0.8021874999999999 0.4625 0.013750000000000002 0.00625
2 0.9390625 0.45843749999999994 0.0125 0.0075
2 0.9025000000000001 0.193125 0.02375 0.01125
2 0.7390625 0.16125 0.01875 0.01
2 0.6212500000000001 0.1403125 0.017499999999999998 0.008749999999999999
2 0.0090625 0.04875 0.008749999999999999 0.0225
2 0.045 0.061875 0.008749999999999999 0.017499999999999998
2 0.021249999999999998 0.08125 0.01125 0.01875
2 0.0325 0.01875 0.008749999999999999 0.01875
2 0.3025 0.5021875 0.017499999999999998 0.0075
2 0.3078125 0.52625 0.0125 0.008749999999999999
2 0.545625 0.9324999999999999 0.01 0.015
2 0.590625 0.7471875 0.0125 0.01625
2 0.5696875 0.7424999999999999 0.01125 0.01625
2 0.6096874999999999 0.6756249999999999 0.01 0.013750000000000002
2 0.5846875 0.6746875 0.01 0.015
2 0.6190625 0.5475 0.01 0.013750000000000002
2 0.8275 0.4575 0.017499999999999998 0.008749999999999999
2 0.875625 0.4571875 0.02 0.01125
2 0.869375 0.7106250000000001 0.0075 0.015
2 0.8665625 0.754375 0.01125 0.015
2 0.9099999999999999 0.21968749999999998 0.02 0.01125
2 0.7196875 0.15875 0.017499999999999998 0.01125
2 0.6434375 0.145 0.015 0.008749999999999999
2 0.8225 0.1771875 0.013750000000000002 0.0075
2 0.764375 0.13625 0.01 0.01625
2 0.77 0.1109375 0.008749999999999999 0.01875
