2 0.3146875 0.563125 0.02 0.026250000000000002
2 0.255625 0.658125 0.017499999999999998 0.0225
2 0.35343749999999996 0.660625 0.0225 0.015
2 0.2690625 0.8084374999999999 0.01625 0.026250000000000002
2 0.175 0.8578125 0.01875 0.0125
2 0.30656249999999996 0.7537499999999999 0.0225 0.013750000000000002
2 0.305 0.76625 0.028749999999999998 0.013750000000000002
2 0.30125 0.778125 0.027500000000000004 0.01875
2 0.2625 0.8706250000000001 0.0125 0.028749999999999998
2 0.2653125 0.903125 0.015 0.025
2 0.26968749999999997 0.9403124999999999 0.017499999999999998 0.027500000000000004
2 0.2734375 0.9724999999999999 0.0125 0.026250000000000002
2 0.5521874999999999 0.6903125 0.013750000000000002 0.027500000000000004
2 0.6153125 0.6765625 0.027500000000000004 0.01875
2 0.5146875 0.594375 0.026250000000000002 0.02
2 0.9590624999999999 0.5806250000000001 0.027500000000000004 0.017499999999999998
2 0.9887499999999999 0.5725 0.021249999999999998 0.013750000000000002
2 0.654375 0.17781249999999998 0.015 0.027500000000000004
2 0.7078125 0.588125 0.01875 0.026250000000000002
2 0.696875 0.54 0.0125 0.02375
2 0.5109375 0.5634375 0.01875 0.02375
2 0.1834375 0.6793750000000001 0.02 0.015
2 0.3075 0.5193749999999999 0.021249999999999998 0.02
2 0.844375 0.683125 0.013750000000000002 0.0225
2 0.2953125 0.8318749999999999 0.025 0.013750000000000002
2 0.5515625 0.398125 0.0125 0.015
2 0.6925 0.5146875 0.01 0.02
2 0.8984375 0.1459375 0.0125 0.026250000000000002
2 0.564375 0.5821875000000001 0.01625 0.02375
2 0.0121875 0.3621875 0.021249999999999998 0.021249999999999998
2 0.9690625 0.951875 0.01625 0.0225
