2 0.090625 0.4653125 0.01875 0.008749999999999999
2 0.12250000000000001 0.48312499999999997 0.02 0.01
2 0.21187499999999998 0.5315624999999999 0.02375 0.01
2 0.181875 0.46687500000000004 0.02 0.008749999999999999
2 0.271875 0.4684375 0.01875 0.008749999999999999
2 0.2790625 0.48624999999999996 0.017499999999999998 0.01
2 0.3834375 0.46187500000000004 0.026250000000000002 0.017499999999999998
2 0.881875 0.625 0.0075 0.01875
2 0.8909375 0.8753125 0.01 0.0225
2 0.7025 0.8915625 0.042499999999999996 0.01125
2 0.268125 0.9949999999999999 0.017499999999999998 0.008749999999999999
2 0.2890625 0.9949999999999999 0.01875 0.008749999999999999
2 0.36124999999999996 0.994375 0.01625 0.0075
2 0.434375 0.9959374999999999 0.01875 0.0075
2 0.4803125 0.994375 0.02 0.0075
2 0.5040625000000001 0.9959374999999999 0.017499999999999998 0.0075
2 0.529375 0.9949999999999999 0.021249999999999998 0.008749999999999999
2 0.5796875 0.9949999999999999 0.01875 0.008749999999999999
2 0.6443749999999999 0.994375 0.02 0.0075
2 0.7112499999999999 0.9949999999999999 0.0225 0.008749999999999999
2 0.734375 0.9959374999999999 0.01875 0.0075
2 0.7575000000000001 0.9949999999999999 0.021249999999999998 0.008749999999999999
2 0.44125 0.215625 0.026250000000000002 0.0125
2 0.865 0.9568749999999999 0.01125 0.02
