2 0.12468749999999999 0.18 0.015 0.01
2 0.2071875 0.06 0.017499999999999998 0.013750000000000002
2 0.2828125 0.024375 0.01875 0.01125
2 0.336875 0.8975 0.01125 0.013750000000000002
2 0.28781249999999997 0.9349999999999999 0.01 0.013750000000000002
2 0.826875 0.9390625 0.01 0.0125
2 0.43937499999999996 0.0478125 0.0225 0.02375
2 0.57625 0.6628125 0.008749999999999999 0.01625
2 0.83625 0.9390625 0.01 0.0125
2 0.20437500000000003 0.2725 0.015 0.013750000000000002
2 0.1740625 0.29562499999999997 0.02 0.01
2 0.12375 0.2575 0.01625 0.015
2 0.31062500000000004 0.0128125 0.015 0.01
2 0.6012500000000001 0.12125 0.015 0.01125
2 0.4225 0.08375 0.013750000000000002 0.01125
2 0.328125 0.010624999999999999 0.0125 0.008749999999999999
