2 0.040625 0.05625 0.025 0.01875
2 0.07625 0.010624999999999999 0.021249999999999998 0.015
2 0.0665625 0.5506249999999999 0.02375 0.013750000000000002
2 0.1340625 0.521875 0.021249999999999998 0.0125
2 0.18156250000000002 0.5925 0.028749999999999998 0.01625
2 0.2575 0.57875 0.03375 0.02
2 0.8503125 0.3915625 0.0225 0.01125
2 0.5709375 0.3440625 0.026250000000000002 0.01625
2 0.609375 0.3615625 0.0125 0.026250000000000002
2 0.9193749999999999 0.9012499999999999 0.013750000000000002 0.021249999999999998
2 0.7715625 0.37 0.015 0.015
