2 0.0528125 0.8653124999999999 0.027500000000000004 0.008749999999999999
2 0.19343749999999998 0.8771875 0.027500000000000004 0.013750000000000002
2 0.226875 0.8953125 0.034999999999999996 0.0125
2 0.24625 0.871875 0.03625 0.0125
2 0.28625 0.89125 0.034999999999999996 0.013750000000000002
2 0.3459375 0.891875 0.026250000000000002 0.015
2 0.37312500000000004 0.899375 0.027500000000000004 0.01125
2 0.76875 0.08875 0.01875 0.008749999999999999
2 0.9087500000000001 0.048125 0.01125 0.008749999999999999
2 0.8625 0.0725 0.0125 0.0075
2 0.8625 0.0875 0.0125 0.00625
2 0.9112500000000001 0.10218750000000001 0.01 0.0075
2 0.94375 0.1446875 0.00625 0.01125
2 0.9375 0.171875 0.00625 0.0125
2 0.9375 0.28500000000000003 0.00625 0.013750000000000002
2 0.9228125 0.3259375 0.005 0.01125
2 0.9328125 0.365 0.00625 0.01125
2 0.9296875 0.45499999999999996 0.00625 0.01
2 0.9265625 0.499375 0.00625 0.01125
2 0.9134375 0.5165625 0.005 0.01125
2 0.9243750000000001 0.5725 0.005 0.013750000000000002
2 0.3325 0.008125 0.008749999999999999 0.01
2 0.29312499999999997 0.034375 0.01125 0.00625
2 0.39875 0.04375 0.01 0.00625
2 0.4290625 0.057499999999999996 0.01125 0.008749999999999999
2 0.4659375 0.031875 0.01 0.0075
2 0.47781250000000003 0.034999999999999996 0.008749999999999999 0.0075
2 0.4559375 0.0303125 0.008749999999999999 0.0075
2 0.52125 0.042812499999999996 0.01125 0.0075
2 0.5321875 0.04375 0.01125 0.00625
2 0.5806250000000001 0.053125 0.01125 0.00625
2 0.6509375000000001 0.06937499999999999 0.01125 0.0075
2 0.685625 0.07625 0.015 0.008749999999999999
2 0.7125 0.083125 0.0125 0.01
2 0.8534375000000001 0.063125 0.01 0.0075
2 0.8415625 0.065625 0.01125 0.00625
2 0.878125 0.056874999999999995 0.0125 0.0075
2 0.9550000000000001 0.033437499999999995 0.01 0.0075
2 0.9946875000000001 0.0225 0.01125 0.0075
2 0.921875 0.35 0.00625 0.0125
2 0.9662499999999999 0.38687499999999997 0.0075 0.01125
2 0.9453125 0.128125 0.00625 0.0125
2 0.9390625 0.133125 0.00625 0.01
2 0.936875 0.1875 0.005 0.0125
2 0.930625 0.18843749999999998 0.005 0.01125
2 0.9296875 0.2009375 0.00625 0.01125
2 0.9290625 0.2128125 0.005 0.01
2 0.9275 0.22374999999999998 0.005 0.01
2 0.9265625 0.23937499999999998 0.00625 0.01
2 0.9265625 0.25187499999999996 0.00625 0.01
2 0.9265625 0.2640625 0.00625 0.0125
2 0.925 0.27749999999999997 0.00625 0.01125
2 0.9396875 0.27125 0.0075 0.01125
2 0.9390625 0.2609375 0.00625 0.0125
2 0.9353125 0.1990625 0.005 0.0075
2 0.9359375 0.20875 0.00625 0.01125
2 0.9353125 0.2228125 0.005 0.01125
2 0.940625 0.22593749999999999 0.00625 0.01125
2 0.936875 0.3125 0.005 0.0125
2 0.9771875 0.385625 0.0075 0.008749999999999999
2 0.9171875 0.4296875 0.00625 0.0125
2 0.9181250000000001 0.415625 0.005 0.0125
2 0.915625 0.48 0.00625 0.01
2 0.915625 0.49375 0.00625 0.0125
2 0.9259375000000001 0.52125 0.005 0.01125
2 0.9259375000000001 0.534375 0.005 0.0125
2 0.9109375 0.5759375 0.00625 0.01125
2 0.909375 0.5962500000000001 0.00625 0.01125
2 0.9087500000000001 0.60875 0.005 0.01125
2 0.9084375 0.6212500000000001 0.0075 0.01125
2 0.90625 0.6503125 0.00625 0.01
2 0.905625 0.6596875 0.005 0.01
2 0.9040625 0.7221875 0.005 0.01
2 0.903125 0.7371875 0.00625 0.008749999999999999
2 0.9181250000000001 0.7009375 0.005 0.01125
2 0.818125 0.8084374999999999 0.01125 0.0075
2 0.8462500000000001 0.8162499999999999 0.01125 0.0075
2 0.898125 0.8275 0.008749999999999999 0.01125
2 0.7571875 0.8084374999999999 0.01125 0.0075
2 0.745625 0.8146875 0.01 0.0075
2 0.73125 0.8084374999999999 0.0125 0.0075
2 0.7150000000000001 0.8078125 0.01125 0.00625
2 0.6971875 0.8090624999999999 0.01 0.008749999999999999
2 0.6859375 0.8087500000000001 0.0125 0.005
2 0.67375 0.8078125 0.01 0.00625
2 0.661875 0.8084374999999999 0.01125 0.0075
2 0.646875 0.8078125 0.0125 0.00625
2 0.6353125000000001 0.8078125 0.01125 0.00625
2 0.6234375 0.8090624999999999 0.0125 0.008749999999999999
2 0.610625 0.8071875000000001 0.008749999999999999 0.005
2 0.6003125 0.8078125 0.01 0.00625
2 0.576875 0.8078125 0.01 0.00625
2 0.565625 0.8078125 0.0125 0.00625
2 0.5525 0.8078125 0.01125 0.00625
2 0.395625 0.8834375 0.01 0.0075
2 0.3975 0.86 0.0075 0.0075
2 0.265 0.8178124999999999 0.01125 0.0075
2 0.30375 0.8121875 0.013750000000000002 0.008749999999999999
2 0.3453125 0.813125 0.0125 0.0075
2 0.27749999999999997 0.8171875 0.01125 0.00625
2 0.23937499999999998 0.8109375 0.01 0.00625
2 0.26937500000000003 0.8596875 0.0075 0.01625
2 0.2 0.80375 0.0125 0.0075
2 0.027500000000000004 0.80625 0.01125 0.00625
2 0.44375 0.8071875000000001 0.00625 0.01125
2 0.3778125 0.8099999999999999 0.008749999999999999 0.0075
2 0.41875 0.82 0.0125 0.008749999999999999
2 0.5237499999999999 0.8071875000000001 0.01 0.005
2 0.53625 0.806875 0.01 0.0075
2 0.12062500000000001 0.4171875 0.00375 0.0125
2 0.11656249999999999 0.54625 0.005 0.01125
2 0.10406249999999999 0.5596875 0.005 0.01
2 0.103125 0.5700000000000001 0.00625 0.008749999999999999
2 0.10874999999999999 0.596875 0.005 0.0125
2 0.1125 0.6209374999999999 0.00625 0.013750000000000002
2 0.10874999999999999 0.67375 0.005 0.01
2 0.103125 0.579375 0.00625 0.008749999999999999
2 0.093125 0.74 0.005 0.01125
2 0.0990625 0.75125 0.0075 0.015
2 0.0984375 0.7849999999999999 0.00625 0.013750000000000002
2 0.11781250000000001 0.5278125 0.0075 0.015
