2 0.6381249999999999 0.0553125 0.02 0.0075
2 0.78125 0.32437499999999997 0.00625 0.017499999999999998
2 0.7975 0.5790625 0.0075 0.017499999999999998
2 0.795625 0.635 0.01 0.02
2 0.7690625 0.8525 0.01 0.017499999999999998
2 0.795 0.9928125 0.008749999999999999 0.013750000000000002
2 0.2534375 0.9740624999999999 0.01625 0.0075
2 0.1903125 0.9603125 0.015 0.005
2 0.8384375000000001 0.344375 0.017499999999999998 0.0075
2 0.9081250000000001 0.4859375 0.0225 0.00625
2 0.953125 0.48187499999999994 0.025 0.0075
2 0.9259375000000001 0.5446875 0.01125 0.017499999999999998
2 0.9875 0.5178125 0.01875 0.0075
2 0.9528125 0.7275 0.008749999999999999 0.017499999999999998
2 0.9521875 0.82125 0.02 0.01125
2 0.985 0.82 0.013750000000000002 0.021249999999999998
2 0.9215625 0.8196875 0.008749999999999999 0.017499999999999998
2 0.9268750000000001 0.1609375 0.01 0.01875
2 0.8481249999999999 0.6221875 0.021249999999999998 0.01
