2 0.03 0.5234375 0.01 0.00625
2 0.20875 0.5415625000000001 0.01125 0.005
2 0.41187500000000005 0.2140625 0.01125 0.0125
2 0.5775 0.38375 0.005 0.01125
2 0.5859375 0.359375 0.00625 0.0125
2 0.594375 0.334375 0.0075 0.0125
2 0.7253125 0.42093749999999996 0.01625 0.0075
2 0.7728125 0.41531250000000003 0.01125 0.008749999999999999
2 0.59875 0.4625 0.01 0.00625
2 0.9712500000000001 0.3803125 0.01125 0.0075
2 0.990625 0.3796875 0.0125 0.00625
2 0.7465625 0.110625 0.015 0.008749999999999999
2 0.786875 0.41375 0.01125 0.008749999999999999
