2 0.8550000000000001 0.49093749999999997 0.00375 0.01625
2 0.8925000000000001 0.5728125000000001 0.00375 0.01125
2 0.905625 0.5759375 0.005 0.01125
2 0.9 0.5743750000000001 0.00625 0.01125
2 0.8884375 0.5928125 0.017499999999999998 0.0075
2 0.8256249999999999 0.3821875 0.013750000000000002 0.005
2 0.8740625 0.78 0.0075 0.00375
2 0.8556250000000001 0.7534375 0.005 0.00375
2 0.8712500000000001 0.7731250000000001 0.005 0.0025
2 0.651875 0.4925 0.01 0.00375
2 0.5784374999999999 0.5765625 0.00375 0.00625
2 0.708125 0.7071875000000001 0.01 0.005
2 0.2990625 0.323125 0.0075 0.015
2 0.8550000000000001 0.49093749999999997 0.00375 0.01625
2 0.8925000000000001 0.5728125000000001 0.00375 0.01125
2 0.905625 0.5759375 0.005 0.01125
2 0.9 0.5743750000000001 0.00625 0.01125
2 0.8884375 0.5928125 0.017499999999999998 0.0075
2 0.8256249999999999 0.3821875 0.013750000000000002 0.005
2 0.8740625 0.78 0.0075 0.00375
2 0.8556250000000001 0.7534375 0.005 0.00375
2 0.8712500000000001 0.7731250000000001 0.005 0.0025
2 0.651875 0.4925 0.01 0.00375
2 0.5784374999999999 0.5765625 0.00375 0.00625
2 0.708125 0.7071875000000001 0.01 0.005
2 0.2990625 0.323125 0.0075 0.015
