2 0.2134375 0.97 0.017499999999999998 0.008749999999999999
2 0.21875 0.9778125 0.01875 0.008749999999999999
2 0.1625 0.4425 0.0125 0.01
2 0.175625 0.3646875 0.0075 0.013750000000000002
2 0.1746875 0.3484375 0.008749999999999999 0.0125
2 0.1453125 0.1825 0.01875 0.008749999999999999
2 0.1721875 0.1221875 0.01 0.01625
2 0.545 0.009375 0.008749999999999999 0.0125
2 0.80625 0.048125 0.00625 0.015
2 0.48187499999999994 0.026875 0.0075 0.01625
2 0.4653125 0.19 0.008749999999999999 0.017499999999999998
2 0.4715625 0.27749999999999997 0.008749999999999999 0.017499999999999998
2 0.49437499999999995 0.42718749999999994 0.0075 0.013750000000000002
2 0.5153125000000001 0.46687500000000004 0.008749999999999999 0.015
2 0.5084375 0.7462500000000001 0.0075 0.017499999999999998
2 0.8215625 0.24656250000000002 0.008749999999999999 0.015
2 0.8215625 0.26 0.008749999999999999 0.013750000000000002
2 0.8793749999999999 0.2290625 0.015 0.01125
2 0.869375 0.21156250000000001 0.02 0.0075
2 0.8409375000000001 0.24874999999999997 0.01 0.01625
2 0.8275 0.05375 0.01125 0.013750000000000002
