2 0.12625 0.1428125 0.03375 0.02
2 0.22937500000000002 0.38875000000000004 0.015 0.008749999999999999
2 0.21437499999999998 0.4025 0.01625 0.01125
2 0.2328125 0.39968750000000003 0.0125 0.008749999999999999
2 0.30125 0.7765625 0.015 0.01875
2 0.3103125 0.7690625 0.01125 0.01625
2 0.35562499999999997 0.7775000000000001 0.017499999999999998 0.01125
2 0.52125 0.7903125 0.01125 0.021249999999999998
2 0.6646875 0.7965625000000001 0.02 0.015
2 0.7678125 0.5496875 0.02 0.015
2 0.9668749999999999 0.58375 0.008749999999999999 0.01125
2 0.965625 0.6290625000000001 0.0125 0.017499999999999998
2 0.946875 0.7375 0.01875 0.0125
2 0.8909375 0.67125 0.01625 0.01125
2 0.87375 0.7015625 0.01625 0.0125
2 0.8621874999999999 0.718125 0.015 0.01125
2 0.880625 0.69375 0.017499999999999998 0.0125
2 0.8387499999999999 0.7790625 0.015 0.01125
2 0.8400000000000001 0.753125 0.017499999999999998 0.0125
2 0.9412499999999999 0.8090624999999999 0.013750000000000002 0.008749999999999999
2 0.945 0.825 0.015 0.00625
2 0.9550000000000001 0.8590625 0.01625 0.008749999999999999
2 0.8175000000000001 0.815625 0.01 0.0125
2 0.8253125000000001 0.8243750000000001 0.01 0.01125
2 0.8453125 0.8340624999999999 0.0125 0.015
2 0.853125 0.8387499999999999 0.0125 0.015
2 0.8703125 0.8503125 0.0125 0.01625
2 0.8787499999999999 0.8550000000000001 0.013750000000000002 0.01625
2 0.905 0.8715624999999999 0.01 0.015
2 0.9140625 0.8784375000000001 0.0125 0.01625
2 0.921875 0.8840625 0.0125 0.015
2 0.9315625000000001 0.8890625 0.01 0.01875
2 0.85875 0.9475 0.01125 0.013750000000000002
2 0.920625 0.93125 0.01 0.0125
2 0.928125 0.93625 0.0125 0.01625
2 0.9728125000000001 0.9675 0.01125 0.01625
2 0.9949999999999999 0.9828125 0.008749999999999999 0.0125
2 0.9112500000000001 0.43656249999999996 0.01 0.02
2 0.06 0.2109375 0.026250000000000002 0.0125
2 0.0878125 0.37906249999999997 0.01625 0.01125
2 0.20249999999999999 0.545 0.017499999999999998 0.008749999999999999
2 0.176875 0.9337500000000001 0.01625 0.01125
2 0.30062500000000003 0.8637499999999999 0.02 0.021249999999999998
2 0.504375 0.7853125000000001 0.008749999999999999 0.02375
2 0.5325 0.79 0.008749999999999999 0.017499999999999998
2 0.9521875 0.5153125000000001 0.013750000000000002 0.015
2 0.9846875 0.4390625 0.01625 0.01875
2 0.8953125 0.5978125000000001 0.0125 0.017499999999999998
2 0.885 0.586875 0.013750000000000002 0.017499999999999998
2 0.82125 0.709375 0.017499999999999998 0.01875
