2 0.9859375 0.05437499999999999 0.025 0.008749999999999999
2 0.9915625 0.47781250000000003 0.01125 0.008749999999999999
2 0.9949999999999999 0.45375 0.008749999999999999 0.0075
2 0.9853125 0.46187500000000004 0.01125 0.01125
2 0.9640625 0.47750000000000004 0.0125 0.01125
2 0.9409375000000001 0.489375 0.01 0.01
2 0.9268750000000001 0.52 0.01 0.008749999999999999
2 0.920625 0.504375 0.01 0.008749999999999999
2 0.9112500000000001 0.510625 0.01 0.008749999999999999
2 0.8834375 0.530625 0.013750000000000002 0.01125
2 0.8653124999999999 0.5421875 0.015 0.0125
2 0.85375 0.5503125 0.013750000000000002 0.01
2 0.829375 0.5665625000000001 0.015 0.01125
2 0.8140625 0.5765625 0.0125 0.0125
2 0.7984375 0.5890625 0.0125 0.0125
2 0.7631249999999999 0.61625 0.013750000000000002 0.013750000000000002
2 0.75 0.6275000000000001 0.0125 0.01125
2 0.7106250000000001 0.6621875 0.008749999999999999 0.008749999999999999
2 0.7159375 0.6793750000000001 0.01 0.008749999999999999
2 0.7025 0.689375 0.01125 0.01
2 0.70125 0.67 0.008749999999999999 0.008749999999999999
2 0.6025 0.6837500000000001 0.01125 0.01125
2 0.58375 0.6834374999999999 0.01125 0.013750000000000002
2 0.6131249999999999 0.6965625 0.0075 0.008749999999999999
2 0.615 0.721875 0.01125 0.0125
2 0.655 0.7318749999999999 0.01 0.0075
2 0.6921875 0.7003125 0.0125 0.01
2 0.6637500000000001 0.723125 0.008749999999999999 0.008749999999999999
2 0.5946875 0.7581249999999999 0.01125 0.01
2 0.5784374999999999 0.7715625 0.01 0.008749999999999999
2 0.56875 0.779375 0.0125 0.008749999999999999
2 0.5478125 0.795 0.01125 0.008749999999999999
2 0.53625 0.8034375 0.01 0.01
2 0.5253125 0.8128125 0.01 0.01
2 0.515 0.820625 0.01125 0.01
2 0.5034375 0.8262499999999999 0.01 0.008749999999999999
2 0.484375 0.8446875 0.0125 0.01125
2 0.48624999999999996 0.9009375000000001 0.01 0.01125
2 0.3921875 0.9025000000000001 0.0125 0.01125
2 0.371875 0.915 0.0125 0.01125
2 0.32125 0.9465625 0.01125 0.008749999999999999
2 0.2634375 0.97875 0.01125 0.0075
2 0.2509375 0.9834375 0.01125 0.0075
2 0.2734375 0.9734375 0.0125 0.00625
2 0.3053125 0.954375 0.013750000000000002 0.008749999999999999
2 0.7328125 0.93875 0.0125 0.008749999999999999
2 0.7306250000000001 0.9331250000000001 0.01125 0.01
2 0.7284375 0.9199999999999999 0.01 0.008749999999999999
2 0.725625 0.91375 0.0075 0.008749999999999999
2 0.7221875 0.9090624999999999 0.01 0.008749999999999999
2 0.73875 0.8884375 0.008749999999999999 0.01125
2 0.8 0.8400000000000001 0.00625 0.01125
2 0.7484375 0.8868750000000001 0.00625 0.01125
2 0.7315625 0.889375 0.01 0.01
2 0.72 0.8915625 0.008749999999999999 0.01125
2 0.714375 0.8956250000000001 0.01 0.01
2 0.8215625 0.803125 0.008749999999999999 0.0125
2 0.8034375 0.7815624999999999 0.01 0.01
2 0.8390625 0.7959375 0.0125 0.0075
2 0.8550000000000001 0.7528125 0.01 0.015
2 0.884375 0.7390625 0.0125 0.0125
2 0.9706250000000001 0.628125 0.01 0.0125
