2 0.6590625 0.6025 0.027500000000000004 0.02375
2 0.4346875 0.41500000000000004 0.028749999999999998 0.02375
2 0.47750000000000004 0.304375 0.03 0.008749999999999999
2 0.027500000000000004 0.7965625000000001 0.02375 0.015
2 0.064375 0.7796875 0.0225 0.01875
2 0.061875 0.8084374999999999 0.017499999999999998 0.013750000000000002
2 0.0775 0.798125 0.017499999999999998 0.015
2 0.083125 0.7931250000000001 0.01625 0.017499999999999998
2 0.0875 0.79 0.01875 0.017499999999999998
2 0.0925 0.7853125000000001 0.01625 0.017499999999999998
