2 0.9821875 0.694375 0.017499999999999998 0.02
2 0.99375 0.71375 0.0125 0.021249999999999998
2 0.9915625 0.6234375 0.017499999999999998 0.025
2 0.9946875000000001 0.589375 0.01125 0.01625
2 0.9590624999999999 0.1509375 0.021249999999999998 0.05500000000000001
2 0.8690625000000001 0.13625 0.01625 0.01625
2 0.8809374999999999 0.12625 0.021249999999999998 0.021249999999999998
2 0.891875 0.1153125 0.021249999999999998 0.021249999999999998
2 0.9040625 0.09812499999999999 0.017499999999999998 0.021249999999999998
2 0.9146875 0.08499999999999999 0.02 0.02
2 0.9846875 0.125 0.0225 0.025
2 0.9946875000000001 0.161875 0.01125 0.017499999999999998
2 0.013125000000000001 0.025 0.02 0.01875
