2 0.778125 0.528125 0.025 0.01875
2 0.8271875 0.5740624999999999 0.013750000000000002 0.026250000000000002
2 0.915625 0.526875 0.0125 0.0225
2 0.9796875 0.4640625 0.01875 0.01875
2 0.9568749999999999 0.4925 0.02 0.028749999999999998
2 0.968125 0.589375 0.02375 0.01625
2 0.8553124999999999 0.5646875 0.026250000000000002 0.02
2 0.8546875 0.4953125 0.0125 0.01875
2 0.93 0.19468749999999999 0.028749999999999998 0.017499999999999998
2 0.9309375 0.1821875 0.027500000000000004 0.017499999999999998
2 0.9393750000000001 0.15437499999999998 0.0225 0.015
