2 0.5640625 0.25875 0.01875 0.01125
2 0.520625 0.26375000000000004 0.0225 0.008749999999999999
2 0.36375 0.47750000000000004 0.021249999999999998 0.01125
2 0.6953125 0.4575 0.01875 0.008749999999999999
2 0.0465625 0.0678125 0.008749999999999999 0.013750000000000002
2 0.04875 0.0840625 0.01 0.015
2 0.05 0.18 0.00625 0.01625
2 0.1525 0.2734375 0.017499999999999998 0.00625
2 0.1296875 0.2734375 0.0125 0.00625
2 0.0084375 0.271875 0.013750000000000002 0.00625
2 0.0084375 0.2634375 0.013750000000000002 0.005
2 0.0071874999999999994 0.2553125 0.01125 0.0075
2 0.13874999999999998 0.4721875 0.015 0.01
2 0.12375 0.48968749999999994 0.01625 0.0075
2 0.1740625 0.510625 0.0075 0.015
2 0.1746875 0.7075 0.015 0.008749999999999999
2 0.033125 0.7318749999999999 0.01625 0.0075
2 0.489375 0.4303125 0.01 0.013750000000000002
2 0.39125 0.4325 0.013750000000000002 0.008749999999999999
2 0.58875 0.48562500000000003 0.008749999999999999 0.015
2 0.5209374999999999 0.248125 0.013750000000000002 0.008749999999999999
2 0.614375 0.216875 0.01625 0.008749999999999999
2 0.63375 0.22000000000000003 0.017499999999999998 0.008749999999999999
2 0.65625 0.238125 0.0125 0.0075
2 0.614375 0.29874999999999996 0.01 0.01625
2 0.6575 0.244375 0.015 0.0075
2 0.7125 0.0421875 0.01875 0.00625
2 0.8690625000000001 0.14250000000000002 0.01 0.01625
2 0.8887499999999999 0.2425 0.008749999999999999 0.01625
2 0.9265625 0.4534375 0.0125 0.0225
2 0.93125 0.49375 0.0125 0.0125
2 0.900625 0.5296875 0.02 0.0125
