2 0.384375 0.11625 0.00625 0.013750000000000002
2 0.042812499999999996 0.393125 0.013750000000000002 0.005
2 0.025312499999999998 0.39375 0.01625 0.00625
2 0.010624999999999999 0.41187500000000005 0.015 0.005
2 0.048125 0.683125 0.015 0.01
2 0.0690625 0.701875 0.01625 0.01
2 0.22749999999999998 0.8196875 0.01125 0.01125
2 0.25 0.8375 0.0125 0.0125
2 0.2996875 0.811875 0.015 0.005
2 0.385 0.79125 0.0075 0.013750000000000002
2 0.39437500000000003 0.7896875 0.0075 0.013750000000000002
2 0.39375 0.5121875 0.00625 0.015
2 0.78125 0.7171875 0.00625 0.0125
2 0.771875 0.7474999999999999 0.0125 0.013750000000000002
2 0.79375 0.934375 0.00625 0.0125
2 0.8125 0.9578125 0.00625 0.0125
2 0.7965625000000001 0.9946875000000001 0.008749999999999999 0.01125
2 0.5184375 0.540625 0.008749999999999999 0.0125
2 0.5171875 0.555625 0.00625 0.01125
2 0.5078125 0.55 0.00625 0.0125
2 0.042812499999999996 0.1509375 0.0075 0.01125
2 0.100625 0.1734375 0.0075 0.0125
2 0.38125 0.676875 0.0125 0.01
2 0.2146875 0.80375 0.013750000000000002 0.013750000000000002
2 0.384375 0.11625 0.00625 0.013750000000000002
2 0.042812499999999996 0.393125 0.013750000000000002 0.005
2 0.025312499999999998 0.39375 0.01625 0.00625
2 0.010624999999999999 0.41187500000000005 0.015 0.005
2 0.048125 0.683125 0.015 0.01
2 0.0690625 0.701875 0.01625 0.01
2 0.22749999999999998 0.8196875 0.01125 0.01125
2 0.25 0.8375 0.0125 0.0125
2 0.2996875 0.811875 0.015 0.005
2 0.385 0.79125 0.0075 0.013750000000000002
2 0.39437500000000003 0.7896875 0.0075 0.013750000000000002
2 0.39375 0.5121875 0.00625 0.015
2 0.78125 0.7171875 0.00625 0.0125
2 0.771875 0.7474999999999999 0.0125 0.013750000000000002
2 0.79375 0.934375 0.00625 0.0125
2 0.8125 0.9578125 0.00625 0.0125
2 0.7965625000000001 0.9946875000000001 0.008749999999999999 0.01125
2 0.5184375 0.540625 0.008749999999999999 0.0125
2 0.5171875 0.555625 0.00625 0.01125
2 0.5078125 0.55 0.00625 0.0125
2 0.042812499999999996 0.1509375 0.0075 0.01125
2 0.100625 0.1734375 0.0075 0.0125
2 0.38125 0.676875 0.0125 0.01
2 0.2146875 0.80375 0.013750000000000002 0.013750000000000002
