2 0.10187500000000001 0.1609375 0.01 0.01875
2 0.0878125 0.3140625 0.01 0.01875
2 0.095625 0.3725 0.01 0.02
2 0.0828125 0.425 0.0125 0.01875
2 0.0953125 0.501875 0.0125 0.01625
2 0.08125 0.64125 0.0125 0.02
2 0.12281249999999999 0.6234375 0.01125 0.01875
2 0.35031249999999997 0.9243750000000001 0.01 0.017499999999999998
2 0.315 0.9253125000000001 0.01125 0.01625
2 0.301875 0.9215625 0.01 0.015
2 0.43156249999999996 0.9759375 0.01 0.017499999999999998
2 0.43937499999999996 0.9243750000000001 0.01 0.017499999999999998
2 0.44781250000000006 0.9237500000000001 0.01125 0.01625
2 0.630625 0.9184374999999999 0.01125 0.021249999999999998
2 0.586875 0.9181250000000001 0.01125 0.017499999999999998
2 0.7559375 0.8550000000000001 0.021249999999999998 0.01
2 0.826875 0.1284375 0.01 0.0225
2 0.0475 0.1753125 0.013750000000000002 0.01
2 0.0403125 0.41281249999999997 0.015 0.01
2 0.6381249999999999 0.985625 0.0075 0.015
2 0.73 0.9865625 0.01 0.013750000000000002
2 0.851875 0.1203125 0.01 0.01875
