2 0.29500000000000004 0.260625 0.008749999999999999 0.015
2 0.29500000000000004 0.2809375 0.008749999999999999 0.015
2 0.294375 0.301875 0.0075 0.01625
2 0.2965625 0.320625 0.008749999999999999 0.01625
2 0.2421875 0.29375 0.0125 0.0125
2 0.32625000000000004 0.9840625 0.008749999999999999 0.015
2 0.5337500000000001 0.985 0.01125 0.013750000000000002
2 0.22875 0.038125 0.0075 0.013750000000000002
2 0.26437499999999997 0.0171875 0.01 0.0125
2 0.27531249999999996 0.0246875 0.01 0.015
2 0.035625000000000004 0.4815625 0.008749999999999999 0.01625
2 0.0553125 0.42312500000000003 0.0075 0.015
2 0.046875 0.42093749999999996 0.00625 0.013750000000000002
2 0.06218749999999999 0.428125 0.008749999999999999 0.0125
2 0.058437499999999996 0.5240625 0.0075 0.013750000000000002
2 0.0475 0.5225 0.0075 0.013750000000000002
2 0.049062499999999995 0.4878125 0.0075 0.01625
2 0.0565625 0.4925 0.01 0.01625
2 0.0646875 0.53125 0.0075 0.0125
2 0.10218750000000001 0.8412499999999999 0.0075 0.013750000000000002
2 0.11156250000000001 0.8637499999999999 0.0075 0.015
2 0.100625 0.9043749999999999 0.0075 0.015
2 0.10093749999999999 0.9559374999999999 0.005 0.015
2 0.11000000000000001 0.7215625 0.0075 0.015
2 0.110625 0.80625 0.008749999999999999 0.0125
2 0.109375 0.6528125 0.00625 0.015
2 0.4803125 0.12875 0.0075 0.013750000000000002
