2 0.03125 0.14750000000000002 0.00625 0.013750000000000002
2 0.04625 0.099375 0.01125 0.005
2 0.11468750000000001 0.096875 0.013750000000000002 0.00625
2 0.13187500000000002 0.09375 0.013750000000000002 0.00625
2 0.15375 0.09375 0.013750000000000002 0.00625
2 0.2109375 0.0921875 0.0125 0.00625
2 0.2290625 0.0915625 0.017499999999999998 0.005
2 0.2925 0.08687500000000001 0.01625 0.005
2 0.048125 0.40406250000000005 0.015 0.005
2 0.3578125 0.0859375 0.0125 0.00625
2 0.3415625 0.08687500000000001 0.01125 0.005
2 0.4021875 0.080625 0.013750000000000002 0.005
2 0.42125 0.08125 0.017499999999999998 0.00625
2 0.524375 0.075 0.017499999999999998 0.00625
2 0.620625 0.0703125 0.01625 0.00625
2 0.7328125 0.06343750000000001 0.0125 0.005
2 0.6912499999999999 0.068125 0.013750000000000002 0.005
2 0.748125 0.0640625 0.015 0.00625
2 0.8396874999999999 0.13374999999999998 0.0075 0.01125
2 0.86625 0.1559375 0.0075 0.015
2 0.845 0.1784375 0.008749999999999999 0.01625
2 0.8296875 0.18937500000000002 0.00625 0.01
2 0.8375 0.28375 0.00625 0.01125
2 0.8809374999999999 0.3546875 0.008749999999999999 0.0125
2 0.881875 0.36843750000000003 0.0075 0.015
2 0.884375 0.4090625 0.00625 0.008749999999999999
2 0.878125 0.321875 0.00625 0.0125
2 0.89375 0.490625 0.00625 0.0125
2 0.859375 0.5734375 0.00625 0.0125
2 0.8568749999999999 0.54625 0.0075 0.01125
2 0.8953125 0.5543750000000001 0.00625 0.015
2 0.9475 0.6950000000000001 0.013750000000000002 0.008749999999999999
2 0.9053125 0.7071875000000001 0.013750000000000002 0.01125
2 0.900625 0.75 0.0075 0.0125
2 0.9021874999999999 0.8231249999999999 0.0075 0.015
2 0.9193749999999999 0.8462500000000001 0.0075 0.01125
2 0.9256249999999999 0.9396875 0.0075 0.013750000000000002
2 0.790625 0.711875 0.0125 0.005
2 0.765625 0.683125 0.0125 0.00375
2 0.8162499999999999 0.0278125 0.0075 0.015
2 0.5278125 0.6950000000000001 0.015 0.008749999999999999
2 0.44718749999999996 0.7184375000000001 0.01625 0.008749999999999999
2 0.393125 0.7103125 0.017499999999999998 0.005
2 0.31906249999999997 0.6287499999999999 0.01625 0.0075
2 0.1615625 0.711875 0.013750000000000002 0.005
2 0.19875 0.7390625 0.01625 0.00625
2 0.046875 0.8099999999999999 0.00625 0.013750000000000002
2 0.019375 0.8003125000000001 0.0075 0.01625
2 0.0203125 0.82125 0.00625 0.01125
2 0.0209375 0.836875 0.0075 0.01125
2 0.021249999999999998 0.8481249999999999 0.005 0.008749999999999999
2 0.050624999999999996 0.8590625 0.0075 0.015
2 0.0303125 0.946875 0.0075 0.0125
2 0.27 0.834375 0.008749999999999999 0.0125
2 0.296875 0.8375 0.00625 0.0125
2 0.32 0.8568749999999999 0.015 0.0075
2 0.275 0.8846875000000001 0.00625 0.01625
2 0.28125 0.9759375 0.00625 0.01125
2 0.92875 0.29375 0.013750000000000002 0.00625
2 0.3075 0.961875 0.008749999999999999 0.017499999999999998
2 0.51125 0.844375 0.01 0.0075
2 0.5521874999999999 0.8128125 0.0075 0.01625
2 0.9234375 0.8925000000000001 0.00625 0.01625
