2 0.0503125 0.034687499999999996 0.01625 0.01
2 0.2 0.10093749999999999 0.01875 0.01125
2 0.34562499999999996 0.05375 0.01625 0.013750000000000002
2 0.64375 0.14781249999999999 0.01875 0.01125
2 0.9103125000000001 0.173125 0.01125 0.008749999999999999
2 0.9668749999999999 0.3053125 0.008749999999999999 0.02
2 0.196875 0.38125 0.0125 0.00625
2 0.12625 0.3775 0.021249999999999998 0.01125
2 0.238125 0.401875 0.02 0.01
2 0.3071875 0.40625 0.02375 0.0125
2 0.1234375 0.725625 0.0125 0.02
2 0.41937499999999994 0.4525 0.0075 0.02375
2 0.693125 0.5109375 0.01125 0.01875
2 0.94625 0.5590625 0.01125 0.021249999999999998
2 0.9696875 0.5478125 0.01125 0.017499999999999998
2 0.9712500000000001 0.43843750000000004 0.01125 0.017499999999999998
2 0.92875 0.4203125 0.013750000000000002 0.0125
2 0.71 0.734375 0.013750000000000002 0.0125
2 0.940625 0.359375 0.0125 0.0125
2 0.3759375 0.8540625000000001 0.01125 0.02375
2 0.6496875 0.8556250000000001 0.008749999999999999 0.017499999999999998
2 0.7015625 0.9103125000000001 0.01875 0.01125
2 0.8868750000000001 0.913125 0.017499999999999998 0.013750000000000002
2 0.7034374999999999 0.7615624999999999 0.01625 0.013750000000000002
2 0.50625 0.161875 0.00625 0.017499999999999998
2 0.5900000000000001 0.44625000000000004 0.01125 0.017499999999999998
2 0.335 0.364375 0.0075 0.01625
2 0.046875 0.34875 0.00625 0.01625
2 0.44281249999999994 0.3675 0.0075 0.01625
2 0.34750000000000003 0.7621875 0.02 0.008749999999999999
2 0.7015625 0.898125 0.01875 0.008749999999999999
2 0.9331250000000001 0.81375 0.01 0.021249999999999998
2 0.9715624999999999 0.97625 0.015 0.008749999999999999
2 0.8943749999999999 0.9746874999999999 0.013750000000000002 0.008749999999999999
2 0.974375 0.79875 0.017499999999999998 0.01
2 0.911875 0.7925 0.017499999999999998 0.01
2 0.9862500000000001 0.68625 0.01625 0.01
2 0.7368750000000001 0.6118750000000001 0.01125 0.017499999999999998
2 0.9621875 0.393125 0.008749999999999999 0.017499999999999998
