2 0.1325 0.12562500000000001 0.015 0.02
2 0.040625 0.4046875 0.0125 0.01875
2 0.015625 0.40875000000000006 0.0125 0.02375
2 0.840625 0.354375 0.01875 0.008749999999999999
2 0.8603125 0.35531250000000003 0.017499999999999998 0.0075
2 0.8803124999999999 0.354375 0.02 0.008749999999999999
2 0.8975 0.35375 0.013750000000000002 0.0075
2 0.9178124999999999 0.354375 0.02 0.008749999999999999
2 0.834375 0.3875 0.0125 0.00625
2 0.851875 0.3896875 0.0225 0.0075
2 0.8734375 0.388125 0.01875 0.0075
2 0.896875 0.38875000000000004 0.01875 0.008749999999999999
2 0.9140625 0.38875000000000004 0.01875 0.008749999999999999
2 0.9328125 0.38875000000000004 0.01875 0.008749999999999999
2 0.9546875 0.38875000000000004 0.01875 0.008749999999999999
2 0.5584374999999999 0.0846875 0.02 0.01
2 0.649375 0.0840625 0.02375 0.008749999999999999
2 0.58125 0.0834375 0.01875 0.0075
2 0.6996875 0.081875 0.021249999999999998 0.0075
2 0.7887500000000001 0.16 0.008749999999999999 0.02
2 0.9684375 0.08156250000000001 0.021249999999999998 0.01
2 0.058750000000000004 0.1484375 0.01125 0.01875
2 0.8809374999999999 0.7224999999999999 0.015 0.0075
2 0.8378125000000001 0.057499999999999996 0.0225 0.008749999999999999
