2 0.4884375 0.7234375 0.01125 0.01875
2 0.2384375 0.37124999999999997 0.017499999999999998 0.01125
2 0.9568749999999999 0.538125 0.013750000000000002 0.0075
2 0.7775000000000001 0.5015625 0.017499999999999998 0.0125
2 0.49812500000000004 0.10406249999999999 0.008749999999999999 0.02375
2 0.4684375 0.1359375 0.008749999999999999 0.01875
2 0.4390625 0.141875 0.01875 0.021249999999999998
2 0.4671875 0.093125 0.0125 0.02375
2 0.4684375 0.0078125 0.008749999999999999 0.0125
2 0.5384375 0.1896875 0.017499999999999998 0.013750000000000002
