2 0.055937499999999994 0.889375 0.03375 0.01
2 0.475 0.8568749999999999 0.03125 0.0075
2 0.8168749999999999 0.8678125 0.015 0.0075
2 0.925 0.883125 0.03125 0.01
2 0.9871874999999999 0.9340624999999999 0.015 0.008749999999999999
2 0.2453125 0.8546875 0.0125 0.00625
2 0.276875 0.8487500000000001 0.01 0.00375
2 0.390625 0.8509375 0.0125 0.005
2 0.3603125 0.8609375 0.01125 0.00625
2 0.5065625 0.844375 0.01625 0.0075
2 0.534375 0.8640625 0.0125 0.00625
2 0.7753125 0.875 0.01 0.00625
2 0.8150000000000001 0.8959374999999999 0.01125 0.0075
2 0.8721875000000001 0.9025000000000001 0.01 0.005
2 0.8768750000000001 0.909375 0.01 0.00625
2 0.9703125 0.8943749999999999 0.0125 0.0075
