2 0.061875 0.3740625 0.01125 0.013750000000000002
2 0.1359375 0.31124999999999997 0.0125 0.01
2 0.1665625 0.32218749999999996 0.017499999999999998 0.01
2 0.20968749999999997 0.33468749999999997 0.01625 0.01
2 0.2659375 0.351875 0.01625 0.01
2 0.280625 0.3540625 0.01125 0.01125
2 0.37374999999999997 0.3821875 0.01625 0.01125
2 0.39468749999999997 0.3884375 0.01125 0.01125
2 0.41656250000000006 0.39437500000000003 0.017499999999999998 0.013750000000000002
2 0.366875 0.3128125 0.008749999999999999 0.01625
2 0.37 0.08562499999999999 0.008749999999999999 0.015
2 0.37124999999999997 0.10375000000000001 0.01125 0.013750000000000002
2 0.37 0.1328125 0.008749999999999999 0.0125
2 0.4575 0.18062499999999998 0.015 0.01125
2 0.47625 0.18812500000000001 0.015 0.0075
2 0.440625 0.40093750000000006 0.0125 0.01125
2 0.45562500000000006 0.4046875 0.01125 0.00625
2 0.49093749999999997 0.499375 0.01 0.017499999999999998
2 0.5375 0.415625 0.0125 0.0125
2 0.5743750000000001 0.42781250000000004 0.017499999999999998 0.008749999999999999
2 0.6021875 0.4340625 0.013750000000000002 0.008749999999999999
2 0.61625 0.43843750000000004 0.013750000000000002 0.01125
2 0.6296875 0.4425 0.0125 0.01
2 0.6459374999999999 0.44875 0.013750000000000002 0.01
2 0.659375 0.4503125 0.0125 0.01
2 0.6900000000000001 0.496875 0.01125 0.0125
2 0.683125 0.5159374999999999 0.01 0.01
2 0.7175 0.36531250000000004 0.01 0.015
2 0.72375 0.3290625 0.01 0.01125
2 0.725625 0.3171875 0.0075 0.0125
2 0.745 0.2325 0.008749999999999999 0.015
2 0.7459374999999999 0.215625 0.0075 0.0125
2 0.751875 0.18562499999999998 0.01 0.015
2 0.766875 0.1615625 0.008749999999999999 0.013750000000000002
2 0.83625 0.07468749999999999 0.01625 0.015
2 0.849375 0.0846875 0.01125 0.01
2 0.86625 0.095625 0.013750000000000002 0.01
2 0.8815625 0.10625 0.01 0.0125
2 0.9275 0.1403125 0.01125 0.015
2 0.655 0.009375 0.01625 0.0125
2 0.6725 0.0121875 0.013750000000000002 0.008749999999999999
2 0.7015625 0.0190625 0.0125 0.01
2 0.72375 0.024375 0.01625 0.01125
2 0.9821875 0.18062499999999998 0.01125 0.01125
2 0.9084375 0.246875 0.0075 0.01875
2 0.8603125 0.4390625 0.01125 0.0125
2 0.8556250000000001 0.4565625 0.01125 0.01625
2 0.8712500000000001 0.390625 0.01125 0.0125
2 0.8378125000000001 0.5387500000000001 0.01 0.015
2 0.82875 0.5740624999999999 0.0075 0.013750000000000002
2 0.826875 0.614375 0.01 0.0225
2 0.8059375 0.654375 0.008749999999999999 0.015
2 0.7996875 0.6853125 0.008749999999999999 0.017499999999999998
2 0.7778125 0.76625 0.008749999999999999 0.02
2 0.76125 0.835625 0.01 0.015
2 0.7575000000000001 0.8525 0.008749999999999999 0.01125
2 0.67625 0.54 0.008749999999999999 0.01125
2 0.478125 0.5387500000000001 0.0125 0.021249999999999998
2 0.471875 0.5678124999999999 0.0125 0.013750000000000002
2 0.41281249999999997 0.765625 0.01 0.0125
2 0.4015625 0.81125 0.0125 0.01625
2 0.37 0.9106249999999999 0.008749999999999999 0.015
2 0.619375 0.7625 0.0075 0.0125
2 0.6209374999999999 0.7474999999999999 0.0075 0.013750000000000002
2 0.6403125000000001 0.6775 0.008749999999999999 0.01125
2 0.6328125 0.70625 0.00625 0.0125
2 0.5790625 0.9128125 0.01125 0.01625
2 0.5903125 0.874375 0.008749999999999999 0.01125
2 0.97 0.715625 0.008749999999999999 0.01875
2 0.9581250000000001 0.7509375 0.01 0.017499999999999998
2 0.9446875 0.8099999999999999 0.01125 0.013750000000000002
2 0.9075 0.95875 0.008749999999999999 0.02375
2 0.7306250000000001 0.9550000000000001 0.01125 0.01625
2 0.5725 0.9478125000000001 0.0075 0.017499999999999998
2 0.365 0.9334374999999999 0.01125 0.013750000000000002
2 0.3590625 0.9515625 0.008749999999999999 0.0125
2 0.35375 0.9775 0.0075 0.017499999999999998
2 0.346875 0.9896874999999999 0.0125 0.013750000000000002
2 0.8931250000000001 0.1159375 0.01125 0.01
2 0.7309375 0.30375 0.008749999999999999 0.013750000000000002
2 0.985 0.6475 0.0075 0.013750000000000002
2 0.751875 0.8790625000000001 0.01 0.017499999999999998
2 0.9534375 0.7734375 0.01 0.0125
2 0.9503125000000001 0.788125 0.01 0.013750000000000002
2 0.22312500000000002 0.951875 0.008749999999999999 0.01
2 0.280625 0.8871874999999999 0.017499999999999998 0.008749999999999999
2 0.21937500000000001 0.96 0.0075 0.0075
2 0.6821875000000001 0.6403125000000001 0.017499999999999998 0.008749999999999999
2 0.369375 0.23562500000000003 0.0075 0.015
2 0.369375 0.2640625 0.0075 0.0125
