2 0.34750000000000003 0.9840625 0.013750000000000002 0.008749999999999999
2 0.3225 0.9740624999999999 0.013750000000000002 0.0075
2 0.325 0.9821875 0.01875 0.01125
2 0.31375000000000003 0.9878125000000001 0.015 0.01
2 0.3015625 0.9650000000000001 0.0125 0.01125
2 0.2978125 0.9706250000000001 0.01125 0.01
2 0.2915625 0.9784375000000001 0.017499999999999998 0.01
2 0.323125 0.95 0.015 0.0125
2 0.38875000000000004 0.9806250000000001 0.015 0.01125
2 0.349375 0.99375 0.017499999999999998 0.0125
2 0.27 0.951875 0.015 0.01
2 0.2684375 0.9574999999999999 0.015 0.008749999999999999
2 0.22999999999999998 0.9353125 0.01625 0.01125
2 0.23500000000000001 0.945625 0.013750000000000002 0.01
2 0.191875 0.9309375 0.015 0.008749999999999999
2 0.19875 0.944375 0.01625 0.0075
2 0.170625 0.938125 0.01625 0.0075
2 0.1759375 0.9018750000000001 0.01125 0.01
2 0.1965625 0.8459375 0.008749999999999999 0.013750000000000002
2 0.18812500000000001 0.860625 0.0075 0.015
2 0.18812500000000001 0.740625 0.0075 0.0125
2 0.1765625 0.7234375 0.00625 0.0125
2 0.1828125 0.821875 0.00625 0.0125
2 0.12562500000000001 0.90625 0.013750000000000002 0.00625
2 0.1209375 0.9140625 0.013750000000000002 0.00625
2 0.103125 0.9071875 0.0125 0.005
2 0.1 0.9181250000000001 0.0125 0.005
2 0.07375000000000001 0.9181250000000001 0.01625 0.005
2 0.11750000000000001 0.8315625000000001 0.01625 0.01
2 0.11750000000000001 0.82 0.01625 0.008749999999999999
2 0.11750000000000001 0.8125 0.01625 0.00625
2 0.11875 0.80625 0.0125 0.00625
2 0.11687499999999999 0.8 0.015 0.00625
2 0.1171875 0.79375 0.01875 0.00625
2 0.11875 0.7890625 0.0125 0.00625
2 0.100625 0.83375 0.013750000000000002 0.005
2 0.09875 0.828125 0.01625 0.00625
2 0.09875 0.820625 0.01625 0.00375
2 0.1 0.815625 0.0125 0.00625
2 0.09875 0.809375 0.01625 0.00625
2 0.09812499999999999 0.8009375000000001 0.015 0.005
2 0.09875 0.7946875 0.01625 0.005
2 0.096875 0.7884375 0.01875 0.005
2 0.0834375 0.83375 0.013750000000000002 0.005
2 0.084375 0.828125 0.0125 0.00625
2 0.0828125 0.820625 0.0125 0.00375
2 0.0828125 0.815625 0.0125 0.00625
2 0.08156250000000001 0.809375 0.01625 0.00625
2 0.08156250000000001 0.8021874999999999 0.01625 0.0075
2 0.0809375 0.7946875 0.015 0.005
2 0.078125 0.7884375 0.0125 0.005
2 0.06625 0.8321875000000001 0.013750000000000002 0.01125
2 0.065625 0.8231249999999999 0.0125 0.008749999999999999
2 0.065625 0.81375 0.0125 0.008749999999999999
2 0.065 0.806875 0.01125 0.0075
2 0.06218749999999999 0.7984375 0.015 0.00625
2 0.06218749999999999 0.7909375 0.015 0.00375
2 0.0515625 0.815625 0.00625 0.0125
2 0.053125 0.8318749999999999 0.00625 0.013750000000000002
2 0.041875 0.8015625 0.008749999999999999 0.0125
2 0.044375 0.815625 0.0075 0.0125
2 0.044375 0.829375 0.0075 0.015
2 0.033437499999999995 0.8021874999999999 0.0075 0.013750000000000002
2 0.035625000000000004 0.815625 0.008749999999999999 0.0125
2 0.0203125 0.8006249999999999 0.0125 0.0075
2 0.0196875 0.809375 0.017499999999999998 0.00625
2 0.0225 0.65625 0.013750000000000002 0.00625
2 0.0975 0.6571875 0.013750000000000002 0.005
2 0.0965625 0.6515625 0.015 0.00625
2 0.26187499999999997 0.713125 0.017499999999999998 0.0075
2 0.260625 0.7 0.015 0.00625
2 0.27749999999999997 0.6921875 0.017499999999999998 0.00625
2 0.2609375 0.6859375 0.01875 0.00625
2 0.255625 0.678125 0.017499999999999998 0.00625
2 0.274375 0.678125 0.017499999999999998 0.00625
2 0.2578125 0.6671875 0.0125 0.00625
2 0.275 0.666875 0.00625 0.008749999999999999
2 0.1703125 0.6525000000000001 0.00625 0.01125
2 0.21531250000000002 0.6465625 0.015 0.008749999999999999
2 0.21531250000000002 0.6328125 0.015 0.00625
2 0.20968749999999997 0.59375 0.01625 0.00625
2 0.24874999999999997 0.60625 0.01625 0.00625
2 0.2521875 0.6203125 0.013750000000000002 0.00625
2 0.2546875 0.6278125 0.01875 0.008749999999999999
2 0.2534375 0.6346875 0.01625 0.00375
2 0.25406249999999997 0.6484375 0.017499999999999998 0.00625
2 0.205 0.5375 0.01625 0.00625
2 0.2 0.525 0.01875 0.00625
2 0.2403125 0.525 0.015 0.00625
2 0.23625 0.5171875 0.01625 0.00625
2 0.236875 0.5109375 0.017499999999999998 0.00625
2 0.23625 0.5034375 0.01625 0.00375
2 0.23156249999999998 0.4971875 0.01625 0.00375
2 0.23093750000000002 0.4921875 0.015 0.00625
2 0.23093750000000002 0.4765625 0.015 0.00625
2 0.22999999999999998 0.4625 0.01625 0.00625
2 0.26687500000000003 0.5078125 0.015 0.00625
2 0.1925 0.46343750000000006 0.01625 0.005
2 0.0125 0.460625 0.01875 0.008749999999999999
2 0.16 0.4203125 0.0075 0.0125
2 0.146875 0.4025 0.00625 0.01125
2 0.240625 0.3578125 0.0125 0.00625
2 0.24 0.35 0.01125 0.00625
2 0.24312499999999998 0.34375 0.017499999999999998 0.00625
2 0.24125000000000002 0.3375 0.013750000000000002 0.00625
2 0.2396875 0.328125 0.013750000000000002 0.00625
2 0.238125 0.3140625 0.013750000000000002 0.00625
2 0.129375 0.198125 0.008749999999999999 0.015
2 0.21187499999999998 0.2053125 0.017499999999999998 0.0075
2 0.125 0.13374999999999998 0.00625 0.01125
2 0.398125 0.21781250000000002 0.015 0.0075
2 0.475 0.1125 0.00625 0.0125
2 0.5909375 0.184375 0.01625 0.00625
2 0.8115625 0.08375 0.0075 0.01125
2 0.79375 0.010312499999999999 0.00625 0.01125
2 0.418125 0.0140625 0.017499999999999998 0.00625
2 0.38875000000000004 0.0265625 0.015 0.00625
2 0.3715625 0.028125 0.015 0.00625
2 0.969375 0.765625 0.0075 0.0125
2 0.2975 0.325625 0.013750000000000002 0.0075
2 0.2575 0.280625 0.008749999999999999 0.01125
2 0.2240625 0.38656250000000003 0.013750000000000002 0.0075
2 0.21968749999999998 0.33125 0.017499999999999998 0.00625
2 0.24874999999999997 0.59375 0.01625 0.00625
2 0.1053125 0.0225 0.0075 0.013750000000000002
2 0.1403125 0.29812500000000003 0.008749999999999999 0.015
2 0.41875 0.23562500000000003 0.01875 0.015
2 0.16312500000000002 0.53125 0.0075 0.01875
2 0.9828125 0.9459375 0.00625 0.013750000000000002
2 0.9896874999999999 0.5715625 0.013750000000000002 0.008749999999999999
2 0.34750000000000003 0.9840625 0.013750000000000002 0.008749999999999999
2 0.3225 0.9740624999999999 0.013750000000000002 0.0075
2 0.325 0.9821875 0.01875 0.01125
2 0.31375000000000003 0.9878125000000001 0.015 0.01
2 0.3015625 0.9650000000000001 0.0125 0.01125
2 0.2978125 0.9706250000000001 0.01125 0.01
2 0.2915625 0.9784375000000001 0.017499999999999998 0.01
2 0.323125 0.95 0.015 0.0125
2 0.38875000000000004 0.9806250000000001 0.015 0.01125
2 0.349375 0.99375 0.017499999999999998 0.0125
2 0.27 0.951875 0.015 0.01
2 0.2684375 0.9574999999999999 0.015 0.008749999999999999
2 0.22999999999999998 0.9353125 0.01625 0.01125
2 0.23500000000000001 0.945625 0.013750000000000002 0.01
2 0.191875 0.9309375 0.015 0.008749999999999999
2 0.19875 0.944375 0.01625 0.0075
2 0.170625 0.938125 0.01625 0.0075
2 0.1759375 0.9018750000000001 0.01125 0.01
2 0.1965625 0.8459375 0.008749999999999999 0.013750000000000002
2 0.18812500000000001 0.860625 0.0075 0.015
2 0.18812500000000001 0.740625 0.0075 0.0125
2 0.1765625 0.7234375 0.00625 0.0125
2 0.1828125 0.821875 0.00625 0.0125
2 0.12562500000000001 0.90625 0.013750000000000002 0.00625
2 0.1209375 0.9140625 0.013750000000000002 0.00625
2 0.103125 0.9071875 0.0125 0.005
2 0.1 0.9181250000000001 0.0125 0.005
2 0.07375000000000001 0.9181250000000001 0.01625 0.005
2 0.11750000000000001 0.8315625000000001 0.01625 0.01
2 0.11750000000000001 0.82 0.01625 0.008749999999999999
2 0.11750000000000001 0.8125 0.01625 0.00625
2 0.11875 0.80625 0.0125 0.00625
2 0.11687499999999999 0.8 0.015 0.00625
2 0.1171875 0.79375 0.01875 0.00625
2 0.11875 0.7890625 0.0125 0.00625
2 0.100625 0.83375 0.013750000000000002 0.005
2 0.09875 0.828125 0.01625 0.00625
2 0.09875 0.820625 0.01625 0.00375
2 0.1 0.815625 0.0125 0.00625
2 0.09875 0.809375 0.01625 0.00625
2 0.09812499999999999 0.8009375000000001 0.015 0.005
2 0.09875 0.7946875 0.01625 0.005
2 0.096875 0.7884375 0.01875 0.005
2 0.0834375 0.83375 0.013750000000000002 0.005
2 0.084375 0.828125 0.0125 0.00625
2 0.0828125 0.820625 0.0125 0.00375
2 0.0828125 0.815625 0.0125 0.00625
2 0.08156250000000001 0.809375 0.01625 0.00625
2 0.08156250000000001 0.8021874999999999 0.01625 0.0075
2 0.0809375 0.7946875 0.015 0.005
2 0.078125 0.7884375 0.0125 0.005
2 0.06625 0.8321875000000001 0.013750000000000002 0.01125
2 0.065625 0.8231249999999999 0.0125 0.008749999999999999
2 0.065625 0.81375 0.0125 0.008749999999999999
2 0.065 0.806875 0.01125 0.0075
2 0.06218749999999999 0.7984375 0.015 0.00625
2 0.06218749999999999 0.7909375 0.015 0.00375
2 0.0515625 0.815625 0.00625 0.0125
2 0.053125 0.8318749999999999 0.00625 0.013750000000000002
2 0.041875 0.8015625 0.008749999999999999 0.0125
2 0.044375 0.815625 0.0075 0.0125
2 0.044375 0.829375 0.0075 0.015
2 0.033437499999999995 0.8021874999999999 0.0075 0.013750000000000002
2 0.035625000000000004 0.815625 0.008749999999999999 0.0125
2 0.0203125 0.8006249999999999 0.0125 0.0075
2 0.0196875 0.809375 0.017499999999999998 0.00625
2 0.0225 0.65625 0.013750000000000002 0.00625
2 0.0975 0.6571875 0.013750000000000002 0.005
2 0.0965625 0.6515625 0.015 0.00625
2 0.26187499999999997 0.713125 0.017499999999999998 0.0075
2 0.260625 0.7 0.015 0.00625
2 0.27749999999999997 0.6921875 0.017499999999999998 0.00625
2 0.2609375 0.6859375 0.01875 0.00625
2 0.255625 0.678125 0.017499999999999998 0.00625
2 0.274375 0.678125 0.017499999999999998 0.00625
2 0.2578125 0.6671875 0.0125 0.00625
2 0.275 0.666875 0.00625 0.008749999999999999
2 0.1703125 0.6525000000000001 0.00625 0.01125
2 0.21531250000000002 0.6465625 0.015 0.008749999999999999
2 0.21531250000000002 0.6328125 0.015 0.00625
2 0.20968749999999997 0.59375 0.01625 0.00625
2 0.24874999999999997 0.60625 0.01625 0.00625
2 0.2521875 0.6203125 0.013750000000000002 0.00625
2 0.2546875 0.6278125 0.01875 0.008749999999999999
2 0.2534375 0.6346875 0.01625 0.00375
2 0.25406249999999997 0.6484375 0.017499999999999998 0.00625
2 0.205 0.5375 0.01625 0.00625
2 0.2 0.525 0.01875 0.00625
2 0.2403125 0.525 0.015 0.00625
2 0.23625 0.5171875 0.01625 0.00625
2 0.236875 0.5109375 0.017499999999999998 0.00625
2 0.23625 0.5034375 0.01625 0.00375
2 0.23156249999999998 0.4971875 0.01625 0.00375
2 0.23093750000000002 0.4921875 0.015 0.00625
2 0.23093750000000002 0.4765625 0.015 0.00625
2 0.22999999999999998 0.4625 0.01625 0.00625
2 0.26687500000000003 0.5078125 0.015 0.00625
2 0.1925 0.46343750000000006 0.01625 0.005
2 0.0125 0.460625 0.01875 0.008749999999999999
2 0.16 0.4203125 0.0075 0.0125
2 0.146875 0.4025 0.00625 0.01125
2 0.240625 0.3578125 0.0125 0.00625
2 0.24 0.35 0.01125 0.00625
2 0.24312499999999998 0.34375 0.017499999999999998 0.00625
2 0.24125000000000002 0.3375 0.013750000000000002 0.00625
2 0.2396875 0.328125 0.013750000000000002 0.00625
2 0.238125 0.3140625 0.013750000000000002 0.00625
2 0.129375 0.198125 0.008749999999999999 0.015
2 0.21187499999999998 0.2053125 0.017499999999999998 0.0075
2 0.125 0.13374999999999998 0.00625 0.01125
2 0.398125 0.21781250000000002 0.015 0.0075
2 0.475 0.1125 0.00625 0.0125
2 0.5909375 0.184375 0.01625 0.00625
2 0.8115625 0.08375 0.0075 0.01125
2 0.79375 0.010312499999999999 0.00625 0.01125
2 0.418125 0.0140625 0.017499999999999998 0.00625
2 0.38875000000000004 0.0265625 0.015 0.00625
2 0.3715625 0.028125 0.015 0.00625
2 0.969375 0.765625 0.0075 0.0125
2 0.2975 0.325625 0.013750000000000002 0.0075
2 0.2575 0.280625 0.008749999999999999 0.01125
2 0.2240625 0.38656250000000003 0.013750000000000002 0.0075
2 0.21968749999999998 0.33125 0.017499999999999998 0.00625
2 0.24874999999999997 0.59375 0.01625 0.00625
2 0.1053125 0.0225 0.0075 0.013750000000000002
2 0.1403125 0.29812500000000003 0.008749999999999999 0.015
2 0.41875 0.23562500000000003 0.01875 0.015
2 0.16312500000000002 0.53125 0.0075 0.01875
2 0.9828125 0.9459375 0.00625 0.013750000000000002
2 0.9896874999999999 0.5715625 0.013750000000000002 0.008749999999999999
