2 0.25625 0.6340625 0.04375 0.008749999999999999
2 0.22562500000000002 0.6884375 0.02 0.01125
2 0.30375 0.7028125000000001 0.02 0.008749999999999999
2 0.3071875 0.63125 0.02375 0.00625
2 0.3315625 0.65625 0.0225 0.00625
2 0.41218750000000004 0.623125 0.027500000000000004 0.008749999999999999
2 0.4534375 0.6515625 0.0225 0.00625
2 0.4578125 0.6734375 0.025 0.00625
2 0.46125 0.6953125 0.0225 0.00625
2 0.509375 0.6353125000000001 0.025 0.005
2 0.305625 0.5734375 0.02375 0.00625
2 0.3484375 0.5765625 0.025 0.00625
2 0.4659375 0.61875 0.0475 0.00625
2 0.5706249999999999 0.67625 0.0225 0.008749999999999999
2 0.536875 0.69875 0.03 0.01
2 0.56125 0.6209374999999999 0.028749999999999998 0.0075
2 0.5790625 0.6056250000000001 0.02375 0.005
2 0.63875 0.6303124999999999 0.03375 0.013750000000000002
2 0.6840625 0.559375 0.027500000000000004 0.00625
2 0.7840625 0.55625 0.021249999999999998 0.00625
2 0.89 0.5493750000000001 0.02375 0.005
2 0.9790625000000001 0.5443749999999999 0.02375 0.0075
2 0.47125000000000006 0.5506249999999999 0.02375 0.0075
2 0.55 0.548125 0.025 0.008749999999999999
2 0.44781250000000006 0.41624999999999995 0.02375 0.0075
2 0.37312500000000004 0.4178125 0.027500000000000004 0.0075
2 0.5743750000000001 0.406875 0.02375 0.0075
2 0.55 0.36875 0.00625 0.01875
2 0.3940625 0.495 0.028749999999999998 0.008749999999999999
2 0.3253125 0.43375 0.0225 0.01125
2 0.2634375 0.4659375 0.03625 0.01625
2 0.27125 0.484375 0.03625 0.0125
2 0.15718749999999998 0.515625 0.02375 0.0125
2 0.0984375 0.535625 0.04375 0.015
2 0.20593750000000002 0.5325 0.021249999999999998 0.008749999999999999
2 0.174375 0.5590625 0.02375 0.008749999999999999
2 0.24625 0.5575 0.02375 0.008749999999999999
