2 0.020536 0.400938 0.032143 0.011250
2 0.347321 0.436875 0.033929 0.011250
2 0.451786 0.445625 0.028571 0.010000
2 0.903571 0.484375 0.030357 0.012500
2 0.517411 0.832812 0.030357 0.012500
2 0.654018 0.862813 0.035714 0.016250
2 0.850893 0.482812 0.032143 0.012500
2 0.175893 0.513437 0.021429 0.023750
2 0.591964 0.352187 0.014286 0.020000
2 0.615625 0.199687 0.012500 0.021250
2 0.605357 0.330000 0.014286 0.022500
2 0.666964 0.302187 0.030357 0.020000
2 0.663839 0.343750 0.028571 0.018750
2 0.762946 0.691250 0.021429 0.026250
2 0.609375 0.307500 0.017857 0.021250
2 0.626786 0.327500 0.021429 0.023750
2 0.811607 0.422500 0.025000 0.007500
2 0.549107 0.018750 0.017857 0.018750
2 0.458482 0.814688 0.028571 0.013750
2 0.939286 0.976250 0.021429 0.008750
