2 0.671429 0.778125 0.012500 0.025000
2 0.669643 0.803125 0.008929 0.012500
2 0.588393 0.847188 0.016071 0.010000
2 0.580804 0.887500 0.014286 0.006250
2 0.689286 0.867812 0.021429 0.007500
2 0.944196 0.928125 0.008929 0.012500
2 0.955804 0.857187 0.005357 0.011250
2 0.910714 0.778125 0.017857 0.006250
2 0.936607 0.765625 0.007143 0.012500
2 0.939732 0.751563 0.008929 0.012500
2 0.962054 0.620313 0.008929 0.018750
2 0.955357 0.658125 0.008929 0.010000
2 0.958929 0.696250 0.007143 0.011250
2 0.596429 0.552500 0.014286 0.005000
2 0.635268 0.495000 0.007143 0.008750
2 0.750000 0.234687 0.008929 0.010000
2 0.758036 0.191562 0.007143 0.011250
2 0.779018 0.238750 0.008929 0.015000
2 0.759821 0.167187 0.010714 0.012500
2 0.765625 0.141250 0.008929 0.013750
2 0.767857 0.126562 0.008929 0.012500
2 0.642857 0.950937 0.008929 0.011250
