2 0.449107 0.342500 0.050000 0.022500
2 0.984821 0.942187 0.014286 0.037500
2 0.710714 0.391562 0.019643 0.011250
2 0.962054 0.284062 0.026786 0.008750
2 0.806250 0.291250 0.023214 0.007500
2 0.699554 0.267188 0.019643 0.012500
2 0.585714 0.221250 0.019643 0.011250
2 0.583929 0.203750 0.016071 0.013750
2 0.571875 0.205938 0.014286 0.015000
2 0.562500 0.184688 0.008929 0.016250
2 0.642857 0.192812 0.008929 0.013750
2 0.617857 0.186563 0.012500 0.013750
2 0.608929 0.184375 0.012500 0.012500
2 0.570089 0.159062 0.010714 0.015000
2 0.558036 0.160000 0.008929 0.013750
2 0.483036 0.134375 0.010714 0.012500
2 0.475893 0.143750 0.014286 0.012500
2 0.719196 0.397187 0.014286 0.010000
2 0.728571 0.404687 0.019643 0.012500
2 0.736607 0.410938 0.017857 0.012500
2 0.981250 0.638125 0.007143 0.013750
2 0.961161 0.973750 0.007143 0.010000
2 0.962946 0.959062 0.010714 0.015000
2 0.958482 0.987187 0.010714 0.015000
2 0.964732 0.940938 0.014286 0.016250
2 0.969643 0.819375 0.010714 0.013750
2 0.919196 0.803125 0.021429 0.006250
2 0.919196 0.782813 0.021429 0.006250
2 0.922768 0.761875 0.019643 0.005000
2 0.924107 0.754063 0.017857 0.005000
2 0.980804 0.666563 0.010714 0.017500
2 0.744196 0.355000 0.028571 0.010000
