2 0.590179 0.276562 0.019643 0.006250
2 0.762054 0.157500 0.019643 0.015000
2 0.675893 0.273438 0.021429 0.006250
2 0.704464 0.257500 0.025000 0.008750
2 0.957143 0.784687 0.021429 0.010000
2 0.953125 0.770312 0.026786 0.006250
2 0.985268 0.731875 0.010714 0.013750
2 0.657143 0.918750 0.019643 0.006250
2 0.688393 0.939063 0.010714 0.012500
2 0.704911 0.939063 0.012500 0.012500
2 0.812054 0.900625 0.021429 0.007500
2 0.878571 0.911250 0.025000 0.010000
2 0.609375 0.767813 0.026786 0.007500
2 0.626786 0.306875 0.012500 0.013750
2 0.633929 0.259063 0.026786 0.008750
2 0.877679 0.359687 0.014286 0.010000
2 0.920982 0.428125 0.016071 0.006250
2 0.924554 0.448125 0.023214 0.008750
2 0.686607 0.861875 0.007143 0.011250
2 0.686161 0.848437 0.010714 0.012500
