2 0.682143 0.902500 0.016071 0.011250
2 0.669643 0.920312 0.017857 0.012500
2 0.582589 0.888437 0.017857 0.011250
2 0.575000 0.894688 0.016071 0.011250
2 0.568304 0.902500 0.016071 0.011250
2 0.560268 0.908750 0.017857 0.011250
2 0.502679 0.934375 0.014286 0.012500
2 0.510714 0.932813 0.012500 0.012500
2 0.521429 0.930312 0.016071 0.013750
2 0.529018 0.923125 0.017857 0.015000
2 0.537500 0.919687 0.012500 0.011250
2 0.545089 0.915000 0.014286 0.011250
2 0.550446 0.911875 0.016071 0.011250
2 0.277232 0.686562 0.014286 0.013750
2 0.455357 0.821875 0.017857 0.012500
2 0.466964 0.855625 0.014286 0.005000
2 0.476339 0.816875 0.010714 0.015000
2 0.483036 0.821875 0.010714 0.012500
2 0.493750 0.826562 0.014286 0.012500
2 0.503571 0.861250 0.016071 0.010000
2 0.518304 0.864687 0.014286 0.007500
2 0.520089 0.875938 0.017857 0.011250
2 0.733036 0.931250 0.019643 0.012500
2 0.754464 0.933750 0.017857 0.011250
