2 0.979911 0.054375 0.035714 0.008750
2 0.987946 0.477813 0.016071 0.008750
2 0.992857 0.453750 0.012500 0.007500
2 0.979018 0.461875 0.016071 0.011250
2 0.948661 0.477500 0.017857 0.011250
2 0.915625 0.489375 0.014286 0.010000
2 0.895536 0.520000 0.014286 0.008750
2 0.886607 0.504375 0.014286 0.008750
2 0.873214 0.510625 0.014286 0.008750
2 0.833482 0.530625 0.019643 0.011250
2 0.807589 0.542188 0.021429 0.012500
2 0.791071 0.550312 0.019643 0.010000
2 0.756250 0.566563 0.021429 0.011250
2 0.734375 0.576562 0.017857 0.012500
2 0.712054 0.589063 0.017857 0.012500
2 0.661607 0.616250 0.019643 0.013750
2 0.642857 0.627500 0.017857 0.011250
2 0.586607 0.662188 0.012500 0.008750
2 0.594196 0.679375 0.014286 0.008750
2 0.575000 0.689375 0.016071 0.010000
2 0.573214 0.670000 0.012500 0.008750
2 0.618304 0.938750 0.017857 0.008750
2 0.615179 0.933125 0.016071 0.010000
2 0.612054 0.920000 0.014286 0.008750
2 0.608036 0.913750 0.010714 0.008750
2 0.603125 0.909062 0.014286 0.008750
2 0.626786 0.888437 0.012500 0.011250
2 0.714286 0.840000 0.008929 0.011250
2 0.640625 0.886875 0.008929 0.011250
2 0.616518 0.889375 0.014286 0.010000
2 0.600000 0.891563 0.012500 0.011250
2 0.591964 0.895625 0.014286 0.010000
2 0.745089 0.803125 0.012500 0.012500
2 0.719196 0.781562 0.014286 0.010000
2 0.770089 0.795937 0.017857 0.007500
2 0.792857 0.752812 0.014286 0.015000
2 0.834821 0.739062 0.017857 0.012500
2 0.958036 0.628125 0.014286 0.012500
