2 0.119643 0.040000 0.016071 0.011250
2 0.069643 0.062500 0.014286 0.006250
2 0.054911 0.050625 0.016071 0.007500
2 0.033482 0.042188 0.017857 0.006250
2 0.024554 0.036562 0.017857 0.007500
2 0.033929 0.068437 0.005357 0.008750
2 0.016964 0.058750 0.007143 0.011250
2 0.004911 0.055313 0.005357 0.013750
2 0.400893 0.161562 0.016071 0.007500
2 0.318750 0.064375 0.012500 0.010000
2 0.312054 0.069062 0.012500 0.010000
2 0.327679 0.075938 0.012500 0.011250
2 0.320982 0.079063 0.012500 0.011250
2 0.312054 0.083437 0.012500 0.013750
2 0.294196 0.081563 0.012500 0.010000
2 0.266518 0.058750 0.010714 0.011250
2 0.371875 0.195312 0.016071 0.006250
2 0.375446 0.208750 0.014286 0.005000
2 0.398661 0.206250 0.016071 0.006250
2 0.386607 0.239687 0.014286 0.007500
2 0.383482 0.232813 0.012500 0.006250
2 0.407589 0.235000 0.016071 0.007500
2 0.418750 0.245000 0.016071 0.008750
2 0.430804 0.253437 0.017857 0.010000
2 0.681250 0.389375 0.014286 0.010000
2 0.671429 0.383125 0.012500 0.010000
2 0.111607 0.046250 0.017857 0.011250
2 0.121875 0.033750 0.016071 0.011250
2 0.618750 0.344687 0.014286 0.011250
2 0.129464 0.028750 0.017857 0.013750
2 0.666964 0.379375 0.012500 0.008750
2 0.611607 0.377500 0.017857 0.011250
2 0.597321 0.371250 0.016071 0.011250
2 0.501339 0.328750 0.016071 0.013750
2 0.501339 0.302500 0.016071 0.011250
2 0.548214 0.294063 0.016071 0.010000
2 0.477679 0.290625 0.017857 0.012500
2 0.819643 0.521250 0.014286 0.011250
2 0.871429 0.557500 0.010714 0.008750
2 0.813839 0.559688 0.016071 0.010000
2 0.833036 0.575313 0.014286 0.010000
2 0.843304 0.578437 0.012500 0.010000
2 0.827679 0.588125 0.012500 0.007500
2 0.838393 0.596875 0.016071 0.012500
2 0.857589 0.590625 0.014286 0.012500
2 0.905357 0.582812 0.016071 0.012500
2 0.870536 0.599375 0.017857 0.011250
2 0.853571 0.606250 0.019643 0.012500
2 0.877679 0.632188 0.014286 0.011250
2 0.859821 0.641563 0.014286 0.011250
2 0.851786 0.648438 0.016071 0.012500
2 0.905357 0.735938 0.016071 0.012500
2 0.924107 0.754687 0.017857 0.012500
