2 0.583482 0.240625 0.028571 0.012500
2 0.742857 0.218125 0.030357 0.011250
2 0.770089 0.144687 0.026786 0.023750
2 0.819196 0.119375 0.035714 0.013750
2 0.748661 0.163750 0.037500 0.015000
2 0.708929 0.173125 0.033929 0.015000
2 0.645536 0.234063 0.032143 0.015000
2 0.618750 0.237188 0.032143 0.015000
2 0.235268 0.190938 0.019643 0.022500
2 0.251339 0.189375 0.016071 0.022500
2 0.265179 0.184375 0.021429 0.025000
2 0.284821 0.185312 0.025000 0.023750
2 0.294196 0.183125 0.021429 0.022500
2 0.313839 0.179062 0.025000 0.023750
2 0.334375 0.176250 0.030357 0.021250
2 0.357143 0.176875 0.026786 0.022500
2 0.373661 0.175937 0.028571 0.023750
2 0.474554 0.025000 0.016071 0.018750
2 0.574107 0.194687 0.032143 0.011250
