2 0.180357 0.142813 0.048214 0.020000
2 0.327679 0.388750 0.021429 0.008750
2 0.306250 0.402500 0.023214 0.011250
2 0.332589 0.399688 0.017857 0.008750
2 0.430357 0.776563 0.021429 0.018750
2 0.443304 0.769062 0.016071 0.016250
2 0.508036 0.777500 0.025000 0.011250
2 0.744643 0.790312 0.016071 0.021250
2 0.949554 0.796563 0.028571 0.015000
2 0.085714 0.210938 0.037500 0.012500
2 0.125446 0.379062 0.023214 0.011250
2 0.289286 0.545000 0.025000 0.008750
2 0.252679 0.933750 0.023214 0.011250
2 0.429464 0.863750 0.028571 0.021250
2 0.720536 0.785313 0.012500 0.023750
2 0.760714 0.790000 0.012500 0.017500
