2 0.456696 0.813750 0.007143 0.008750
2 0.483482 0.778750 0.007143 0.007500
2 0.424554 0.970313 0.005357 0.006250
2 0.303571 0.985938 0.017857 0.006250
2 0.350000 0.990625 0.012500 0.006250
2 0.509375 0.995313 0.014286 0.006250
2 0.288393 0.973750 0.014286 0.003750
2 0.073214 0.961875 0.012500 0.005000
2 0.172768 0.972188 0.010714 0.003750
2 0.183929 0.974375 0.010714 0.005000
2 0.019643 0.944688 0.012500 0.005000
2 0.233929 0.837813 0.012500 0.003750
2 0.580804 0.151250 0.032143 0.008750
2 0.491964 0.078438 0.010714 0.028750
2 0.500000 0.078125 0.008929 0.025000
2 0.508929 0.077500 0.008929 0.023750
2 0.516518 0.086563 0.010714 0.026250
2 0.583482 0.206875 0.010714 0.007500
2 0.397321 0.168437 0.008929 0.008750
2 0.353125 0.162187 0.005357 0.008750
2 0.359375 0.162187 0.008929 0.008750
2 0.377679 0.164688 0.005357 0.007500
2 0.303571 0.125312 0.008929 0.010000
2 0.308929 0.093437 0.010714 0.015000
2 0.360268 0.194375 0.010714 0.007500
2 0.392411 0.214375 0.012500 0.010000
2 0.362946 0.212812 0.007143 0.010000
2 0.369643 0.212812 0.007143 0.010000
2 0.021429 0.150000 0.007143 0.006250
2 0.033929 0.150938 0.005357 0.005000
2 0.059821 0.152188 0.003571 0.007500
2 0.065179 0.153750 0.005357 0.007500
2 0.041518 0.152812 0.007143 0.008750
