2 0.791071 0.564063 0.019643 0.012500
2 0.777679 0.523438 0.019643 0.012500
2 0.765179 0.535937 0.021429 0.012500
2 0.799554 0.556562 0.023214 0.016250
2 0.791071 0.510938 0.019643 0.012500
2 0.798661 0.508437 0.021429 0.013750
2 0.980804 0.291875 0.010714 0.015000
2 0.846875 0.102188 0.019643 0.013750
2 0.873214 0.112187 0.023214 0.015000
2 0.893750 0.129375 0.019643 0.015000
2 0.989732 0.297187 0.010714 0.016250
2 0.930804 0.359375 0.017857 0.012500
2 0.833482 0.524062 0.019643 0.013750
2 0.856250 0.410938 0.016071 0.012500
2 0.839286 0.423438 0.017857 0.012500
2 0.637946 0.361563 0.021429 0.013750
2 0.584821 0.329688 0.017857 0.012500
2 0.625893 0.392813 0.019643 0.013750
2 0.702679 0.438750 0.021429 0.015000
2 0.639732 0.442812 0.016071 0.013750
2 0.910268 0.529375 0.021429 0.015000
2 0.754464 0.866563 0.017857 0.011250
2 0.675000 0.826562 0.019643 0.012500
2 0.683036 0.820312 0.017857 0.012500
2 0.707143 0.824687 0.021429 0.015000
2 0.715179 0.830313 0.019643 0.013750
2 0.723214 0.835938 0.017857 0.012500
2 0.728571 0.841250 0.019643 0.013750
2 0.739732 0.847500 0.019643 0.013750
2 0.744196 0.852500 0.019643 0.011250
2 0.748661 0.860000 0.019643 0.013750
2 0.763393 0.871250 0.017857 0.011250
2 0.661161 0.834375 0.014286 0.012500
2 0.770089 0.877188 0.017857 0.013750
2 0.785714 0.890625 0.017857 0.012500
2 0.791071 0.896875 0.019643 0.012500
2 0.900000 0.892813 0.023214 0.013750
2 0.690625 0.859375 0.019643 0.012500
2 0.695089 0.865625 0.019643 0.012500
2 0.701786 0.869375 0.019643 0.013750
2 0.708482 0.875000 0.019643 0.012500
2 0.713839 0.880312 0.021429 0.013750
2 0.668304 0.831250 0.019643 0.012500
2 0.620536 0.850938 0.017857 0.011250
2 0.609375 0.840000 0.017857 0.011250
2 0.566964 0.856250 0.017857 0.012500
2 0.571429 0.861875 0.017857 0.011250
2 0.566964 0.804688 0.017857 0.012500
2 0.573661 0.810937 0.017857 0.012500
2 0.582589 0.820312 0.017857 0.012500
2 0.589286 0.825000 0.017857 0.012500
2 0.602679 0.835938 0.017857 0.012500
2 0.726339 0.890000 0.019643 0.011250
2 0.730804 0.896875 0.019643 0.012500
2 0.736607 0.903125 0.017857 0.012500
2 0.752232 0.910937 0.017857 0.012500
2 0.700000 0.995000 0.016071 0.008750
2 0.637500 0.960000 0.016071 0.013750
2 0.572768 0.903750 0.016071 0.013750
2 0.591518 0.978125 0.017857 0.012500
2 0.680804 0.900000 0.017857 0.012500
2 0.759821 0.920312 0.019643 0.012500
2 0.766518 0.928125 0.019643 0.012500
2 0.774107 0.934375 0.021429 0.012500
2 0.786607 0.941250 0.019643 0.013750
2 0.792411 0.946875 0.017857 0.012500
2 0.654911 0.878125 0.019643 0.012500
2 0.661607 0.884375 0.019643 0.012500
2 0.667411 0.890000 0.017857 0.011250
2 0.675000 0.893750 0.019643 0.012500
2 0.687500 0.904687 0.017857 0.012500
2 0.920089 0.991250 0.014286 0.013750
2 0.692857 0.909375 0.019643 0.012500
2 0.700893 0.921875 0.017857 0.012500
2 0.709821 0.926562 0.017857 0.012500
2 0.715179 0.931875 0.019643 0.013750
2 0.628125 0.908750 0.019643 0.011250
2 0.648214 0.924063 0.019643 0.013750
2 0.704018 0.972813 0.019643 0.011250
2 0.750893 0.961562 0.019643 0.013750
2 0.781250 0.988125 0.017857 0.013750
