2 0.932143 0.668750 0.016071 0.006250
2 0.931250 0.682500 0.014286 0.008750
2 0.929911 0.700000 0.016071 0.006250
2 0.926786 0.708125 0.014286 0.003750
2 0.886607 0.668125 0.014286 0.005000
2 0.887500 0.680625 0.016071 0.005000
2 0.885268 0.687500 0.016071 0.006250
2 0.887500 0.700937 0.016071 0.005000
2 0.886607 0.711875 0.014286 0.005000
2 0.886607 0.718125 0.014286 0.005000
2 0.928125 0.718125 0.012500 0.005000
2 0.929018 0.724375 0.014286 0.005000
2 0.930357 0.729688 0.012500 0.006250
2 0.707143 0.704688 0.012500 0.006250
2 0.708036 0.726562 0.014286 0.006250
2 0.704911 0.734375 0.012500 0.006250
2 0.704464 0.750938 0.016071 0.005000
