2 0.209821 0.602500 0.017857 0.011250
2 0.220089 0.592500 0.016071 0.010000
2 0.227679 0.589375 0.017857 0.010000
2 0.233482 0.585313 0.016071 0.011250
2 0.245536 0.576562 0.017857 0.012500
2 0.133482 0.478750 0.021429 0.013750
2 0.592857 0.889062 0.016071 0.012500
2 0.601339 0.884375 0.019643 0.012500
2 0.614286 0.871250 0.014286 0.011250
2 0.513393 0.958750 0.017857 0.011250
2 0.454911 0.997812 0.012500 0.005000
2 0.441964 0.991563 0.017857 0.011250
2 0.454464 0.983750 0.016071 0.011250
2 0.462946 0.995625 0.019643 0.010000
2 0.467857 0.992188 0.016071 0.012500
2 0.472768 0.987187 0.021429 0.015000
2 0.477679 0.984375 0.017857 0.012500
2 0.486607 0.979063 0.017857 0.011250
2 0.492411 0.975000 0.016071 0.012500
2 0.495982 0.971875 0.014286 0.012500
2 0.204464 0.605625 0.016071 0.011250
2 0.197768 0.611250 0.016071 0.010000
2 0.191071 0.614375 0.016071 0.010000
2 0.196875 0.654062 0.014286 0.011250
2 0.104911 0.695000 0.017857 0.015000
2 0.121429 0.682813 0.019643 0.012500
2 0.112500 0.690625 0.019643 0.012500
2 0.084821 0.578125 0.017857 0.012500
2 0.091964 0.582188 0.014286 0.011250
2 0.099554 0.585313 0.016071 0.011250
2 0.106250 0.590625 0.016071 0.012500
2 0.118750 0.597813 0.014286 0.011250
2 0.075893 0.603125 0.017857 0.012500
2 0.086161 0.609375 0.016071 0.012500
2 0.097321 0.618750 0.016071 0.012500
2 0.110714 0.626875 0.016071 0.010000
2 0.504464 0.965000 0.017857 0.011250
2 0.520089 0.952500 0.017857 0.011250
2 0.627679 0.913438 0.014286 0.011250
2 0.633929 0.907813 0.017857 0.012500
2 0.638839 0.903438 0.014286 0.010000
2 0.645536 0.898750 0.014286 0.010000
2 0.650000 0.896250 0.014286 0.011250
2 0.656250 0.892188 0.017857 0.012500
2 0.667411 0.884375 0.017857 0.012500
2 0.529464 0.996875 0.014286 0.006250
2 0.525446 0.946875 0.019643 0.012500
2 0.538393 0.995000 0.014286 0.008750
2 0.544643 0.990625 0.017857 0.012500
2 0.550446 0.986250 0.016071 0.010000
2 0.557143 0.982187 0.016071 0.011250
2 0.561607 0.976875 0.016071 0.010000
2 0.568304 0.973437 0.016071 0.012500
2 0.573214 0.968125 0.012500 0.011250
2 0.579464 0.964375 0.016071 0.010000
2 0.584821 0.960000 0.017857 0.013750
2 0.592857 0.954063 0.016071 0.011250
2 0.595982 0.951562 0.017857 0.012500
2 0.601786 0.946875 0.016071 0.012500
2 0.619643 0.917500 0.016071 0.010000
2 0.615179 0.921250 0.016071 0.011250
2 0.608929 0.925625 0.012500 0.007500
2 0.601786 0.929375 0.016071 0.008750
2 0.532143 0.944375 0.019643 0.013750
2 0.539732 0.940000 0.021429 0.011250
2 0.685268 0.871250 0.017857 0.011250
2 0.699554 0.878125 0.019643 0.012500
2 0.691964 0.883125 0.017857 0.010000
2 0.506250 0.997812 0.012500 0.005000
2 0.511607 0.995625 0.014286 0.010000
2 0.521429 0.990625 0.016071 0.012500
2 0.525893 0.987500 0.016071 0.012500
2 0.531696 0.983750 0.014286 0.011250
2 0.540179 0.977500 0.017857 0.011250
2 0.545089 0.973437 0.014286 0.012500
2 0.549554 0.971250 0.014286 0.011250
2 0.556250 0.964375 0.014286 0.010000
2 0.563839 0.960313 0.016071 0.011250
2 0.567411 0.955625 0.014286 0.011250
2 0.574107 0.951875 0.014286 0.010000
2 0.578571 0.946562 0.014286 0.008750
2 0.584375 0.941875 0.012500 0.008750
2 0.590625 0.939375 0.016071 0.010000
2 0.597321 0.934688 0.016071 0.010000
2 0.100446 0.698438 0.017857 0.012500
2 0.092411 0.702187 0.019643 0.013750
2 0.085714 0.708437 0.019643 0.013750
2 0.079018 0.714063 0.019643 0.012500
2 0.010268 0.761875 0.016071 0.011250
2 0.018750 0.757812 0.019643 0.012500
2 0.024554 0.752500 0.017857 0.011250
2 0.062500 0.727500 0.017857 0.011250
2 0.068750 0.721875 0.021429 0.012500
2 0.072321 0.716562 0.019643 0.011250
2 0.610714 0.942500 0.016071 0.010000
2 0.613393 0.937813 0.012500 0.010000
2 0.618750 0.933750 0.014286 0.011250
2 0.251339 0.691563 0.016071 0.011250
2 0.800000 0.972188 0.019643 0.010000
2 0.805804 0.967187 0.017857 0.012500
2 0.280357 0.827500 0.016071 0.011250
2 0.271429 0.820312 0.016071 0.012500
2 0.282143 0.804375 0.019643 0.015000
2 0.295982 0.790937 0.016071 0.010000
2 0.311161 0.780312 0.019643 0.013750
2 0.209375 0.662500 0.021429 0.012500
2 0.215625 0.668125 0.016071 0.011250
2 0.218750 0.670937 0.017857 0.013750
2 0.227679 0.675625 0.017857 0.013750
2 0.245536 0.688125 0.017857 0.013750
2 0.258036 0.696875 0.016071 0.012500
2 0.280357 0.712500 0.016071 0.012500
2 0.284821 0.716250 0.016071 0.013750
2 0.294196 0.720938 0.012500 0.013750
2 0.313839 0.735000 0.016071 0.013750
2 0.326786 0.735313 0.019643 0.011250
2 0.330804 0.731563 0.014286 0.010000
2 0.340625 0.727500 0.016071 0.011250
2 0.353125 0.720000 0.014286 0.008750
2 0.360714 0.714375 0.016071 0.010000
2 0.384375 0.691563 0.014286 0.011250
2 0.388839 0.695312 0.014286 0.012500
2 0.674107 0.786875 0.017857 0.011250
2 0.792411 0.977500 0.017857 0.011250
2 0.787946 0.983125 0.017857 0.010000
2 0.781250 0.985625 0.017857 0.008750
2 0.774554 0.989375 0.017857 0.010000
2 0.743750 0.997812 0.014286 0.005000
2 0.745982 0.995625 0.014286 0.010000
2 0.752232 0.990938 0.017857 0.010000
2 0.756696 0.985313 0.017857 0.011250
2 0.762500 0.981563 0.016071 0.010000
2 0.766964 0.976875 0.016071 0.010000
2 0.772321 0.971250 0.017857 0.011250
2 0.780357 0.968750 0.016071 0.012500
2 0.784375 0.961875 0.019643 0.011250
2 0.790179 0.958750 0.017857 0.011250
2 0.797321 0.955000 0.014286 0.010000
2 0.812500 0.963438 0.017857 0.011250
2 0.760714 0.996875 0.012500 0.006250
2 0.768304 0.994063 0.014286 0.010000
2 0.682143 0.783750 0.016071 0.011250
2 0.685268 0.778125 0.017857 0.012500
2 0.691964 0.771875 0.017857 0.012500
2 0.725893 0.786875 0.014286 0.011250
2 0.743750 0.772813 0.014286 0.011250
2 0.747768 0.769062 0.017857 0.010000
2 0.754018 0.763750 0.012500 0.008750
2 0.761161 0.761875 0.017857 0.011250
2 0.768304 0.756563 0.014286 0.010000
2 0.773661 0.752500 0.016071 0.011250
2 0.779018 0.749062 0.017857 0.013750
2 0.781696 0.743750 0.014286 0.012500
2 0.790625 0.740313 0.014286 0.008750
2 0.791518 0.733750 0.016071 0.011250
2 0.797321 0.730000 0.014286 0.010000
2 0.807143 0.725938 0.016071 0.011250
2 0.809375 0.721250 0.016071 0.011250
2 0.817411 0.718750 0.014286 0.012500
2 0.822768 0.714375 0.016071 0.010000
2 0.827232 0.709688 0.016071 0.010000
2 0.833929 0.703437 0.016071 0.010000
2 0.840625 0.700313 0.016071 0.010000
2 0.845089 0.696875 0.016071 0.012500
2 0.852679 0.691563 0.017857 0.011250
2 0.857589 0.687188 0.014286 0.008750
2 0.861607 0.682813 0.017857 0.012500
2 0.870536 0.678125 0.017857 0.012500
2 0.876339 0.675312 0.016071 0.010000
2 0.881250 0.670625 0.012500 0.010000
2 0.733482 0.782813 0.016071 0.012500
2 0.721429 0.789375 0.014286 0.010000
2 0.702232 0.765000 0.016071 0.011250
2 0.714732 0.794063 0.014286 0.010000
2 0.708929 0.758750 0.016071 0.011250
2 0.715179 0.757188 0.019643 0.011250
2 0.720982 0.752188 0.017857 0.013750
2 0.727679 0.746875 0.017857 0.012500
2 0.735268 0.741875 0.019643 0.015000
2 0.755357 0.726250 0.019643 0.015000
2 0.761161 0.721562 0.017857 0.015000
2 0.764732 0.714375 0.016071 0.010000
2 0.772321 0.711562 0.017857 0.013750
2 0.779911 0.706875 0.019643 0.013750
2 0.789286 0.697813 0.016071 0.011250
2 0.795089 0.694688 0.014286 0.011250
2 0.800446 0.690625 0.016071 0.012500
2 0.814286 0.681562 0.012500 0.010000
2 0.818304 0.676562 0.016071 0.012500
2 0.831250 0.671250 0.019643 0.011250
2 0.834821 0.665625 0.017857 0.012500
2 0.848214 0.657813 0.017857 0.012500
2 0.851786 0.652500 0.016071 0.011250
2 0.872768 0.639062 0.017857 0.012500
2 0.866071 0.643750 0.017857 0.012500
2 0.858482 0.647188 0.016071 0.010000
2 0.892857 0.622500 0.017857 0.013750
2 0.702232 0.803438 0.016071 0.010000
2 0.708929 0.798438 0.016071 0.012500
2 0.705804 0.989375 0.014286 0.010000
2 0.626339 0.930625 0.016071 0.011250
2 0.664286 0.940625 0.016071 0.012500
2 0.669643 0.934375 0.017857 0.012500
2 0.675446 0.930000 0.016071 0.010000
2 0.683036 0.928125 0.017857 0.012500
2 0.689732 0.922500 0.017857 0.013750
2 0.694196 0.918750 0.017857 0.012500
2 0.707589 0.909375 0.017857 0.012500
2 0.701339 0.915625 0.014286 0.012500
2 0.712054 0.906250 0.017857 0.012500
2 0.718750 0.901250 0.017857 0.015000
2 0.727679 0.895937 0.017857 0.013750
2 0.710268 0.985938 0.014286 0.012500
2 0.618304 0.995937 0.017857 0.007500
2 0.621875 0.993750 0.016071 0.012500
2 0.627232 0.989687 0.017857 0.013750
2 0.632589 0.984375 0.019643 0.012500
2 0.639286 0.979688 0.019643 0.012500
2 0.646429 0.976562 0.016071 0.012500
2 0.650893 0.973125 0.016071 0.015000
2 0.658929 0.967187 0.014286 0.012500
2 0.658482 0.943750 0.017857 0.012500
2 0.654464 0.947813 0.014286 0.011250
2 0.647321 0.953125 0.017857 0.012500
2 0.642411 0.958125 0.012500 0.010000
2 0.632143 0.926875 0.014286 0.010000
2 0.637500 0.921250 0.016071 0.011250
2 0.645536 0.915000 0.014286 0.011250
2 0.650893 0.912813 0.016071 0.010000
2 0.662946 0.904687 0.017857 0.012500
2 0.670089 0.899375 0.014286 0.011250
2 0.674554 0.896875 0.014286 0.012500
2 0.681250 0.891563 0.014286 0.011250
2 0.689286 0.888437 0.012500 0.011250
2 0.583036 0.996875 0.014286 0.006250
2 0.589732 0.994688 0.014286 0.011250
2 0.594196 0.990938 0.014286 0.010000
2 0.601786 0.987500 0.016071 0.012500
2 0.607589 0.983125 0.014286 0.010000
2 0.610714 0.977500 0.016071 0.011250
2 0.618750 0.973437 0.014286 0.012500
2 0.623214 0.968437 0.014286 0.008750
2 0.627679 0.964375 0.014286 0.010000
2 0.635268 0.961875 0.016071 0.011250
2 0.664286 0.963125 0.016071 0.013750
2 0.670089 0.958750 0.014286 0.011250
2 0.674107 0.954688 0.017857 0.012500
2 0.725000 0.953438 0.012500 0.010000
2 0.741518 0.945312 0.014286 0.012500
2 0.747321 0.939375 0.012500 0.010000
2 0.754018 0.933750 0.012500 0.011250
2 0.760714 0.929375 0.012500 0.008750
2 0.767411 0.925000 0.012500 0.012500
2 0.778571 0.934375 0.021429 0.012500
2 0.773214 0.938438 0.019643 0.011250
2 0.765179 0.943125 0.021429 0.011250
2 0.762500 0.947188 0.016071 0.010000
2 0.749107 0.955625 0.016071 0.011250
2 0.754464 0.952187 0.017857 0.013750
2 0.740179 0.958750 0.016071 0.011250
2 0.733482 0.968750 0.016071 0.012500
2 0.681696 0.997812 0.010714 0.005000
2 0.690179 0.995000 0.014286 0.008750
2 0.699107 0.994688 0.014286 0.011250
2 0.726786 0.973750 0.016071 0.010000
2 0.721429 0.976875 0.014286 0.010000
2 0.715625 0.980937 0.016071 0.008750
2 0.733929 0.949375 0.012500 0.011250
2 0.719196 0.958750 0.014286 0.011250
2 0.682143 0.950937 0.016071 0.011250
2 0.714286 0.965000 0.017857 0.011250
2 0.686607 0.945312 0.016071 0.012500
2 0.693304 0.941250 0.016071 0.013750
2 0.700893 0.939063 0.017857 0.012500
2 0.703125 0.934375 0.017857 0.012500
2 0.709821 0.929688 0.017857 0.012500
2 0.716964 0.925000 0.014286 0.012500
2 0.722321 0.922500 0.016071 0.013750
2 0.728125 0.917812 0.014286 0.013750
2 0.734821 0.913438 0.014286 0.011250
2 0.742411 0.908438 0.016071 0.013750
2 0.668304 0.996875 0.010714 0.006250
2 0.671429 0.995625 0.012500 0.010000
2 0.679018 0.989375 0.014286 0.010000
2 0.683929 0.986250 0.010714 0.010000
2 0.691071 0.982187 0.016071 0.011250
2 0.697768 0.976875 0.016071 0.010000
2 0.702232 0.972188 0.016071 0.010000
2 0.708929 0.969063 0.016071 0.010000
2 0.887500 0.665312 0.016071 0.008750
2 0.895536 0.662188 0.014286 0.008750
2 0.902232 0.657500 0.014286 0.008750
2 0.022321 0.920625 0.017857 0.010000
2 0.059821 0.903125 0.012500 0.012500
2 0.905804 0.651875 0.012500 0.010000
2 0.843750 0.752500 0.017857 0.011250
2 0.854018 0.743125 0.016071 0.011250
2 0.860714 0.739062 0.016071 0.012500
2 0.866071 0.734375 0.017857 0.012500
2 0.871875 0.730625 0.016071 0.011250
2 0.878571 0.727500 0.016071 0.011250
2 0.886161 0.722813 0.017857 0.011250
2 0.890625 0.716562 0.017857 0.011250
2 0.897321 0.712500 0.017857 0.012500
2 0.905357 0.707812 0.016071 0.012500
2 0.909821 0.703437 0.016071 0.010000
2 0.915625 0.699375 0.014286 0.011250
2 0.920089 0.696250 0.014286 0.011250
2 0.926339 0.691250 0.017857 0.013750
2 0.933036 0.689063 0.017857 0.012500
2 0.939732 0.684375 0.017857 0.012500
2 0.946429 0.680625 0.017857 0.011250
2 0.950893 0.675000 0.017857 0.012500
2 0.958929 0.671250 0.016071 0.011250
2 0.737054 0.847813 0.014286 0.011250
2 0.744643 0.844688 0.016071 0.011250
2 0.751339 0.839063 0.016071 0.012500
2 0.755804 0.834688 0.016071 0.010000
2 0.763393 0.829688 0.017857 0.012500
2 0.769196 0.825937 0.016071 0.011250
2 0.772321 0.822500 0.017857 0.013750
2 0.849554 0.748750 0.016071 0.010000
2 0.836161 0.756563 0.016071 0.010000
2 0.831696 0.759687 0.016071 0.010000
2 0.797768 0.908438 0.019643 0.013750
2 0.734821 0.834062 0.014286 0.008750
2 0.745536 0.826562 0.017857 0.012500
2 0.751339 0.821875 0.016071 0.012500
2 0.755804 0.817500 0.016071 0.010000
2 0.761607 0.813438 0.014286 0.011250
2 0.768304 0.808125 0.014286 0.010000
2 0.773661 0.803438 0.016071 0.010000
2 0.780357 0.800313 0.016071 0.010000
2 0.784821 0.796250 0.016071 0.011250
2 0.789286 0.790000 0.016071 0.011250
2 0.797321 0.786250 0.014286 0.010000
2 0.801339 0.783125 0.017857 0.010000
2 0.807143 0.778125 0.016071 0.012500
2 0.814732 0.773438 0.017857 0.012500
2 0.820089 0.771250 0.019643 0.011250
2 0.825893 0.764375 0.017857 0.010000
2 0.786607 0.811562 0.019643 0.013750
2 0.895089 0.678750 0.017857 0.013750
2 0.899554 0.674063 0.017857 0.013750
2 0.906250 0.670312 0.017857 0.012500
2 0.911607 0.665625 0.019643 0.012500
2 0.918304 0.662500 0.019643 0.012500
2 0.924107 0.657188 0.017857 0.011250
2 0.930804 0.653125 0.017857 0.012500
2 0.753571 0.803125 0.016071 0.012500
2 0.921429 0.123125 0.021429 0.015000
2 0.941964 0.135625 0.017857 0.015000
2 0.803571 0.162187 0.017857 0.015000
2 0.806696 0.185000 0.019643 0.013750
2 0.887946 0.683750 0.012500 0.011250
2 0.881696 0.689688 0.017857 0.013750
2 0.877232 0.693750 0.017857 0.012500
2 0.869643 0.696875 0.016071 0.012500
2 0.911607 0.649687 0.010714 0.008750
2 0.919196 0.645625 0.012500 0.010000
2 0.715625 0.811250 0.016071 0.010000
2 0.719196 0.808750 0.014286 0.011250
2 0.726786 0.802500 0.016071 0.011250
2 0.735714 0.797813 0.016071 0.011250
2 0.742857 0.790000 0.012500 0.011250
2 0.747768 0.785937 0.017857 0.012500
2 0.753125 0.782188 0.019643 0.011250
2 0.761161 0.778125 0.017857 0.012500
2 0.767857 0.771875 0.017857 0.012500
2 0.777232 0.765625 0.014286 0.012500
2 0.784821 0.762500 0.016071 0.012500
2 0.789286 0.757500 0.016071 0.008750
2 0.794643 0.751563 0.017857 0.012500
2 0.804464 0.742812 0.019643 0.013750
2 0.811161 0.738438 0.019643 0.011250
2 0.816964 0.734687 0.017857 0.010000
2 0.825893 0.731563 0.017857 0.010000
2 0.830357 0.725938 0.017857 0.011250
2 0.836161 0.721875 0.016071 0.012500
2 0.841518 0.718750 0.017857 0.012500
2 0.847321 0.714687 0.016071 0.013750
2 0.854911 0.709375 0.017857 0.012500
2 0.864732 0.702500 0.019643 0.011250
2 0.779911 0.817187 0.019643 0.012500
2 0.790179 0.808125 0.017857 0.010000
2 0.859375 0.874062 0.017857 0.013750
2 0.821429 0.904062 0.017857 0.011250
2 0.827679 0.896875 0.021429 0.012500
2 0.832589 0.893125 0.017857 0.011250
2 0.837946 0.888750 0.019643 0.015000
2 0.844643 0.886250 0.019643 0.016250
2 0.851786 0.878750 0.016071 0.013750
2 0.862054 0.869688 0.014286 0.011250
2 0.842857 0.868125 0.016071 0.011250
2 0.869196 0.867188 0.019643 0.012500
2 0.871875 0.863438 0.016071 0.011250
2 0.881250 0.860000 0.021429 0.013750
2 0.885714 0.855312 0.021429 0.013750
2 0.894196 0.850313 0.016071 0.010000
2 0.899554 0.846250 0.017857 0.011250
2 0.906250 0.842187 0.017857 0.012500
2 0.912054 0.837500 0.016071 0.012500
2 0.919643 0.834375 0.017857 0.012500
2 0.924107 0.829063 0.017857 0.011250
2 0.929464 0.824375 0.019643 0.011250
2 0.932143 0.820312 0.016071 0.012500
2 0.854018 0.858125 0.016071 0.010000
2 0.861607 0.853125 0.017857 0.012500
2 0.867411 0.848750 0.016071 0.010000
2 0.872768 0.846250 0.017857 0.011250
2 0.881250 0.842187 0.021429 0.012500
2 0.887054 0.836562 0.019643 0.013750
2 0.891518 0.832812 0.019643 0.012500
2 0.896429 0.827500 0.016071 0.011250
2 0.907143 0.825000 0.019643 0.012500
2 0.909821 0.820312 0.016071 0.012500
2 0.915179 0.815625 0.017857 0.012500
2 0.920982 0.810312 0.016071 0.011250
2 0.926786 0.806563 0.014286 0.010000
2 0.933036 0.802500 0.017857 0.011250
2 0.937500 0.797187 0.017857 0.010000
2 0.944643 0.793125 0.014286 0.011250
2 0.951339 0.790000 0.014286 0.011250
2 0.966964 0.776875 0.014286 0.010000
2 0.975446 0.772188 0.017857 0.010000
2 0.980357 0.768437 0.014286 0.008750
2 0.985714 0.765000 0.016071 0.011250
2 0.939732 0.816250 0.017857 0.013750
2 0.946429 0.810937 0.017857 0.012500
2 0.952679 0.807813 0.021429 0.012500
2 0.956250 0.803125 0.019643 0.012500
2 0.962500 0.798438 0.023214 0.012500
2 0.969196 0.795312 0.023214 0.012500
2 0.974107 0.789687 0.019643 0.013750
2 0.979911 0.785313 0.017857 0.011250
2 0.986607 0.782188 0.017857 0.011250
2 0.991071 0.778125 0.017857 0.012500
2 0.858482 0.909375 0.016071 0.012500
2 0.865625 0.906875 0.021429 0.013750
2 0.872768 0.903125 0.017857 0.012500
2 0.879464 0.898125 0.017857 0.015000
2 0.885268 0.893125 0.016071 0.011250
2 0.888393 0.891250 0.017857 0.013750
2 0.897321 0.885938 0.017857 0.012500
2 0.902679 0.881250 0.019643 0.012500
2 0.907143 0.877188 0.019643 0.013750
2 0.915179 0.871250 0.017857 0.011250
2 0.917411 0.868750 0.017857 0.012500
2 0.925000 0.863750 0.019643 0.015000
2 0.933929 0.859688 0.019643 0.016250
2 0.988393 0.814063 0.021429 0.012500
2 0.848214 0.863438 0.017857 0.011250
2 0.838393 0.871250 0.016071 0.011250
2 0.798214 0.803125 0.016071 0.012500
2 0.837500 0.813438 0.014286 0.011250
2 0.764286 0.865000 0.019643 0.011250
2 0.770089 0.860313 0.017857 0.011250
2 0.776786 0.856250 0.017857 0.012500
2 0.782143 0.852187 0.019643 0.013750
2 0.788393 0.847813 0.014286 0.011250
2 0.795089 0.843750 0.014286 0.012500
2 0.799107 0.839687 0.017857 0.013750
2 0.808036 0.834375 0.017857 0.012500
2 0.812500 0.830937 0.017857 0.008750
2 0.816071 0.826875 0.016071 0.010000
2 0.824107 0.821250 0.014286 0.011250
2 0.831696 0.816563 0.016071 0.011250
2 0.843304 0.808125 0.012500 0.010000
2 0.833929 0.875938 0.016071 0.011250
2 0.850446 0.805312 0.017857 0.013750
2 0.854018 0.801562 0.016071 0.012500
2 0.859821 0.796250 0.014286 0.011250
2 0.866071 0.791563 0.017857 0.011250
2 0.870536 0.788438 0.017857 0.011250
2 0.878571 0.783750 0.016071 0.011250
2 0.883036 0.780000 0.016071 0.010000
2 0.887500 0.775312 0.016071 0.010000
2 0.895536 0.770625 0.014286 0.010000
2 0.900446 0.765625 0.019643 0.012500
2 0.905357 0.761875 0.016071 0.011250
2 0.914286 0.758437 0.016071 0.013750
2 0.967857 0.680625 0.016071 0.011250
2 0.964286 0.683750 0.017857 0.011250
2 0.958929 0.689375 0.016071 0.010000
2 0.951786 0.692812 0.019643 0.013750
2 0.801339 0.799687 0.017857 0.015000
2 0.808929 0.794375 0.019643 0.013750
2 0.816518 0.790312 0.021429 0.015000
2 0.824554 0.785000 0.019643 0.013750
2 0.829018 0.781875 0.019643 0.013750
2 0.834821 0.778125 0.017857 0.012500
2 0.837054 0.774062 0.017857 0.013750
2 0.842411 0.770000 0.019643 0.015000
2 0.851339 0.766250 0.019643 0.013750
2 0.855804 0.760938 0.019643 0.012500
2 0.862500 0.756875 0.019643 0.013750
2 0.868304 0.752188 0.017857 0.013750
2 0.871875 0.747500 0.016071 0.013750
2 0.880357 0.744375 0.019643 0.013750
2 0.885714 0.740625 0.021429 0.012500
2 0.893750 0.735313 0.019643 0.011250
2 0.896429 0.732812 0.016071 0.012500
2 0.904018 0.727812 0.017857 0.015000
2 0.909375 0.721875 0.019643 0.012500
2 0.915179 0.717812 0.017857 0.013750
2 0.923214 0.713750 0.016071 0.015000
2 0.927679 0.709375 0.016071 0.012500
2 0.933036 0.705000 0.017857 0.016250
2 0.939732 0.702813 0.017857 0.015000
2 0.944196 0.696875 0.017857 0.012500
2 0.920536 0.752500 0.019643 0.011250
2 0.923214 0.747812 0.016071 0.011250
2 0.930804 0.744688 0.017857 0.011250
2 0.879018 0.801562 0.021429 0.012500
2 0.891518 0.793125 0.019643 0.011250
2 0.899554 0.788750 0.017857 0.008750
2 0.906250 0.783750 0.017857 0.011250
2 0.910714 0.779687 0.017857 0.012500
2 0.915179 0.776563 0.017857 0.012500
2 0.925000 0.771250 0.019643 0.011250
2 0.928125 0.768125 0.021429 0.011250
2 0.933036 0.763437 0.017857 0.011250
2 0.940625 0.760000 0.019643 0.013750
2 0.947321 0.753750 0.019643 0.013750
2 0.953125 0.748437 0.017857 0.012500
2 0.960714 0.744688 0.019643 0.011250
2 0.962946 0.740938 0.019643 0.010000
2 0.969643 0.738438 0.019643 0.011250
2 0.976339 0.732812 0.019643 0.012500
2 0.979464 0.728750 0.021429 0.013750
2 0.987500 0.724062 0.019643 0.013750
2 0.808929 0.895312 0.019643 0.012500
2 0.813839 0.889375 0.016071 0.010000
2 0.820536 0.883125 0.016071 0.010000
2 0.825000 0.880000 0.016071 0.010000
2 0.886607 0.796250 0.014286 0.011250
2 0.875000 0.807813 0.017857 0.012500
2 0.936607 0.739375 0.016071 0.010000
2 0.869196 0.810937 0.019643 0.012500
2 0.941071 0.736250 0.016071 0.010000
2 0.946429 0.731563 0.017857 0.010000
2 0.951786 0.726875 0.019643 0.010000
2 0.959821 0.722813 0.017857 0.011250
2 0.963393 0.719062 0.016071 0.010000
2 0.968750 0.714063 0.017857 0.012500
2 0.977679 0.710000 0.017857 0.013750
2 0.985268 0.705313 0.019643 0.013750
2 0.990179 0.702500 0.016071 0.011250
2 0.779018 0.875938 0.017857 0.011250
2 0.787054 0.870625 0.016071 0.010000
2 0.791518 0.866563 0.016071 0.011250
2 0.799107 0.862500 0.017857 0.012500
2 0.802679 0.857812 0.016071 0.012500
2 0.807143 0.854063 0.016071 0.011250
2 0.816071 0.850000 0.016071 0.012500
2 0.823214 0.848125 0.021429 0.015000
2 0.825893 0.840000 0.017857 0.011250
2 0.833929 0.835938 0.016071 0.012500
2 0.835714 0.832500 0.019643 0.015000
2 0.843750 0.827500 0.017857 0.011250
2 0.851339 0.822500 0.019643 0.013750
2 0.856250 0.818750 0.016071 0.012500
2 0.862946 0.815000 0.016071 0.011250
2 0.053571 0.196250 0.017857 0.011250
2 0.185714 0.243750 0.014286 0.012500
2 0.200893 0.233750 0.017857 0.011250
