2 0.927679 0.990625 0.025000 0.018750
2 0.892411 0.932813 0.030357 0.025000
2 0.909821 0.969375 0.025000 0.020000
2 0.880357 0.909375 0.028571 0.025000
2 0.934821 0.943125 0.021429 0.023750
2 0.932143 0.494375 0.025000 0.026250
2 0.593750 0.616563 0.017857 0.023750
2 0.920536 0.917500 0.028571 0.028750
2 0.668750 0.070938 0.016071 0.020000
2 0.797321 0.179062 0.014286 0.023750
2 0.885268 0.487187 0.025000 0.021250
2 0.980357 0.495312 0.041071 0.043750
2 0.806696 0.977812 0.019643 0.021250
2 0.864732 0.370000 0.019643 0.021250
