2 0.875446 0.975313 0.023214 0.016250
2 0.890179 0.973437 0.021429 0.012500
2 0.902232 0.971562 0.023214 0.015000
2 0.916071 0.967812 0.019643 0.013750
2 0.926786 0.967500 0.023214 0.016250
2 0.861607 0.978750 0.026786 0.013750
2 0.846429 0.978750 0.023214 0.013750
2 0.829911 0.980312 0.021429 0.013750
2 0.819643 0.982500 0.023214 0.015000
2 0.787054 0.976250 0.016071 0.015000
2 0.772768 0.977187 0.014286 0.013750
2 0.758929 0.977812 0.017857 0.015000
2 0.700893 0.984688 0.017857 0.016250
2 0.713839 0.982500 0.012500 0.015000
2 0.729911 0.980312 0.017857 0.013750
2 0.744643 0.981250 0.016071 0.012500
2 0.702232 0.996875 0.016071 0.006250
2 0.720536 0.995000 0.021429 0.008750
2 0.731696 0.992812 0.021429 0.013750
2 0.748214 0.993750 0.023214 0.012500
2 0.766071 0.992500 0.023214 0.016250
2 0.779464 0.991250 0.023214 0.013750
2 0.791964 0.987187 0.021429 0.015000
2 0.804911 0.985000 0.025000 0.013750
2 0.816071 0.968750 0.016071 0.012500
2 0.799554 0.970000 0.014286 0.015000
2 0.828571 0.967812 0.014286 0.013750
2 0.841964 0.966875 0.014286 0.015000
2 0.871875 0.928750 0.025000 0.013750
2 0.767411 0.941875 0.021429 0.015000
2 0.783036 0.941875 0.021429 0.015000
2 0.799554 0.939688 0.023214 0.013750
2 0.816071 0.938125 0.025000 0.013750
2 0.829464 0.935000 0.025000 0.013750
2 0.843304 0.933437 0.021429 0.013750
2 0.854464 0.930312 0.021429 0.013750
2 0.882143 0.927187 0.023214 0.013750
2 0.895536 0.922500 0.023214 0.013750
2 0.928571 0.951562 0.017857 0.012500
2 0.915179 0.953750 0.017857 0.013750
2 0.897768 0.956875 0.014286 0.013750
2 0.883929 0.958125 0.017857 0.016250
2 0.870536 0.960625 0.017857 0.015000
2 0.855357 0.962187 0.014286 0.015000
2 0.757143 0.943437 0.023214 0.015000
2 0.742411 0.946250 0.025000 0.011250
2 0.722768 0.947500 0.021429 0.013750
2 0.711161 0.949687 0.025000 0.015000
2 0.628125 0.964375 0.028571 0.016250
2 0.641071 0.962187 0.023214 0.015000
2 0.658036 0.958750 0.021429 0.011250
2 0.670536 0.957188 0.019643 0.011250
2 0.683036 0.955625 0.017857 0.011250
2 0.694643 0.953125 0.023214 0.012500
