2 0.912500 0.514375 0.021429 0.016250
2 0.875446 0.400625 0.023214 0.007500
2 0.874554 0.417187 0.021429 0.006250
2 0.875893 0.422500 0.019643 0.007500
2 0.878571 0.429688 0.016071 0.006250
2 0.824554 0.411562 0.019643 0.007500
2 0.826786 0.403750 0.019643 0.007500
2 0.822321 0.369375 0.019643 0.007500
2 0.823661 0.376563 0.017857 0.006250
2 0.803571 0.385000 0.017857 0.007500
2 0.805804 0.392188 0.017857 0.006250
2 0.807143 0.398438 0.016071 0.006250
2 0.805804 0.405312 0.017857 0.007500
2 0.798214 0.431250 0.033929 0.018750
2 0.985268 0.548750 0.028571 0.016250
2 0.850000 0.503750 0.012500 0.013750
2 0.841964 0.507812 0.014286 0.012500
2 0.827232 0.515625 0.016071 0.012500
2 0.864732 0.497188 0.019643 0.016250
2 0.898214 0.486250 0.019643 0.016250
2 0.875446 0.389062 0.023214 0.006250
2 0.874107 0.381875 0.025000 0.007500
2 0.874554 0.375000 0.021429 0.006250
2 0.872321 0.361875 0.021429 0.005000
2 0.873214 0.347500 0.023214 0.007500
2 0.871875 0.355313 0.025000 0.007500
2 0.911161 0.495000 0.023214 0.015000
2 0.905357 0.519375 0.016071 0.013750
2 0.896429 0.521563 0.016071 0.015000
2 0.921875 0.853750 0.008929 0.013750
2 0.925000 0.867188 0.010714 0.012500
2 0.917411 0.868750 0.008929 0.012500
2 0.912946 0.856250 0.008929 0.012500
2 0.894643 0.854375 0.012500 0.015000
2 0.895982 0.867188 0.010714 0.012500
2 0.883929 0.866875 0.008929 0.015000
2 0.882143 0.853750 0.014286 0.013750
2 0.869196 0.857812 0.010714 0.012500
2 0.850446 0.860000 0.008929 0.013750
2 0.919196 0.818125 0.012500 0.017500
2 0.967411 0.816250 0.010714 0.013750
2 0.957589 0.817812 0.008929 0.013750
2 0.974107 0.801250 0.028571 0.008750
2 0.975000 0.777187 0.021429 0.007500
2 0.950000 0.781250 0.016071 0.006250
2 0.914286 0.781250 0.016071 0.006250
2 0.791964 0.803125 0.021429 0.012500
2 0.892857 0.808437 0.017857 0.007500
2 0.966071 0.851250 0.012500 0.015000
2 0.995536 0.777500 0.008929 0.011250
2 0.680804 0.575313 0.017857 0.016250
2 0.880357 0.527813 0.019643 0.015000
2 0.857143 0.537188 0.026786 0.021250
2 0.771429 0.539687 0.016071 0.013750
2 0.803571 0.524687 0.017857 0.015000
2 0.749107 0.549063 0.016071 0.013750
2 0.734821 0.556250 0.014286 0.012500
2 0.717857 0.560937 0.016071 0.012500
2 0.708036 0.565625 0.014286 0.012500
2 0.780357 0.571875 0.016071 0.012500
2 0.772321 0.577187 0.017857 0.013750
2 0.827232 0.550625 0.016071 0.013750
2 0.805804 0.563750 0.017857 0.015000
2 0.609821 0.610625 0.014286 0.015000
2 0.622768 0.604375 0.017857 0.015000
2 0.600000 0.611563 0.012500 0.013750
2 0.592411 0.616250 0.010714 0.013750
2 0.583929 0.622500 0.016071 0.013750
2 0.909375 0.819688 0.010714 0.017500
2 0.887946 0.819375 0.012500 0.013750
2 0.860268 0.827812 0.010714 0.015000
2 0.851339 0.828750 0.010714 0.013750
2 0.894643 0.258437 0.012500 0.038750
2 0.864286 0.274062 0.014286 0.045000
2 0.742857 0.325625 0.012500 0.038750
2 0.805357 0.185312 0.039286 0.036250
2 0.769643 0.201563 0.039286 0.037500
2 0.731696 0.218125 0.039286 0.036250
2 0.708036 0.227500 0.041071 0.036250
2 0.630804 0.256875 0.033929 0.032500
2 0.596875 0.276875 0.037500 0.035000
2 0.879018 0.153125 0.039286 0.037500
2 0.891071 0.146875 0.041071 0.037500
2 0.865625 0.787500 0.066071 0.018750
2 0.685714 0.874687 0.023214 0.015000
2 0.667857 0.883437 0.023214 0.013750
2 0.642411 0.900625 0.021429 0.013750
2 0.628125 0.910000 0.019643 0.013750
2 0.613393 0.922500 0.021429 0.013750
2 0.649107 0.933125 0.021429 0.016250
2 0.613839 0.945000 0.017857 0.015000
2 0.707589 0.864687 0.026786 0.013750
2 0.704464 0.835000 0.025000 0.013750
2 0.685714 0.842812 0.023214 0.013750
2 0.641964 0.635000 0.016071 0.013750
2 0.840179 0.830313 0.010714 0.013750
2 0.832589 0.831875 0.008929 0.013750
2 0.797321 0.829063 0.023214 0.011250
2 0.821429 0.834688 0.008929 0.016250
2 0.812500 0.835938 0.008929 0.012500
2 0.803571 0.841875 0.008929 0.015000
2 0.733482 0.591250 0.016071 0.013750
2 0.710714 0.603125 0.019643 0.012500
2 0.622321 0.642500 0.012500 0.016250
2 0.664732 0.853750 0.021429 0.013750
2 0.613839 0.645937 0.008929 0.013750
2 0.608482 0.646875 0.016071 0.012500
2 0.599554 0.652500 0.016071 0.011250
2 0.592857 0.653750 0.016071 0.013750
2 0.583036 0.659062 0.014286 0.015000
2 0.575893 0.661250 0.017857 0.016250
2 0.778571 0.852187 0.021429 0.013750
2 0.736607 0.850625 0.035714 0.020000
2 0.995536 0.430000 0.008929 0.010000
2 0.993750 0.435000 0.014286 0.013750
2 0.986607 0.438125 0.017857 0.013750
2 0.977679 0.441250 0.017857 0.013750
2 0.965625 0.447500 0.016071 0.013750
2 0.985714 0.453750 0.016071 0.013750
2 0.992857 0.450000 0.012500 0.012500
2 0.984821 0.403125 0.014286 0.012500
2 0.993750 0.398438 0.014286 0.012500
2 0.979018 0.406250 0.016071 0.012500
2 0.967857 0.409062 0.016071 0.015000
2 0.961161 0.412188 0.016071 0.015000
2 0.953571 0.417500 0.014286 0.016250
2 0.946875 0.420000 0.014286 0.015000
2 0.939286 0.435313 0.021429 0.011250
2 0.985714 0.333437 0.016071 0.013750
2 0.994196 0.329688 0.010714 0.012500
2 0.918750 0.328750 0.016071 0.013750
2 0.927679 0.324063 0.016071 0.013750
2 0.935714 0.320312 0.014286 0.012500
2 0.942411 0.316562 0.014286 0.011250
2 0.994196 0.293750 0.010714 0.012500
2 0.990625 0.296875 0.012500 0.012500
2 0.981250 0.300625 0.016071 0.013750
2 0.973661 0.304688 0.014286 0.012500
2 0.966964 0.308750 0.014286 0.011250
2 0.958036 0.310312 0.014286 0.011250
2 0.950000 0.315312 0.016071 0.015000
2 0.996875 0.379062 0.007143 0.011250
2 0.983482 0.386563 0.016071 0.013750
2 0.992411 0.385000 0.016071 0.013750
2 0.976786 0.391250 0.016071 0.013750
2 0.983482 0.350625 0.016071 0.013750
2 0.995536 0.342813 0.008929 0.013750
2 0.990179 0.348125 0.016071 0.015000
2 0.976786 0.353750 0.016071 0.013750
2 0.967857 0.393437 0.016071 0.015000
2 0.966964 0.357812 0.014286 0.012500
2 0.959375 0.362187 0.012500 0.015000
2 0.951339 0.364063 0.014286 0.012500
2 0.945982 0.369375 0.012500 0.013750
2 0.937054 0.370938 0.012500 0.013750
2 0.943750 0.405312 0.012500 0.013750
2 0.950000 0.400000 0.016071 0.012500
2 0.958929 0.396875 0.016071 0.012500
