2 0.845536 0.986875 0.030357 0.011250
2 0.891071 0.986875 0.014286 0.023750
2 0.725893 0.940625 0.032143 0.012500
2 0.860714 0.900625 0.033929 0.013750
2 0.868750 0.883437 0.041071 0.013750
2 0.919643 0.892500 0.026786 0.010000
2 0.906696 0.915312 0.014286 0.021250
2 0.926786 0.920000 0.014286 0.021250
2 0.941964 0.922500 0.008929 0.020000
2 0.960714 0.924063 0.010714 0.020000
2 0.978125 0.921250 0.014286 0.023750
2 0.883929 0.802187 0.035714 0.013750
2 0.835714 0.750938 0.037500 0.011250
2 0.658036 0.673125 0.012500 0.021250
2 0.685268 0.677813 0.017857 0.027500
2 0.896429 0.719375 0.033929 0.013750
2 0.842857 0.694688 0.025000 0.011250
2 0.905357 0.668438 0.033929 0.015000
2 0.842411 0.646875 0.028571 0.012500
2 0.913393 0.605938 0.032143 0.015000
2 0.927679 0.515313 0.033929 0.015000
2 0.853125 0.535313 0.032143 0.011250
2 0.852679 0.998750 0.026786 0.003750
2 0.692411 0.457813 0.014286 0.025000
2 0.629464 0.674687 0.017857 0.027500
2 0.611607 0.464062 0.017857 0.031250
2 0.650000 0.459375 0.014286 0.025000
2 0.716964 0.459063 0.014286 0.027500
2 0.722768 0.957500 0.021429 0.008750
2 0.720089 0.970938 0.025000 0.007500
2 0.717857 0.982500 0.025000 0.008750
2 0.720089 0.992812 0.033929 0.013750
2 0.802679 0.383750 0.033929 0.011250
2 0.932143 0.338438 0.016071 0.017500
2 0.948661 0.345000 0.017857 0.021250
2 0.967411 0.347187 0.019643 0.022500
2 0.983036 0.350625 0.019643 0.020000
2 0.578571 0.935000 0.014286 0.020000
2 0.870982 0.827812 0.032143 0.008750
2 0.869643 0.847188 0.033929 0.010000
