2 0.683482 0.346250 0.032143 0.011250
2 0.761607 0.807188 0.014286 0.023750
2 0.798661 0.802500 0.012500 0.023750
2 0.816071 0.802500 0.016071 0.023750
2 0.759375 0.887187 0.014286 0.021250
2 0.805357 0.895625 0.012500 0.022500
2 0.740625 0.886250 0.012500 0.022500
2 0.716964 0.889375 0.014286 0.022500
2 0.920536 0.731563 0.019643 0.022500
2 0.959821 0.728437 0.017857 0.022500
2 0.927232 0.599062 0.028571 0.007500
2 0.935714 0.616250 0.023214 0.007500
2 0.725000 0.468750 0.012500 0.018750
2 0.725893 0.537500 0.014286 0.018750
2 0.775893 0.304375 0.025000 0.015000
2 0.769643 0.395313 0.021429 0.018750
2 0.768750 0.410625 0.028571 0.021250
2 0.717411 0.655938 0.010714 0.015000
