2 0.075446 0.865312 0.039286 0.008750
2 0.276339 0.877188 0.039286 0.013750
2 0.324107 0.895312 0.050000 0.012500
2 0.351786 0.871875 0.051786 0.012500
2 0.408929 0.891250 0.050000 0.013750
2 0.494196 0.891875 0.037500 0.015000
2 0.533036 0.899375 0.039286 0.011250
2 0.475000 0.008125 0.012500 0.010000
2 0.418750 0.034375 0.016071 0.006250
2 0.569643 0.043750 0.014286 0.006250
2 0.612946 0.057500 0.016071 0.008750
2 0.665625 0.031875 0.014286 0.007500
2 0.682589 0.035000 0.012500 0.007500
2 0.651339 0.030312 0.012500 0.007500
2 0.744643 0.042812 0.016071 0.007500
2 0.760268 0.043750 0.016071 0.006250
2 0.829464 0.053125 0.016071 0.006250
2 0.929911 0.069375 0.016071 0.007500
2 0.979464 0.076250 0.021429 0.008750
2 0.979911 0.808750 0.017857 0.005000
2 0.962500 0.807813 0.014286 0.006250
2 0.945536 0.808437 0.016071 0.007500
2 0.924107 0.807813 0.017857 0.006250
2 0.907589 0.807813 0.016071 0.006250
2 0.890625 0.809062 0.017857 0.008750
2 0.872321 0.807188 0.012500 0.005000
2 0.857589 0.807813 0.014286 0.006250
2 0.824107 0.807813 0.014286 0.006250
2 0.808036 0.807813 0.017857 0.006250
2 0.789286 0.807813 0.016071 0.006250
2 0.565179 0.883437 0.014286 0.007500
2 0.567857 0.860000 0.010714 0.007500
2 0.378571 0.817812 0.016071 0.007500
2 0.433929 0.812187 0.019643 0.008750
2 0.493304 0.813125 0.017857 0.007500
2 0.396429 0.817187 0.016071 0.006250
2 0.341964 0.810937 0.014286 0.006250
2 0.384821 0.859688 0.010714 0.016250
2 0.285714 0.803750 0.017857 0.007500
2 0.039286 0.806250 0.016071 0.006250
2 0.633929 0.807188 0.008929 0.011250
2 0.539732 0.810000 0.012500 0.007500
2 0.598214 0.820000 0.017857 0.008750
2 0.748214 0.807188 0.014286 0.005000
2 0.766071 0.806875 0.014286 0.007500
2 0.172321 0.417187 0.005357 0.012500
2 0.166518 0.546250 0.007143 0.011250
2 0.148661 0.559688 0.007143 0.010000
2 0.147321 0.570000 0.008929 0.008750
2 0.155357 0.596875 0.007143 0.012500
2 0.160714 0.620937 0.008929 0.013750
2 0.155357 0.673750 0.007143 0.010000
2 0.147321 0.579375 0.008929 0.008750
2 0.133036 0.740000 0.007143 0.011250
2 0.141518 0.751250 0.010714 0.015000
2 0.140625 0.785000 0.008929 0.013750
2 0.168304 0.527813 0.010714 0.015000
