2 0.845089 0.535000 0.016071 0.013750
2 0.642857 0.996875 0.008929 0.006250
2 0.645089 0.983437 0.008929 0.013750
2 0.811161 0.927187 0.019643 0.007500
2 0.754464 0.921875 0.017857 0.006250
2 0.750893 0.905312 0.010714 0.013750
2 0.972768 0.848125 0.012500 0.015000
2 0.883482 0.936562 0.021429 0.007500
2 0.991071 0.617188 0.008929 0.012500
2 0.971429 0.611563 0.014286 0.013750
2 0.981250 0.554063 0.025000 0.011250
2 0.983929 0.546563 0.021429 0.008750
2 0.993750 0.527187 0.014286 0.007500
2 0.825893 0.568750 0.017857 0.018750
2 0.885268 0.469375 0.016071 0.013750
2 0.838393 0.930937 0.016071 0.008750
2 0.902232 0.937187 0.014286 0.008750
2 0.605804 0.989687 0.010714 0.013750
2 0.608036 0.976875 0.010714 0.010000
2 0.969643 0.984375 0.019643 0.006250
2 0.941964 0.940625 0.017857 0.006250
2 0.924107 0.991250 0.017857 0.007500
2 0.922768 0.984375 0.019643 0.006250
2 0.923214 0.970938 0.016071 0.007500
2 0.925893 0.963125 0.021429 0.007500
2 0.843750 0.992188 0.017857 0.006250
2 0.827232 0.963438 0.016071 0.005000
2 0.900446 0.957812 0.019643 0.006250
2 0.983036 0.944375 0.019643 0.007500
2 0.962054 0.943750 0.017857 0.006250
2 0.872321 0.490625 0.012500 0.012500
2 0.815179 0.536562 0.014286 0.013750
2 0.839732 0.497500 0.014286 0.013750
2 0.775446 0.005938 0.010714 0.008750
2 0.867857 0.004687 0.021429 0.006250
2 0.835714 0.002187 0.010714 0.001250
2 0.828125 0.002812 0.008929 0.002500
2 0.817857 0.004063 0.010714 0.005000
2 0.808929 0.004687 0.010714 0.006250
2 0.849107 0.032813 0.019643 0.006250
2 0.826786 0.038750 0.019643 0.008750
2 0.785268 0.006563 0.012500 0.010000
2 0.765179 0.006875 0.012500 0.013750
2 0.731696 0.014688 0.012500 0.013750
2 0.804018 0.040938 0.023214 0.010000
2 0.869196 0.009062 0.019643 0.008750
2 0.887500 0.003750 0.016071 0.007500
2 0.845089 0.482500 0.016071 0.015000
2 0.853125 0.467500 0.014286 0.016250
2 0.877679 0.428750 0.014286 0.013750
2 0.954018 0.031875 0.010714 0.013750
2 0.912500 0.039688 0.012500 0.013750
2 0.921429 0.036562 0.012500 0.013750
2 0.932589 0.036250 0.012500 0.016250
2 0.945089 0.033437 0.010714 0.013750
2 0.962946 0.028125 0.010714 0.012500
2 0.975000 0.030000 0.012500 0.016250
2 0.983929 0.028750 0.012500 0.013750
2 0.994196 0.027187 0.010714 0.013750
2 0.996875 0.009062 0.007143 0.008750
2 0.935268 0.253750 0.017857 0.013750
2 0.993750 0.319375 0.014286 0.013750
