2 0.883929 0.244688 0.008929 0.011250
2 0.886607 0.260625 0.014286 0.015000
2 0.837054 0.455312 0.017857 0.013750
2 0.721875 0.483125 0.019643 0.016250
2 0.707589 0.554063 0.017857 0.017500
2 0.858036 0.290313 0.010714 0.015000
2 0.668750 0.724062 0.016071 0.013750
2 0.726786 0.765625 0.016071 0.012500
2 0.709375 0.795312 0.012500 0.012500
2 0.802232 0.792812 0.019643 0.007500
2 0.741071 0.858750 0.008929 0.011250
2 0.808929 0.953125 0.010714 0.012500
2 0.779018 0.961250 0.008929 0.010000
2 0.815625 0.978125 0.010714 0.012500
2 0.787500 0.988125 0.012500 0.013750
2 0.721429 0.931250 0.023214 0.006250
2 0.790625 0.152188 0.023214 0.007500
2 0.839286 0.046875 0.008929 0.012500
2 0.840625 0.870625 0.025000 0.010000
