2 0.445982 0.163125 0.012500 0.013750
2 0.076339 0.453750 0.005357 0.013750
2 0.098214 0.479687 0.008929 0.012500
2 0.068304 0.478750 0.007143 0.013750
2 0.058929 0.479375 0.010714 0.015000
2 0.041518 0.479375 0.007143 0.015000
2 0.033482 0.480000 0.008929 0.016250
2 0.025446 0.479375 0.010714 0.015000
2 0.008929 0.478750 0.008929 0.013750
2 0.893750 0.810937 0.010714 0.012500
2 0.808036 0.907813 0.017857 0.006250
2 0.808482 0.903125 0.014286 0.006250
2 0.808036 0.895937 0.017857 0.007500
2 0.807143 0.888125 0.016071 0.007500
2 0.856696 0.971875 0.021429 0.006250
2 0.462946 0.966875 0.010714 0.015000
2 0.420536 0.966875 0.010714 0.015000
2 0.919643 0.955000 0.008929 0.016250
2 0.841518 0.840625 0.008929 0.012500
2 0.903571 0.838750 0.012500 0.015000
2 0.884821 0.839375 0.010714 0.016250
2 0.908482 0.810937 0.008929 0.012500
2 0.763393 0.901563 0.017857 0.006250
2 0.818750 0.758125 0.012500 0.016250
2 0.795536 0.736250 0.010714 0.022500
2 0.658036 0.077500 0.021429 0.011250
2 0.639286 0.056875 0.019643 0.013750
2 0.654911 0.048125 0.019643 0.015000
2 0.765625 0.884375 0.017857 0.006250
2 0.763393 0.913125 0.017857 0.007500
2 0.003125 0.450000 0.001786 0.012500
2 0.067857 0.451875 0.010714 0.016250
2 0.058929 0.452813 0.010714 0.015000
2 0.047768 0.453125 0.010714 0.012500
2 0.042411 0.434375 0.008929 0.012500
2 0.052232 0.434375 0.010714 0.012500
2 0.033482 0.449375 0.008929 0.011250
2 0.016518 0.449062 0.010714 0.013750
2 0.766071 0.920312 0.014286 0.006250
2 0.189286 0.962187 0.012500 0.015000
2 0.279464 0.744688 0.023214 0.011250
2 0.806250 0.926562 0.014286 0.006250
2 0.808036 0.920312 0.017857 0.006250
2 0.807589 0.915000 0.021429 0.005000
2 0.619196 0.949375 0.010714 0.023750
2 0.852679 0.954375 0.026786 0.008750
2 0.961607 0.956250 0.012500 0.012500
2 0.896875 0.590625 0.012500 0.012500
2 0.903571 0.592812 0.012500 0.013750
2 0.967411 0.842812 0.010714 0.013750
2 0.983036 0.841875 0.010714 0.015000
