2 0.242411 0.750000 0.016071 0.006250
2 0.040625 0.675625 0.005357 0.007500
2 0.016071 0.679063 0.005357 0.011250
2 0.005804 0.680937 0.007143 0.008750
2 0.108036 0.698438 0.010714 0.012500
2 0.251339 0.783750 0.016071 0.005000
2 0.245536 0.759375 0.017857 0.006250
2 0.234375 0.716875 0.017857 0.008750
2 0.067857 0.671875 0.010714 0.012500
2 0.168304 0.710000 0.010714 0.013750
2 0.084821 0.700625 0.008929 0.013750
2 0.115179 0.712500 0.007143 0.012500
2 0.017411 0.633437 0.012500 0.013750
2 0.058036 0.677500 0.008929 0.011250
2 0.099107 0.653125 0.010714 0.012500
2 0.051339 0.721875 0.008929 0.012500
2 0.047321 0.605312 0.014286 0.013750
2 0.074554 0.611563 0.010714 0.013750
2 0.091071 0.617188 0.012500 0.012500
2 0.061161 0.720625 0.010714 0.010000
2 0.108036 0.668750 0.010714 0.012500
2 0.070089 0.718750 0.010714 0.012500
2 0.133036 0.712812 0.007143 0.010000
2 0.156250 0.694688 0.008929 0.011250
2 0.138393 0.695312 0.008929 0.012500
2 0.149107 0.628125 0.012500 0.012500
2 0.159375 0.629063 0.010714 0.011250
2 0.098214 0.670937 0.008929 0.013750
2 0.131250 0.625000 0.012500 0.012500
2 0.981250 0.024063 0.016071 0.007500
2 0.904018 0.693125 0.008929 0.011250
2 0.914286 0.693750 0.007143 0.012500
2 0.921875 0.692812 0.008929 0.013750
2 0.930804 0.692187 0.008929 0.012500
2 0.679464 0.605000 0.010714 0.010000
2 0.929911 0.618437 0.016071 0.008750
2 0.933482 0.377500 0.014286 0.005000
2 0.977679 0.017188 0.017857 0.006250
2 0.977679 0.010937 0.017857 0.006250
2 0.977679 0.004687 0.017857 0.006250
2 0.895089 0.695937 0.008929 0.013750
2 0.877232 0.697500 0.008929 0.013750
2 0.848214 0.702187 0.008929 0.013750
2 0.737946 0.738125 0.025000 0.007500
2 0.112946 0.037500 0.007143 0.012500
2 0.240179 0.737500 0.016071 0.006250
2 0.648214 0.695937 0.019643 0.013750
2 0.611607 0.670312 0.017857 0.012500
2 0.293750 0.461875 0.007143 0.011250
2 0.281696 0.463438 0.005357 0.011250
2 0.205357 0.459687 0.008929 0.010000
2 0.197768 0.458750 0.007143 0.011250
2 0.535268 0.908750 0.012500 0.005000
2 0.566071 0.980312 0.016071 0.007500
2 0.501786 0.978750 0.012500 0.013750
2 0.490625 0.980312 0.012500 0.013750
2 0.374554 0.939063 0.021429 0.012500
2 0.515625 0.928750 0.008929 0.013750
2 0.025893 0.598750 0.016071 0.016250
2 0.414286 0.681250 0.016071 0.012500
2 0.523661 0.928438 0.007143 0.010000
2 0.586161 0.800625 0.007143 0.013750
2 0.493750 0.767500 0.014286 0.016250
2 0.483036 0.765625 0.010714 0.012500
2 0.464286 0.765000 0.008929 0.011250
2 0.474554 0.765625 0.007143 0.012500
2 0.535714 0.947500 0.017857 0.007500
2 0.537054 0.925625 0.016071 0.007500
2 0.538839 0.933750 0.019643 0.005000
2 0.674107 0.456250 0.017857 0.006250
2 0.694643 0.456250 0.014286 0.006250
2 0.304464 0.465313 0.010714 0.015000
2 0.210714 0.688125 0.019643 0.007500
2 0.015179 0.597500 0.012500 0.013750
2 0.082143 0.718438 0.012500 0.015000
2 0.090179 0.716562 0.010714 0.011250
2 0.105804 0.716250 0.010714 0.013750
2 0.010714 0.666250 0.012500 0.013750
2 0.182589 0.635938 0.012500 0.012500
2 0.209821 0.698125 0.017857 0.008750
2 0.207589 0.674063 0.017857 0.007500
2 0.206696 0.680625 0.016071 0.005000
2 0.110268 0.620937 0.010714 0.013750
2 0.865179 0.699062 0.007143 0.013750
2 0.428125 0.833437 0.021429 0.007500
2 0.007589 0.592812 0.010714 0.013750
2 0.021429 0.650000 0.016071 0.006250
2 0.157143 0.646250 0.019643 0.011250
2 0.014286 0.713125 0.010714 0.013750
2 0.051339 0.691250 0.017857 0.013750
2 0.036607 0.664062 0.010714 0.012500
2 0.079018 0.672813 0.010714 0.011250
2 0.814732 0.185000 0.017857 0.007500
2 0.976786 0.036875 0.016071 0.011250
2 0.115625 0.572187 0.021429 0.010000
2 0.026786 0.725000 0.008929 0.012500
2 0.016518 0.726250 0.010714 0.015000
2 0.186161 0.855000 0.019643 0.010000
2 0.694643 0.811250 0.014286 0.016250
2 0.743750 0.677187 0.014286 0.013750
2 0.957589 0.400625 0.008929 0.013750
