2 0.454018 0.557500 0.019643 0.008750
2 0.824107 0.466250 0.014286 0.013750
2 0.308036 0.573750 0.017857 0.016250
2 0.450446 0.366250 0.021429 0.020000
2 0.624107 0.927187 0.025000 0.007500
2 0.265179 0.641250 0.021429 0.020000
2 0.891518 0.470000 0.019643 0.008750
2 0.666071 0.917188 0.019643 0.012500
2 0.879464 0.888750 0.017857 0.008750
2 0.833482 0.883125 0.019643 0.010000
2 0.809821 0.890938 0.021429 0.010000
2 0.501339 0.316562 0.016071 0.017500
2 0.537500 0.407500 0.021429 0.008750
2 0.672321 0.444688 0.014286 0.011250
2 0.745536 0.421563 0.017857 0.008750
2 0.855804 0.453125 0.010714 0.012500
2 0.856250 0.312188 0.016071 0.008750
2 0.877679 0.641875 0.032143 0.008750
2 0.945982 0.595938 0.012500 0.013750
2 0.754464 0.872500 0.017857 0.007500
2 0.329018 0.985938 0.010714 0.012500
