2 0.735714 0.857187 0.016071 0.005000
2 0.682143 0.862500 0.016071 0.006250
2 0.659821 0.865000 0.016071 0.005000
2 0.589732 0.885938 0.014286 0.012500
2 0.603571 0.919687 0.010714 0.011250
2 0.606250 0.942187 0.007143 0.012500
2 0.708929 0.860938 0.016071 0.006250
2 0.986607 0.825000 0.017857 0.006250
2 0.472321 0.926875 0.007143 0.010000
2 0.448661 0.172812 0.008929 0.011250
2 0.522321 0.362500 0.008929 0.012500
2 0.554464 0.453125 0.010714 0.012500
2 0.228125 0.382500 0.005357 0.008750
2 0.202232 0.424375 0.007143 0.011250
2 0.213393 0.453125 0.007143 0.012500
2 0.200893 0.562500 0.008929 0.012500
2 0.213393 0.606875 0.007143 0.020000
2 0.236607 0.683125 0.008929 0.016250
2 0.418750 0.659687 0.007143 0.010000
2 0.251339 0.711875 0.007143 0.011250
2 0.243750 0.745625 0.005357 0.010000
2 0.266964 0.783750 0.007143 0.011250
2 0.255804 0.798750 0.007143 0.010000
2 0.199107 0.863438 0.050000 0.011250
2 0.062054 0.846250 0.012500 0.005000
2 0.117857 0.858750 0.012500 0.005000
2 0.085714 0.933750 0.010714 0.011250
2 0.108929 0.982187 0.012500 0.011250
2 0.266964 0.897188 0.007143 0.010000
2 0.245536 0.921875 0.008929 0.012500
2 0.293304 0.952187 0.010714 0.013750
2 0.277679 0.980000 0.010714 0.010000
2 0.487500 0.173125 0.010714 0.015000
2 0.253571 0.116562 0.007143 0.011250
2 0.233036 0.149375 0.019643 0.042500
2 0.418750 0.201563 0.016071 0.043750
2 0.490179 0.014375 0.007143 0.010000
2 0.453125 0.051875 0.008929 0.010000
2 0.269196 0.014375 0.007143 0.010000
2 0.407143 0.421250 0.010714 0.017500
2 0.423661 0.357187 0.012500 0.023750
2 0.005357 0.654687 0.010714 0.012500
2 0.026786 0.663125 0.008929 0.013750
2 0.007589 0.843750 0.010714 0.006250
2 0.045982 0.854688 0.016071 0.006250
2 0.037054 0.754063 0.007143 0.011250
2 0.018304 0.778125 0.005357 0.012500
2 0.025893 0.744688 0.007143 0.011250
2 0.031250 0.601562 0.008929 0.012500
2 0.035714 0.528750 0.008929 0.013750
2 0.033929 0.556562 0.005357 0.010000
