2 0.485714 0.275000 0.016071 0.012500
2 0.495982 0.268125 0.014286 0.011250
2 0.507143 0.259375 0.014286 0.012500
2 0.520089 0.252188 0.017857 0.013750
2 0.525893 0.244375 0.016071 0.013750
2 0.539286 0.238437 0.016071 0.011250
2 0.543750 0.232187 0.016071 0.011250
2 0.500446 0.229375 0.014286 0.015000
2 0.511607 0.214688 0.014286 0.013750
2 0.522768 0.200000 0.014286 0.012500
2 0.608036 0.147500 0.019643 0.013750
2 0.622768 0.158750 0.017857 0.011250
2 0.624554 0.181875 0.021429 0.013750
2 0.622321 0.190000 0.012500 0.011250
2 0.614286 0.192500 0.014286 0.010000
2 0.605357 0.194687 0.014286 0.011250
2 0.600893 0.200000 0.014286 0.012500
2 0.587500 0.209687 0.014286 0.010000
2 0.574107 0.215937 0.014286 0.010000
2 0.559821 0.225625 0.021429 0.013750
2 0.166071 0.334687 0.019643 0.010000
2 0.203125 0.369688 0.017857 0.005000
2 0.466071 0.066562 0.012500 0.011250
2 0.476339 0.067187 0.010714 0.012500
2 0.508036 0.075625 0.007143 0.013750
2 0.518750 0.076563 0.010714 0.012500
2 0.534375 0.083437 0.010714 0.013750
2 0.558482 0.090000 0.014286 0.011250
2 0.570089 0.090938 0.010714 0.010000
2 0.578125 0.095625 0.008929 0.010000
2 0.501786 0.042812 0.012500 0.013750
2 0.524554 0.046875 0.008929 0.012500
2 0.550893 0.053750 0.012500 0.013750
2 0.628571 0.064375 0.016071 0.010000
2 0.718750 0.034375 0.017857 0.012500
2 0.558482 0.041875 0.014286 0.008750
2 0.573661 0.046250 0.008929 0.011250
2 0.533036 0.035313 0.012500 0.011250
2 0.590179 0.017500 0.010714 0.010000
2 0.581250 0.015000 0.010714 0.011250
2 0.555357 0.007812 0.012500 0.012500
2 0.563393 0.010312 0.010714 0.011250
