2 0.625000 0.285000 0.026786 0.013750
2 0.533929 0.262500 0.023214 0.012500
2 0.202679 0.565000 0.021429 0.011250
2 0.182589 0.916250 0.012500 0.013750
2 0.187500 0.871875 0.008929 0.012500
2 0.227232 0.767188 0.012500 0.012500
2 0.231696 0.753750 0.012500 0.013750
2 0.233929 0.737187 0.012500 0.015000
2 0.260714 0.610625 0.012500 0.015000
2 0.187500 0.883125 0.008929 0.010000
2 0.180804 0.936562 0.008929 0.013750
2 0.806696 0.169063 0.046429 0.010000
2 0.652679 0.720938 0.019643 0.007500
2 0.566071 0.710938 0.016071 0.006250
2 0.429911 0.852812 0.016071 0.015000
2 0.178571 0.972813 0.008929 0.017500
2 0.440625 0.163750 0.019643 0.008750
2 0.205804 0.505312 0.014286 0.013750
2 0.348214 0.484063 0.026786 0.008750
2 0.291071 0.330937 0.019643 0.008750
2 0.250893 0.322187 0.019643 0.010000
2 0.341071 0.322500 0.021429 0.007500
2 0.233929 0.798438 0.012500 0.012500
2 0.004911 0.755000 0.005357 0.016250
2 0.621429 0.926250 0.019643 0.008750
2 0.536607 0.708125 0.019643 0.010000
