2 0.434821 0.778750 0.057143 0.026250
2 0.802679 0.069375 0.025000 0.020000
2 0.166071 0.175625 0.037500 0.013750
2 0.257143 0.176875 0.041071 0.016250
2 0.318750 0.212500 0.021429 0.025000
2 0.393750 0.214688 0.019643 0.026250
2 0.566071 0.180313 0.033929 0.013750
2 0.609375 0.182812 0.035714 0.012500
2 0.776786 0.164375 0.044643 0.022500
2 0.726786 0.160625 0.033929 0.015000
2 0.725446 0.143125 0.035714 0.017500
2 0.680357 0.136563 0.030357 0.020000
2 0.640179 0.128438 0.039286 0.022500
2 0.605357 0.119375 0.032143 0.013750
2 0.607589 0.080937 0.041071 0.027500
2 0.599554 0.038125 0.033929 0.020000
2 0.416071 0.022500 0.019643 0.026250
2 0.948214 0.038750 0.021429 0.027500
2 0.817411 0.601250 0.041071 0.015000
2 0.450893 0.021875 0.017857 0.025000
2 0.434375 0.020313 0.016071 0.025000
2 0.398214 0.017188 0.019643 0.025000
2 0.127679 0.171875 0.032143 0.012500
2 0.487946 0.020313 0.016071 0.025000
2 0.468750 0.181250 0.035714 0.012500
2 0.425893 0.178125 0.039286 0.012500
