2 0.954464 0.347187 0.025000 0.010000
2 0.407143 0.338125 0.019643 0.007500
2 0.035714 0.629063 0.026786 0.011250
2 0.091071 0.649062 0.021429 0.007500
2 0.146875 0.653438 0.021429 0.010000
2 0.177232 0.657813 0.019643 0.012500
2 0.203571 0.657188 0.023214 0.011250
2 0.262500 0.658125 0.025000 0.010000
2 0.261607 0.640937 0.023214 0.010000
2 0.288839 0.660313 0.019643 0.011250
2 0.859821 0.687812 0.023214 0.010000
2 0.905357 0.718125 0.016071 0.011250
2 0.273214 0.318125 0.019643 0.005000
2 0.521429 0.327188 0.016071 0.007500
2 0.021429 0.963438 0.025000 0.011250
2 0.696429 0.995937 0.026786 0.007500
2 0.100446 0.048750 0.008929 0.016250
2 0.217411 0.273125 0.010714 0.015000
2 0.233929 0.048750 0.012500 0.016250
2 0.827679 0.310312 0.012500 0.017500
2 0.913839 0.312500 0.010714 0.012500
2 0.914286 0.328437 0.016071 0.016250
2 0.611161 0.376250 0.012500 0.015000
2 0.901339 0.450000 0.012500 0.018750
2 0.904464 0.498750 0.014286 0.016250
2 0.033036 0.597500 0.021429 0.007500
2 0.099107 0.965312 0.019643 0.008750
2 0.012946 0.626875 0.021429 0.010000
