2 0.761607 0.722813 0.032143 0.042500
2 0.771875 0.849062 0.021429 0.026250
2 0.691071 0.037812 0.016071 0.022500
2 0.714286 0.025000 0.017857 0.025000
2 0.690179 0.071250 0.014286 0.023750
2 0.712500 0.127500 0.014286 0.023750
2 0.737946 0.142187 0.016071 0.018750
2 0.841518 0.188750 0.017857 0.027500
2 0.717857 0.216875 0.016071 0.027500
2 0.772321 0.681562 0.017857 0.022500
2 0.740179 0.598750 0.016071 0.028750
2 0.735714 0.015000 0.016071 0.023750
2 0.714732 0.062500 0.014286 0.018750
2 0.710268 0.090625 0.014286 0.025000
2 0.691071 0.114062 0.016071 0.025000
2 0.710714 0.175937 0.019643 0.023750
