2 0.724107 0.706562 0.028571 0.028750
2 0.750446 0.761875 0.032143 0.023750
2 0.454018 0.521563 0.064286 0.040000
2 0.451786 0.543438 0.064286 0.040000
2 0.635268 0.071563 0.033929 0.008750
2 0.629911 0.083125 0.032143 0.010000
2 0.628125 0.095000 0.028571 0.008750
2 0.619643 0.116562 0.033929 0.011250
2 0.616964 0.137500 0.028571 0.012500
2 0.618750 0.149063 0.032143 0.013750
2 0.543750 0.120625 0.033929 0.010000
2 0.610714 0.171875 0.033929 0.012500
2 0.625893 0.109375 0.028571 0.012500
2 0.614286 0.161250 0.032143 0.010000
2 0.612054 0.181875 0.032143 0.013750
2 0.466071 0.505625 0.066071 0.042500
2 0.554464 0.047500 0.028571 0.013750
