2 0.077679 0.123438 0.021429 0.006250
2 0.103571 0.125625 0.019643 0.007500
2 0.325893 0.156875 0.017857 0.007500
2 0.377232 0.402813 0.008929 0.015000
2 0.438393 0.592187 0.010714 0.012500
2 0.500893 0.520625 0.010714 0.016250
2 0.449107 0.607500 0.014286 0.015000
2 0.426339 0.624688 0.017857 0.008750
2 0.432143 0.634687 0.016071 0.010000
2 0.085268 0.544375 0.014286 0.013750
2 0.126339 0.645625 0.016071 0.010000
2 0.178125 0.641250 0.012500 0.013750
2 0.244196 0.798125 0.010714 0.015000
2 0.271875 0.803125 0.012500 0.012500
2 0.552679 0.989062 0.007143 0.012500
2 0.553571 0.972500 0.008929 0.013750
2 0.551339 0.956875 0.008929 0.013750
2 0.554464 0.935000 0.010714 0.013750
2 0.556696 0.921875 0.010714 0.012500
2 0.562500 0.901563 0.008929 0.012500
2 0.572321 0.851875 0.010714 0.022500
2 0.544643 0.774062 0.017857 0.007500
2 0.783482 0.022187 0.017857 0.010000
2 0.823214 0.045000 0.012500 0.015000
2 0.821429 0.062187 0.008929 0.015000
2 0.853571 0.071563 0.010714 0.015000
2 0.801339 0.105313 0.008929 0.013750
2 0.811161 0.108125 0.010714 0.016250
2 0.843304 0.104375 0.012500 0.015000
2 0.872321 0.108438 0.012500 0.013750
2 0.881696 0.108438 0.008929 0.013750
2 0.882589 0.135000 0.010714 0.013750
2 0.860268 0.134375 0.010714 0.012500
2 0.855357 0.160000 0.014286 0.013750
2 0.875893 0.160625 0.010714 0.015000
2 0.752232 0.112187 0.008929 0.015000
2 0.764286 0.112813 0.010714 0.016250
2 0.775446 0.115625 0.010714 0.012500
2 0.769196 0.140625 0.007143 0.012500
2 0.758929 0.141250 0.008929 0.013750
2 0.747768 0.139063 0.008929 0.012500
2 0.753125 0.151250 0.019643 0.008750
2 0.861607 0.217188 0.008929 0.012500
2 0.821429 0.213750 0.008929 0.015000
2 0.739732 0.238750 0.010714 0.015000
2 0.812500 0.248750 0.008929 0.016250
2 0.804464 0.284062 0.010714 0.015000
2 0.722321 0.315625 0.007143 0.012500
2 0.730804 0.314688 0.010714 0.013750
2 0.762054 0.315312 0.010714 0.015000
2 0.795536 0.317500 0.010714 0.016250
2 0.706250 0.344375 0.010714 0.013750
2 0.714286 0.345313 0.008929 0.012500
2 0.724107 0.345313 0.010714 0.012500
2 0.733036 0.346562 0.010714 0.015000
2 0.752232 0.356250 0.008929 0.012500
2 0.784375 0.365625 0.010714 0.012500
2 0.822321 0.376563 0.010714 0.012500
2 0.729018 0.359375 0.007143 0.012500
2 0.720982 0.360000 0.008929 0.013750
2 0.711161 0.358438 0.007143 0.013750
2 0.703125 0.357187 0.008929 0.011250
2 0.696429 0.387500 0.008929 0.012500
2 0.705357 0.388125 0.008929 0.013750
2 0.714286 0.388125 0.008929 0.013750
2 0.741071 0.400938 0.008929 0.011250
2 0.709821 0.401875 0.008929 0.010000
2 0.694196 0.402187 0.008929 0.013750
2 0.775446 0.411875 0.010714 0.011250
2 0.772321 0.425000 0.008929 0.012500
2 0.716071 0.460625 0.012500 0.015000
2 0.733929 0.473125 0.021429 0.008750
2 0.844643 0.432188 0.010714 0.011250
2 0.840625 0.456250 0.007143 0.012500
2 0.831250 0.456250 0.010714 0.012500
2 0.819196 0.455625 0.008929 0.011250
2 0.815179 0.495937 0.014286 0.013750
2 0.738393 0.501250 0.012500 0.015000
2 0.760714 0.521875 0.012500 0.012500
2 0.791964 0.516250 0.012500 0.013750
2 0.822768 0.555625 0.016071 0.017500
2 0.921429 0.555000 0.012500 0.016250
2 0.868750 0.571875 0.014286 0.012500
2 0.859821 0.611563 0.014286 0.013750
2 0.945089 0.649062 0.019643 0.007500
2 0.919643 0.669063 0.017857 0.010000
2 0.965179 0.652187 0.019643 0.007500
2 0.941518 0.674687 0.021429 0.008750
2 0.963839 0.676250 0.021429 0.008750
2 0.959821 0.704375 0.017857 0.008750
2 0.841964 0.740000 0.014286 0.011250
2 0.870089 0.754063 0.012500 0.011250
2 0.956696 0.758437 0.016071 0.007500
2 0.988393 0.762500 0.021429 0.006250
2 0.983036 0.777187 0.019643 0.007500
2 0.984821 0.782813 0.014286 0.006250
2 0.910714 0.026250 0.026786 0.008750
2 0.855357 0.059375 0.014286 0.018750
2 0.906250 0.032813 0.017857 0.006250
2 0.954464 0.031563 0.025000 0.010000
2 0.961607 0.018438 0.021429 0.008750
