2 0.850000 0.977812 0.030357 0.008750
2 0.843304 0.926562 0.039286 0.012500
2 0.844643 0.901875 0.037500 0.010000
2 0.842857 0.992500 0.033929 0.010000
2 0.683929 0.007187 0.037500 0.011250
2 0.366071 0.004063 0.035714 0.005000
2 0.737500 0.157500 0.019643 0.021250
2 0.790179 0.159688 0.017857 0.022500
2 0.586607 0.910313 0.039286 0.011250
2 0.753125 0.952500 0.037500 0.011250
2 0.493304 0.995937 0.035714 0.007500
2 0.625446 0.995937 0.032143 0.007500
2 0.748214 0.996875 0.041071 0.006250
2 0.767857 0.226562 0.017857 0.025000
2 0.787500 0.311875 0.021429 0.017500
