2 0.055357 0.849687 0.012500 0.015000
2 0.047768 0.640625 0.010714 0.012500
2 0.217411 0.443750 0.010714 0.012500
2 0.250446 0.415313 0.023214 0.008750
2 0.217857 0.404687 0.025000 0.006250
2 0.154464 0.365000 0.014286 0.011250
2 0.150893 0.312188 0.025000 0.008750
2 0.192411 0.041875 0.023214 0.008750
2 0.326786 0.037500 0.019643 0.006250
2 0.534375 0.189375 0.010714 0.010000
2 0.575000 0.159375 0.025000 0.006250
2 0.665179 0.168750 0.008929 0.012500
2 0.692857 0.381250 0.028571 0.006250
2 0.748661 0.353437 0.010714 0.010000
2 0.879464 0.391562 0.017857 0.005000
2 0.895536 0.398438 0.023214 0.006250
2 0.579018 0.364063 0.010714 0.012500
2 0.705357 0.431250 0.008929 0.012500
2 0.946429 0.183750 0.008929 0.011250
2 0.475446 0.657500 0.026786 0.008750
2 0.301339 0.713125 0.017857 0.013750
2 0.661607 0.696562 0.010714 0.008750
2 0.672768 0.695312 0.010714 0.012500
2 0.584821 0.704375 0.008929 0.015000
2 0.860268 0.658750 0.010714 0.011250
2 0.679464 0.634375 0.010714 0.012500
2 0.798214 0.877812 0.016071 0.015000
2 0.270982 0.510625 0.010714 0.015000
2 0.747321 0.183750 0.021429 0.005000
2 0.483036 0.284062 0.010714 0.008750
2 0.065179 0.175625 0.014286 0.007500
2 0.066964 0.013437 0.008929 0.011250
2 0.102679 0.268125 0.017857 0.005000
2 0.642857 0.536562 0.026786 0.007500
2 0.538393 0.603125 0.023214 0.006250
