2 0.169643 0.380625 0.026786 0.017500
2 0.226786 0.415937 0.025000 0.016250
2 0.258929 0.432812 0.026786 0.018750
2 0.284821 0.449688 0.025000 0.015000
2 0.321429 0.427813 0.026786 0.021250
2 0.291518 0.410938 0.025000 0.018750
2 0.424107 0.619375 0.026786 0.020000
2 0.400446 0.640625 0.028571 0.018750
2 0.380804 0.660000 0.033929 0.020000
2 0.193750 0.394062 0.021429 0.016250
2 0.045536 0.267500 0.028571 0.016250
2 0.359375 0.717812 0.026786 0.020000
2 0.075446 0.284062 0.030357 0.021250
2 0.178571 0.340000 0.026786 0.017500
2 0.155357 0.327188 0.025000 0.013750
2 0.132143 0.312812 0.023214 0.016250
2 0.108929 0.298438 0.030357 0.018750
2 0.394196 0.673438 0.025000 0.018750
2 0.452232 0.638750 0.025000 0.021250
2 0.467857 0.621563 0.025000 0.021250
2 0.492857 0.601562 0.030357 0.018750
2 0.539732 0.512813 0.030357 0.022500
2 0.017411 0.250625 0.030357 0.020000
2 0.131250 0.360625 0.039286 0.027500
2 0.224107 0.369688 0.028571 0.023750
2 0.257589 0.389688 0.028571 0.020000
2 0.468304 0.518125 0.030357 0.017500
2 0.505357 0.526875 0.037500 0.016250
2 0.454018 0.576562 0.019643 0.018750
2 0.443304 0.600625 0.025000 0.020000
2 0.579911 0.470313 0.021429 0.018750
2 0.586161 0.506875 0.025000 0.020000
2 0.598661 0.450938 0.023214 0.023750
2 0.639286 0.406562 0.028571 0.022500
2 0.620536 0.429688 0.017857 0.025000
2 0.605804 0.486250 0.019643 0.022500
