2 0.511607 0.484687 0.014286 0.016250
2 0.566964 0.470937 0.017857 0.007500
2 0.536161 0.480625 0.014286 0.017500
2 0.466071 0.493438 0.012500 0.015000
2 0.529911 0.511250 0.019643 0.010000
2 0.370536 0.538125 0.017857 0.007500
2 0.466518 0.522500 0.017857 0.007500
2 0.428571 0.521875 0.017857 0.006250
2 0.434821 0.496875 0.012500 0.012500
2 0.410268 0.502812 0.012500 0.015000
2 0.397768 0.506250 0.014286 0.012500
2 0.385714 0.506875 0.012500 0.013750
2 0.373661 0.510000 0.010714 0.013750
2 0.360714 0.511250 0.016071 0.016250
2 0.350000 0.516250 0.012500 0.013750
2 0.302232 0.798750 0.019643 0.010000
2 0.373214 0.834688 0.014286 0.016250
2 0.395982 0.830313 0.010714 0.013750
2 0.328571 0.841250 0.014286 0.013750
2 0.411607 0.831563 0.010714 0.016250
2 0.285714 0.876250 0.008929 0.015000
2 0.335714 0.877188 0.010714 0.013750
2 0.394643 0.868750 0.012500 0.012500
2 0.201339 0.922813 0.014286 0.017500
2 0.215179 0.920312 0.010714 0.018750
2 0.225000 0.916875 0.012500 0.015000
2 0.243750 0.918750 0.014286 0.018750
2 0.960714 0.033125 0.019643 0.010000
2 0.877679 0.028750 0.014286 0.013750
2 0.910268 0.080000 0.012500 0.016250
2 0.211607 0.316250 0.030357 0.013750
2 0.212946 0.326250 0.019643 0.008750
2 0.295536 0.307500 0.019643 0.008750
2 0.292857 0.289687 0.014286 0.007500
2 0.326339 0.193125 0.014286 0.017500
2 0.338839 0.224375 0.012500 0.017500
2 0.316964 0.275625 0.017857 0.007500
2 0.308482 0.253125 0.023214 0.006250
2 0.318750 0.176250 0.012500 0.015000
2 0.311607 0.160625 0.016071 0.015000
2 0.282143 0.180625 0.019643 0.011250
2 0.288839 0.200625 0.019643 0.007500
2 0.290625 0.207500 0.023214 0.008750
2 0.297321 0.127812 0.014286 0.015000
2 0.304911 0.142500 0.016071 0.016250
2 0.289286 0.108125 0.016071 0.016250
2 0.145982 0.119063 0.019643 0.010000
2 0.175000 0.079063 0.019643 0.011250
2 0.017411 0.115000 0.021429 0.011250
2 0.021429 0.144063 0.025000 0.010000
2 0.343750 0.045625 0.017857 0.010000
2 0.362946 0.040625 0.016071 0.012500
2 0.385714 0.039375 0.021429 0.010000
2 0.418304 0.029063 0.019643 0.011250
2 0.490625 0.014063 0.021429 0.012500
2 0.514732 0.008125 0.016071 0.010000
2 0.621429 0.067500 0.010714 0.016250
2 0.658929 0.070625 0.014286 0.016250
2 0.633482 0.092500 0.012500 0.016250
2 0.666964 0.095000 0.012500 0.015000
2 0.659821 0.155938 0.016071 0.015000
2 0.692411 0.153750 0.014286 0.013750
2 0.701339 0.171250 0.014286 0.017500
2 0.778125 0.051250 0.016071 0.015000
2 0.729911 0.059062 0.017857 0.015000
2 0.708036 0.064687 0.014286 0.013750
2 0.775893 0.095937 0.016071 0.013750
2 0.753125 0.097500 0.010714 0.013750
2 0.742857 0.097500 0.012500 0.013750
2 0.722768 0.101250 0.012500 0.015000
2 0.701786 0.107500 0.010714 0.015000
2 0.772768 0.200312 0.023214 0.010000
2 0.792857 0.215313 0.023214 0.008750
2 0.970982 0.055000 0.017857 0.010000
2 0.158929 0.929063 0.014286 0.017500
2 0.145536 0.930312 0.014286 0.013750
2 0.137054 0.931563 0.010714 0.016250
2 0.117857 0.933125 0.012500 0.016250
2 0.035268 0.980000 0.012500 0.016250
