2 0.771875 0.034687 0.021429 0.028750
2 0.926339 0.096875 0.017857 0.025000
2 0.887500 0.094375 0.016071 0.026250
2 0.908036 0.098125 0.021429 0.027500
2 0.964732 0.096562 0.014286 0.027500
2 0.985714 0.095000 0.016071 0.027500
2 0.944196 0.128750 0.017857 0.026250
2 0.964286 0.125312 0.017857 0.022500
2 0.983929 0.123125 0.012500 0.021250
2 0.998214 0.126875 0.005357 0.022500
2 0.795536 0.036875 0.019643 0.030000
2 0.987946 0.034687 0.016071 0.028750
2 0.866964 0.095937 0.019643 0.026250
2 0.828125 0.030312 0.017857 0.026250
2 0.868304 0.035313 0.017857 0.030000
2 0.905357 0.035000 0.016071 0.026250
2 0.945536 0.033750 0.016071 0.030000
2 0.966518 0.034375 0.017857 0.031250
