2 0.842411 0.085312 0.019643 0.030000
2 0.806250 0.063438 0.023214 0.030000
2 0.652232 0.413438 0.032143 0.011250
2 0.648214 0.397813 0.037500 0.011250
2 0.642857 0.362500 0.035714 0.012500
2 0.644643 0.350938 0.030357 0.011250
2 0.645089 0.315625 0.035714 0.012500
2 0.641071 0.290937 0.032143 0.010000
2 0.747768 0.325625 0.017857 0.020000
2 0.784375 0.386875 0.019643 0.023750
2 0.797768 0.306250 0.019643 0.025000
2 0.824107 0.384687 0.014286 0.022500
2 0.801339 0.386563 0.017857 0.020000
2 0.722768 0.150625 0.021429 0.026250
