2 0.488839 0.205938 0.008929 0.008750
2 0.504464 0.209687 0.008929 0.010000
2 0.513393 0.212188 0.008929 0.008750
2 0.523214 0.215000 0.010714 0.011250
2 0.545536 0.220938 0.010714 0.013750
2 0.554464 0.221875 0.010714 0.012500
2 0.563393 0.225937 0.010714 0.011250
2 0.497768 0.209375 0.008929 0.012500
2 0.479911 0.203750 0.008929 0.013750
2 0.470982 0.200000 0.008929 0.012500
2 0.766518 0.027500 0.019643 0.011250
2 0.789732 0.027813 0.021429 0.008750
2 0.879018 0.034687 0.012500 0.010000
2 0.511607 0.016250 0.014286 0.013750
2 0.502679 0.013125 0.014286 0.013750
2 0.494196 0.010625 0.010714 0.015000
2 0.483929 0.009062 0.012500 0.015000
2 0.496429 0.060313 0.010714 0.011250
2 0.706250 0.014688 0.019643 0.013750
2 0.727232 0.019688 0.021429 0.011250
2 0.745536 0.025312 0.017857 0.010000
