2 0.881250 0.670000 0.021429 0.027500
2 0.877679 0.641250 0.023214 0.026250
2 0.882143 0.698125 0.023214 0.027500
2 0.883482 0.726250 0.021429 0.027500
2 0.846875 0.977187 0.037500 0.020000
2 0.890179 0.937500 0.021429 0.025000
2 0.943750 0.861250 0.039286 0.016250
2 0.946429 0.841250 0.035714 0.013750
2 0.944643 0.817812 0.041071 0.013750
2 0.943750 0.797500 0.039286 0.013750
2 0.944643 0.782813 0.041071 0.012500
2 0.944196 0.770312 0.035714 0.012500
2 0.885268 0.781562 0.025000 0.022500
2 0.884375 0.753437 0.023214 0.022500
2 0.890625 0.913438 0.017857 0.023750
2 0.855804 0.503750 0.037500 0.013750
2 0.858929 0.519062 0.039286 0.016250
2 0.945982 0.755938 0.039286 0.015000
2 0.944643 0.877500 0.032143 0.011250
