2 0.385714 0.429688 0.030357 0.012500
2 0.458929 0.706250 0.033929 0.012500
2 0.462054 0.693750 0.035714 0.012500
2 0.463839 0.681875 0.039286 0.013750
2 0.464286 0.670312 0.035714 0.012500
2 0.460714 0.657188 0.037500 0.011250
2 0.462946 0.645312 0.037500 0.012500
2 0.463839 0.630625 0.039286 0.011250
2 0.461607 0.615000 0.039286 0.011250
2 0.459821 0.600938 0.035714 0.011250
2 0.461161 0.588125 0.033929 0.013750
2 0.466964 0.574688 0.032143 0.015000
2 0.464732 0.562188 0.032143 0.015000
2 0.379911 0.403750 0.041071 0.013750
2 0.381696 0.443125 0.035714 0.011250
2 0.501786 0.484375 0.030357 0.012500
2 0.385268 0.465625 0.033929 0.012500
2 0.350000 0.453437 0.030357 0.010000
2 0.348661 0.465313 0.032143 0.008750
2 0.345536 0.479063 0.030357 0.011250
2 0.385714 0.479687 0.030357 0.012500
2 0.381696 0.493125 0.035714 0.011250
2 0.379464 0.510313 0.035714 0.011250
2 0.341964 0.506563 0.032143 0.010000
2 0.379464 0.522813 0.035714 0.011250
2 0.385268 0.538438 0.033929 0.011250
2 0.344196 0.521250 0.032143 0.011250
2 0.346875 0.534687 0.037500 0.010000
2 0.341964 0.546250 0.041071 0.011250
2 0.458929 0.721875 0.033929 0.012500
2 0.496875 0.735313 0.033929 0.011250
2 0.497321 0.722500 0.039286 0.013750
2 0.495982 0.710313 0.032143 0.011250
2 0.469643 0.512188 0.037500 0.008750
2 0.504464 0.515625 0.035714 0.012500
2 0.503571 0.526250 0.033929 0.008750
2 0.469643 0.522813 0.037500 0.011250
2 0.465625 0.547813 0.033929 0.011250
2 0.504464 0.548438 0.035714 0.012500
2 0.592857 0.408750 0.033929 0.011250
2 0.587946 0.421250 0.037500 0.011250
2 0.588393 0.433125 0.033929 0.010000
2 0.587500 0.449062 0.032143 0.013750
2 0.591964 0.474375 0.032143 0.011250
2 0.589732 0.496250 0.032143 0.011250
2 0.585268 0.535313 0.032143 0.011250
2 0.584821 0.592187 0.035714 0.012500
2 0.583482 0.671875 0.037500 0.012500
2 0.583929 0.717500 0.033929 0.010000
2 0.582143 0.732500 0.030357 0.008750
2 0.498661 0.559063 0.028571 0.008750
2 0.500000 0.575000 0.035714 0.012500
2 0.500893 0.587187 0.028571 0.008750
2 0.501339 0.598437 0.033929 0.012500
2 0.498214 0.613125 0.032143 0.013750
2 0.502679 0.631875 0.032143 0.013750
2 0.503125 0.645625 0.028571 0.010000
2 0.502679 0.659687 0.032143 0.010000
2 0.502679 0.670625 0.032143 0.010000
2 0.496429 0.696875 0.037500 0.012500
2 0.346429 0.564375 0.032143 0.010000
2 0.347768 0.574375 0.030357 0.011250
2 0.383929 0.573750 0.026786 0.010000
2 0.382589 0.587812 0.028571 0.010000
2 0.347768 0.588438 0.030357 0.011250
2 0.344196 0.611875 0.032143 0.011250
2 0.385714 0.601875 0.039286 0.010000
2 0.377679 0.612500 0.032143 0.012500
2 0.345536 0.630625 0.030357 0.011250
2 0.378571 0.645000 0.033929 0.008750
2 0.344643 0.644062 0.028571 0.010000
2 0.341964 0.657188 0.032143 0.011250
2 0.378125 0.658125 0.028571 0.010000
2 0.337500 0.670312 0.032143 0.012500
2 0.376786 0.670000 0.030357 0.008750
2 0.375893 0.680625 0.037500 0.011250
2 0.372321 0.693750 0.039286 0.012500
2 0.334375 0.680625 0.030357 0.011250
2 0.334375 0.691563 0.030357 0.011250
2 0.337500 0.705625 0.041071 0.011250
2 0.373214 0.705313 0.032143 0.007500
2 0.337500 0.718125 0.032143 0.011250
2 0.378571 0.718125 0.033929 0.011250
2 0.188839 0.805312 0.033929 0.013750
2 0.207589 0.917500 0.035714 0.010000
2 0.209821 0.930625 0.035714 0.011250
2 0.210268 0.968125 0.041071 0.011250
2 0.204464 0.982187 0.033929 0.011250
2 0.464732 0.481250 0.032143 0.012500
2 0.502679 0.469688 0.032143 0.011250
2 0.466964 0.468438 0.032143 0.008750
2 0.433036 0.173125 0.017857 0.021250
2 0.621875 0.173125 0.016071 0.021250
2 0.303125 0.282187 0.021429 0.023750
2 0.341071 0.292500 0.021429 0.028750
2 0.362500 0.300000 0.019643 0.025000
2 0.380357 0.303437 0.019643 0.022500
2 0.399107 0.307812 0.021429 0.025000
2 0.416518 0.311875 0.025000 0.023750
2 0.434821 0.314063 0.021429 0.025000
2 0.647321 0.387188 0.017857 0.021250
2 0.633929 0.386563 0.017857 0.026250
2 0.666518 0.387188 0.016071 0.021250
2 0.687500 0.383750 0.017857 0.023750
2 0.719643 0.388125 0.019643 0.020000
2 0.753571 0.387188 0.016071 0.021250
2 0.470536 0.381562 0.030357 0.010000
2 0.507143 0.382188 0.032143 0.011250
2 0.503125 0.394062 0.028571 0.010000
2 0.465179 0.394687 0.028571 0.011250
2 0.466964 0.406562 0.032143 0.010000
2 0.467857 0.414375 0.025000 0.010000
2 0.498214 0.419688 0.032143 0.011250
2 0.504464 0.432500 0.035714 0.008750
2 0.464732 0.441250 0.032143 0.013750
2 0.503571 0.444375 0.033929 0.013750
2 0.500000 0.458125 0.026786 0.010000
2 0.466518 0.458125 0.035714 0.010000
2 0.860268 0.114062 0.028571 0.012500
2 0.349554 0.110000 0.025000 0.026250
2 0.364286 0.113750 0.023214 0.021250
2 0.558036 0.125000 0.035714 0.012500
2 0.314286 0.876250 0.030357 0.008750
2 0.195536 0.374688 0.025000 0.058750
2 0.175000 0.746875 0.019643 0.012500
2 0.175000 0.760938 0.019643 0.012500
2 0.179464 0.773438 0.028571 0.012500
