2 0.855804 0.374063 0.010714 0.013750
2 0.896429 0.520000 0.016071 0.015000
2 0.868750 0.412812 0.014286 0.016250
2 0.943750 0.449688 0.021429 0.008750
2 0.972768 0.417812 0.012500 0.013750
2 0.959375 0.628125 0.012500 0.012500
2 0.926339 0.643437 0.017857 0.008750
2 0.906250 0.593125 0.017857 0.011250
2 0.977679 0.370625 0.008929 0.010000
2 0.842411 0.028125 0.010714 0.012500
2 0.830357 0.030625 0.008929 0.011250
2 0.820536 0.032188 0.007143 0.011250
2 0.802679 0.033750 0.007143 0.011250
2 0.947768 0.090938 0.007143 0.010000
2 0.935268 0.090312 0.008929 0.015000
2 0.941071 0.115937 0.016071 0.016250
2 0.979464 0.181563 0.012500 0.016250
2 0.966518 0.179688 0.008929 0.012500
2 0.930357 0.182500 0.012500 0.015000
2 0.912946 0.183750 0.008929 0.011250
2 0.903125 0.183750 0.007143 0.011250
2 0.808036 0.338125 0.017857 0.007500
2 0.931696 0.015625 0.019643 0.012500
2 0.974554 0.022500 0.016071 0.013750
2 0.830357 0.004063 0.008929 0.005000
2 0.858929 0.005312 0.012500 0.007500
2 0.849107 0.004687 0.010714 0.006250
2 0.841518 0.004687 0.008929 0.006250
