2 0.797321 0.410938 0.023214 0.025000
2 0.738393 0.498750 0.021429 0.028750
2 0.550893 0.492812 0.021429 0.026250
2 0.513393 0.496875 0.017857 0.025000
2 0.412946 0.528438 0.017857 0.022500
2 0.737946 0.535625 0.016071 0.027500
2 0.601786 0.531875 0.016071 0.026250
2 0.583036 0.534375 0.014286 0.025000
2 0.566964 0.533125 0.017857 0.022500
2 0.494643 0.530000 0.016071 0.022500
2 0.339286 0.581250 0.017857 0.025000
2 0.461161 0.529375 0.016071 0.027500
2 0.375446 0.584375 0.014286 0.025000
2 0.393304 0.581250 0.014286 0.025000
2 0.424107 0.584375 0.017857 0.025000
2 0.445536 0.583750 0.016071 0.023750
2 0.466518 0.583437 0.017857 0.026250
2 0.563393 0.585000 0.019643 0.026250
2 0.585714 0.585625 0.019643 0.027500
2 0.342857 0.767813 0.042857 0.013750
2 0.696875 0.291875 0.014286 0.027500
2 0.664286 0.290625 0.016071 0.025000
2 0.350446 0.440000 0.017857 0.023750
