2 0.666964 0.021875 0.021429 0.012500
2 0.674107 0.026875 0.017857 0.010000
2 0.661607 0.015625 0.019643 0.012500
2 0.992857 0.033750 0.012500 0.011250
2 0.618304 0.738438 0.017857 0.011250
2 0.610714 0.742188 0.016071 0.012500
2 0.604911 0.746250 0.017857 0.011250
2 0.599107 0.752500 0.019643 0.011250
2 0.592857 0.756563 0.016071 0.010000
2 0.589732 0.758750 0.014286 0.011250
2 0.604018 0.729688 0.016071 0.012500
2 0.599554 0.734375 0.016071 0.012500
2 0.592857 0.737812 0.016071 0.010000
2 0.586161 0.742500 0.016071 0.010000
2 0.563839 0.758750 0.016071 0.011250
2 0.569643 0.756250 0.014286 0.012500
2 0.575000 0.752500 0.016071 0.011250
2 0.583036 0.746250 0.014286 0.011250
2 0.834821 0.183750 0.017857 0.011250
2 0.852679 0.202500 0.017857 0.011250
2 0.861607 0.214062 0.017857 0.012500
2 0.867411 0.217500 0.016071 0.010000
2 0.870536 0.221250 0.017857 0.011250
2 0.838393 0.189375 0.016071 0.010000
2 0.837054 0.005312 0.017857 0.007500
2 0.766071 0.118750 0.023214 0.012500
2 0.809375 0.126562 0.016071 0.012500
2 0.819643 0.120313 0.014286 0.012500
2 0.825893 0.117813 0.017857 0.013750
2 0.846429 0.125000 0.014286 0.012500
2 0.854911 0.122500 0.017857 0.013750
2 0.860714 0.117188 0.016071 0.012500
2 0.830804 0.132812 0.014286 0.012500
2 0.838393 0.128750 0.016071 0.013750
2 0.915625 0.074063 0.014286 0.013750
2 0.924107 0.073125 0.017857 0.015000
2 0.923214 0.089063 0.016071 0.012500
2 0.913393 0.095312 0.014286 0.012500
2 0.960268 0.054375 0.014286 0.015000
2 0.975446 0.065625 0.017857 0.012500
2 0.984375 0.040938 0.017857 0.016250
2 0.972321 0.046875 0.016071 0.012500
2 0.985714 0.056250 0.016071 0.012500
2 0.823661 0.174375 0.017857 0.011250
2 0.566964 0.774375 0.017857 0.011250
2 0.576786 0.767813 0.019643 0.013750
2 0.584821 0.766250 0.017857 0.013750
2 0.563393 0.720000 0.019643 0.015000
2 0.571429 0.716250 0.017857 0.013750
2 0.575893 0.710938 0.017857 0.012500
2 0.583929 0.708750 0.016071 0.011250
2 0.569196 0.698438 0.017857 0.012500
