2 0.697768 0.480625 0.016071 0.017500
2 0.708036 0.411875 0.014286 0.005000
2 0.705357 0.406875 0.017857 0.007500
2 0.703571 0.399375 0.014286 0.005000
2 0.701339 0.385313 0.014286 0.005000
2 0.702232 0.378750 0.016071 0.007500
2 0.700893 0.373437 0.017857 0.006250
2 0.700893 0.365625 0.017857 0.006250
2 0.700893 0.359375 0.017857 0.006250
2 0.699554 0.352500 0.019643 0.005000
2 0.701786 0.345313 0.019643 0.006250
2 0.699554 0.338438 0.019643 0.005000
2 0.699554 0.333750 0.019643 0.005000
2 0.683482 0.459687 0.023214 0.010000
2 0.696875 0.490313 0.023214 0.008750
2 0.710268 0.425000 0.014286 0.006250
2 0.702679 0.500312 0.021429 0.010000
2 0.704911 0.509062 0.021429 0.008750
2 0.712500 0.517813 0.023214 0.007500
2 0.718304 0.526875 0.021429 0.010000
2 0.725446 0.535937 0.026786 0.012500
2 0.732589 0.546875 0.023214 0.012500
2 0.682589 0.450938 0.021429 0.011250
2 0.679018 0.442188 0.023214 0.012500
2 0.676786 0.434375 0.023214 0.012500
2 0.668750 0.405938 0.025000 0.015000
2 0.667857 0.397500 0.023214 0.013750
2 0.641518 0.366250 0.019643 0.007500
2 0.643750 0.381875 0.019643 0.007500
2 0.708036 0.419688 0.014286 0.005000
2 0.715179 0.432812 0.019643 0.006250
2 0.648214 0.400938 0.019643 0.005000
2 0.844196 0.585625 0.014286 0.015000
2 0.914286 0.580313 0.016071 0.007500
2 0.884375 0.580000 0.014286 0.016250
2 0.896429 0.600625 0.016071 0.013750
2 0.902232 0.608750 0.014286 0.011250
2 0.907589 0.615000 0.016071 0.011250
2 0.920536 0.630938 0.019643 0.008750
2 0.933929 0.645000 0.019643 0.008750
2 0.809375 0.592500 0.016071 0.010000
2 0.803571 0.585313 0.017857 0.011250
2 0.764286 0.539375 0.019643 0.010000
2 0.789286 0.569063 0.016071 0.010000
2 0.834821 0.623125 0.017857 0.015000
2 0.829911 0.617188 0.021429 0.012500
2 0.783482 0.562812 0.017857 0.010000
2 0.714286 0.440625 0.017857 0.006250
2 0.778125 0.555937 0.016071 0.008750
2 0.773214 0.550938 0.019643 0.011250
2 0.754464 0.524375 0.017857 0.011250
2 0.754464 0.519062 0.017857 0.010000
2 0.747768 0.511562 0.017857 0.007500
2 0.740179 0.500625 0.016071 0.007500
2 0.734375 0.486562 0.017857 0.007500
2 0.729018 0.480312 0.016071 0.007500
2 0.726786 0.472500 0.016071 0.007500
2 0.724107 0.466250 0.019643 0.007500
2 0.720982 0.460000 0.017857 0.007500
2 0.717857 0.453125 0.016071 0.006250
2 0.716518 0.446875 0.017857 0.006250
2 0.645089 0.393750 0.017857 0.006250
2 0.648214 0.408437 0.019643 0.007500
2 0.716964 0.618437 0.014286 0.008750
2 0.837500 0.676562 0.014286 0.012500
2 0.829464 0.678750 0.016071 0.013750
2 0.824107 0.684375 0.014286 0.012500
2 0.815179 0.685937 0.014286 0.012500
2 0.806250 0.689063 0.014286 0.012500
2 0.796429 0.692500 0.012500 0.010000
2 0.781250 0.690937 0.017857 0.010000
2 0.775000 0.683750 0.023214 0.011250
2 0.762500 0.672813 0.016071 0.011250
2 0.758036 0.668438 0.016071 0.008750
2 0.731696 0.639062 0.021429 0.012500
2 0.711161 0.613750 0.016071 0.008750
2 0.815625 0.646563 0.010714 0.015000
2 0.709821 0.606563 0.017857 0.010000
2 0.703571 0.595000 0.014286 0.008750
2 0.675893 0.569688 0.021429 0.011250
2 0.665179 0.555625 0.017857 0.011250
2 0.643750 0.527187 0.019643 0.007500
2 0.634821 0.494375 0.019643 0.007500
2 0.636161 0.485625 0.017857 0.008750
2 0.630357 0.476250 0.019643 0.008750
2 0.628125 0.470000 0.019643 0.008750
2 0.625893 0.463750 0.019643 0.008750
2 0.624554 0.456875 0.021429 0.007500
2 0.621429 0.451250 0.019643 0.008750
2 0.620089 0.444375 0.021429 0.007500
2 0.859375 0.669063 0.008929 0.016250
2 0.794643 0.656875 0.017857 0.007500
2 0.647321 0.418750 0.017857 0.006250
2 0.711607 0.554688 0.021429 0.012500
2 0.650446 0.429375 0.019643 0.008750
2 0.650446 0.435625 0.019643 0.008750
2 0.656250 0.442812 0.017857 0.007500
2 0.655357 0.449375 0.016071 0.005000
2 0.658036 0.455312 0.021429 0.007500
2 0.653571 0.477813 0.021429 0.008750
2 0.666964 0.484375 0.021429 0.012500
2 0.672321 0.489687 0.014286 0.007500
2 0.675000 0.495625 0.019643 0.010000
2 0.682143 0.501250 0.016071 0.008750
2 0.696429 0.532500 0.017857 0.008750
2 0.699554 0.539375 0.019643 0.010000
2 0.704018 0.546250 0.019643 0.011250
2 0.717411 0.565000 0.019643 0.011250
2 0.792411 0.650938 0.017857 0.011250
2 0.739286 0.556562 0.023214 0.010000
2 0.754464 0.573125 0.017857 0.015000
2 0.728571 0.579063 0.019643 0.011250
2 0.735268 0.586875 0.019643 0.011250
2 0.772321 0.596562 0.017857 0.015000
2 0.751339 0.602500 0.016071 0.011250
2 0.755804 0.615313 0.016071 0.008750
2 0.780804 0.608750 0.021429 0.011250
2 0.790625 0.619062 0.023214 0.010000
2 0.795982 0.629063 0.025000 0.011250
2 0.773661 0.633125 0.016071 0.010000
2 0.780357 0.640000 0.016071 0.011250
2 0.784821 0.645625 0.016071 0.010000
2 0.923214 0.591875 0.016071 0.008750
2 0.927679 0.596562 0.016071 0.008750
2 0.932143 0.602500 0.016071 0.011250
2 0.902679 0.376563 0.019643 0.006250
2 0.924554 0.461562 0.023214 0.007500
2 0.920982 0.456875 0.016071 0.007500
2 0.918750 0.449375 0.016071 0.005000
2 0.914732 0.436250 0.021429 0.010000
2 0.913393 0.443750 0.014286 0.006250
2 0.913393 0.428750 0.014286 0.007500
2 0.911161 0.422813 0.014286 0.005000
2 0.910714 0.417187 0.017857 0.006250
2 0.908036 0.408750 0.021429 0.005000
2 0.906250 0.402500 0.017857 0.005000
2 0.904464 0.395313 0.014286 0.006250
2 0.903571 0.388125 0.012500 0.007500
2 0.905357 0.381250 0.016071 0.006250
2 0.904018 0.368750 0.017857 0.006250
2 0.926339 0.474688 0.017857 0.008750
2 0.904018 0.364063 0.017857 0.006250
2 0.904018 0.356250 0.017857 0.006250
2 0.905357 0.349375 0.016071 0.005000
2 0.858482 0.334375 0.016071 0.006250
2 0.900893 0.343125 0.016071 0.005000
2 0.954018 0.315000 0.010714 0.011250
2 0.944196 0.317188 0.008929 0.012500
2 0.938839 0.548750 0.016071 0.010000
2 0.933036 0.540937 0.017857 0.010000
2 0.932143 0.535625 0.016071 0.008750
2 0.926339 0.530000 0.017857 0.010000
2 0.923214 0.522188 0.016071 0.010000
2 0.918304 0.516875 0.019643 0.008750
2 0.925893 0.467812 0.021429 0.007500
2 0.929464 0.482188 0.019643 0.011250
2 0.938839 0.608750 0.016071 0.011250
2 0.932143 0.488125 0.016071 0.007500
2 0.952232 0.434375 0.007143 0.012500
2 0.948661 0.421875 0.008929 0.012500
2 0.938839 0.411562 0.007143 0.013750
2 0.937500 0.396250 0.008929 0.011250
2 0.946429 0.370312 0.008929 0.012500
2 0.945536 0.385937 0.007143 0.012500
2 0.936607 0.383125 0.007143 0.016250
2 0.937500 0.366563 0.008929 0.011250
2 0.948214 0.407500 0.012500 0.021250
2 0.937946 0.507500 0.023214 0.008750
2 0.933036 0.493750 0.017857 0.006250
2 0.915179 0.507500 0.017857 0.008750
2 0.912054 0.502188 0.016071 0.007500
2 0.906250 0.495312 0.017857 0.006250
2 0.871429 0.507500 0.019643 0.008750
2 0.842857 0.413125 0.016071 0.007500
2 0.843750 0.418125 0.017857 0.005000
2 0.843750 0.425625 0.017857 0.007500
2 0.845982 0.432500 0.017857 0.008750
2 0.848214 0.439063 0.017857 0.006250
2 0.851339 0.446875 0.019643 0.006250
2 0.852679 0.453750 0.017857 0.007500
2 0.852679 0.461562 0.017857 0.007500
2 0.856250 0.468438 0.016071 0.008750
2 0.862500 0.481875 0.019643 0.007500
2 0.862054 0.488750 0.014286 0.008750
2 0.866964 0.495625 0.019643 0.010000
2 0.869643 0.501250 0.016071 0.008750
2 0.877232 0.514375 0.017857 0.010000
2 0.893750 0.494688 0.010714 0.011250
2 0.879464 0.520000 0.017857 0.008750
2 0.881696 0.526875 0.017857 0.010000
2 0.888393 0.540312 0.017857 0.008750
2 0.892857 0.546563 0.017857 0.008750
2 0.897321 0.552813 0.017857 0.008750
2 0.901786 0.561250 0.017857 0.010000
2 0.935714 0.565625 0.014286 0.012500
2 0.945982 0.578750 0.012500 0.013750
2 0.905357 0.567187 0.016071 0.006250
2 0.838839 0.571250 0.012500 0.011250
2 0.859821 0.600938 0.014286 0.011250
2 0.909821 0.570937 0.016071 0.007500
2 0.925446 0.612187 0.016071 0.015000
2 0.841518 0.404687 0.017857 0.006250
2 0.839286 0.396875 0.017857 0.006250
2 0.838393 0.390000 0.016071 0.005000
2 0.838393 0.384375 0.016071 0.006250
2 0.751786 0.415000 0.012500 0.023750
2 0.905357 0.488750 0.016071 0.008750
2 0.902679 0.481875 0.019643 0.007500
2 0.897321 0.476250 0.017857 0.008750
2 0.896429 0.468750 0.016071 0.006250
2 0.895089 0.462188 0.017857 0.008750
2 0.883482 0.468125 0.012500 0.011250
2 0.873661 0.440000 0.010714 0.011250
2 0.888393 0.440625 0.017857 0.006250
2 0.888393 0.433437 0.017857 0.007500
2 0.883929 0.425625 0.017857 0.007500
2 0.883929 0.419375 0.017857 0.007500
2 0.881696 0.412500 0.017857 0.006250
2 0.879464 0.406250 0.017857 0.006250
2 0.880357 0.400000 0.019643 0.006250
2 0.878571 0.392813 0.016071 0.007500
2 0.864732 0.395937 0.010714 0.013750
2 0.877232 0.383750 0.017857 0.005000
2 0.879464 0.378125 0.017857 0.006250
2 0.878571 0.368750 0.016071 0.006250
2 0.878571 0.356250 0.016071 0.006250
2 0.857143 0.343750 0.017857 0.006250
2 0.878125 0.350000 0.019643 0.006250
2 0.835714 0.356250 0.019643 0.006250
2 0.837946 0.362500 0.019643 0.006250
2 0.837054 0.369375 0.017857 0.007500
2 0.837054 0.375625 0.017857 0.007500
2 0.617411 0.436875 0.016071 0.005000
2 0.614732 0.431875 0.019643 0.007500
2 0.614286 0.425312 0.023214 0.010000
2 0.606696 0.280625 0.021429 0.005000
2 0.605357 0.263125 0.023214 0.007500
2 0.606250 0.253125 0.025000 0.006250
2 0.608036 0.244375 0.028571 0.007500
2 0.673214 0.162500 0.016071 0.006250
2 0.671875 0.155625 0.017857 0.005000
2 0.579464 0.140625 0.007143 0.012500
2 0.595982 0.140937 0.008929 0.016250
2 0.613839 0.141250 0.008929 0.013750
2 0.592857 0.094375 0.007143 0.013750
2 0.606696 0.796563 0.021429 0.015000
2 0.728571 0.842812 0.019643 0.013750
2 0.773214 0.909062 0.019643 0.015000
2 0.710714 0.035937 0.019643 0.006250
2 0.604464 0.271875 0.021429 0.006250
2 0.610268 0.293125 0.019643 0.005000
2 0.611607 0.417812 0.017857 0.007500
2 0.602679 0.341875 0.017857 0.008750
2 0.858036 0.221875 0.019643 0.006250
2 0.800446 0.231875 0.016071 0.013750
2 0.800000 0.247500 0.019643 0.013750
2 0.800893 0.261563 0.021429 0.013750
2 0.794643 0.277188 0.008929 0.013750
2 0.741071 0.412812 0.008929 0.010000
2 0.739732 0.365937 0.010714 0.016250
2 0.740625 0.327813 0.012500 0.027500
2 0.698214 0.310000 0.021429 0.013750
2 0.697321 0.320625 0.019643 0.010000
2 0.661607 0.324063 0.019643 0.007500
2 0.642857 0.325000 0.017857 0.006250
2 0.602679 0.357812 0.017857 0.006250
2 0.603571 0.333750 0.019643 0.011250
2 0.860268 0.235625 0.019643 0.008750
2 0.600893 0.318125 0.014286 0.005000
2 0.602679 0.309375 0.017857 0.006250
2 0.610714 0.302500 0.016071 0.005000
2 0.665179 0.307188 0.017857 0.005000
2 0.678571 0.317500 0.008929 0.016250
2 0.742411 0.285625 0.016071 0.015000
2 0.742857 0.266250 0.012500 0.013750
2 0.743750 0.246563 0.014286 0.015000
2 0.699554 0.294687 0.019643 0.005000
2 0.701786 0.288438 0.019643 0.005000
2 0.700446 0.280625 0.021429 0.005000
2 0.701786 0.275000 0.019643 0.006250
2 0.701786 0.268125 0.019643 0.005000
2 0.858482 0.229063 0.016071 0.005000
2 0.860714 0.243750 0.016071 0.006250
2 0.666071 0.259687 0.019643 0.003750
2 0.933036 0.278125 0.017857 0.006250
2 0.610268 0.411562 0.019643 0.007500
2 0.611607 0.404687 0.017857 0.006250
2 0.609375 0.399062 0.017857 0.007500
2 0.607143 0.378750 0.017857 0.007500
2 0.604911 0.371875 0.017857 0.006250
2 0.603571 0.366563 0.019643 0.005000
2 0.665625 0.385937 0.023214 0.012500
2 0.664732 0.376875 0.021429 0.010000
2 0.663393 0.367188 0.023214 0.012500
2 0.665625 0.360000 0.023214 0.013750
2 0.640179 0.353750 0.021429 0.007500
2 0.937500 0.254688 0.008929 0.012500
2 0.950893 0.292500 0.017857 0.010000
2 0.939732 0.240000 0.017857 0.011250
2 0.859821 0.253125 0.014286 0.006250
2 0.938393 0.233750 0.019643 0.011250
2 0.899107 0.238125 0.021429 0.007500
2 0.903125 0.227500 0.016071 0.005000
2 0.903125 0.218750 0.016071 0.006250
2 0.901786 0.213125 0.017857 0.007500
2 0.897321 0.280313 0.017857 0.007500
2 0.894196 0.287500 0.016071 0.006250
2 0.932143 0.317188 0.016071 0.012500
2 0.856250 0.289062 0.016071 0.006250
2 0.857143 0.281250 0.017857 0.006250
2 0.855804 0.274375 0.019643 0.005000
2 0.857143 0.265625 0.017857 0.006250
2 0.857143 0.259375 0.017857 0.006250
2 0.702679 0.262500 0.021429 0.006250
2 0.701786 0.256250 0.019643 0.006250
2 0.701786 0.248438 0.019643 0.006250
2 0.889286 0.115312 0.010714 0.015000
2 0.849107 0.131250 0.019643 0.006250
2 0.847768 0.125625 0.021429 0.007500
2 0.958929 0.075938 0.016071 0.011250
2 0.941071 0.075313 0.016071 0.010000
2 0.925446 0.074375 0.016071 0.011250
2 0.918304 0.102500 0.019643 0.011250
2 0.942857 0.103750 0.019643 0.013750
2 0.958929 0.116250 0.007143 0.013750
2 0.946429 0.116250 0.008929 0.013750
2 0.933036 0.116250 0.008929 0.013750
2 0.921875 0.115312 0.008929 0.015000
2 0.910714 0.115312 0.008929 0.015000
2 0.900893 0.115312 0.007143 0.015000
2 0.847321 0.106250 0.016071 0.012500
2 0.686161 0.221875 0.010714 0.012500
2 0.777679 0.141562 0.010714 0.011250
2 0.776786 0.158125 0.008929 0.016250
2 0.702679 0.242188 0.021429 0.006250
2 0.701786 0.233125 0.019643 0.010000
2 0.676339 0.222500 0.008929 0.013750
2 0.666071 0.219062 0.010714 0.016250
2 0.656250 0.219375 0.008929 0.013750
2 0.646429 0.219375 0.007143 0.013750
2 0.664732 0.300000 0.021429 0.006250
2 0.666071 0.293750 0.019643 0.006250
2 0.666071 0.286875 0.019643 0.005000
2 0.666071 0.272813 0.019643 0.005000
2 0.666071 0.267188 0.019643 0.006250
2 0.849107 0.137500 0.019643 0.006250
2 0.848214 0.145313 0.017857 0.006250
2 0.846875 0.152188 0.019643 0.007500
2 0.846875 0.158438 0.019643 0.007500
2 0.694643 0.221250 0.005357 0.011250
2 0.937500 0.225000 0.017857 0.012500
2 0.940625 0.216875 0.019643 0.015000
2 0.940179 0.203437 0.014286 0.010000
2 0.927232 0.183438 0.019643 0.013750
2 0.950446 0.137500 0.021429 0.006250
2 0.956696 0.148125 0.007143 0.015000
2 0.946429 0.148125 0.008929 0.015000
2 0.930804 0.147500 0.008929 0.013750
2 0.919643 0.146562 0.008929 0.015000
2 0.912946 0.135937 0.017857 0.006250
2 0.910714 0.147500 0.008929 0.013750
2 0.899554 0.147500 0.008929 0.013750
2 0.890625 0.135937 0.017857 0.006250
2 0.943304 0.173750 0.007143 0.010000
2 0.935268 0.173125 0.008929 0.008750
2 0.924107 0.172812 0.008929 0.011250
2 0.914286 0.171250 0.007143 0.011250
2 0.904018 0.172187 0.008929 0.010000
2 0.915625 0.184375 0.014286 0.012500
2 0.896875 0.183750 0.021429 0.011250
2 0.891964 0.171250 0.007143 0.011250
2 0.883929 0.171250 0.008929 0.011250
2 0.860714 0.183750 0.007143 0.011250
2 0.865179 0.171250 0.007143 0.011250
2 0.846875 0.171875 0.019643 0.006250
2 0.846875 0.165000 0.019643 0.005000
