2 0.024107 0.838125 0.012500 0.013750
2 0.008929 0.840625 0.008929 0.012500
2 0.154911 0.488750 0.019643 0.008750
2 0.163393 0.499688 0.014286 0.015000
2 0.154464 0.503125 0.014286 0.012500
2 0.187054 0.569375 0.021429 0.007500
2 0.046429 0.423125 0.012500 0.015000
2 0.066071 0.466250 0.016071 0.013750
2 0.056250 0.469375 0.014286 0.013750
2 0.037500 0.393750 0.012500 0.012500
2 0.026339 0.397187 0.012500 0.016250
2 0.214732 0.505312 0.014286 0.013750
2 0.203125 0.495937 0.017857 0.007500
2 0.204911 0.506250 0.012500 0.012500
2 0.200893 0.025625 0.017857 0.007500
2 0.154464 0.077500 0.014286 0.017500
2 0.165179 0.114688 0.008929 0.013750
2 0.286607 0.184062 0.019643 0.008750
2 0.497321 0.094375 0.012500 0.013750
2 0.796429 0.166875 0.021429 0.008750
2 0.514286 0.098437 0.010714 0.012500
2 0.774554 0.162187 0.017857 0.008750
2 0.281250 0.510000 0.017857 0.007500
2 0.190179 0.204375 0.014286 0.015000
2 0.559821 0.192812 0.012500 0.013750
2 0.574107 0.231875 0.014286 0.013750
2 0.540625 0.233438 0.014286 0.013750
2 0.547321 0.247500 0.014286 0.013750
2 0.552679 0.265937 0.016071 0.016250
2 0.477232 0.307500 0.012500 0.015000
2 0.329464 0.183438 0.016071 0.007500
2 0.227679 0.170938 0.017857 0.007500
2 0.200000 0.201250 0.016071 0.015000
2 0.197321 0.348125 0.010714 0.015000
2 0.519643 0.348125 0.012500 0.015000
2 0.187500 0.351250 0.008929 0.015000
2 0.178571 0.352813 0.008929 0.015000
2 0.168304 0.353125 0.010714 0.012500
2 0.157143 0.353437 0.010714 0.016250
2 0.356250 0.469375 0.016071 0.020000
2 0.487500 0.565000 0.019643 0.011250
2 0.481696 0.550000 0.021429 0.012500
2 0.391518 0.514375 0.019643 0.010000
2 0.310714 0.472500 0.014286 0.013750
2 0.515179 0.361563 0.012500 0.013750
2 0.459821 0.290937 0.017857 0.022500
2 0.623661 0.145000 0.019643 0.008750
2 0.601786 0.227500 0.016071 0.011250
2 0.603125 0.159062 0.014286 0.015000
2 0.574554 0.153125 0.019643 0.012500
2 0.575893 0.161250 0.017857 0.010000
2 0.579018 0.167500 0.019643 0.010000
2 0.583482 0.174375 0.019643 0.011250
2 0.625000 0.215000 0.008929 0.011250
2 0.614732 0.214062 0.010714 0.012500
2 0.600446 0.215000 0.017857 0.011250
2 0.600000 0.221250 0.021429 0.011250
2 0.628125 0.243438 0.019643 0.008750
2 0.626786 0.532813 0.012500 0.012500
2 0.611607 0.247500 0.017857 0.007500
2 0.644643 0.405312 0.012500 0.013750
2 0.650000 0.422500 0.014286 0.013750
2 0.654464 0.440625 0.014286 0.012500
2 0.629018 0.426563 0.012500 0.012500
2 0.720536 0.634062 0.012500 0.015000
2 0.499554 0.613125 0.021429 0.007500
2 0.401786 0.627188 0.017857 0.007500
2 0.645536 0.538750 0.014286 0.015000
2 0.023214 0.240625 0.010714 0.012500
2 0.116964 0.219375 0.010714 0.013750
2 0.048661 0.233438 0.012500 0.013750
2 0.112946 0.192812 0.016071 0.007500
2 0.093750 0.198125 0.017857 0.008750
2 0.040179 0.207187 0.017857 0.011250
2 0.268750 0.874062 0.010714 0.013750
2 0.223661 0.774375 0.014286 0.017500
2 0.242857 0.823125 0.012500 0.015000
2 0.270982 0.831875 0.010714 0.013750
2 0.286607 0.874062 0.010714 0.013750
2 0.518750 0.840625 0.010714 0.012500
2 0.415179 0.877188 0.017857 0.007500
2 0.433036 0.874687 0.017857 0.008750
2 0.482143 0.876563 0.008929 0.012500
2 0.641518 0.866250 0.010714 0.013750
2 0.536161 0.870000 0.014286 0.015000
2 0.553571 0.896250 0.008929 0.011250
2 0.472768 0.890625 0.012500 0.012500
2 0.288393 0.942500 0.014286 0.016250
2 0.337054 0.996875 0.008929 0.006250
2 0.411607 0.991563 0.010714 0.011250
2 0.977232 0.185625 0.012500 0.015000
2 0.871429 0.981250 0.010714 0.012500
2 0.759821 0.716562 0.010714 0.011250
2 0.876339 0.884062 0.016071 0.015000
2 0.903125 0.878750 0.016071 0.013750
2 0.954464 0.830937 0.016071 0.015000
2 0.940179 0.835000 0.014286 0.013750
2 0.879911 0.851562 0.014286 0.012500
2 0.806250 0.836250 0.014286 0.016250
2 0.776339 0.789687 0.012500 0.013750
2 0.786607 0.784062 0.010714 0.015000
2 0.782143 0.768125 0.010714 0.011250
2 0.747321 0.673750 0.012500 0.016250
2 0.794196 0.678750 0.012500 0.013750
2 0.822321 0.673125 0.010714 0.015000
2 0.909375 0.475625 0.019643 0.007500
2 0.887946 0.483750 0.021429 0.011250
