2 0.221429 0.979688 0.023214 0.006250
2 0.962054 0.659375 0.008929 0.012500
2 0.982589 0.420312 0.014286 0.012500
2 0.843750 0.221250 0.017857 0.011250
2 0.860268 0.230938 0.019643 0.015000
2 0.850893 0.401250 0.014286 0.015000
2 0.737500 0.491250 0.019643 0.013750
2 0.716518 0.500625 0.017857 0.013750
2 0.729464 0.785000 0.021429 0.007500
2 0.906696 0.938750 0.023214 0.008750
2 0.935714 0.935625 0.023214 0.008750
2 0.193750 0.979063 0.021429 0.011250
2 0.256696 0.979375 0.026786 0.008750
2 0.015179 0.205313 0.021429 0.013750
