2 0.793304 0.278125 0.028571 0.018750
2 0.146429 0.283750 0.007143 0.011250
2 0.297321 0.300000 0.005357 0.012500
2 0.280357 0.300312 0.007143 0.010000
2 0.266071 0.301250 0.005357 0.008750
2 0.258036 0.300312 0.007143 0.010000
2 0.250000 0.300312 0.008929 0.010000
2 0.240179 0.300937 0.007143 0.011250
2 0.231250 0.298750 0.007143 0.010000
2 0.223214 0.297812 0.008929 0.011250
2 0.212500 0.300937 0.005357 0.011250
2 0.204464 0.300937 0.007143 0.011250
2 0.194643 0.299375 0.005357 0.011250
2 0.178571 0.298750 0.008929 0.010000
2 0.170982 0.300312 0.007143 0.010000
2 0.155357 0.299375 0.007143 0.011250
2 0.146429 0.298438 0.007143 0.012500
2 0.184375 0.311250 0.016071 0.010000
2 0.105804 0.311875 0.019643 0.005000
2 0.104018 0.319688 0.016071 0.005000
2 0.104911 0.336875 0.017857 0.005000
2 0.103125 0.341875 0.014286 0.002500
2 0.102679 0.349375 0.017857 0.005000
2 0.104464 0.355000 0.012500 0.003750
2 0.105357 0.361250 0.014286 0.003750
2 0.102679 0.371250 0.017857 0.005000
2 0.104018 0.377500 0.016071 0.005000
2 0.128571 0.283750 0.007143 0.011250
2 0.135268 0.244688 0.007143 0.011250
2 0.345982 0.394062 0.008929 0.010000
2 0.098661 0.237500 0.005357 0.012500
2 0.302232 0.213438 0.019643 0.011250
2 0.299554 0.228437 0.014286 0.010000
2 0.301786 0.234063 0.014286 0.008750
2 0.301786 0.244062 0.014286 0.010000
2 0.299107 0.250625 0.017857 0.013750
2 0.272768 0.210938 0.014286 0.012500
2 0.273661 0.224375 0.016071 0.011250
2 0.271429 0.232187 0.016071 0.011250
2 0.270536 0.239375 0.014286 0.010000
2 0.270536 0.246250 0.014286 0.011250
2 0.260714 0.202500 0.012500 0.011250
2 0.259375 0.208750 0.014286 0.011250
2 0.260714 0.215937 0.012500 0.010000
2 0.258482 0.222187 0.012500 0.010000
2 0.258482 0.231875 0.012500 0.007500
2 0.257589 0.238125 0.010714 0.007500
2 0.256250 0.245000 0.012500 0.008750
2 0.260268 0.252188 0.016071 0.007500
2 0.258036 0.259375 0.016071 0.012500
2 0.291964 0.284375 0.012500 0.012500
2 0.281696 0.284375 0.014286 0.012500
2 0.271875 0.284687 0.012500 0.010000
2 0.262946 0.285625 0.012500 0.008750
2 0.245536 0.283125 0.008929 0.010000
2 0.240179 0.282500 0.007143 0.008750
2 0.657143 0.136875 0.019643 0.011250
2 0.358482 0.059375 0.007143 0.012500
2 0.345089 0.218750 0.007143 0.012500
2 0.382143 0.219375 0.005357 0.013750
2 0.407589 0.215625 0.007143 0.012500
2 0.405357 0.296250 0.007143 0.011250
2 0.378571 0.414375 0.007143 0.010000
2 0.170536 0.157500 0.064286 0.008750
2 0.394643 0.248438 0.012500 0.031250
2 0.396875 0.835313 0.012500 0.017500
2 0.380804 0.301875 0.007143 0.010000
2 0.960714 0.049375 0.019643 0.005000
2 0.870536 0.156250 0.017857 0.006250
2 0.447768 0.151875 0.016071 0.003750
2 0.426786 0.152500 0.014286 0.005000
2 0.415625 0.159375 0.014286 0.006250
2 0.405357 0.168125 0.016071 0.005000
2 0.363393 0.158750 0.021429 0.005000
2 0.341518 0.167187 0.017857 0.006250
2 0.291518 0.157812 0.016071 0.006250
2 0.522321 0.161875 0.017857 0.005000
2 0.416071 0.189375 0.010714 0.010000
2 0.392857 0.203125 0.008929 0.012500
2 0.383036 0.199375 0.007143 0.011250
2 0.380804 0.240625 0.007143 0.012500
2 0.403125 0.249063 0.007143 0.013750
2 0.338393 0.265625 0.007143 0.012500
2 0.380804 0.271875 0.007143 0.012500
2 0.391071 0.320625 0.005357 0.010000
2 0.402232 0.345000 0.005357 0.008750
2 0.402232 0.401875 0.005357 0.010000
2 0.355357 0.355625 0.005357 0.011250
2 0.378571 0.337188 0.007143 0.008750
2 0.126786 0.165313 0.057143 0.008750
2 0.963393 0.055625 0.016071 0.005000
2 0.966964 0.037500 0.014286 0.006250
2 0.294643 0.023438 0.017857 0.006250
2 0.726786 0.104375 0.016071 0.008750
2 0.191071 0.031563 0.016071 0.003750
2 0.295089 0.075938 0.014286 0.005000
2 0.290625 0.090938 0.014286 0.003750
2 0.297321 0.104062 0.014286 0.005000
2 0.346429 0.074375 0.005357 0.011250
2 0.357589 0.084687 0.005357 0.010000
2 0.347321 0.095625 0.007143 0.010000
2 0.345089 0.111250 0.007143 0.010000
2 0.358482 0.107187 0.007143 0.011250
2 0.373214 0.107187 0.005357 0.011250
2 0.392411 0.077500 0.003571 0.011250
2 0.422321 0.073125 0.005357 0.008750
2 0.434375 0.066875 0.016071 0.008750
2 0.513393 0.079687 0.017857 0.012500
2 0.509375 0.094375 0.014286 0.007500
2 0.560268 0.029063 0.008929 0.011250
2 0.566071 0.053125 0.016071 0.006250
2 0.731250 0.070000 0.016071 0.008750
2 0.767411 0.051875 0.012500 0.010000
2 0.798214 0.038750 0.016071 0.008750
2 0.837946 0.021250 0.019643 0.011250
2 0.852232 0.013750 0.012500 0.008750
2 0.838393 0.013125 0.016071 0.007500
2 0.820536 0.020625 0.016071 0.010000
2 0.889286 0.027500 0.019643 0.011250
2 0.100893 0.387813 0.014286 0.003750
2 0.101786 0.396250 0.016071 0.005000
2 0.101786 0.401875 0.016071 0.003750
2 0.261607 0.940000 0.014286 0.005000
2 0.261607 0.947813 0.014286 0.005000
2 0.262500 0.960313 0.016071 0.005000
2 0.244643 0.993750 0.016071 0.006250
2 0.261607 0.979063 0.014286 0.005000
2 0.261607 0.984375 0.014286 0.006250
2 0.260714 0.992188 0.012500 0.006250
2 0.177679 0.976875 0.007143 0.010000
2 0.170982 0.976250 0.007143 0.008750
2 0.297321 0.915000 0.014286 0.011250
2 0.297321 0.920937 0.014286 0.007500
2 0.295089 0.930937 0.014286 0.008750
2 0.294643 0.941563 0.017857 0.005000
2 0.293750 0.950313 0.016071 0.010000
2 0.293750 0.960313 0.016071 0.011250
2 0.297321 0.970000 0.014286 0.008750
2 0.295982 0.976250 0.016071 0.008750
2 0.294643 0.983125 0.017857 0.010000
2 0.295089 0.991875 0.014286 0.008750
2 0.261607 0.929063 0.014286 0.005000
2 0.262500 0.933750 0.016071 0.005000
2 0.245536 0.975000 0.017857 0.006250
2 0.104018 0.405625 0.016071 0.005000
2 0.145536 0.387500 0.014286 0.006250
2 0.142857 0.435313 0.017857 0.005000
2 0.091518 0.491563 0.017857 0.005000
2 0.082589 0.500625 0.017857 0.007500
2 0.108482 0.500625 0.016071 0.007500
2 0.176339 0.475312 0.017857 0.003750
2 0.201786 0.475000 0.019643 0.006250
2 0.233482 0.460938 0.016071 0.006250
2 0.258036 0.466563 0.007143 0.011250
2 0.277232 0.456250 0.014286 0.006250
2 0.279018 0.461875 0.017857 0.005000
2 0.332143 0.460938 0.012500 0.012500
2 0.377232 0.493125 0.008929 0.011250
2 0.399554 0.506875 0.008929 0.013750
2 0.352679 0.504375 0.008929 0.015000
2 0.352679 0.547500 0.008929 0.013750
2 0.263393 0.493750 0.017857 0.006250
2 0.290179 0.515313 0.017857 0.008750
2 0.299554 0.529062 0.014286 0.005000
2 0.298214 0.537500 0.016071 0.006250
2 0.298214 0.542500 0.016071 0.003750
2 0.297321 0.554688 0.014286 0.006250
2 0.300000 0.561875 0.019643 0.005000
2 0.259375 0.514375 0.014286 0.003750
2 0.260714 0.520625 0.012500 0.003750
2 0.251786 0.532813 0.012500 0.006250
2 0.145536 0.398438 0.014286 0.006250
2 0.146875 0.374375 0.012500 0.005000
2 0.236607 0.544687 0.017857 0.005000
2 0.188839 0.368125 0.007143 0.011250
2 0.103125 0.411250 0.014286 0.003750
2 0.101786 0.424375 0.016071 0.005000
2 0.102679 0.430938 0.017857 0.002500
2 0.103571 0.435625 0.019643 0.002500
2 0.103571 0.443125 0.019643 0.005000
2 0.102679 0.447187 0.017857 0.003750
2 0.102679 0.452500 0.017857 0.005000
2 0.103571 0.460313 0.019643 0.005000
2 0.121429 0.468125 0.010714 0.011250
2 0.147768 0.330625 0.014286 0.005000
2 0.146429 0.337812 0.016071 0.003750
2 0.145536 0.344062 0.014286 0.003750
2 0.165625 0.326875 0.005357 0.010000
2 0.173214 0.326875 0.007143 0.010000
2 0.187500 0.326250 0.008929 0.015000
2 0.195536 0.328125 0.007143 0.012500
2 0.203571 0.328437 0.005357 0.010000
2 0.164286 0.340625 0.007143 0.012500
2 0.173214 0.339375 0.007143 0.010000
2 0.182143 0.340313 0.007143 0.008750
2 0.196429 0.339375 0.008929 0.010000
2 0.205357 0.340000 0.008929 0.011250
2 0.247768 0.329062 0.008929 0.011250
2 0.208929 0.366563 0.007143 0.011250
2 0.200000 0.368125 0.007143 0.011250
2 0.236607 0.536875 0.017857 0.005000
2 0.237946 0.519062 0.016071 0.003750
2 0.244196 0.967500 0.010714 0.003750
2 0.204464 0.865000 0.007143 0.011250
2 0.076339 0.901875 0.005357 0.010000
2 0.069643 0.901875 0.005357 0.010000
2 0.060268 0.915000 0.008929 0.011250
2 0.118750 0.936875 0.014286 0.005000
2 0.119643 0.966562 0.016071 0.005000
2 0.158929 0.882188 0.005357 0.011250
2 0.176786 0.883750 0.005357 0.011250
2 0.204018 0.882188 0.010714 0.011250
2 0.216964 0.880625 0.014286 0.011250
2 0.228571 0.879063 0.010714 0.011250
2 0.243750 0.881250 0.014286 0.012500
2 0.263839 0.880625 0.014286 0.011250
2 0.288393 0.898438 0.014286 0.012500
2 0.295089 0.907188 0.014286 0.011250
2 0.100893 0.906250 0.014286 0.006250
2 0.262500 0.915000 0.016071 0.011250
2 0.325000 0.940000 0.007143 0.011250
2 0.345089 0.971250 0.007143 0.011250
2 0.249107 0.921250 0.007143 0.011250
2 0.245982 0.929063 0.014286 0.005000
2 0.244196 0.936250 0.010714 0.003750
2 0.242857 0.941563 0.012500 0.005000
2 0.245536 0.947188 0.017857 0.003750
2 0.244643 0.955625 0.016071 0.005000
2 0.245536 0.960313 0.017857 0.005000
2 0.196429 0.865000 0.008929 0.011250
2 0.212500 0.866563 0.005357 0.011250
2 0.234821 0.513437 0.014286 0.005000
2 0.234375 0.867188 0.008929 0.012500
2 0.194643 0.546875 0.014286 0.006250
2 0.194643 0.555625 0.014286 0.005000
2 0.194643 0.564063 0.014286 0.006250
2 0.243304 0.573750 0.008929 0.010000
2 0.217857 0.572813 0.007143 0.011250
2 0.383036 0.602500 0.007143 0.011250
2 0.300446 0.632812 0.016071 0.012500
2 0.338393 0.685000 0.007143 0.013750
2 0.382143 0.702500 0.005357 0.011250
2 0.400000 0.711875 0.005357 0.011250
2 0.383036 0.742188 0.007143 0.012500
2 0.350893 0.763125 0.005357 0.013750
2 0.339286 0.763437 0.008929 0.011250
2 0.298214 0.721875 0.016071 0.012500
2 0.298214 0.749375 0.016071 0.011250
2 0.296429 0.822500 0.021429 0.013750
2 0.383036 0.890625 0.007143 0.012500
2 0.087946 0.713125 0.019643 0.007500
2 0.122768 0.715000 0.017857 0.005000
2 0.162054 0.765625 0.007143 0.012500
2 0.116518 0.835000 0.005357 0.013750
2 0.283482 0.868437 0.008929 0.015000
2 0.273661 0.866875 0.007143 0.015000
2 0.263393 0.865625 0.008929 0.012500
2 0.254464 0.866563 0.008929 0.011250
