2 0.180357 0.008750 0.021429 0.011250
2 0.184821 0.028750 0.021429 0.007500
2 0.176339 0.170625 0.026786 0.010000
2 0.475893 0.285938 0.023214 0.006250
2 0.480357 0.293125 0.023214 0.005000
2 0.474107 0.300000 0.019643 0.006250
2 0.476786 0.308438 0.025000 0.007500
2 0.557143 0.308438 0.025000 0.013750
2 0.060714 0.288125 0.023214 0.007500
2 0.059821 0.298438 0.021429 0.006250
2 0.072321 0.470937 0.010714 0.013750
2 0.265179 0.525312 0.012500 0.016250
2 0.070536 0.545000 0.025000 0.008750
2 0.921429 0.870000 0.030357 0.008750
2 0.779018 0.132812 0.017857 0.006250
2 0.112500 0.642188 0.019643 0.006250
2 0.154464 0.842812 0.014286 0.013750
