2 0.889286 0.702187 0.037500 0.020000
2 0.900446 0.693125 0.037500 0.023750
2 0.914732 0.679688 0.039286 0.025000
2 0.923214 0.671250 0.033929 0.023750
2 0.876339 0.711562 0.033929 0.020000
2 0.935714 0.661250 0.032143 0.022500
2 0.946429 0.652500 0.035714 0.023750
2 0.959821 0.640313 0.035714 0.021250
2 0.966964 0.631875 0.032143 0.020000
2 0.982589 0.615625 0.032143 0.025000
2 0.980804 0.745937 0.037500 0.013750
2 0.936607 0.773125 0.033929 0.015000
2 0.935268 0.785625 0.035714 0.015000
2 0.962054 0.714375 0.017857 0.022500
2 0.976786 0.715000 0.016071 0.023750
2 0.980357 0.731875 0.032143 0.013750
