2 0.593304 0.378125 0.021429 0.006250
2 0.738393 0.381875 0.057143 0.007500
2 0.804911 0.387500 0.025000 0.006250
2 0.706250 0.296563 0.010714 0.015000
2 0.582143 0.258750 0.012500 0.005000
2 0.583036 0.251875 0.014286 0.003750
2 0.971875 0.417812 0.010714 0.013750
2 0.918304 0.412188 0.010714 0.015000
2 0.850893 0.700000 0.023214 0.006250
2 0.881250 0.740625 0.012500 0.012500
2 0.827232 0.732812 0.025000 0.012500
2 0.861607 0.739687 0.017857 0.013750
2 0.633036 0.706562 0.025000 0.010000
2 0.700446 0.703750 0.021429 0.007500
2 0.593304 0.926875 0.012500 0.010000
2 0.599554 0.948750 0.016071 0.010000
2 0.956250 0.090625 0.010714 0.012500
2 0.988839 0.201250 0.008929 0.015000
2 0.581250 0.142187 0.019643 0.006250
2 0.750000 0.682188 0.008929 0.011250
2 0.770089 0.676875 0.008929 0.010000
