2 0.579018 0.649687 0.010714 0.015000
2 0.567857 0.873437 0.010714 0.012500
2 0.760268 0.996875 0.007143 0.006250
2 0.621429 0.178750 0.046429 0.007500
2 0.833482 0.784375 0.010714 0.012500
2 0.832589 0.758750 0.008929 0.011250
2 0.700893 0.630625 0.017857 0.011250
2 0.676786 0.012188 0.023214 0.021250
2 0.831250 0.744062 0.010714 0.010000
2 0.569196 0.727500 0.008929 0.011250
2 0.692411 0.085625 0.014286 0.008750
2 0.689286 0.088750 0.012500 0.008750
2 0.667411 0.124063 0.017857 0.007500
2 0.966518 0.932188 0.008929 0.011250
