2 0.124107 0.031875 0.025000 0.007500
2 0.128125 0.040625 0.019643 0.006250
2 0.132143 0.050625 0.023214 0.007500
2 0.138393 0.063125 0.017857 0.007500
2 0.175446 0.016250 0.025000 0.007500
2 0.179018 0.025625 0.032143 0.007500
2 0.183036 0.038125 0.017857 0.007500
2 0.186161 0.053438 0.019643 0.010000
2 0.163393 0.070938 0.014286 0.013750
2 0.175893 0.067187 0.012500 0.012500
2 0.314732 0.099375 0.017857 0.017500
2 0.294196 0.341875 0.021429 0.008750
2 0.196429 0.381250 0.017857 0.006250
2 0.082589 0.384375 0.026786 0.006250
2 0.117411 0.393437 0.025000 0.008750
2 0.220089 0.363750 0.042857 0.008750
2 0.881250 0.038750 0.021429 0.008750
2 0.882143 0.045000 0.023214 0.008750
2 0.887500 0.059062 0.016071 0.008750
2 0.891964 0.070000 0.025000 0.008750
2 0.649107 0.951250 0.021429 0.008750
2 0.745536 0.932500 0.017857 0.008750
2 0.971875 0.915625 0.010714 0.012500
2 0.205357 0.454688 0.017857 0.012500
2 0.266071 0.473750 0.014286 0.016250
2 0.269643 0.495937 0.012500 0.013750
2 0.254911 0.578125 0.014286 0.018750
2 0.294196 0.574688 0.012500 0.021250
2 0.346875 0.570625 0.010714 0.016250
2 0.234375 0.623125 0.017857 0.008750
2 0.237054 0.631875 0.023214 0.007500
2 0.368750 0.585313 0.014286 0.011250
2 0.355357 0.585938 0.014286 0.012500
2 0.341071 0.590313 0.012500 0.015000
2 0.278571 0.592812 0.021429 0.013750
2 0.289732 0.491250 0.012500 0.013750
2 0.305357 0.490000 0.012500 0.017500
2 0.532589 0.818125 0.007143 0.017500
2 0.475446 0.798750 0.008929 0.016250
2 0.263393 0.980937 0.017857 0.015000
2 0.249107 0.952812 0.016071 0.015000
2 0.237946 0.936250 0.016071 0.016250
2 0.435268 0.913125 0.008929 0.013750
2 0.623661 0.246250 0.028571 0.011250
2 0.671429 0.980937 0.012500 0.015000
2 0.480357 0.562188 0.014286 0.021250
2 0.675893 0.387813 0.021429 0.022500
2 0.665179 0.393750 0.017857 0.018750
2 0.450000 0.432500 0.016071 0.021250
2 0.055357 0.402500 0.021429 0.011250
2 0.011161 0.311563 0.017857 0.007500
2 0.924107 0.102188 0.017857 0.007500
