2 0.817411 0.296875 0.014286 0.025000
2 0.716518 0.295938 0.017857 0.026250
2 0.731250 0.294687 0.016071 0.023750
2 0.746875 0.295625 0.016071 0.022500
2 0.764286 0.296875 0.019643 0.025000
2 0.782143 0.296875 0.019643 0.025000
2 0.800000 0.297500 0.019643 0.026250
2 0.834821 0.298438 0.017857 0.025000
2 0.852679 0.296875 0.017857 0.025000
2 0.870089 0.299063 0.021429 0.026250
2 0.361607 0.350000 0.017857 0.025000
2 0.380357 0.349375 0.019643 0.023750
2 0.398214 0.350938 0.019643 0.023750
2 0.415179 0.350000 0.017857 0.025000
2 0.698661 0.296875 0.017857 0.025000
2 0.680804 0.298750 0.017857 0.028750
2 0.662946 0.293750 0.017857 0.025000
2 0.643750 0.291875 0.019643 0.027500
2 0.611607 0.292813 0.017857 0.026250
2 0.592857 0.293125 0.016071 0.023750
2 0.558036 0.290000 0.017857 0.030000
2 0.522321 0.289687 0.017857 0.026250
2 0.505804 0.285938 0.016071 0.031250
2 0.486607 0.291250 0.017857 0.026250
2 0.421875 0.286562 0.017857 0.026250
2 0.386161 0.284375 0.017857 0.025000
2 0.869643 0.266875 0.016071 0.027500
2 0.852679 0.266875 0.017857 0.027500
2 0.834821 0.266875 0.017857 0.027500
2 0.816964 0.266250 0.017857 0.026250
2 0.801786 0.266875 0.014286 0.027500
2 0.432143 0.350000 0.016071 0.025000
2 0.449107 0.347500 0.014286 0.026250
2 0.520089 0.353125 0.017857 0.025000
2 0.878571 0.361875 0.016071 0.023750
2 0.178125 0.802187 0.021429 0.026250
2 0.180804 0.774062 0.017857 0.026250
2 0.164286 0.772813 0.016071 0.023750
2 0.129018 0.804375 0.021429 0.027500
2 0.110714 0.802187 0.016071 0.026250
2 0.092857 0.800313 0.016071 0.028750
2 0.073661 0.799375 0.017857 0.030000
2 0.280357 0.810000 0.016071 0.026250
2 0.283482 0.763437 0.017857 0.023750
2 0.133036 0.708750 0.016071 0.023750
2 0.100446 0.708750 0.017857 0.023750
2 0.066964 0.707188 0.017857 0.023750
2 0.951339 0.310000 0.023214 0.045000
2 0.901786 0.361875 0.017857 0.030000
2 0.853571 0.361875 0.019643 0.023750
2 0.536161 0.354063 0.014286 0.023750
2 0.834821 0.363125 0.017857 0.020000
2 0.778125 0.360000 0.016071 0.020000
2 0.762500 0.358750 0.016071 0.023750
2 0.727679 0.358750 0.017857 0.023750
2 0.709821 0.357500 0.017857 0.027500
2 0.691071 0.357812 0.016071 0.025000
2 0.674107 0.357187 0.017857 0.023750
2 0.656250 0.353750 0.017857 0.026250
2 0.638839 0.353125 0.014286 0.025000
2 0.621875 0.356563 0.016071 0.022500
2 0.605357 0.353750 0.014286 0.026250
2 0.585268 0.353750 0.014286 0.026250
2 0.569196 0.354063 0.017857 0.023750
2 0.552679 0.354063 0.016071 0.023750
2 0.785714 0.264688 0.017857 0.026250
2 0.769196 0.264688 0.016071 0.026250
2 0.751339 0.265000 0.016071 0.023750
2 0.105357 0.252188 0.023214 0.026250
2 0.560268 0.196250 0.017857 0.023750
2 0.526339 0.196875 0.021429 0.025000
2 0.511161 0.196563 0.017857 0.027500
2 0.491071 0.193437 0.017857 0.027500
2 0.440625 0.222500 0.037500 0.013750
2 0.474554 0.193750 0.016071 0.025000
2 0.440179 0.192500 0.014286 0.022500
2 0.405357 0.190625 0.016071 0.025000
2 0.386607 0.191250 0.014286 0.020000
2 0.370982 0.188750 0.014286 0.021250
2 0.200000 0.248125 0.016071 0.027500
2 0.183036 0.250000 0.017857 0.031250
2 0.163839 0.249063 0.019643 0.026250
2 0.140179 0.252812 0.021429 0.027500
2 0.083929 0.247812 0.016071 0.023750
2 0.595089 0.190938 0.016071 0.022500
2 0.579464 0.195625 0.016071 0.022500
2 0.629464 0.197500 0.017857 0.026250
2 0.732143 0.265000 0.017857 0.023750
2 0.403571 0.252500 0.021429 0.030000
2 0.715179 0.263125 0.019643 0.026250
2 0.698661 0.263437 0.017857 0.023750
2 0.683036 0.264062 0.017857 0.025000
2 0.647321 0.260000 0.017857 0.026250
2 0.628125 0.260000 0.019643 0.026250
2 0.610714 0.259375 0.016071 0.025000
2 0.593750 0.260313 0.017857 0.023750
2 0.578571 0.259375 0.014286 0.025000
2 0.558036 0.259375 0.017857 0.025000
2 0.541964 0.258125 0.012500 0.022500
2 0.507589 0.256250 0.019643 0.025000
2 0.475446 0.254375 0.017857 0.027500
2 0.456696 0.255000 0.016071 0.028750
2 0.421875 0.254375 0.017857 0.027500
2 0.388393 0.253125 0.017857 0.031250
2 0.665179 0.200312 0.017857 0.028750
2 0.369643 0.252812 0.016071 0.027500
2 0.925446 0.205938 0.016071 0.027500
2 0.909375 0.206875 0.019643 0.026250
2 0.889286 0.204687 0.019643 0.025000
2 0.871875 0.204687 0.016071 0.025000
2 0.858482 0.202813 0.016071 0.027500
2 0.840179 0.202188 0.019643 0.026250
2 0.821429 0.201563 0.017857 0.025000
2 0.804911 0.204062 0.016071 0.023750
2 0.789286 0.202188 0.016071 0.026250
2 0.770089 0.203125 0.017857 0.025000
2 0.752232 0.201563 0.017857 0.025000
2 0.735714 0.200000 0.016071 0.025000
2 0.717857 0.200625 0.016071 0.026250
2 0.162946 0.803125 0.017857 0.025000
2 0.111607 0.770937 0.017857 0.026250
2 0.089286 0.866250 0.017857 0.026250
2 0.960714 0.208125 0.019643 0.022500
2 0.107589 0.866250 0.014286 0.026250
2 0.063393 0.988438 0.019643 0.023750
2 0.081696 0.988438 0.016071 0.023750
2 0.115179 0.989375 0.016071 0.022500
2 0.134821 0.992500 0.019643 0.016250
2 0.150893 0.991563 0.016071 0.017500
2 0.168750 0.988750 0.016071 0.021250
2 0.247321 0.978750 0.030357 0.026250
2 0.174107 0.930625 0.017857 0.023750
2 0.118304 0.929375 0.017857 0.027500
2 0.098214 0.928125 0.017857 0.025000
2 0.080357 0.929375 0.017857 0.027500
2 0.063393 0.928750 0.019643 0.026250
2 0.262500 0.870000 0.016071 0.021250
2 0.245089 0.865625 0.021429 0.025000
2 0.225893 0.866563 0.014286 0.023750
2 0.192857 0.868125 0.019643 0.023750
2 0.174107 0.867500 0.017857 0.022500
2 0.125000 0.865625 0.017857 0.025000
