2 0.052232 0.741250 0.019643 0.013750
2 0.041071 0.815625 0.019643 0.012500
2 0.058036 0.806563 0.017857 0.016250
2 0.070536 0.799687 0.016071 0.015000
2 0.084821 0.722500 0.017857 0.013750
2 0.068750 0.730312 0.021429 0.013750
2 0.058929 0.735000 0.019643 0.013750
2 0.037946 0.712500 0.017857 0.012500
2 0.084821 0.828750 0.017857 0.013750
2 0.131696 0.721562 0.017857 0.008750
2 0.111607 0.705625 0.017857 0.011250
2 0.106250 0.700000 0.016071 0.012500
2 0.098214 0.693750 0.017857 0.012500
2 0.089286 0.685937 0.017857 0.012500
2 0.084821 0.679688 0.017857 0.012500
2 0.022321 0.828750 0.017857 0.013750
2 0.041071 0.850625 0.019643 0.013750
2 0.148214 0.610000 0.019643 0.013750
2 0.234375 0.703125 0.017857 0.012500
2 0.245536 0.739062 0.017857 0.012500
2 0.238839 0.734375 0.017857 0.012500
2 0.229911 0.728125 0.017857 0.012500
2 0.226339 0.721875 0.019643 0.012500
2 0.251339 0.692812 0.016071 0.013750
2 0.243750 0.697813 0.014286 0.011250
2 0.226786 0.707812 0.016071 0.012500
2 0.032143 0.860000 0.019643 0.013750
2 0.217857 0.710938 0.016071 0.012500
2 0.208929 0.715625 0.016071 0.012500
2 0.200000 0.720938 0.016071 0.013750
2 0.200893 0.735000 0.017857 0.013750
2 0.191964 0.730312 0.017857 0.013750
2 0.187500 0.725625 0.017857 0.013750
2 0.075893 0.675000 0.017857 0.012500
2 0.212054 0.695312 0.017857 0.012500
2 0.236607 0.681250 0.017857 0.012500
2 0.155357 0.630625 0.016071 0.011250
2 0.197768 0.604063 0.016071 0.011250
2 0.188393 0.608437 0.019643 0.013750
2 0.180804 0.611563 0.017857 0.013750
2 0.174107 0.617188 0.017857 0.012500
2 0.167411 0.621875 0.017857 0.012500
2 0.158482 0.626563 0.017857 0.012500
2 0.146429 0.634375 0.016071 0.012500
2 0.169643 0.661562 0.017857 0.013750
2 0.141071 0.639062 0.014286 0.012500
2 0.135268 0.641250 0.016071 0.013750
2 0.127232 0.646875 0.017857 0.012500
2 0.169643 0.604688 0.017857 0.012500
2 0.155357 0.615000 0.016071 0.011250
2 0.127679 0.620000 0.023214 0.015000
2 0.200893 0.590625 0.017857 0.012500
2 0.210714 0.597500 0.019643 0.013750
2 0.156696 0.642813 0.014286 0.013750
2 0.109375 0.662188 0.017857 0.015000
2 0.119643 0.669063 0.016071 0.016250
2 0.129464 0.677813 0.017857 0.015000
2 0.174107 0.678125 0.017857 0.006250
2 0.185714 0.670312 0.014286 0.006250
2 0.198661 0.659687 0.008929 0.010000
2 0.212054 0.653125 0.008929 0.012500
2 0.224107 0.646875 0.010714 0.012500
2 0.232143 0.637500 0.008929 0.012500
2 0.252679 0.628125 0.014286 0.012500
2 0.233036 0.613750 0.019643 0.015000
2 0.226786 0.622500 0.016071 0.013750
2 0.210268 0.625000 0.014286 0.006250
2 0.200893 0.636562 0.017857 0.007500
2 0.247768 0.745313 0.017857 0.012500
2 0.262054 0.755938 0.019643 0.015000
2 0.269643 0.751250 0.021429 0.015000
2 0.344196 0.811875 0.023214 0.017500
2 0.406250 0.792188 0.017857 0.012500
2 0.389732 0.783125 0.016071 0.010000
2 0.379464 0.771875 0.017857 0.012500
2 0.366071 0.812187 0.017857 0.015000
2 0.350446 0.801250 0.017857 0.015000
2 0.357589 0.795000 0.023214 0.015000
2 0.333482 0.821875 0.019643 0.012500
2 0.286607 0.841875 0.019643 0.015000
2 0.359375 0.828750 0.017857 0.013750
2 0.349107 0.831875 0.019643 0.013750
2 0.335714 0.845000 0.019643 0.015000
2 0.329464 0.851562 0.016071 0.012500
2 0.319196 0.840625 0.017857 0.012500
2 0.305357 0.834062 0.021429 0.015000
2 0.412946 0.796875 0.017857 0.012500
2 0.421875 0.800000 0.017857 0.012500
2 0.410714 0.809375 0.017857 0.012500
2 0.418304 0.814063 0.019643 0.012500
2 0.422768 0.818750 0.019643 0.012500
2 0.408036 0.853750 0.021429 0.013750
2 0.417411 0.850000 0.017857 0.012500
2 0.435268 0.842187 0.017857 0.012500
2 0.425893 0.845625 0.021429 0.016250
2 0.396429 0.763125 0.016071 0.013750
2 0.410714 0.777187 0.017857 0.013750
2 0.415179 0.770312 0.017857 0.012500
2 0.404018 0.758437 0.017857 0.013750
2 0.412054 0.749688 0.016071 0.015000
2 0.418304 0.754375 0.019643 0.015000
2 0.424107 0.759375 0.017857 0.012500
2 0.429464 0.765625 0.019643 0.012500
2 0.298214 0.837500 0.016071 0.012500
2 0.283036 0.848125 0.021429 0.015000
2 0.277679 0.746875 0.019643 0.012500
2 0.279911 0.723437 0.019643 0.012500
2 0.296875 0.694375 0.017857 0.013750
2 0.317857 0.700000 0.019643 0.012500
2 0.311161 0.704063 0.019643 0.011250
2 0.303571 0.708750 0.017857 0.011250
2 0.295536 0.713125 0.019643 0.013750
2 0.287946 0.718750 0.017857 0.012500
2 0.271429 0.730312 0.016071 0.013750
2 0.317857 0.853125 0.019643 0.012500
2 0.326786 0.714063 0.019643 0.012500
2 0.317857 0.718750 0.019643 0.012500
2 0.308929 0.723437 0.019643 0.012500
2 0.302232 0.729688 0.019643 0.012500
2 0.294196 0.735625 0.021429 0.015000
2 0.285714 0.740625 0.017857 0.012500
2 0.302232 0.690625 0.019643 0.012500
2 0.283929 0.670937 0.014286 0.013750
2 0.295982 0.671875 0.016071 0.012500
2 0.306250 0.672500 0.014286 0.013750
2 0.314732 0.678125 0.017857 0.012500
2 0.321429 0.683750 0.017857 0.011250
2 0.328125 0.689063 0.017857 0.012500
2 0.333482 0.710000 0.019643 0.013750
2 0.336607 0.692812 0.021429 0.013750
2 0.344643 0.699062 0.019643 0.013750
2 0.352232 0.704688 0.021429 0.012500
2 0.372321 0.732500 0.021429 0.015000
2 0.265625 0.863438 0.017857 0.011250
2 0.273661 0.855625 0.016071 0.011250
2 0.287946 0.867188 0.017857 0.012500
2 0.300000 0.863125 0.019643 0.013750
2 0.308036 0.857500 0.017857 0.015000
2 0.120536 0.615625 0.017857 0.012500
2 0.137500 0.603125 0.016071 0.012500
2 0.183929 0.575000 0.019643 0.012500
2 0.723661 0.009062 0.023214 0.015000
2 0.716071 0.016250 0.021429 0.013750
2 0.123661 0.497500 0.019643 0.013750
2 0.104911 0.486250 0.017857 0.016250
2 0.073661 0.460938 0.017857 0.012500
2 0.058929 0.449688 0.019643 0.015000
2 0.026786 0.427813 0.017857 0.015000
2 0.150000 0.518437 0.023214 0.015000
2 0.164732 0.527187 0.012500 0.013750
2 0.175000 0.535000 0.019643 0.013750
2 0.201786 0.554688 0.019643 0.012500
2 0.218750 0.567812 0.017857 0.013750
2 0.241071 0.584375 0.017857 0.012500
2 0.112500 0.582500 0.019643 0.015000
2 0.120536 0.579375 0.017857 0.015000
2 0.129464 0.574062 0.017857 0.013750
2 0.139732 0.568750 0.016071 0.012500
2 0.146429 0.565000 0.016071 0.011250
2 0.152232 0.578750 0.014286 0.013750
2 0.148214 0.549375 0.019643 0.011250
2 0.154911 0.553750 0.019643 0.013750
2 0.162946 0.559375 0.017857 0.012500
2 0.168304 0.566250 0.019643 0.013750
2 0.175000 0.570937 0.019643 0.013750
2 0.708482 0.021250 0.019643 0.011250
2 0.897321 0.092812 0.017857 0.013750
2 0.883036 0.103750 0.016071 0.013750
2 0.869643 0.117813 0.016071 0.013750
2 0.802232 0.180313 0.019643 0.013750
2 0.938839 0.525000 0.051786 0.031250
2 0.970536 0.721250 0.057143 0.036250
2 0.435268 0.768750 0.017857 0.012500
2 0.442857 0.775000 0.019643 0.012500
2 0.451786 0.780312 0.019643 0.013750
2 0.457589 0.785000 0.017857 0.013750
2 0.339732 0.602187 0.014286 0.013750
2 0.313393 0.579375 0.019643 0.015000
2 0.664286 0.640625 0.016071 0.012500
2 0.512054 0.878125 0.019643 0.012500
2 0.552232 0.978125 0.019643 0.012500
2 0.614732 0.883437 0.019643 0.013750
2 0.652679 0.841875 0.019643 0.015000
2 0.689732 0.808750 0.017857 0.011250
2 0.677232 0.812500 0.019643 0.012500
2 0.322321 0.634375 0.010714 0.012500
2 0.378571 0.565000 0.016071 0.011250
2 0.405357 0.551875 0.016071 0.010000
2 0.325893 0.571562 0.017857 0.015000
2 0.329018 0.563438 0.019643 0.011250
2 0.340625 0.561875 0.016071 0.011250
2 0.349554 0.558437 0.016071 0.013750
2 0.356250 0.553125 0.016071 0.012500
2 0.362500 0.549063 0.019643 0.013750
2 0.370536 0.547500 0.017857 0.013750
2 0.376339 0.540625 0.016071 0.012500
2 0.383482 0.535625 0.021429 0.015000
2 0.389732 0.530312 0.016071 0.013750
2 0.287946 0.555312 0.017857 0.013750
2 0.295982 0.549063 0.016071 0.013750
2 0.312500 0.538125 0.017857 0.013750
2 0.320089 0.529375 0.019643 0.015000
2 0.672321 0.645312 0.014286 0.012500
2 0.658482 0.636562 0.017857 0.013750
2 0.345089 0.516250 0.016071 0.013750
2 0.632589 0.734375 0.019643 0.012500
2 0.671875 0.712187 0.017857 0.015000
2 0.660714 0.717187 0.017857 0.012500
2 0.654018 0.722500 0.017857 0.013750
2 0.521429 0.704375 0.033929 0.021250
2 0.488393 0.709063 0.021429 0.015000
2 0.492857 0.720938 0.030357 0.020000
2 0.615625 0.746563 0.021429 0.015000
2 0.651786 0.632812 0.017857 0.012500
2 0.595982 0.756875 0.017857 0.013750
2 0.571429 0.747500 0.017857 0.013750
2 0.558036 0.756250 0.017857 0.012500
2 0.532143 0.748125 0.019643 0.015000
2 0.521429 0.743750 0.016071 0.012500
2 0.460714 0.792188 0.019643 0.012500
2 0.679911 0.707812 0.016071 0.012500
2 0.683036 0.703125 0.017857 0.012500
2 0.601339 0.653125 0.019643 0.012500
2 0.613393 0.662500 0.021429 0.012500
2 0.630804 0.669687 0.016071 0.011250
2 0.624107 0.671250 0.016071 0.011250
2 0.636161 0.681250 0.017857 0.012500
2 0.642857 0.678125 0.017857 0.012500
2 0.648661 0.674375 0.016071 0.011250
2 0.647321 0.665000 0.017857 0.011250
2 0.656250 0.661875 0.017857 0.011250
2 0.669196 0.672500 0.021429 0.013750
2 0.665179 0.678125 0.017857 0.012500
2 0.657589 0.684375 0.016071 0.012500
2 0.655357 0.687500 0.016071 0.012500
2 0.639286 0.650625 0.019643 0.013750
2 0.645089 0.628750 0.017857 0.013750
2 0.339286 0.522500 0.017857 0.013750
2 0.352679 0.510000 0.017857 0.013750
2 0.360268 0.503750 0.019643 0.013750
2 0.459821 0.437500 0.017857 0.012500
2 0.453125 0.485313 0.017857 0.011250
2 0.443304 0.488125 0.016071 0.013750
2 0.487500 0.420625 0.019643 0.016250
2 0.477679 0.424062 0.017857 0.013750
2 0.471875 0.428750 0.019643 0.013750
2 0.466518 0.434375 0.017857 0.012500
2 0.451786 0.441250 0.019643 0.013750
2 0.442857 0.446875 0.019643 0.012500
2 0.431696 0.456875 0.019643 0.013750
2 0.416071 0.466250 0.019643 0.013750
2 0.410268 0.472500 0.021429 0.013750
2 0.403125 0.475625 0.016071 0.013750
2 0.369196 0.500625 0.019643 0.013750
2 0.462054 0.478750 0.017857 0.013750
2 0.484821 0.465313 0.023214 0.015000
2 0.439732 0.508437 0.017857 0.013750
2 0.446429 0.502812 0.017857 0.015000
2 0.455357 0.498437 0.017857 0.012500
2 0.470982 0.493750 0.017857 0.012500
2 0.478571 0.490313 0.019643 0.015000
2 0.487500 0.485625 0.019643 0.015000
2 0.492857 0.479375 0.021429 0.015000
2 0.505357 0.473125 0.019643 0.015000
2 0.512946 0.466875 0.021429 0.015000
2 0.516518 0.456250 0.019643 0.012500
2 0.486607 0.503125 0.017857 0.012500
2 0.500893 0.494688 0.019643 0.011250
2 0.537946 0.478750 0.017857 0.013750
2 0.779464 0.443438 0.023214 0.015000
