2 0.170536 0.156562 0.019643 0.041250
2 0.090625 0.268750 0.060714 0.018750
2 0.227679 0.264062 0.026786 0.012500
2 0.025446 0.047500 0.019643 0.007500
2 0.024107 0.039688 0.021429 0.007500
2 0.014286 0.009062 0.010714 0.015000
2 0.017857 0.022500 0.008929 0.013750
2 0.104018 0.057500 0.025000 0.008750
2 0.011161 0.087500 0.017857 0.006250
2 0.165625 0.076875 0.023214 0.010000
2 0.110714 0.136875 0.025000 0.011250
2 0.111607 0.153750 0.017857 0.007500
2 0.123214 0.193437 0.023214 0.008750
2 0.120982 0.200312 0.023214 0.010000
2 0.185714 0.251250 0.023214 0.008750
2 0.036607 0.163125 0.019643 0.007500
2 0.038393 0.184688 0.023214 0.010000
2 0.718750 0.103750 0.017857 0.007500
2 0.422768 0.011875 0.019643 0.017500
2 0.732589 0.217500 0.014286 0.016250
2 0.762500 0.207500 0.016071 0.015000
2 0.834821 0.175625 0.017857 0.007500
2 0.883482 0.170000 0.021429 0.008750
2 0.916071 0.165938 0.019643 0.010000
2 0.940179 0.162812 0.023214 0.010000
2 0.949107 0.192500 0.014286 0.016250
2 0.553571 0.452500 0.017857 0.017500
2 0.531250 0.455312 0.017857 0.013750
2 0.958036 0.191875 0.014286 0.015000
2 0.928125 0.195625 0.012500 0.016250
2 0.437054 0.029375 0.021429 0.015000
2 0.584821 0.101562 0.017857 0.006250
2 0.461607 0.140625 0.012500 0.012500
2 0.466964 0.127812 0.014286 0.015000
2 0.850893 0.019062 0.023214 0.010000
2 0.917857 0.008125 0.023214 0.010000
2 0.350893 0.030312 0.014286 0.013750
2 0.323214 0.025000 0.021429 0.012500
2 0.398214 0.012188 0.019643 0.015000
2 0.404911 0.005312 0.019643 0.007500
2 0.449554 0.156875 0.019643 0.013750
2 0.648214 0.045000 0.019643 0.008750
2 0.862054 0.202813 0.014286 0.015000
2 0.447768 0.071250 0.025000 0.011250
2 0.907143 0.110937 0.019643 0.006250
2 0.853125 0.123125 0.023214 0.015000
2 0.831696 0.133750 0.016071 0.011250
2 0.810268 0.139375 0.017857 0.010000
2 0.772768 0.145000 0.023214 0.008750
2 0.750000 0.146562 0.017857 0.008750
2 0.729018 0.151250 0.016071 0.008750
2 0.708036 0.155625 0.023214 0.011250
2 0.685268 0.156250 0.017857 0.006250
2 0.666964 0.159688 0.021429 0.010000
2 0.640179 0.164062 0.021429 0.006250
2 0.495982 0.172187 0.023214 0.010000
2 0.548661 0.159375 0.021429 0.012500
2 0.432143 0.172812 0.016071 0.011250
2 0.383482 0.147187 0.021429 0.010000
2 0.383482 0.136563 0.021429 0.007500
2 0.439286 0.063750 0.021429 0.008750
2 0.451786 0.188750 0.019643 0.008750
