2 0.977679 0.060000 0.017857 0.026250
2 0.959821 0.058437 0.017857 0.026250
2 0.941964 0.055313 0.017857 0.026250
2 0.929911 0.056250 0.016071 0.025000
2 0.911161 0.054062 0.014286 0.023750
2 0.891071 0.052500 0.014286 0.023750
2 0.874554 0.051875 0.021429 0.022500
2 0.006696 0.719688 0.008929 0.011250
2 0.131696 0.857187 0.044643 0.017500
2 0.144196 0.821562 0.033929 0.027500
2 0.225446 0.541250 0.026786 0.026250
2 0.161161 0.538750 0.032143 0.021250
2 0.860714 0.050313 0.016071 0.022500
2 0.845089 0.050313 0.016071 0.022500
2 0.825446 0.050313 0.012500 0.022500
2 0.808482 0.050313 0.014286 0.022500
2 0.280357 0.027500 0.016071 0.023750
2 0.263839 0.028125 0.023214 0.025000
2 0.504911 0.010937 0.032143 0.012500
2 0.247321 0.033125 0.021429 0.022500
2 0.227679 0.033125 0.017857 0.022500
2 0.212500 0.034375 0.023214 0.025000
2 0.195982 0.033750 0.021429 0.023750
2 0.181696 0.035937 0.019643 0.025000
2 0.296875 0.027187 0.017857 0.026250
2 0.316964 0.027500 0.017857 0.023750
2 0.332589 0.027500 0.017857 0.023750
2 0.589286 0.040000 0.017857 0.023750
2 0.793304 0.048438 0.019643 0.025000
2 0.772321 0.048438 0.017857 0.025000
2 0.757143 0.046250 0.014286 0.023750
2 0.741071 0.046875 0.017857 0.025000
2 0.725446 0.046250 0.017857 0.023750
2 0.707589 0.044688 0.017857 0.023750
2 0.691518 0.043750 0.021429 0.025000
2 0.674107 0.041250 0.017857 0.026250
2 0.656250 0.040938 0.017857 0.022500
2 0.640625 0.041250 0.017857 0.026250
2 0.623214 0.040625 0.014286 0.025000
2 0.606250 0.040625 0.016071 0.025000
2 0.572768 0.039062 0.016071 0.025000
2 0.351786 0.027500 0.016071 0.023750
2 0.555804 0.035625 0.017857 0.027500
2 0.535714 0.034687 0.017857 0.022500
2 0.519196 0.033750 0.016071 0.023750
2 0.503571 0.033750 0.016071 0.023750
2 0.486607 0.033750 0.017857 0.023750
2 0.467857 0.033125 0.016071 0.022500
2 0.452232 0.033125 0.016071 0.022500
2 0.437946 0.029063 0.014286 0.023750
2 0.418750 0.030625 0.016071 0.023750
2 0.400000 0.029687 0.014286 0.025000
2 0.383036 0.029687 0.016071 0.025000
2 0.366071 0.027500 0.017857 0.023750
2 0.012946 0.861875 0.021429 0.017500
