2 0.567411 0.079687 0.014286 0.012500
2 0.577679 0.083125 0.012500 0.010000
2 0.596429 0.083750 0.014286 0.011250
2 0.575893 0.054688 0.008929 0.012500
2 0.666964 0.091875 0.012500 0.015000
2 0.845982 0.006250 0.017857 0.006250
2 0.724107 0.042188 0.019643 0.006250
2 0.893750 0.063125 0.019643 0.007500
2 0.687054 0.093750 0.012500 0.012500
2 0.685268 0.107813 0.017857 0.012500
2 0.695982 0.110312 0.012500 0.011250
2 0.708036 0.113437 0.014286 0.011250
2 0.602232 0.629375 0.021429 0.008750
2 0.566071 0.888125 0.016071 0.007500
2 0.668304 0.637500 0.019643 0.006250
2 0.689732 0.638750 0.017857 0.008750
2 0.729464 0.643750 0.021429 0.006250
2 0.752232 0.644375 0.017857 0.007500
2 0.814732 0.654687 0.017857 0.006250
2 0.834821 0.655938 0.017857 0.008750
2 0.903125 0.664687 0.016071 0.007500
2 0.678571 0.658438 0.017857 0.007500
2 0.718750 0.663125 0.017857 0.007500
2 0.754464 0.667500 0.017857 0.010000
2 0.824554 0.702813 0.010714 0.015000
2 0.773214 0.669375 0.019643 0.007500
