2 0.668304 0.549687 0.028571 0.015000
2 0.952679 0.583750 0.012500 0.011250
2 0.950893 0.629063 0.017857 0.017500
2 0.924107 0.737500 0.026786 0.012500
2 0.844196 0.671250 0.023214 0.011250
2 0.819643 0.701562 0.023214 0.012500
2 0.803125 0.718125 0.021429 0.011250
2 0.829464 0.693750 0.025000 0.012500
2 0.769643 0.779062 0.021429 0.011250
2 0.771429 0.753125 0.025000 0.012500
2 0.916071 0.809062 0.019643 0.008750
2 0.921429 0.825000 0.021429 0.006250
2 0.935714 0.859062 0.023214 0.008750
2 0.739286 0.815625 0.014286 0.012500
2 0.750446 0.824375 0.014286 0.011250
2 0.779018 0.834062 0.017857 0.015000
2 0.790179 0.838750 0.017857 0.015000
2 0.814732 0.850313 0.017857 0.016250
2 0.826786 0.855000 0.019643 0.016250
2 0.864286 0.871562 0.014286 0.015000
2 0.877232 0.878438 0.017857 0.016250
2 0.888393 0.884062 0.017857 0.015000
2 0.902232 0.889062 0.014286 0.018750
2 0.798214 0.947500 0.016071 0.013750
2 0.886607 0.931250 0.014286 0.012500
2 0.897321 0.936250 0.017857 0.016250
2 0.961161 0.967500 0.016071 0.016250
2 0.992857 0.982812 0.012500 0.012500
2 0.873214 0.436562 0.014286 0.020000
2 0.931696 0.515313 0.019643 0.015000
2 0.978125 0.439063 0.023214 0.018750
2 0.850446 0.597813 0.017857 0.017500
2 0.835714 0.586875 0.019643 0.017500
2 0.744643 0.709375 0.025000 0.018750
