2 0.253571 0.490937 0.033929 0.053750
2 0.427679 0.721875 0.025000 0.043750
2 0.524107 0.250312 0.083929 0.028750
2 0.551786 0.014063 0.032143 0.025000
2 0.818304 0.009375 0.025000 0.012500
2 0.791071 0.015625 0.019643 0.012500
2 0.762946 0.021563 0.021429 0.008750
2 0.749107 0.026250 0.025000 0.008750
2 0.536607 0.412812 0.010714 0.016250
2 0.444643 0.406250 0.023214 0.012500
2 0.834821 0.005938 0.026786 0.008750
2 0.731250 0.029375 0.025000 0.015000
2 0.710268 0.027500 0.023214 0.011250
2 0.424554 0.088438 0.014286 0.017500
2 0.432143 0.086250 0.016071 0.016250
2 0.445536 0.081563 0.016071 0.016250
2 0.454911 0.080937 0.012500 0.015000
2 0.460268 0.079375 0.014286 0.015000
2 0.470982 0.076875 0.017857 0.016250
2 0.483929 0.075625 0.012500 0.013750
2 0.496429 0.072500 0.010714 0.013750
2 0.550446 0.053750 0.016071 0.013750
2 0.497768 0.042188 0.017857 0.006250
2 0.496429 0.034063 0.019643 0.008750
2 0.491518 0.026250 0.023214 0.008750
2 0.124554 0.010937 0.021429 0.012500
2 0.416071 0.094688 0.019643 0.023750
2 0.322321 0.120938 0.064286 0.013750
2 0.459821 0.144687 0.026786 0.011250
2 0.398214 0.098437 0.019643 0.018750
2 0.359821 0.103750 0.014286 0.013750
2 0.178571 0.081250 0.026786 0.012500
