2 0.112054 0.402187 0.014286 0.013750
2 0.087500 0.411562 0.014286 0.013750
2 0.282589 0.381875 0.016071 0.013750
2 0.316964 0.371563 0.017857 0.015000
2 0.354464 0.349375 0.012500 0.017500
2 0.362054 0.347187 0.014286 0.016250
2 0.374107 0.345313 0.016071 0.012500
2 0.398661 0.329375 0.016071 0.015000
2 0.380804 0.341250 0.016071 0.013750
2 0.413839 0.328750 0.010714 0.013750
2 0.461607 0.324063 0.021429 0.013750
2 0.469643 0.328125 0.019643 0.012500
2 0.489286 0.353125 0.023214 0.012500
2 0.455804 0.304375 0.023214 0.015000
2 0.479464 0.235312 0.021429 0.011250
2 0.499554 0.230000 0.021429 0.016250
2 0.190179 0.194375 0.014286 0.013750
2 0.173214 0.172500 0.016071 0.013750
2 0.164732 0.159375 0.012500 0.012500
2 0.311161 0.185938 0.019643 0.012500
2 0.316518 0.193750 0.021429 0.012500
2 0.141964 0.388437 0.016071 0.017500
2 0.152232 0.385000 0.014286 0.013750
2 0.161161 0.380938 0.014286 0.015000
2 0.192857 0.366250 0.019643 0.013750
2 0.270536 0.336875 0.014286 0.017500
2 0.253571 0.341250 0.016071 0.013750
2 0.245536 0.345938 0.017857 0.013750
2 0.239732 0.350312 0.019643 0.016250
2 0.228571 0.355000 0.019643 0.016250
2 0.175446 0.374688 0.016071 0.015000
2 0.881250 0.739375 0.021429 0.010000
2 0.888393 0.745937 0.017857 0.013750
2 0.893304 0.750000 0.014286 0.012500
2 0.899107 0.756875 0.021429 0.013750
2 0.926786 0.704688 0.023214 0.012500
2 0.931250 0.711562 0.023214 0.013750
2 0.950446 0.703125 0.021429 0.012500
2 0.941071 0.720938 0.016071 0.013750
2 0.942857 0.726562 0.019643 0.012500
2 0.954018 0.740938 0.019643 0.010000
2 0.970536 0.731563 0.021429 0.010000
2 0.966518 0.723750 0.017857 0.010000
2 0.962054 0.717812 0.017857 0.007500
2 0.983929 0.680312 0.021429 0.013750
2 0.987946 0.696250 0.016071 0.011250
2 0.875893 0.734375 0.019643 0.012500
2 0.911607 0.747500 0.019643 0.013750
2 0.907143 0.740625 0.019643 0.012500
2 0.822321 0.753125 0.019643 0.012500
2 0.818750 0.745937 0.021429 0.013750
2 0.838393 0.747812 0.016071 0.011250
2 0.904018 0.733750 0.017857 0.011250
2 0.844643 0.751875 0.019643 0.010000
2 0.847768 0.760000 0.021429 0.013750
2 0.854464 0.764375 0.021429 0.010000
2 0.862500 0.776875 0.019643 0.010000
2 0.829018 0.766563 0.019643 0.011250
2 0.844643 0.782188 0.019643 0.011250
2 0.871429 0.728125 0.019643 0.012500
2 0.889286 0.718125 0.019643 0.011250
2 0.896429 0.727500 0.016071 0.011250
2 0.320089 0.198437 0.019643 0.012500
2 0.368304 0.131875 0.017857 0.013750
2 0.386607 0.128125 0.014286 0.012500
2 0.338839 0.157500 0.021429 0.015000
2 0.451786 0.149688 0.019643 0.015000
2 0.345536 0.163125 0.021429 0.013750
2 0.347768 0.168437 0.021429 0.015000
2 0.378571 0.178750 0.016071 0.013750
2 0.387946 0.175937 0.021429 0.017500
2 0.399107 0.175000 0.021429 0.018750
2 0.409375 0.168125 0.019643 0.017500
2 0.419643 0.164375 0.017857 0.016250
2 0.432143 0.159062 0.016071 0.015000
2 0.441964 0.154375 0.017857 0.015000
2 0.457589 0.148750 0.017857 0.016250
2 0.464732 0.145625 0.014286 0.016250
2 0.477679 0.140625 0.017857 0.018750
2 0.378571 0.143437 0.016071 0.015000
2 0.387500 0.144063 0.016071 0.016250
2 0.395536 0.141250 0.014286 0.013750
2 0.409821 0.134688 0.016071 0.016250
2 0.418750 0.130625 0.016071 0.017500
2 0.426339 0.128438 0.017857 0.016250
2 0.558929 0.710000 0.019643 0.013750
2 0.699107 0.671875 0.014286 0.012500
2 0.241071 0.530312 0.008929 0.013750
2 0.250893 0.536562 0.010714 0.013750
2 0.259821 0.541250 0.010714 0.013750
2 0.273214 0.553750 0.010714 0.013750
2 0.287054 0.566875 0.016071 0.008750
2 0.433482 0.315625 0.014286 0.012500
2 0.336161 0.250312 0.016071 0.010000
