2 0.590625 0.251875 0.060714 0.016250
2 0.853125 0.263125 0.041071 0.013750
2 0.429464 0.846875 0.037500 0.012500
2 0.831250 0.200312 0.019643 0.022500
2 0.025000 0.831563 0.023214 0.028750
2 0.556696 0.200000 0.019643 0.025000
2 0.591964 0.208125 0.032143 0.022500
2 0.637054 0.197813 0.019643 0.023750
2 0.656250 0.194687 0.017857 0.023750
2 0.686607 0.188750 0.016071 0.021250
2 0.705357 0.194062 0.017857 0.028750
2 0.750893 0.198437 0.019643 0.025000
2 0.783482 0.197500 0.017857 0.026250
2 0.807143 0.208125 0.016071 0.022500
2 0.854464 0.204062 0.021429 0.030000
2 0.881250 0.203125 0.021429 0.025000
2 0.923661 0.202500 0.021429 0.023750
2 0.949554 0.203750 0.019643 0.026250
2 0.970982 0.202188 0.017857 0.026250
2 0.991071 0.200937 0.017857 0.023750
2 0.833929 0.162500 0.033929 0.031250
2 0.861607 0.163125 0.035714 0.032500
2 0.887054 0.163437 0.019643 0.030000
2 0.909821 0.166875 0.025000 0.027500
2 0.575000 0.267188 0.033929 0.012500
2 0.009375 0.461562 0.014286 0.026250
2 0.493304 0.303125 0.044643 0.012500
2 0.041071 0.460625 0.019643 0.027500
2 0.036161 0.518437 0.023214 0.033750
2 0.008482 0.596562 0.012500 0.027500
2 0.104911 0.518750 0.017857 0.025000
2 0.171875 0.518125 0.017857 0.023750
2 0.270536 0.564375 0.023214 0.022500
2 0.189732 0.519688 0.017857 0.023750
2 0.201786 0.451875 0.019643 0.028750
2 0.173661 0.452187 0.021429 0.026250
2 0.152679 0.454688 0.019643 0.025000
2 0.109821 0.459687 0.023214 0.028750
2 0.087946 0.461875 0.019643 0.030000
2 0.058036 0.459687 0.017857 0.022500
2 0.573214 0.279687 0.039286 0.012500
2 0.485268 0.345938 0.046429 0.013750
2 0.486161 0.357500 0.030357 0.008750
2 0.563393 0.298438 0.028571 0.012500
2 0.488393 0.371250 0.030357 0.011250
2 0.564732 0.349688 0.035714 0.015000
2 0.529464 0.382812 0.032143 0.012500
2 0.604464 0.364687 0.039286 0.013750
2 0.601786 0.379688 0.033929 0.012500
2 0.607143 0.347812 0.035714 0.011250
2 0.565179 0.335313 0.032143 0.011250
2 0.601786 0.335000 0.033929 0.013750
2 0.565179 0.323437 0.032143 0.012500
2 0.598214 0.322813 0.035714 0.011250
2 0.598661 0.310312 0.041071 0.011250
2 0.562946 0.311875 0.032143 0.011250
2 0.687500 0.317812 0.035714 0.013750
2 0.691518 0.329688 0.039286 0.012500
2 0.691071 0.341250 0.033929 0.013750
2 0.691964 0.355000 0.035714 0.010000
2 0.691964 0.367188 0.035714 0.012500
2 0.687946 0.378750 0.032143 0.013750
2 0.684821 0.393750 0.039286 0.012500
2 0.884821 0.453437 0.019643 0.028750
2 0.890625 0.606875 0.017857 0.026250
2 0.582143 0.756250 0.039286 0.012500
2 0.715179 0.777813 0.019643 0.021250
2 0.603125 0.297812 0.032143 0.011250
