2 0.429018 0.934688 0.023214 0.016250
2 0.284375 0.913438 0.010714 0.017500
2 0.302232 0.916250 0.010714 0.013750
2 0.315625 0.918125 0.010714 0.017500
2 0.286607 0.936250 0.010714 0.016250
2 0.316964 0.937187 0.008929 0.015000
2 0.270089 0.933125 0.008929 0.016250
2 0.166964 0.913750 0.030357 0.021250
2 0.177232 0.933437 0.037500 0.026250
2 0.133036 0.922188 0.042857 0.028750
2 0.122768 0.928750 0.035714 0.026250
2 0.126786 0.973437 0.030357 0.006250
2 0.193304 0.972813 0.042857 0.011250
2 0.248661 0.974375 0.037500 0.011250
2 0.445982 0.974375 0.066071 0.011250
2 0.542857 0.976875 0.058929 0.010000
2 0.066964 0.973437 0.071429 0.012500
2 0.016071 0.114062 0.014286 0.018750
2 0.009821 0.185000 0.010714 0.020000
