2 0.070982 0.351250 0.021429 0.008750
2 0.021429 0.311563 0.016071 0.007500
2 0.023214 0.216875 0.019643 0.008750
2 0.025446 0.222187 0.019643 0.010000
2 0.037054 0.234063 0.016071 0.008750
2 0.054911 0.231250 0.016071 0.006250
2 0.049554 0.226250 0.014286 0.008750
2 0.042857 0.250625 0.014286 0.007500
2 0.046875 0.258125 0.017857 0.010000
2 0.049107 0.263750 0.017857 0.008750
2 0.057143 0.281875 0.016071 0.007500
2 0.058482 0.246875 0.014286 0.006250
2 0.065179 0.254688 0.014286 0.006250
2 0.079911 0.323437 0.012500 0.012500
2 0.186607 0.335625 0.016071 0.008750
2 0.081250 0.305625 0.010714 0.011250
2 0.102232 0.303125 0.012500 0.012500
2 0.261161 0.297187 0.017857 0.010000
2 0.411161 0.172812 0.014286 0.011250
2 0.406696 0.196250 0.014286 0.011250
2 0.392857 0.185312 0.017857 0.011250
2 0.345536 0.220625 0.012500 0.010000
2 0.018750 0.417812 0.010714 0.013750
2 0.017857 0.305938 0.017857 0.008750
2 0.014286 0.296563 0.019643 0.008750
2 0.011161 0.286562 0.017857 0.007500
2 0.007589 0.270000 0.010714 0.008750
2 0.208929 0.751250 0.016071 0.008750
2 0.141518 0.598750 0.019643 0.010000
2 0.135268 0.586562 0.016071 0.007500
2 0.131250 0.580313 0.021429 0.007500
2 0.129464 0.573125 0.017857 0.008750
2 0.109375 0.530000 0.017857 0.010000
2 0.091964 0.503750 0.014286 0.013750
2 0.117857 0.475625 0.021429 0.007500
2 0.079911 0.477187 0.012500 0.013750
2 0.044643 0.385937 0.008929 0.012500
2 0.029018 0.387500 0.008929 0.012500
2 0.033036 0.401875 0.012500 0.010000
2 0.287054 0.410000 0.007143 0.013750
2 0.169643 0.575937 0.008929 0.011250
2 0.187500 0.575000 0.008929 0.012500
2 0.196429 0.573438 0.008929 0.012500
2 0.206250 0.575000 0.010714 0.012500
2 0.222321 0.572187 0.007143 0.010000
2 0.241964 0.572500 0.010714 0.013750
2 0.250000 0.573438 0.008929 0.012500
2 0.258929 0.572500 0.008929 0.013750
2 0.267857 0.574375 0.008929 0.011250
2 0.275893 0.574375 0.007143 0.011250
2 0.304464 0.574062 0.010714 0.013750
2 0.312500 0.573438 0.008929 0.012500
2 0.202232 0.604063 0.007143 0.011250
2 0.202232 0.742812 0.016071 0.007500
2 0.221429 0.761562 0.023214 0.007500
2 0.223214 0.770937 0.017857 0.007500
2 0.016518 0.473750 0.019643 0.010000
2 0.021429 0.481250 0.016071 0.006250
2 0.024554 0.488750 0.017857 0.008750
2 0.026786 0.502188 0.017857 0.007500
2 0.010714 0.497500 0.012500 0.013750
2 0.004911 0.500000 0.005357 0.012500
2 0.009375 0.522500 0.014286 0.013750
2 0.041071 0.523125 0.019643 0.008750
2 0.034821 0.551562 0.016071 0.006250
2 0.105357 0.588750 0.014286 0.015000
2 0.125893 0.633750 0.010714 0.011250
2 0.102679 0.643437 0.017857 0.008750
2 0.108482 0.658125 0.016071 0.010000
2 0.119196 0.681562 0.019643 0.010000
2 0.123661 0.690312 0.019643 0.008750
2 0.131250 0.708125 0.021429 0.010000
2 0.075000 0.585625 0.016071 0.008750
2 0.063839 0.563750 0.016071 0.008750
2 0.168750 0.787188 0.016071 0.008750
2 0.160714 0.777813 0.017857 0.008750
2 0.232143 0.792812 0.017857 0.007500
2 0.469643 0.884688 0.019643 0.022500
2 0.478125 0.881250 0.023214 0.025000
2 0.572768 0.859688 0.033929 0.010000
2 0.125000 0.489375 0.017857 0.022500
2 0.285268 0.459375 0.021429 0.025000
2 0.046429 0.586250 0.030357 0.010000
2 0.098661 0.395000 0.032143 0.008750
2 0.094196 0.402813 0.032143 0.008750
2 0.211161 0.606250 0.007143 0.012500
2 0.220089 0.604063 0.007143 0.011250
2 0.229018 0.604688 0.007143 0.012500
2 0.247768 0.604688 0.008929 0.012500
2 0.535714 0.454688 0.008929 0.012500
2 0.583036 0.430312 0.014286 0.013750
2 0.590179 0.431250 0.010714 0.012500
2 0.602232 0.435000 0.012500 0.013750
2 0.575000 0.441875 0.016071 0.008750
2 0.558036 0.434063 0.017857 0.008750
2 0.523214 0.426875 0.019643 0.010000
2 0.582143 0.459375 0.012500 0.012500
2 0.589286 0.472813 0.008929 0.011250
2 0.579018 0.471875 0.010714 0.012500
2 0.568304 0.470625 0.007143 0.010000
2 0.558482 0.465000 0.005357 0.011250
2 0.545982 0.457188 0.007143 0.011250
2 0.529464 0.450000 0.005357 0.012500
2 0.517857 0.446250 0.008929 0.011250
2 0.508929 0.439375 0.008929 0.010000
2 0.498214 0.430625 0.005357 0.011250
2 0.488839 0.428437 0.008929 0.010000
2 0.478571 0.424062 0.010714 0.013750
2 0.560268 0.493125 0.008929 0.011250
2 0.549107 0.489063 0.008929 0.012500
2 0.539286 0.483750 0.007143 0.011250
2 0.530357 0.478750 0.007143 0.013750
2 0.520089 0.472500 0.008929 0.013750
2 0.508036 0.468125 0.007143 0.011250
2 0.492411 0.459375 0.007143 0.012500
2 0.573214 0.427500 0.012500 0.011250
2 0.561161 0.421875 0.010714 0.012500
2 0.549554 0.420312 0.014286 0.012500
2 0.542411 0.420625 0.008929 0.010000
2 0.415179 0.449375 0.017857 0.011250
2 0.420536 0.437812 0.019643 0.010000
2 0.423214 0.431875 0.016071 0.007500
2 0.433929 0.422813 0.019643 0.011250
2 0.476786 0.538438 0.016071 0.011250
2 0.518304 0.408750 0.014286 0.011250
2 0.527232 0.412812 0.005357 0.010000
2 0.533929 0.416563 0.014286 0.011250
2 0.483036 0.453125 0.010714 0.012500
2 0.472321 0.448437 0.007143 0.012500
2 0.465179 0.442812 0.010714 0.013750
2 0.957143 0.176875 0.021429 0.010000
2 0.983482 0.361563 0.016071 0.007500
2 0.911161 0.350312 0.014286 0.010000
2 0.859821 0.363750 0.014286 0.008750
2 0.855357 0.370000 0.014286 0.008750
2 0.845982 0.374375 0.017857 0.011250
2 0.868750 0.396875 0.014286 0.012500
2 0.860714 0.398438 0.016071 0.012500
2 0.902679 0.427500 0.019643 0.011250
2 0.909821 0.434688 0.016071 0.010000
2 0.916071 0.441250 0.019643 0.007500
2 0.536161 0.538438 0.014286 0.011250
2 0.523661 0.533125 0.016071 0.010000
2 0.537946 0.512188 0.008929 0.015000
2 0.529911 0.508437 0.010714 0.013750
2 0.511607 0.498125 0.014286 0.015000
2 0.481250 0.509375 0.007143 0.012500
2 0.470982 0.506250 0.008929 0.012500
2 0.464286 0.503125 0.008929 0.012500
2 0.473214 0.478750 0.008929 0.013750
2 0.456250 0.470313 0.010714 0.012500
2 0.448214 0.464687 0.012500 0.013750
2 0.443750 0.490625 0.012500 0.012500
2 0.423214 0.478125 0.007143 0.012500
2 0.422768 0.506875 0.019643 0.013750
2 0.424107 0.702500 0.008929 0.011250
2 0.440179 0.702500 0.005357 0.011250
2 0.447768 0.702500 0.007143 0.011250
2 0.453571 0.703125 0.005357 0.012500
2 0.462946 0.701250 0.010714 0.015000
2 0.482143 0.703125 0.008929 0.012500
2 0.542411 0.732812 0.017857 0.006250
2 0.450893 0.562500 0.017857 0.006250
2 0.437500 0.538750 0.017857 0.008750
2 0.434375 0.535000 0.016071 0.007500
2 0.510714 0.881250 0.012500 0.006250
2 0.511161 0.888750 0.017857 0.008750
2 0.077679 0.982812 0.021429 0.006250
2 0.094196 0.998750 0.005357 0.003750
2 0.338839 0.958750 0.012500 0.011250
2 0.328571 0.954375 0.014286 0.008750
2 0.269643 0.896875 0.012500 0.012500
2 0.297321 0.890000 0.014286 0.011250
2 0.307143 0.903438 0.016071 0.010000
2 0.309821 0.908125 0.012500 0.010000
2 0.315179 0.924375 0.014286 0.011250
2 0.433036 0.703125 0.008929 0.012500
2 0.405357 0.703125 0.007143 0.012500
2 0.520982 0.949687 0.019643 0.008750
2 0.395089 0.702500 0.008929 0.011250
2 0.263393 0.603750 0.008929 0.013750
2 0.281696 0.603125 0.005357 0.012500
2 0.292857 0.604063 0.005357 0.011250
2 0.303571 0.603125 0.008929 0.012500
2 0.220982 0.618125 0.017857 0.005000
2 0.264732 0.635938 0.007143 0.012500
2 0.222321 0.639687 0.007143 0.013750
2 0.212054 0.641250 0.008929 0.013750
2 0.167411 0.652187 0.017857 0.007500
2 0.170982 0.663125 0.016071 0.007500
2 0.173214 0.669375 0.016071 0.007500
2 0.177232 0.676875 0.019643 0.010000
2 0.145536 0.686875 0.014286 0.017500
2 0.350893 0.522500 0.014286 0.013750
2 0.329018 0.572187 0.010714 0.010000
2 0.270089 0.702500 0.008929 0.011250
2 0.282589 0.701562 0.007143 0.012500
2 0.291071 0.701562 0.010714 0.012500
2 0.300446 0.700937 0.007143 0.011250
2 0.318304 0.700937 0.007143 0.011250
2 0.325000 0.703125 0.007143 0.012500
2 0.345089 0.700937 0.007143 0.011250
2 0.354018 0.701562 0.007143 0.012500
2 0.362946 0.701875 0.007143 0.010000
2 0.369643 0.701875 0.007143 0.010000
2 0.321875 0.931563 0.014286 0.010000
2 0.563839 0.952500 0.016071 0.005000
2 0.562500 0.943125 0.017857 0.005000
2 0.586161 0.949375 0.016071 0.005000
2 0.587054 0.941563 0.017857 0.005000
2 0.584375 0.931250 0.021429 0.006250
2 0.586607 0.925000 0.021429 0.006250
2 0.549554 0.892500 0.014286 0.003750
2 0.571875 0.892188 0.014286 0.006250
2 0.191964 0.294687 0.008929 0.011250
2 0.176339 0.292187 0.008929 0.012500
2 0.092857 0.215937 0.016071 0.003750
2 0.095089 0.220938 0.016071 0.007500
2 0.133036 0.248438 0.016071 0.006250
2 0.358482 0.190000 0.016071 0.011250
2 0.446429 0.995937 0.008929 0.007500
2 0.460268 0.994688 0.014286 0.011250
2 0.475000 0.992812 0.012500 0.013750
