2 0.747768 0.891250 0.035714 0.013750
2 0.745982 0.903750 0.032143 0.013750
2 0.746429 0.929688 0.037500 0.012500
2 0.749107 0.940625 0.033929 0.012500
2 0.749554 0.950937 0.030357 0.011250
2 0.747321 0.971875 0.030357 0.012500
2 0.750000 0.983125 0.026786 0.010000
2 0.749107 0.994688 0.033929 0.011250
2 0.853125 0.863438 0.032143 0.011250
2 0.854464 0.875938 0.030357 0.011250
2 0.853571 0.886250 0.028571 0.010000
2 0.850893 0.897188 0.032143 0.010000
2 0.850000 0.964375 0.030357 0.010000
2 0.852232 0.975313 0.030357 0.010000
2 0.945089 0.879375 0.019643 0.021250
2 0.990179 0.877812 0.016071 0.021250
2 0.917857 0.922188 0.014286 0.022500
2 0.949107 0.920625 0.014286 0.022500
2 0.932143 0.944688 0.016071 0.017500
2 0.974554 0.943437 0.016071 0.021250
2 0.978571 0.921250 0.019643 0.023750
2 0.960714 0.984688 0.019643 0.022500
2 0.986161 0.982812 0.012500 0.018750
2 0.890179 0.133438 0.030357 0.007500
