2 0.866071 0.380625 0.026786 0.017500
2 0.920982 0.415937 0.025000 0.016250
2 0.953125 0.432812 0.026786 0.018750
2 0.981250 0.449688 0.025000 0.015000
2 0.346429 0.080937 0.023214 0.015000
2 0.312500 0.061875 0.026786 0.017500
2 0.288393 0.045625 0.023214 0.016250
2 0.430804 0.170313 0.026786 0.018750
2 0.484821 0.293438 0.014286 0.021250
2 0.455357 0.147500 0.026786 0.020000
2 0.430357 0.132500 0.030357 0.021250
2 0.483482 0.119687 0.025000 0.017500
2 0.450000 0.099687 0.025000 0.015000
2 0.425893 0.085000 0.021429 0.013750
2 0.985714 0.410938 0.025000 0.018750
2 0.887946 0.394062 0.021429 0.016250
2 0.741964 0.267500 0.028571 0.016250
2 0.769643 0.284062 0.030357 0.021250
2 0.272321 0.186875 0.026786 0.017500
2 0.206696 0.255312 0.025000 0.013750
2 0.270982 0.297812 0.028571 0.017500
2 0.307589 0.270313 0.030357 0.018750
2 0.399554 0.210000 0.026786 0.013750
2 0.445536 0.197188 0.025000 0.022500
2 0.464732 0.183750 0.023214 0.017500
2 0.418304 0.185625 0.028571 0.015000
2 0.872768 0.340000 0.026786 0.017500
2 0.849554 0.327188 0.025000 0.013750
2 0.826339 0.312812 0.023214 0.016250
2 0.803125 0.298438 0.030357 0.018750
2 0.333482 0.029063 0.019643 0.017500
2 0.313393 0.015625 0.028571 0.018750
2 0.358036 0.044375 0.028571 0.020000
2 0.380357 0.058437 0.028571 0.020000
2 0.711607 0.250625 0.030357 0.020000
2 0.684821 0.235625 0.030357 0.021250
2 0.565179 0.310937 0.032143 0.018750
2 0.525893 0.314688 0.025000 0.020000
2 0.303571 0.284687 0.035714 0.016250
2 0.323661 0.260937 0.026786 0.018750
2 0.260714 0.200000 0.030357 0.018750
2 0.229464 0.231875 0.030357 0.020000
2 0.195536 0.267500 0.025000 0.016250
2 0.472321 0.256250 0.033929 0.018750
2 0.503125 0.270000 0.037500 0.021250
2 0.406696 0.196875 0.032143 0.018750
2 0.314286 0.150000 0.030357 0.018750
2 0.514286 0.138437 0.028571 0.017500
2 0.404018 0.117188 0.035714 0.018750
2 0.374554 0.100625 0.030357 0.020000
2 0.401786 0.072813 0.026786 0.017500
2 0.537054 0.152812 0.025000 0.015000
2 0.508482 0.178125 0.030357 0.012500
2 0.537500 0.195000 0.030357 0.021250
2 0.561161 0.164062 0.028571 0.018750
2 0.599107 0.230625 0.028571 0.017500
2 0.621875 0.247187 0.016071 0.022500
2 0.653125 0.217500 0.025000 0.016250
2 0.658929 0.238125 0.032143 0.020000
2 0.399107 0.232187 0.021429 0.017500
2 0.287054 0.181250 0.025000 0.018750
2 0.455357 0.248125 0.026786 0.015000
2 0.510714 0.276562 0.021429 0.012500
2 0.521429 0.283125 0.025000 0.016250
2 0.536161 0.290313 0.023214 0.015000
2 0.550446 0.297500 0.025000 0.013750
2 0.825893 0.360625 0.035714 0.027500
