2 0.950893 0.566250 0.035714 0.013750
2 0.404018 0.053125 0.044643 0.025000
2 0.164286 0.014688 0.016071 0.020000
2 0.235714 0.143437 0.016071 0.021250
2 0.950893 0.539062 0.035714 0.012500
2 0.220089 0.172500 0.025000 0.020000
2 0.113393 0.040625 0.030357 0.012500
2 0.162500 0.037812 0.012500 0.022500
2 0.185268 0.023438 0.017857 0.025000
2 0.183482 0.046875 0.014286 0.018750
2 0.162054 0.060625 0.016071 0.021250
2 0.123214 0.066562 0.032143 0.011250
2 0.183036 0.121562 0.017857 0.027500
2 0.182143 0.093750 0.016071 0.025000
2 0.181250 0.068437 0.014286 0.021250
2 0.199107 0.148750 0.014286 0.016250
2 0.181250 0.143750 0.014286 0.018750
2 0.130804 0.100000 0.033929 0.012500
