2 0.605357 0.935312 0.014286 0.011250
2 0.549107 0.935625 0.017857 0.008750
2 0.587054 0.944688 0.017857 0.011250
2 0.566071 0.833125 0.016071 0.010000
2 0.619643 0.847188 0.016071 0.010000
2 0.679911 0.958750 0.016071 0.011250
2 0.667857 0.965938 0.014286 0.010000
2 0.080357 0.315000 0.008929 0.011250
2 0.168750 0.315625 0.007143 0.012500
2 0.159821 0.339375 0.007143 0.010000
2 0.156250 0.354063 0.008929 0.011250
2 0.139732 0.361250 0.007143 0.010000
2 0.126339 0.358125 0.007143 0.010000
2 0.240625 0.369062 0.021429 0.010000
2 0.256696 0.386875 0.017857 0.005000
2 0.290179 0.389062 0.017857 0.006250
2 0.309375 0.344062 0.007143 0.010000
2 0.309821 0.547187 0.021429 0.010000
2 0.484821 0.643125 0.014286 0.011250
2 0.678571 0.583750 0.008929 0.011250
2 0.693304 0.583750 0.007143 0.011250
2 0.726786 0.584375 0.007143 0.012500
2 0.743304 0.584375 0.008929 0.012500
2 0.779018 0.585313 0.008929 0.011250
2 0.708929 0.615625 0.007143 0.012500
2 0.691071 0.615625 0.007143 0.012500
2 0.676786 0.618125 0.005357 0.011250
2 0.666518 0.616563 0.007143 0.011250
2 0.656250 0.615000 0.008929 0.011250
2 0.991071 0.686562 0.017857 0.007500
2 0.314732 0.371563 0.008929 0.015000
2 0.345536 0.356875 0.021429 0.007500
2 0.352232 0.350000 0.012500 0.006250
2 0.353571 0.344687 0.019643 0.005000
2 0.352679 0.337500 0.017857 0.006250
