2 0.568304 0.568125 0.016071 0.011250
2 0.619643 0.443125 0.016071 0.011250
2 0.645089 0.446250 0.017857 0.011250
2 0.778125 0.514375 0.016071 0.010000
2 0.730357 0.444062 0.014286 0.010000
2 0.710268 0.421875 0.014286 0.012500
2 0.678125 0.379062 0.012500 0.011250
2 0.645536 0.692812 0.014286 0.013750
2 0.989286 0.685312 0.014286 0.005000
2 0.889286 0.945625 0.019643 0.010000
2 0.805357 0.896250 0.012500 0.011250
2 0.683929 0.770312 0.010714 0.012500
2 0.779464 0.842812 0.014286 0.013750
2 0.575000 0.856875 0.016071 0.007500
2 0.575000 0.893750 0.016071 0.012500
2 0.733036 0.945312 0.010714 0.012500
