2 0.541964 0.400938 0.021429 0.017500
2 0.535714 0.392188 0.017857 0.012500
2 0.550000 0.409687 0.019643 0.016250
2 0.578125 0.430625 0.017857 0.017500
2 0.556250 0.426563 0.023214 0.012500
2 0.221875 0.520000 0.019643 0.008750
2 0.328125 0.456875 0.008929 0.013750
2 0.273214 0.512500 0.019643 0.012500
2 0.460714 0.520000 0.019643 0.008750
2 0.483036 0.528125 0.019643 0.012500
2 0.264286 0.525625 0.019643 0.007500
2 0.329018 0.663125 0.010714 0.013750
2 0.335714 0.665625 0.010714 0.012500
2 0.349107 0.672500 0.010714 0.013750
2 0.358036 0.676562 0.010714 0.012500
2 0.366964 0.678125 0.010714 0.012500
2 0.375893 0.682813 0.010714 0.012500
2 0.383929 0.685000 0.008929 0.013750
2 0.594643 0.616250 0.010714 0.013750
2 0.644643 0.556250 0.012500 0.012500
2 0.704911 0.525000 0.012500 0.012500
2 0.648214 0.595938 0.010714 0.013750
2 0.613393 0.635000 0.012500 0.013750
2 0.604464 0.646875 0.012500 0.012500
2 0.595536 0.659375 0.012500 0.012500
2 0.661607 0.578125 0.010714 0.012500
2 0.611607 0.594375 0.017857 0.013750
2 0.414732 0.946875 0.030357 0.012500
2 0.391964 0.958437 0.025000 0.007500
2 0.446429 0.926250 0.026786 0.008750
2 0.506250 0.370625 0.021429 0.016250
2 0.494196 0.396875 0.019643 0.012500
2 0.011161 0.376250 0.017857 0.008750
2 0.031250 0.385313 0.017857 0.011250
2 0.012054 0.446250 0.010714 0.011250
2 0.025446 0.446875 0.010714 0.012500
2 0.036607 0.448750 0.010714 0.016250
2 0.045536 0.453125 0.010714 0.018750
2 0.581250 0.856563 0.019643 0.010000
2 0.582589 0.865938 0.017857 0.010000
2 0.563393 0.816563 0.010714 0.011250
2 0.625893 0.621250 0.010714 0.011250
2 0.462946 0.603437 0.010714 0.010000
2 0.483036 0.579688 0.010714 0.012500
2 0.491518 0.567187 0.014286 0.012500
2 0.615625 0.419688 0.012500 0.011250
2 0.355804 0.470937 0.010714 0.013750
2 0.284821 0.502500 0.016071 0.011250
