2 0.914286 0.783750 0.016071 0.030000
2 0.897768 0.653125 0.014286 0.018750
2 0.885714 0.069375 0.012500 0.020000
2 0.889732 0.200312 0.007143 0.010000
2 0.900000 0.519062 0.005357 0.010000
2 0.903125 0.542500 0.007143 0.010000
2 0.903125 0.588750 0.007143 0.008750
2 0.903125 0.615000 0.007143 0.011250
2 0.912054 0.626875 0.007143 0.010000
2 0.904018 0.696250 0.008929 0.011250
2 0.696429 0.706875 0.026786 0.007500
2 0.756250 0.712500 0.021429 0.006250
2 0.907589 0.716250 0.007143 0.007500
2 0.903125 0.754375 0.007143 0.008750
2 0.918750 0.806563 0.007143 0.010000
2 0.909821 0.760625 0.007143 0.008750
2 0.917857 0.878750 0.005357 0.007500
2 0.912054 0.835313 0.007143 0.011250
2 0.914286 0.891250 0.007143 0.007500
2 0.900893 0.898750 0.007143 0.010000
2 0.905357 0.912187 0.007143 0.008750
2 0.903125 0.925313 0.007143 0.010000
2 0.912054 0.935625 0.007143 0.008750
2 0.917857 0.945937 0.005357 0.007500
2 0.917857 0.970000 0.005357 0.008750
2 0.916518 0.988750 0.007143 0.008750
2 0.903125 0.952500 0.007143 0.011250
2 0.303571 0.478750 0.008929 0.013750
2 0.200893 0.658438 0.026786 0.020000
2 0.420536 0.726875 0.010714 0.010000
2 0.311607 0.379375 0.007143 0.008750
