2 0.371875 0.241562 0.025000 0.017500
2 0.644643 0.397187 0.021429 0.016250
2 0.599107 0.405000 0.019643 0.016250
2 0.733482 0.372812 0.025000 0.011250
2 0.854464 0.403438 0.021429 0.016250
2 0.853125 0.378125 0.023214 0.012500
2 0.727232 0.655625 0.030357 0.017500
2 0.689286 0.684375 0.021429 0.012500
2 0.360714 0.266875 0.025000 0.015000
2 0.250000 0.361250 0.017857 0.016250
2 0.593750 0.431250 0.017857 0.012500
2 0.575893 0.443750 0.026786 0.012500
2 0.475000 0.453750 0.021429 0.013750
2 0.220089 0.666250 0.025000 0.013750
2 0.250000 0.645937 0.026786 0.013750
2 0.326786 0.592187 0.019643 0.012500
2 0.551786 0.478750 0.023214 0.013750
2 0.098661 0.758750 0.023214 0.011250
2 0.467411 0.840625 0.019643 0.012500
2 0.940179 0.768437 0.014286 0.015000
2 0.902679 0.827187 0.019643 0.013750
2 0.955357 0.837187 0.026786 0.015000
2 0.933036 0.853750 0.017857 0.013750
2 0.910714 0.906250 0.026786 0.018750
2 0.034821 0.507188 0.016071 0.011250
2 0.033929 0.145000 0.023214 0.008750
2 0.035268 0.154375 0.021429 0.008750
2 0.341964 0.015938 0.023214 0.010000
2 0.350000 0.005312 0.021429 0.007500
2 0.361607 0.596250 0.017857 0.011250
2 0.520536 0.404687 0.023214 0.012500
2 0.183929 0.694688 0.019643 0.011250
2 0.031696 0.798438 0.014286 0.012500
2 0.235714 0.976250 0.016071 0.008750
2 0.141964 0.990938 0.016071 0.010000
2 0.371875 0.883437 0.016071 0.013750
2 0.378571 0.533125 0.016071 0.010000
2 0.463839 0.565625 0.012500 0.012500
2 0.792411 0.931563 0.017857 0.010000
2 0.806250 0.921562 0.014286 0.008750
2 0.851339 0.825000 0.019643 0.012500
