2 0.041964 0.676875 0.039286 0.016250
2 0.894196 0.489063 0.016071 0.006250
2 0.820089 0.512188 0.019643 0.008750
2 0.866071 0.476250 0.017857 0.008750
2 0.976786 0.459063 0.016071 0.008750
2 0.911607 0.492500 0.019643 0.010000
2 0.498661 0.328125 0.010714 0.012500
2 0.488393 0.297500 0.012500 0.013750
2 0.489732 0.241250 0.010714 0.013750
2 0.470982 0.108750 0.008929 0.011250
2 0.483482 0.040625 0.007143 0.012500
2 0.485714 0.005938 0.007143 0.008750
2 0.477679 0.241250 0.008929 0.013750
2 0.487500 0.110625 0.010714 0.015000
2 0.787054 0.518437 0.016071 0.008750
2 0.513393 0.565000 0.017857 0.011250
2 0.052679 0.727500 0.016071 0.011250
2 0.098214 0.722813 0.017857 0.011250
2 0.124107 0.715625 0.016071 0.012500
2 0.146429 0.712812 0.016071 0.010000
2 0.183929 0.701875 0.019643 0.010000
2 0.197768 0.692812 0.016071 0.007500
2 0.220982 0.687188 0.017857 0.008750
2 0.229018 0.692500 0.016071 0.010000
2 0.246429 0.687188 0.019643 0.008750
2 0.410714 0.957500 0.008929 0.015000
