2 0.950000 0.690000 0.016071 0.005000
2 0.950000 0.681250 0.016071 0.006250
2 0.946429 0.711875 0.017857 0.005000
2 0.947321 0.719375 0.019643 0.007500
2 0.944196 0.756250 0.017857 0.006250
2 0.948661 0.764375 0.017857 0.003750
2 0.823661 0.995000 0.017857 0.008750
2 0.831250 0.994063 0.010714 0.010000
2 0.839286 0.992500 0.008929 0.010000
2 0.858036 0.987813 0.010714 0.010000
2 0.988839 0.773125 0.017857 0.008750
2 0.990179 0.726562 0.016071 0.006250
2 0.991071 0.732187 0.017857 0.005000
2 0.991071 0.738125 0.017857 0.007500
2 0.989732 0.665625 0.010714 0.012500
2 0.410714 0.830000 0.017857 0.016250
2 0.432143 0.853438 0.016071 0.010000
2 0.008929 0.009375 0.008929 0.012500
2 0.157143 0.163750 0.019643 0.008750
2 0.172768 0.117813 0.019643 0.007500
2 0.177232 0.093437 0.019643 0.008750
2 0.005804 0.605625 0.007143 0.011250
2 0.397321 0.832812 0.017857 0.012500
2 0.014286 0.615625 0.019643 0.012500
2 0.108929 0.885000 0.012500 0.013750
2 0.008929 0.023438 0.008929 0.012500
2 0.020536 0.025625 0.014286 0.013750
2 0.036607 0.026875 0.010714 0.010000
2 0.046429 0.029063 0.012500 0.011250
2 0.273214 0.544375 0.019643 0.013750
2 0.256696 0.558750 0.017857 0.011250
2 0.245536 0.547500 0.017857 0.013750
2 0.558482 0.247187 0.014286 0.016250
2 0.536607 0.244375 0.010714 0.013750
2 0.591518 0.254375 0.008929 0.015000
2 0.601786 0.256250 0.016071 0.018750
2 0.633482 0.261250 0.012500 0.016250
2 0.490625 0.213750 0.021429 0.008750
2 0.477679 0.203125 0.035714 0.012500
2 0.622768 0.150313 0.008929 0.010000
2 0.582589 0.213750 0.008929 0.008750
2 0.620536 0.222812 0.008929 0.011250
2 0.511607 0.212812 0.014286 0.010000
2 0.591071 0.330937 0.012500 0.015000
2 0.551339 0.340000 0.017857 0.011250
2 0.670982 0.371250 0.007143 0.011250
2 0.680804 0.371875 0.008929 0.012500
2 0.710714 0.375937 0.010714 0.011250
2 0.724554 0.378437 0.007143 0.010000
2 0.844643 0.407813 0.019643 0.006250
2 0.861607 0.409375 0.017857 0.006250
2 0.378571 0.342187 0.016071 0.006250
2 0.205804 0.178750 0.014286 0.007500
2 0.389286 0.200625 0.019643 0.013750
2 0.120089 0.037187 0.012500 0.015000
2 0.072321 0.032813 0.010714 0.012500
2 0.008482 0.928750 0.012500 0.013750
2 0.020982 0.943125 0.010714 0.011250
2 0.028571 0.948438 0.012500 0.012500
2 0.035268 0.957188 0.012500 0.011250
2 0.041964 0.966875 0.012500 0.008750
2 0.050893 0.968437 0.012500 0.015000
2 0.058929 0.973750 0.010714 0.010000
2 0.069196 0.977500 0.008929 0.011250
2 0.008482 0.988125 0.012500 0.007500
2 0.004018 0.960000 0.003571 0.007500
2 0.026786 0.997812 0.017857 0.005000
2 0.644643 0.355000 0.012500 0.016250
2 0.942411 0.073750 0.023214 0.010000
2 0.175000 0.636875 0.019643 0.017500
2 0.220982 0.591250 0.017857 0.013750
2 0.422768 0.109688 0.019643 0.010000
2 0.633482 0.153750 0.012500 0.013750
2 0.635714 0.210312 0.030357 0.011250
2 0.544196 0.209063 0.012500 0.015000
2 0.495536 0.225625 0.026786 0.007500
2 0.419643 0.027500 0.026786 0.011250
2 0.725893 0.038750 0.023214 0.008750
2 0.740625 0.381875 0.012500 0.013750
2 0.752232 0.383125 0.008929 0.016250
2 0.983929 0.426250 0.021429 0.008750
2 0.878125 0.067500 0.064286 0.016250
2 0.975446 0.111875 0.008929 0.011250
2 0.848214 0.990938 0.008929 0.010000
2 0.600446 0.955625 0.017857 0.011250
2 0.583929 0.945625 0.016071 0.010000
2 0.567411 0.935312 0.014286 0.011250
2 0.622321 0.966875 0.012500 0.008750
2 0.041964 0.012188 0.012500 0.015000
2 0.010268 0.010000 0.007143 0.013750
2 0.581250 0.252500 0.010714 0.011250
2 0.300446 0.520312 0.016071 0.012500
2 0.675000 0.040625 0.019643 0.012500
2 0.378571 0.446875 0.016071 0.012500
2 0.366071 0.458750 0.017857 0.011250
2 0.350446 0.471562 0.017857 0.015000
2 0.335714 0.485000 0.019643 0.013750
2 0.310268 0.506875 0.017857 0.013750
2 0.236607 0.578125 0.017857 0.012500
2 0.208929 0.602187 0.016071 0.013750
2 0.051339 0.687500 0.017857 0.012500
2 0.037054 0.697813 0.016071 0.011250
2 0.016964 0.704688 0.016071 0.012500
2 0.102232 0.715625 0.012500 0.012500
2 0.091964 0.707188 0.014286 0.011250
2 0.084821 0.703125 0.017857 0.012500
2 0.074107 0.697500 0.014286 0.013750
2 0.066964 0.695312 0.017857 0.012500
2 0.059375 0.690625 0.016071 0.012500
2 0.201339 0.769688 0.023214 0.011250
2 0.164286 0.807188 0.016071 0.017500
2 0.456250 0.865625 0.019643 0.012500
2 0.587054 0.974062 0.017857 0.013750
2 0.977679 0.665625 0.008929 0.012500
2 0.869196 0.312188 0.010714 0.015000
2 0.610268 0.337188 0.019643 0.008750
2 0.546875 0.350625 0.017857 0.007500
