2 0.671429 0.038437 0.012500 0.017500
2 0.573661 0.009062 0.017857 0.015000
2 0.665179 0.119687 0.008929 0.017500
2 0.672768 0.288125 0.010714 0.013750
2 0.661607 0.339062 0.010714 0.012500
2 0.659375 0.412188 0.010714 0.015000
2 0.920089 0.697500 0.005357 0.013750
2 0.944196 0.723437 0.008929 0.012500
2 0.912054 0.722500 0.007143 0.013750
2 0.902679 0.723125 0.010714 0.015000
2 0.885268 0.723125 0.007143 0.015000
2 0.877232 0.723750 0.008929 0.016250
2 0.869196 0.723125 0.010714 0.015000
2 0.852679 0.722500 0.008929 0.013750
2 0.834821 0.723125 0.008929 0.015000
2 0.826786 0.723437 0.010714 0.012500
2 0.811161 0.722500 0.010714 0.013750
2 0.843750 0.694375 0.008929 0.013750
2 0.801339 0.722500 0.008929 0.013750
2 0.792411 0.721562 0.008929 0.015000
2 0.784821 0.722500 0.007143 0.013750
2 0.774554 0.722500 0.008929 0.013750
2 0.911607 0.695625 0.010714 0.016250
2 0.902679 0.696562 0.010714 0.015000
2 0.893750 0.696875 0.010714 0.012500
2 0.886161 0.678125 0.008929 0.012500
2 0.895982 0.678125 0.010714 0.012500
2 0.877232 0.693125 0.008929 0.011250
2 0.860268 0.692812 0.010714 0.013750
2 0.834821 0.694375 0.008929 0.013750
2 0.819196 0.694688 0.008929 0.011250
2 0.811161 0.694375 0.010714 0.013750
2 0.817857 0.678125 0.010714 0.012500
2 0.663839 0.925625 0.010714 0.013750
2 0.649554 0.971562 0.008929 0.015000
