2 0.130804 0.950937 0.078571 0.023750
2 0.700893 0.981563 0.062500 0.022500
2 0.722768 0.943125 0.039286 0.017500
2 0.796875 0.232813 0.026786 0.012500
2 0.824107 0.158125 0.023214 0.010000
2 0.822321 0.167500 0.028571 0.010000
2 0.815179 0.177500 0.032143 0.017500
2 0.791518 0.255000 0.025000 0.010000
2 0.768750 0.321875 0.028571 0.012500
2 0.841518 0.320625 0.017857 0.022500
2 0.841071 0.270000 0.030357 0.015000
2 0.812500 0.189375 0.026786 0.010000
2 0.833036 0.195312 0.014286 0.018750
2 0.808036 0.202500 0.026786 0.011250
2 0.802679 0.213438 0.025000 0.011250
2 0.801339 0.222500 0.026786 0.013750
2 0.793750 0.245625 0.025000 0.010000
2 0.827679 0.131250 0.030357 0.012500
2 0.786607 0.265937 0.028571 0.010000
2 0.783482 0.277813 0.035714 0.015000
2 0.781250 0.289062 0.026786 0.012500
2 0.775446 0.302500 0.028571 0.011250
2 0.878571 0.320000 0.016071 0.021250
2 0.862054 0.322187 0.014286 0.016250
2 0.862054 0.223750 0.032143 0.016250
2 0.858929 0.212500 0.030357 0.012500
2 0.855804 0.936250 0.019643 0.022500
2 0.733036 0.908438 0.028571 0.013750
2 0.732143 0.880937 0.026786 0.015000
2 0.827679 0.142813 0.030357 0.013750
2 0.830357 0.121875 0.026786 0.012500
2 0.766964 0.815312 0.025000 0.015000
2 0.835268 0.110937 0.023214 0.012500
2 0.848661 0.073750 0.023214 0.010000
2 0.850893 0.062187 0.023214 0.008750
2 0.843750 0.085625 0.026786 0.015000
2 0.841071 0.100625 0.030357 0.013750
2 0.741071 0.866563 0.026786 0.017500
2 0.790625 0.418438 0.014286 0.021250
2 0.403571 0.359687 0.030357 0.016250
2 0.744196 0.847500 0.028571 0.013750
2 0.759375 0.803125 0.023214 0.012500
