2 0.573214 0.743750 0.012500 0.025000
2 0.612500 0.786875 0.126786 0.036250
2 0.600000 0.591562 0.012500 0.023750
2 0.617857 0.590000 0.021429 0.023750
2 0.638393 0.589375 0.017857 0.022500
2 0.709821 0.592812 0.017857 0.026250
2 0.729018 0.588438 0.016071 0.023750
2 0.753125 0.591250 0.019643 0.026250
2 0.775893 0.592812 0.016071 0.026250
2 0.802232 0.591562 0.019643 0.023750
2 0.610714 0.741250 0.016071 0.026250
2 0.588393 0.745313 0.016071 0.025000
2 0.771429 0.657813 0.016071 0.025000
2 0.790625 0.651875 0.014286 0.022500
2 0.807143 0.653125 0.016071 0.025000
2 0.825893 0.654687 0.017857 0.025000
2 0.845089 0.658438 0.016071 0.026250
2 0.862500 0.656875 0.019643 0.026250
2 0.862054 0.689063 0.014286 0.031250
2 0.844196 0.680000 0.014286 0.022500
2 0.826786 0.681562 0.019643 0.022500
2 0.792411 0.682813 0.017857 0.025000
2 0.810268 0.682813 0.017857 0.025000
2 0.771429 0.686250 0.016071 0.028750
2 0.859375 0.742188 0.017857 0.025000
2 0.821875 0.741563 0.014286 0.023750
2 0.800000 0.743750 0.019643 0.025000
2 0.991071 0.788750 0.017857 0.015000
2 0.967857 0.834375 0.042857 0.025000
2 0.894643 0.912187 0.039286 0.008750
2 0.895982 0.924063 0.037500 0.007500
2 0.896429 0.936875 0.033929 0.011250
2 0.894196 0.949062 0.033929 0.007500
2 0.895982 0.961562 0.037500 0.013750
2 0.802232 0.945000 0.037500 0.008750
2 0.801786 0.958125 0.032143 0.010000
2 0.799554 0.969063 0.032143 0.010000
2 0.800446 0.982500 0.033929 0.008750
2 0.800893 0.995000 0.030357 0.008750
2 0.763393 0.115312 0.035714 0.015000
