2 0.771429 0.025625 0.025000 0.020000
2 0.643304 0.301563 0.032143 0.018750
2 0.572768 0.983125 0.033929 0.022500
2 0.888839 0.012188 0.014286 0.021250
2 0.816964 0.084375 0.017857 0.018750
2 0.956250 0.922500 0.019643 0.020000
2 0.971429 0.841875 0.023214 0.021250
2 0.949554 0.946875 0.019643 0.025000
2 0.912946 0.692187 0.035714 0.012500
2 0.940179 0.971250 0.023214 0.023750
2 0.911161 0.700625 0.032143 0.007500
2 0.864286 0.167813 0.023214 0.020000
2 0.821429 0.119375 0.026786 0.020000
2 0.932143 0.192188 0.033929 0.018750
2 0.983482 0.160312 0.033929 0.017500
2 0.878125 0.250625 0.028571 0.020000
2 0.910268 0.710625 0.030357 0.008750
2 0.881250 0.403125 0.012500 0.018750
2 0.886161 0.515625 0.017857 0.025000
2 0.888839 0.606250 0.014286 0.025000
2 0.886607 0.725625 0.014286 0.020000
2 0.879464 0.768125 0.017857 0.017500
2 0.573661 0.073438 0.017857 0.018750
2 0.845982 0.216875 0.026786 0.015000
