2 0.107143 0.141250 0.008929 0.013750
2 0.088393 0.150000 0.016071 0.006250
2 0.088393 0.158438 0.016071 0.007500
2 0.087500 0.163437 0.014286 0.005000
2 0.116071 0.182188 0.008929 0.011250
2 0.106250 0.182812 0.007143 0.012500
2 0.558929 0.209063 0.019643 0.008750
2 0.609375 0.235625 0.017857 0.015000
2 0.610714 0.242813 0.016071 0.013750
2 0.616964 0.259063 0.019643 0.015000
2 0.619643 0.265000 0.016071 0.011250
2 0.602679 0.284375 0.017857 0.006250
2 0.567857 0.305938 0.019643 0.015000
2 0.361607 0.331875 0.008929 0.013750
2 0.395089 0.227500 0.008929 0.011250
2 0.295982 0.273750 0.007143 0.010000
2 0.313839 0.453125 0.007143 0.012500
2 0.316071 0.474688 0.007143 0.015000
2 0.325893 0.484375 0.008929 0.012500
2 0.292411 0.458437 0.008929 0.013750
2 0.302679 0.446250 0.007143 0.011250
2 0.302679 0.458125 0.007143 0.010000
2 0.292857 0.479063 0.005357 0.011250
2 0.291518 0.493125 0.007143 0.011250
2 0.090625 0.138437 0.016071 0.005000
2 0.127679 0.161875 0.014286 0.005000
2 0.301786 0.490937 0.005357 0.010000
2 0.128571 0.155625 0.016071 0.005000
2 0.413839 0.012500 0.019643 0.006250
2 0.419643 0.006250 0.017857 0.006250
2 0.367411 0.027500 0.007143 0.011250
2 0.262500 0.086875 0.016071 0.005000
2 0.226786 0.096875 0.016071 0.006250
2 0.226786 0.109375 0.016071 0.006250
2 0.244643 0.129688 0.016071 0.012500
2 0.223214 0.210938 0.017857 0.006250
2 0.220982 0.223438 0.017857 0.006250
2 0.263393 0.217188 0.017857 0.006250
2 0.263839 0.224375 0.014286 0.005000
2 0.263839 0.229063 0.014286 0.005000
2 0.264732 0.237500 0.016071 0.006250
2 0.155357 0.174375 0.016071 0.005000
2 0.153571 0.180000 0.012500 0.003750
2 0.129464 0.143750 0.017857 0.006250
2 0.128571 0.149375 0.016071 0.005000
2 0.321429 0.529375 0.017857 0.008750
2 0.315179 0.492500 0.005357 0.010000
2 0.330357 0.830625 0.008929 0.011250
2 0.334821 0.874687 0.008929 0.015000
2 0.350893 0.886250 0.005357 0.010000
2 0.339286 0.924375 0.008929 0.011250
2 0.349107 0.938438 0.010714 0.011250
2 0.350893 0.976875 0.005357 0.010000
2 0.338393 0.972188 0.007143 0.010000
2 0.462054 0.943750 0.008929 0.012500
2 0.433036 0.979063 0.008929 0.011250
2 0.415625 0.982812 0.005357 0.012500
2 0.352232 0.848125 0.012500 0.015000
2 0.345982 0.689375 0.008929 0.010000
2 0.304018 0.477500 0.005357 0.011250
2 0.352679 0.813438 0.008929 0.011250
2 0.933929 0.601250 0.019643 0.008750
2 0.133929 0.549375 0.017857 0.005000
2 0.115625 0.484375 0.012500 0.012500
2 0.085714 0.498437 0.019643 0.006250
2 0.097321 0.517188 0.007143 0.012500
2 0.036607 0.537188 0.019643 0.008750
2 0.336161 0.589063 0.007143 0.012500
2 0.357143 0.598750 0.008929 0.010000
2 0.334821 0.609375 0.008929 0.012500
2 0.345089 0.615625 0.007143 0.012500
2 0.368304 0.651563 0.008929 0.012500
2 0.334821 0.627500 0.008929 0.011250
2 0.356250 0.633125 0.007143 0.010000
2 0.332589 0.645312 0.008929 0.012500
2 0.336161 0.659687 0.007143 0.010000
2 0.333929 0.674687 0.007143 0.008750
2 0.356250 0.654687 0.007143 0.012500
2 0.224554 0.552500 0.016071 0.005000
2 0.761607 0.565312 0.014286 0.008750
2 0.332589 0.724375 0.008929 0.011250
2 0.354911 0.738125 0.008929 0.013750
2 0.342857 0.745625 0.007143 0.010000
2 0.352679 0.766563 0.008929 0.011250
2 0.352679 0.790000 0.008929 0.011250
2 0.875446 0.991875 0.014286 0.008750
2 0.292857 0.414062 0.005357 0.012500
2 0.251339 0.497813 0.016071 0.005000
