2 0.400000 0.580937 0.014286 0.021250
2 0.385268 0.580313 0.016071 0.020000
2 0.366518 0.576562 0.014286 0.025000
2 0.166071 0.079687 0.037500 0.031250
2 0.450893 0.586250 0.017857 0.022500
2 0.414286 0.583125 0.016071 0.022500
2 0.470089 0.587812 0.016071 0.022500
2 0.502679 0.588125 0.014286 0.020000
2 0.954911 0.596250 0.030357 0.011250
2 0.953571 0.611250 0.032143 0.016250
2 0.878125 0.612500 0.019643 0.025000
2 0.746875 0.604375 0.016071 0.021250
2 0.631696 0.593125 0.017857 0.023750
2 0.615179 0.595625 0.016071 0.022500
2 0.599107 0.592812 0.019643 0.026250
2 0.519196 0.590625 0.016071 0.018750
