2 0.202679 0.236875 0.030357 0.011250
2 0.248214 0.236875 0.014286 0.023750
2 0.083036 0.190625 0.032143 0.012500
2 0.217857 0.150625 0.033929 0.013750
2 0.225893 0.133438 0.041071 0.013750
2 0.276786 0.142500 0.026786 0.010000
2 0.263839 0.165313 0.014286 0.021250
2 0.283929 0.170000 0.014286 0.021250
2 0.297321 0.172500 0.014286 0.020000
2 0.317857 0.174063 0.010714 0.020000
2 0.335268 0.171250 0.014286 0.023750
2 0.373214 0.106563 0.014286 0.028750
2 0.241071 0.052187 0.035714 0.013750
2 0.191964 0.004063 0.035714 0.005000
2 0.209821 0.251875 0.026786 0.010000
2 0.196429 0.261563 0.035714 0.013750
2 0.199107 0.276875 0.032143 0.010000
2 0.197768 0.290000 0.033929 0.011250
2 0.079911 0.207500 0.021429 0.008750
2 0.077232 0.220938 0.025000 0.007500
2 0.075000 0.232500 0.025000 0.008750
2 0.077232 0.242813 0.033929 0.013750
2 0.069643 0.257500 0.023214 0.008750
2 0.070536 0.270625 0.025000 0.010000
2 0.066518 0.283125 0.030357 0.010000
2 0.069643 0.295625 0.032143 0.010000
2 0.084375 0.328750 0.012500 0.020000
2 0.107589 0.324375 0.014286 0.023750
2 0.130357 0.322813 0.010714 0.017500
2 0.159821 0.300625 0.025000 0.007500
2 0.198661 0.303750 0.026786 0.007500
2 0.702232 0.012812 0.016071 0.022500
2 0.720536 0.013125 0.012500 0.020000
2 0.735714 0.011562 0.016071 0.020000
2 0.750893 0.011875 0.010714 0.017500
2 0.769643 0.010312 0.012500 0.017500
2 0.789286 0.012812 0.016071 0.022500
2 0.825893 0.016250 0.017857 0.020000
2 0.828571 0.063438 0.032143 0.011250
2 0.872321 0.020000 0.012500 0.021250
2 0.892411 0.020000 0.012500 0.021250
2 0.911161 0.024375 0.014286 0.017500
2 0.926786 0.022187 0.014286 0.022500
2 0.945089 0.068125 0.037500 0.017500
2 0.611161 0.024375 0.012500 0.023750
2 0.634821 0.095625 0.037500 0.022500
2 0.599554 0.131875 0.016071 0.020000
2 0.637500 0.132187 0.016071 0.023750
2 0.766071 0.207500 0.032143 0.008750
2 0.791964 0.191562 0.012500 0.017500
2 0.762500 0.220000 0.025000 0.008750
2 0.764286 0.231250 0.037500 0.012500
2 0.882143 0.200625 0.014286 0.020000
2 0.932143 0.203437 0.016071 0.022500
2 0.946875 0.206875 0.014286 0.020000
2 0.842857 0.255938 0.016071 0.021250
2 0.859821 0.257500 0.014286 0.021250
2 0.520536 0.275000 0.032143 0.006250
2 0.501786 0.358750 0.030357 0.011250
2 0.501786 0.345000 0.030357 0.008750
2 0.504464 0.334687 0.026786 0.010000
2 0.502679 0.320937 0.023214 0.007500
2 0.510714 0.286875 0.030357 0.011250
2 0.517857 0.258750 0.026786 0.011250
2 0.514732 0.247500 0.033929 0.013750
2 0.471429 0.226250 0.032143 0.015000
2 0.476786 0.207500 0.033929 0.015000
2 0.525000 0.203437 0.032143 0.010000
2 0.534821 0.195312 0.033929 0.012500
2 0.560268 0.003438 0.008929 0.003750
2 0.010714 0.278125 0.012500 0.025000
2 0.228125 0.077812 0.032143 0.008750
2 0.226786 0.097188 0.033929 0.010000
2 0.945982 0.265625 0.012500 0.018750
2 0.963839 0.266875 0.012500 0.021250
2 0.988393 0.383125 0.021429 0.022500
2 0.969643 0.388125 0.019643 0.020000
2 0.959375 0.394062 0.021429 0.022500
2 0.944643 0.399062 0.023214 0.020000
2 0.924554 0.406562 0.023214 0.022500
2 0.876786 0.446250 0.030357 0.011250
2 0.874107 0.460313 0.033929 0.011250
2 0.878125 0.471875 0.037500 0.012500
2 0.868750 0.485313 0.032143 0.011250
2 0.858036 0.499062 0.028571 0.007500
2 0.862500 0.510313 0.037500 0.011250
2 0.860268 0.535625 0.037500 0.008750
2 0.856696 0.551875 0.030357 0.010000
2 0.850000 0.562812 0.030357 0.010000
2 0.850000 0.576250 0.030357 0.008750
2 0.846875 0.587812 0.037500 0.010000
2 0.975893 0.268750 0.014286 0.018750
2 0.836161 0.281250 0.016071 0.018750
2 0.857143 0.283438 0.017857 0.026250
2 0.872321 0.285000 0.012500 0.020000
2 0.888839 0.284375 0.014286 0.025000
2 0.907143 0.288125 0.010714 0.020000
2 0.924554 0.287812 0.014286 0.016250
2 0.940179 0.287500 0.014286 0.025000
2 0.975000 0.294375 0.012500 0.020000
2 0.988393 0.345938 0.021429 0.020000
2 0.953125 0.534375 0.026786 0.012500
2 0.941071 0.605625 0.033929 0.011250
2 0.210714 0.971562 0.019643 0.027500
2 0.190625 0.963438 0.010714 0.017500
2 0.164286 0.963750 0.016071 0.021250
2 0.106250 0.959375 0.016071 0.025000
2 0.048214 0.917188 0.016071 0.025000
2 0.005804 0.946250 0.007143 0.011250
2 0.271429 0.964375 0.016071 0.022500
2 0.308482 0.970313 0.014286 0.018750
2 0.933929 0.629687 0.037500 0.012500
2 0.842411 0.655938 0.037500 0.015000
2 0.939286 0.731250 0.030357 0.018750
2 0.901786 0.781250 0.026786 0.018750
2 0.804464 0.829063 0.028571 0.017500
2 0.346429 0.984375 0.014286 0.018750
2 0.033036 0.887500 0.012500 0.018750
2 0.072768 0.888437 0.016071 0.023750
2 0.109821 0.889375 0.014286 0.022500
2 0.145536 0.891563 0.014286 0.017500
2 0.167857 0.892188 0.014286 0.025000
2 0.191071 0.890938 0.016071 0.022500
2 0.211161 0.894688 0.016071 0.023750
2 0.255804 0.901875 0.016071 0.022500
2 0.291964 0.902500 0.012500 0.017500
2 0.335268 0.905000 0.014286 0.022500
2 0.353571 0.906875 0.010714 0.020000
2 0.394643 0.913750 0.012500 0.021250
2 0.413393 0.914062 0.014286 0.018750
2 0.288393 0.969688 0.014286 0.023750
2 0.859821 0.200000 0.014286 0.025000
2 0.876786 0.258750 0.012500 0.023750
2 0.894196 0.260625 0.016071 0.021250
2 0.910268 0.263750 0.012500 0.021250
2 0.926786 0.259687 0.014286 0.022500
