2 0.088393 0.374063 0.016071 0.013750
2 0.194196 0.311250 0.017857 0.010000
2 0.237946 0.322187 0.025000 0.010000
2 0.299554 0.334687 0.023214 0.010000
2 0.379911 0.351875 0.023214 0.010000
2 0.400893 0.354063 0.016071 0.011250
2 0.533929 0.382188 0.023214 0.011250
2 0.563839 0.388437 0.016071 0.011250
2 0.595089 0.394375 0.025000 0.013750
2 0.524107 0.312812 0.012500 0.016250
2 0.528571 0.085625 0.012500 0.015000
2 0.530357 0.103750 0.016071 0.013750
2 0.528571 0.132812 0.012500 0.012500
2 0.653571 0.180625 0.021429 0.011250
2 0.680357 0.188125 0.021429 0.007500
2 0.629464 0.400938 0.017857 0.011250
2 0.650893 0.404687 0.016071 0.006250
2 0.701339 0.499375 0.014286 0.017500
2 0.767857 0.415625 0.017857 0.012500
2 0.820536 0.427813 0.025000 0.008750
2 0.860268 0.434063 0.019643 0.008750
2 0.880357 0.438438 0.019643 0.011250
2 0.899554 0.442500 0.017857 0.010000
2 0.922768 0.448750 0.019643 0.010000
2 0.941964 0.450313 0.017857 0.010000
2 0.985714 0.496875 0.016071 0.012500
2 0.975893 0.515937 0.014286 0.010000
2 0.935714 0.009375 0.023214 0.012500
2 0.960714 0.012188 0.019643 0.008750
2 0.966071 0.540000 0.012500 0.011250
2 0.683036 0.538750 0.017857 0.021250
2 0.674107 0.567812 0.017857 0.013750
2 0.589732 0.765625 0.014286 0.012500
2 0.573661 0.811250 0.017857 0.016250
2 0.528571 0.910625 0.012500 0.015000
2 0.884821 0.762500 0.010714 0.012500
2 0.887054 0.747500 0.010714 0.013750
2 0.914732 0.677500 0.012500 0.011250
2 0.904018 0.706250 0.008929 0.012500
2 0.827232 0.912813 0.016071 0.016250
2 0.843304 0.874375 0.012500 0.011250
2 0.817857 0.947813 0.010714 0.017500
2 0.521429 0.933437 0.016071 0.013750
2 0.512946 0.951562 0.012500 0.012500
2 0.505357 0.977500 0.010714 0.017500
2 0.495536 0.989687 0.017857 0.013750
2 0.318750 0.951875 0.012500 0.010000
2 0.400893 0.887187 0.025000 0.008750
2 0.313393 0.960000 0.010714 0.007500
2 0.974554 0.640313 0.025000 0.008750
2 0.527679 0.235625 0.010714 0.015000
2 0.527679 0.264062 0.010714 0.012500
