2 0.668750 0.300625 0.025000 0.007500
2 0.650446 0.440625 0.010714 0.012500
2 0.683929 0.423438 0.019643 0.006250
2 0.687946 0.429688 0.023214 0.006250
2 0.886161 0.574375 0.008929 0.017500
2 0.892857 0.617188 0.008929 0.012500
2 0.297768 0.537500 0.019643 0.006250
2 0.392857 0.529375 0.008929 0.015000
2 0.357143 0.553125 0.008929 0.012500
2 0.398214 0.585938 0.010714 0.012500
2 0.361607 0.595000 0.008929 0.015000
2 0.296875 0.611250 0.017857 0.003750
2 0.401786 0.634375 0.008929 0.012500
2 0.404911 0.650312 0.010714 0.016250
2 0.410268 0.706250 0.012500 0.012500
2 0.414732 0.730625 0.012500 0.023750
2 0.419643 0.782500 0.008929 0.008750
2 0.929464 0.728125 0.010714 0.012500
2 0.929911 0.743750 0.007143 0.012500
2 0.953125 0.836562 0.008929 0.013750
2 0.867857 0.850000 0.021429 0.006250
2 0.946429 0.862500 0.008929 0.012500
2 0.030357 0.963125 0.025000 0.007500
2 0.096429 0.959375 0.023214 0.006250
2 0.832589 0.518750 0.026786 0.006250
