2 0.733929 0.050000 0.012500 0.012500
2 0.314286 0.220312 0.012500 0.012500
2 0.475446 0.279375 0.026786 0.008750
2 0.792411 0.283438 0.026786 0.007500
2 0.937500 0.264062 0.026786 0.006250
2 0.666964 0.051562 0.021429 0.006250
2 0.670089 0.057813 0.023214 0.006250
2 0.371875 0.125000 0.025000 0.006250
2 0.743304 0.199063 0.008929 0.013750
2 0.936161 0.595000 0.010714 0.015000
2 0.661607 0.565312 0.010714 0.015000
2 0.939286 0.618125 0.012500 0.017500
2 0.009375 0.780000 0.014286 0.016250
2 0.099554 0.936562 0.025000 0.007500
2 0.313393 0.876563 0.010714 0.012500
2 0.373214 0.477187 0.023214 0.007500
2 0.017857 0.021563 0.026786 0.008750
2 0.306250 0.159062 0.014286 0.015000
2 0.304464 0.141875 0.010714 0.015000
2 0.245982 0.188125 0.023214 0.007500
2 0.312054 0.190625 0.012500 0.012500
2 0.347321 0.172187 0.025000 0.010000
2 0.657143 0.182500 0.019643 0.008750
2 0.180357 0.326250 0.012500 0.015000
2 0.039286 0.718750 0.016071 0.006250
2 0.051786 0.751563 0.023214 0.006250
2 0.151786 0.902500 0.008929 0.011250
2 0.877232 0.788750 0.026786 0.008750
2 0.882589 0.796563 0.019643 0.008750
2 0.555804 0.742188 0.026786 0.006250
2 0.546429 0.506563 0.012500 0.016250
2 0.875000 0.280938 0.026786 0.008750
2 0.970536 0.263125 0.021429 0.007500
2 0.736607 0.932500 0.026786 0.008750
2 0.618750 0.924687 0.023214 0.008750
2 0.666964 0.966875 0.012500 0.015000
