2 0.691071 0.697500 0.016071 0.020000
2 0.829018 0.700000 0.010714 0.018750
2 0.974554 0.699375 0.016071 0.017500
2 0.983929 0.610625 0.012500 0.015000
2 0.641518 0.535625 0.010714 0.015000
2 0.574107 0.535625 0.014286 0.015000
2 0.593304 0.611250 0.012500 0.016250
2 0.699107 0.611250 0.014286 0.016250
2 0.611161 0.537188 0.012500 0.015000
2 0.889286 0.720938 0.019643 0.020000
2 0.625893 0.611250 0.010714 0.016250
2 0.812054 0.609375 0.012500 0.018750
2 0.591071 0.536562 0.012500 0.013750
2 0.929018 0.611563 0.014286 0.013750
