2 0.704018 0.038125 0.028571 0.007500
2 0.084821 0.863125 0.035714 0.007500
2 0.542411 0.719688 0.008929 0.011250
2 0.302679 0.746250 0.007143 0.011250
2 0.332589 0.023125 0.017857 0.008750
2 0.771429 0.025000 0.016071 0.006250
2 0.800000 0.025000 0.019643 0.006250
2 0.309821 0.016563 0.021429 0.011250
2 0.429911 0.040625 0.016071 0.006250
2 0.122321 0.859375 0.039286 0.012500
2 0.592411 0.894375 0.019643 0.007500
2 0.377679 0.893125 0.023214 0.011250
2 0.402679 0.892813 0.019643 0.007500
2 0.407143 0.884375 0.019643 0.006250
2 0.558929 0.826562 0.019643 0.006250
2 0.888839 0.878750 0.014286 0.013750
