2 0.737500 0.324688 0.010714 0.015000
2 0.726339 0.325937 0.010714 0.011250
2 0.716518 0.295625 0.008929 0.010000
2 0.697321 0.296250 0.010714 0.011250
2 0.685268 0.324688 0.008929 0.015000
2 0.676339 0.323437 0.008929 0.012500
2 0.665179 0.323437 0.008929 0.012500
2 0.654018 0.322813 0.008929 0.011250
2 0.642857 0.323125 0.008929 0.015000
2 0.629911 0.304688 0.014286 0.006250
2 0.629911 0.295312 0.014286 0.006250
2 0.629911 0.281250 0.014286 0.006250
2 0.632143 0.267188 0.014286 0.006250
2 0.694196 0.581875 0.017857 0.013750
2 0.545536 0.565000 0.019643 0.011250
2 0.649107 0.622812 0.021429 0.011250
2 0.299554 0.435000 0.023214 0.013750
2 0.288839 0.420000 0.019643 0.015000
2 0.274107 0.402813 0.021429 0.015000
2 0.152679 0.334375 0.019643 0.012500
2 0.049107 0.297500 0.017857 0.013750
2 0.437500 0.142187 0.008929 0.012500
2 0.420536 0.134375 0.010714 0.012500
2 0.454911 0.115312 0.012500 0.015000
2 0.464286 0.088125 0.008929 0.013750
2 0.411161 0.025312 0.014286 0.016250
2 0.687500 0.277813 0.008929 0.015000
2 0.708482 0.279375 0.010714 0.015000
2 0.719643 0.278750 0.010714 0.013750
2 0.804018 0.287500 0.023214 0.006250
2 0.375893 0.767813 0.010714 0.013750
2 0.048214 0.238437 0.016071 0.011250
2 0.813839 0.196875 0.016071 0.006250
2 0.807143 0.188125 0.016071 0.007500
2 0.700000 0.169687 0.016071 0.011250
2 0.711607 0.162500 0.021429 0.012500
2 0.681250 0.146250 0.014286 0.011250
2 0.621875 0.020313 0.007143 0.012500
2 0.803125 0.266875 0.021429 0.008750
2 0.803125 0.274062 0.021429 0.007500
2 0.804464 0.280625 0.019643 0.005000
2 0.805804 0.293750 0.017857 0.006250
2 0.730804 0.279375 0.010714 0.015000
2 0.803125 0.300937 0.021429 0.005000
2 0.755357 0.246250 0.010714 0.011250
2 0.744196 0.246250 0.010714 0.011250
2 0.724107 0.247500 0.010714 0.013750
2 0.714286 0.247500 0.008929 0.013750
2 0.703125 0.246875 0.008929 0.012500
2 0.683036 0.246875 0.008929 0.012500
2 0.670536 0.246875 0.010714 0.012500
2 0.659821 0.246250 0.007143 0.011250
2 0.650893 0.245312 0.007143 0.012500
2 0.741964 0.280000 0.010714 0.016250
2 0.565625 0.504375 0.064286 0.040000
2 0.841071 0.714375 0.012500 0.010000
2 0.628571 0.287500 0.016071 0.006250
2 0.747321 0.296250 0.012500 0.011250
