2 0.366071 0.634062 0.062500 0.008750
2 0.322321 0.688438 0.028571 0.011250
2 0.433929 0.702813 0.028571 0.008750
2 0.438839 0.631250 0.033929 0.006250
2 0.473661 0.656250 0.032143 0.006250
2 0.588839 0.623125 0.039286 0.008750
2 0.647768 0.651563 0.032143 0.006250
2 0.654018 0.673438 0.035714 0.006250
2 0.658929 0.695312 0.032143 0.006250
2 0.727679 0.635313 0.035714 0.005000
2 0.436607 0.573438 0.033929 0.006250
2 0.497768 0.576562 0.035714 0.006250
2 0.665625 0.618750 0.067857 0.006250
2 0.815179 0.676250 0.032143 0.008750
2 0.766964 0.698750 0.042857 0.010000
2 0.801786 0.620937 0.041071 0.007500
2 0.827232 0.605625 0.033929 0.005000
2 0.912500 0.630312 0.048214 0.013750
2 0.977232 0.559375 0.039286 0.006250
2 0.673214 0.550625 0.033929 0.007500
2 0.785714 0.548125 0.035714 0.008750
2 0.639732 0.416250 0.033929 0.007500
2 0.533036 0.417812 0.039286 0.007500
2 0.820536 0.406875 0.033929 0.007500
2 0.785714 0.368750 0.008929 0.018750
2 0.562946 0.495000 0.041071 0.008750
2 0.464732 0.433750 0.032143 0.011250
2 0.376339 0.465938 0.051786 0.016250
2 0.387500 0.484375 0.051786 0.012500
2 0.224554 0.515625 0.033929 0.012500
2 0.140625 0.535625 0.062500 0.015000
2 0.294196 0.532500 0.030357 0.008750
2 0.249107 0.559063 0.033929 0.008750
2 0.351786 0.557500 0.033929 0.008750
