2 0.249554 0.138125 0.012500 0.013750
2 0.141071 0.570312 0.023214 0.006250
2 0.137946 0.585000 0.021429 0.007500
2 0.464286 0.530938 0.026786 0.008750
2 0.414286 0.512188 0.025000 0.008750
2 0.487054 0.497500 0.014286 0.013750
2 0.355357 0.587187 0.014286 0.015000
2 0.038839 0.644688 0.010714 0.017500
2 0.030804 0.362812 0.012500 0.016250
2 0.955357 0.595938 0.026786 0.013750
2 0.659375 0.938750 0.028571 0.008750
2 0.507143 0.890625 0.023214 0.012500
2 0.811607 0.725000 0.025000 0.012500
2 0.591518 0.704375 0.017857 0.015000
2 0.225000 0.173437 0.012500 0.012500
2 0.369196 0.585938 0.010714 0.012500
2 0.076339 0.747500 0.014286 0.013750
2 0.026786 0.767813 0.026786 0.007500
2 0.083482 0.816875 0.010714 0.015000
2 0.493750 0.757812 0.023214 0.012500
2 0.512500 0.967187 0.016071 0.012500
2 0.797321 0.712812 0.023214 0.010000
