2 0.586607 0.616875 0.021429 0.008750
2 0.666071 0.966875 0.019643 0.008750
2 0.668304 0.972188 0.019643 0.010000
2 0.679911 0.984062 0.016071 0.008750
2 0.697768 0.981250 0.016071 0.006250
2 0.692411 0.976250 0.014286 0.008750
2 0.701339 0.996875 0.014286 0.006250
2 0.988393 0.970625 0.012500 0.010000
2 0.606250 0.925625 0.016071 0.007500
2 0.608482 0.932500 0.016071 0.008750
2 0.614286 0.945000 0.014286 0.008750
2 0.601786 0.975000 0.016071 0.006250
2 0.618750 0.951562 0.014286 0.006250
2 0.619643 0.963125 0.016071 0.007500
2 0.625000 0.968437 0.017857 0.008750
2 0.627232 0.975000 0.017857 0.006250
2 0.627232 0.980312 0.017857 0.007500
2 0.630357 0.987187 0.019643 0.008750
2 0.632589 0.990938 0.019643 0.010000
2 0.637500 0.995937 0.016071 0.007500
2 0.735714 0.965938 0.016071 0.003750
2 0.737946 0.970938 0.016071 0.007500
2 0.775893 0.997812 0.016071 0.005000
2 0.996875 0.938125 0.007143 0.007500
