2 0.861161 0.065625 0.021429 0.025000
2 0.823661 0.073750 0.017857 0.028750
2 0.807143 0.070938 0.016071 0.026250
2 0.789286 0.070312 0.016071 0.025000
2 0.771429 0.069687 0.016071 0.023750
2 0.754464 0.067187 0.017857 0.025000
2 0.726786 0.065312 0.016071 0.021250
2 0.704911 0.065625 0.021429 0.025000
2 0.687946 0.066250 0.023214 0.026250
2 0.673214 0.066250 0.016071 0.026250
2 0.655357 0.065625 0.016071 0.025000
2 0.637500 0.065312 0.016071 0.027500
2 0.616518 0.062187 0.014286 0.021250
2 0.601786 0.058750 0.016071 0.030000
2 0.583929 0.060937 0.016071 0.025000
2 0.566964 0.060625 0.017857 0.027500
2 0.978125 0.029687 0.023214 0.031250
2 0.942857 0.021563 0.019643 0.027500
2 0.896429 0.013437 0.016071 0.023750
2 0.880357 0.013437 0.019643 0.023750
2 0.860714 0.012812 0.016071 0.022500
2 0.843304 0.073125 0.021429 0.027500
2 0.877232 0.073125 0.017857 0.027500
2 0.907143 0.075000 0.019643 0.025000
2 0.959821 0.079687 0.017857 0.025000
2 0.940179 0.078750 0.014286 0.026250
2 0.924107 0.076563 0.017857 0.025000
2 0.825893 0.012812 0.017857 0.022500
2 0.807143 0.012812 0.016071 0.022500
2 0.789732 0.012188 0.012500 0.021250
2 0.770982 0.012188 0.010714 0.021250
2 0.757143 0.009687 0.014286 0.016250
2 0.741518 0.009062 0.014286 0.015000
2 0.722768 0.009062 0.012500 0.015000
2 0.707143 0.009062 0.012500 0.015000
2 0.687500 0.007187 0.008929 0.011250
2 0.990625 0.081875 0.012500 0.020000
