2 0.352679 0.655625 0.008929 0.011250
2 0.289732 0.300625 0.012500 0.013750
2 0.812500 0.068750 0.017857 0.006250
2 0.604464 0.384375 0.021429 0.012500
2 0.297768 0.495937 0.010714 0.013750
2 0.712946 0.235937 0.019643 0.012500
2 0.380357 0.213750 0.010714 0.015000
2 0.111607 0.270000 0.017857 0.015000
2 0.105357 0.250625 0.023214 0.007500
2 0.246429 0.246563 0.019643 0.008750
2 0.375000 0.097500 0.008929 0.013750
2 0.299107 0.136250 0.008929 0.016250
2 0.285268 0.498437 0.012500 0.050000
2 0.368750 0.521875 0.014286 0.031250
