2 0.515625 0.733750 0.017857 0.011250
2 0.316964 0.852500 0.017857 0.011250
2 0.328571 0.865312 0.014286 0.008750
2 0.336607 0.876875 0.012500 0.010000
2 0.342857 0.881875 0.016071 0.007500
2 0.349554 0.885625 0.016071 0.008750
2 0.353125 0.892188 0.014286 0.006250
2 0.359375 0.895937 0.017857 0.007500
2 0.362946 0.901875 0.016071 0.010000
2 0.360714 0.918125 0.016071 0.011250
2 0.354018 0.921875 0.016071 0.012500
2 0.347321 0.925938 0.016071 0.011250
2 0.338839 0.927500 0.012500 0.011250
2 0.334375 0.931563 0.012500 0.010000
2 0.318750 0.937500 0.012500 0.012500
2 0.313393 0.941563 0.010714 0.011250
2 0.305357 0.945625 0.012500 0.010000
2 0.297768 0.947188 0.010714 0.010000
2 0.289732 0.952500 0.012500 0.011250
2 0.283036 0.954063 0.012500 0.011250
2 0.276339 0.957812 0.012500 0.012500
2 0.270536 0.960313 0.014286 0.011250
2 0.263393 0.962500 0.017857 0.012500
2 0.251786 0.965000 0.012500 0.011250
2 0.243750 0.970313 0.014286 0.012500
2 0.236607 0.971875 0.017857 0.012500
2 0.212946 0.983125 0.010714 0.010000
2 0.366518 0.945000 0.014286 0.008750
2 0.505804 0.923438 0.016071 0.012500
2 0.495982 0.928125 0.014286 0.012500
2 0.563393 0.970313 0.010714 0.012500
2 0.553125 0.972813 0.012500 0.011250
2 0.546429 0.977500 0.012500 0.011250
2 0.538393 0.980625 0.014286 0.011250
2 0.532143 0.983750 0.010714 0.011250
2 0.597768 0.882188 0.012500 0.011250
2 0.801786 0.778438 0.014286 0.010000
2 0.769643 0.794063 0.012500 0.010000
2 0.807589 0.776563 0.012500 0.012500
2 0.817411 0.767500 0.014286 0.010000
2 0.894196 0.743437 0.016071 0.008750
2 0.902232 0.730312 0.014286 0.013750
2 0.847768 0.824375 0.012500 0.011250
2 0.853125 0.820937 0.014286 0.013750
2 0.860714 0.816250 0.016071 0.013750
2 0.876786 0.843125 0.012500 0.011250
2 0.882143 0.838438 0.014286 0.011250
2 0.890179 0.835000 0.012500 0.013750
2 0.912054 0.803750 0.016071 0.007500
2 0.939286 0.813125 0.012500 0.013750
2 0.916964 0.790625 0.012500 0.012500
2 0.908929 0.794687 0.014286 0.011250
2 0.936607 0.757188 0.016071 0.011250
2 0.986161 0.687500 0.012500 0.012500
2 0.978125 0.692187 0.014286 0.012500
2 0.951786 0.640313 0.019643 0.008750
2 0.941071 0.613750 0.016071 0.008750
