2 0.839286 0.408125 0.035714 0.022500
2 0.825000 0.377188 0.033929 0.020000
2 0.975893 0.424375 0.032143 0.017500
2 0.429464 0.367188 0.028571 0.025000
2 0.849107 0.420312 0.037500 0.018750
2 0.896429 0.273750 0.025000 0.022500
2 0.875000 0.396563 0.035714 0.021250
2 0.890179 0.420000 0.039286 0.021250
2 0.860268 0.280313 0.028571 0.026250
2 0.885268 0.407813 0.033929 0.018750
2 0.587946 0.268750 0.037500 0.018750
2 0.842411 0.339062 0.037500 0.018750
2 0.857589 0.359687 0.032143 0.016250
2 0.862500 0.373750 0.037500 0.016250
2 0.882143 0.275312 0.023214 0.022500
2 0.910714 0.269062 0.026786 0.022500
2 0.981250 0.249375 0.025000 0.023750
2 0.803125 0.538750 0.012500 0.021250
2 0.654018 0.495625 0.035714 0.016250
2 0.647321 0.508750 0.035714 0.011250
2 0.643750 0.521563 0.037500 0.015000
2 0.640625 0.533750 0.035714 0.011250
2 0.639732 0.547500 0.033929 0.013750
2 0.729911 0.535000 0.017857 0.026250
2 0.753125 0.535625 0.019643 0.027500
2 0.785714 0.537813 0.017857 0.022500
2 0.754911 0.485938 0.023214 0.025000
2 0.812946 0.623750 0.023214 0.028750
2 0.808482 0.490625 0.023214 0.025000
2 0.845089 0.492500 0.025000 0.028750
2 0.927679 0.497813 0.025000 0.030000
2 0.820536 0.540625 0.016071 0.025000
2 0.980804 0.552500 0.028571 0.023750
2 0.692857 0.613125 0.019643 0.026250
2 0.712500 0.614687 0.023214 0.026250
2 0.754018 0.619375 0.021429 0.026250
2 0.783929 0.622500 0.023214 0.026250
2 0.916071 0.635000 0.019643 0.026250
2 0.888839 0.583750 0.023214 0.023750
2 0.782143 0.576562 0.019643 0.025000
2 0.569643 0.984062 0.041071 0.015000
2 0.838393 0.541250 0.016071 0.026250
2 0.979018 0.826875 0.016071 0.022500
2 0.965179 0.828125 0.019643 0.025000
2 0.943750 0.826875 0.021429 0.022500
2 0.929464 0.827812 0.019643 0.027500
2 0.913839 0.830625 0.019643 0.030000
2 0.896429 0.829375 0.016071 0.027500
2 0.881250 0.831250 0.021429 0.025000
2 0.910714 0.860313 0.017857 0.023750
2 0.983036 0.771250 0.019643 0.023750
2 0.965625 0.768750 0.016071 0.025000
2 0.951786 0.773125 0.019643 0.027500
2 0.932589 0.771250 0.021429 0.023750
2 0.959821 0.860000 0.017857 0.026250
2 0.915179 0.771250 0.017857 0.023750
2 0.900893 0.773750 0.016071 0.028750
2 0.881696 0.771875 0.017857 0.025000
2 0.906250 0.995000 0.017857 0.008750
2 0.985714 0.990625 0.016071 0.018750
2 0.970536 0.990625 0.021429 0.018750
2 0.952232 0.991563 0.016071 0.017500
2 0.935268 0.992812 0.017857 0.013750
2 0.889286 0.996875 0.010714 0.006250
2 0.868750 0.995000 0.014286 0.008750
2 0.883482 0.942812 0.021429 0.020000
2 0.882589 0.918750 0.019643 0.018750
2 0.898214 0.915312 0.019643 0.027500
2 0.984821 0.936250 0.023214 0.022500
2 0.966518 0.938125 0.017857 0.026250
2 0.951786 0.938438 0.019643 0.023750
2 0.933929 0.938125 0.019643 0.026250
2 0.982143 0.913438 0.017857 0.023750
2 0.963839 0.910937 0.021429 0.025000
2 0.948661 0.914062 0.017857 0.025000
2 0.930804 0.913438 0.017857 0.023750
2 0.915179 0.915625 0.017857 0.025000
2 0.587500 0.278125 0.032143 0.012500
2 0.520536 0.495000 0.032143 0.015000
2 0.513839 0.507812 0.032143 0.012500
2 0.705804 0.566250 0.014286 0.026250
2 0.835268 0.324063 0.032143 0.013750
