2 0.100000 0.175000 0.012500 0.018750
2 0.526786 0.639375 0.026786 0.035000
2 0.458036 0.516563 0.014286 0.017500
2 0.450000 0.445312 0.016071 0.018750
2 0.480357 0.493750 0.014286 0.012500
2 0.550000 0.667500 0.019643 0.022500
2 0.520536 0.542188 0.032143 0.037500
2 0.184375 0.493750 0.016071 0.018750
2 0.093750 0.515313 0.017857 0.015000
2 0.110714 0.511875 0.016071 0.017500
2 0.134375 0.505000 0.014286 0.016250
2 0.321429 0.335938 0.017857 0.012500
2 0.268750 0.175000 0.010714 0.018750
2 0.267857 0.100000 0.008929 0.018750
2 0.191518 0.365000 0.021429 0.011250
2 0.132589 0.355000 0.019643 0.010000
2 0.075893 0.334375 0.017857 0.012500
2 0.578125 0.734687 0.017857 0.022500
2 0.010268 0.852500 0.016071 0.011250
2 0.012054 0.857812 0.019643 0.006250
2 0.015179 0.865938 0.021429 0.010000
2 0.202679 0.798125 0.021429 0.008750
2 0.400893 0.677500 0.025000 0.011250
2 0.560268 0.659687 0.026786 0.035000
2 0.642857 0.823125 0.017857 0.027500
2 0.651339 0.849375 0.021429 0.023750
2 0.662054 0.906250 0.016071 0.018750
2 0.692411 0.977812 0.014286 0.021250
2 0.153571 0.046562 0.012500 0.008750
2 0.062946 0.049375 0.014286 0.011250
2 0.112054 0.069375 0.014286 0.013750
2 0.120536 0.063438 0.017857 0.011250
2 0.173214 0.060313 0.016071 0.011250
2 0.143304 0.076875 0.023214 0.010000
2 0.129911 0.082500 0.014286 0.008750
2 0.114732 0.090312 0.019643 0.008750
2 0.070982 0.115000 0.012500 0.011250
2 0.060268 0.117813 0.017857 0.013750
2 0.048661 0.128125 0.012500 0.012500
2 0.041071 0.133125 0.010714 0.010000
2 0.033482 0.135937 0.008929 0.012500
2 0.020536 0.145625 0.014286 0.016250
2 0.011607 0.150313 0.014286 0.016250
2 0.083929 0.144687 0.016071 0.011250
2 0.076339 0.150938 0.014286 0.011250
2 0.067411 0.153438 0.014286 0.010000
2 0.060714 0.158125 0.014286 0.010000
2 0.045536 0.165625 0.019643 0.012500
2 0.037054 0.171250 0.016071 0.011250
2 0.022768 0.177500 0.014286 0.011250
2 0.013839 0.182500 0.014286 0.008750
2 0.008482 0.186875 0.012500 0.011250
2 0.015625 0.221563 0.008929 0.015000
2 0.067411 0.189375 0.014286 0.016250
2 0.076786 0.186875 0.010714 0.011250
2 0.107143 0.168750 0.008929 0.012500
2 0.123214 0.160000 0.014286 0.013750
2 0.129018 0.154688 0.012500 0.012500
2 0.197768 0.110000 0.016071 0.013750
2 0.204911 0.107500 0.012500 0.008750
2 0.209821 0.101875 0.017857 0.010000
2 0.216518 0.085625 0.017857 0.008750
2 0.158036 0.246250 0.012500 0.011250
2 0.150000 0.250000 0.014286 0.012500
2 0.129018 0.259063 0.012500 0.015000
2 0.119196 0.261563 0.010714 0.013750
2 0.112500 0.265625 0.010714 0.012500
2 0.105357 0.267813 0.014286 0.013750
2 0.096429 0.273125 0.014286 0.015000
2 0.088839 0.273125 0.012500 0.015000
2 0.082143 0.278750 0.012500 0.013750
2 0.074554 0.280938 0.010714 0.015000
2 0.066518 0.283125 0.012500 0.016250
2 0.060714 0.289062 0.014286 0.012500
2 0.049554 0.292813 0.014286 0.013750
2 0.045089 0.296875 0.014286 0.012500
2 0.038393 0.298438 0.014286 0.012500
2 0.028571 0.304375 0.012500 0.015000
2 0.019643 0.305312 0.012500 0.013750
2 0.208482 0.486875 0.010714 0.017500
2 0.218750 0.484375 0.008929 0.018750
2 0.233036 0.480625 0.010714 0.017500
2 0.241964 0.476875 0.010714 0.016250
2 0.250893 0.477813 0.010714 0.015000
2 0.261161 0.474062 0.008929 0.013750
2 0.270089 0.473750 0.008929 0.016250
2 0.277679 0.471562 0.010714 0.015000
2 0.286607 0.467500 0.010714 0.016250
2 0.294196 0.466875 0.012500 0.015000
2 0.300893 0.462812 0.012500 0.016250
2 0.314286 0.461562 0.012500 0.013750
2 0.215179 0.516250 0.010714 0.013750
2 0.224107 0.515625 0.010714 0.012500
2 0.248661 0.510625 0.010714 0.015000
2 0.267411 0.505312 0.012500 0.013750
2 0.276339 0.503750 0.012500 0.013750
2 0.302232 0.497500 0.010714 0.013750
2 0.308929 0.496875 0.010714 0.012500
2 0.288839 0.534375 0.010714 0.012500
2 0.248661 0.546563 0.010714 0.015000
2 0.271875 0.540312 0.012500 0.015000
2 0.171429 0.564688 0.012500 0.013750
2 0.161607 0.568125 0.010714 0.017500
2 0.144643 0.572187 0.012500 0.016250
