2 0.574107 0.274688 0.014286 0.021250
2 0.590179 0.279687 0.019643 0.025000
2 0.609375 0.275000 0.017857 0.025000
2 0.645536 0.277813 0.014286 0.027500
2 0.665179 0.278750 0.017857 0.026250
2 0.738839 0.278438 0.017857 0.022500
2 0.716964 0.278125 0.014286 0.025000
2 0.700000 0.279375 0.016071 0.027500
2 0.902679 0.283750 0.019643 0.023750
2 0.920089 0.283438 0.014286 0.026250
2 0.938839 0.283438 0.016071 0.026250
2 0.959375 0.281562 0.021429 0.022500
2 0.658036 0.522188 0.021429 0.028750
2 0.701786 0.524062 0.019643 0.026250
2 0.720536 0.525625 0.021429 0.026250
2 0.566071 0.465000 0.016071 0.023750
2 0.587054 0.463750 0.017857 0.021250
2 0.600000 0.463125 0.021429 0.026250
2 0.619643 0.465313 0.016071 0.021250
2 0.639732 0.465000 0.016071 0.023750
2 0.658929 0.464375 0.014286 0.022500
2 0.675446 0.462188 0.016071 0.021250
2 0.683036 0.522188 0.017857 0.028750
2 0.639286 0.522188 0.019643 0.028750
2 0.619643 0.525000 0.016071 0.025000
2 0.696875 0.588750 0.041071 0.027500
2 0.574554 0.522500 0.019643 0.026250
2 0.573661 0.369062 0.017857 0.022500
2 0.591071 0.368125 0.012500 0.023750
2 0.608036 0.368438 0.019643 0.021250
2 0.641518 0.369375 0.019643 0.020000
2 0.659821 0.370625 0.016071 0.022500
2 0.678571 0.372500 0.017857 0.026250
2 0.682143 0.340938 0.016071 0.028750
2 0.665179 0.340313 0.017857 0.027500
2 0.647321 0.339688 0.017857 0.026250
2 0.628125 0.341875 0.019643 0.027500
2 0.610714 0.337500 0.016071 0.025000
2 0.590625 0.335938 0.016071 0.025000
2 0.575893 0.338750 0.017857 0.027500
2 0.566964 0.428750 0.017857 0.026250
2 0.584375 0.427813 0.021429 0.027500
2 0.603571 0.430625 0.019643 0.023750
2 0.622768 0.434375 0.017857 0.025000
2 0.641518 0.435000 0.019643 0.026250
2 0.661607 0.431562 0.019643 0.028750
2 0.951339 0.340938 0.014286 0.022500
2 0.970536 0.345313 0.012500 0.025000
2 0.986607 0.376875 0.017857 0.022500
2 0.971429 0.374375 0.014286 0.023750
2 0.952232 0.377500 0.016071 0.023750
2 0.948214 0.441875 0.012500 0.021250
2 0.968750 0.439375 0.017857 0.022500
2 0.986607 0.440625 0.017857 0.025000
2 0.998661 0.440312 0.001786 0.027500
2 0.992411 0.345313 0.016071 0.025000
2 0.971429 0.470625 0.014286 0.022500
2 0.950000 0.469688 0.016071 0.023750
2 0.985714 0.472500 0.016071 0.026250
2 0.788393 0.011250 0.032143 0.010000
2 0.762946 0.865625 0.039286 0.012500
