2 0.788839 0.795625 0.019643 0.010000
2 0.628571 0.532500 0.016071 0.008750
2 0.570536 0.464375 0.016071 0.010000
2 0.589286 0.401875 0.017857 0.010000
2 0.944643 0.719375 0.014286 0.013750
2 0.788393 0.630312 0.014286 0.007500
2 0.781696 0.621250 0.014286 0.011250
2 0.708036 0.577813 0.014286 0.008750
2 0.713839 0.572500 0.012500 0.007500
2 0.684375 0.500312 0.016071 0.010000
2 0.650446 0.465000 0.019643 0.011250
2 0.639732 0.455000 0.016071 0.010000
2 0.630357 0.444375 0.019643 0.007500
2 0.627679 0.438750 0.014286 0.008750
2 0.613839 0.424375 0.017857 0.011250
2 0.608482 0.420312 0.016071 0.012500
2 0.582143 0.446250 0.012500 0.011250
2 0.591071 0.455937 0.012500 0.008750
2 0.620982 0.521563 0.014286 0.008750
2 0.770536 0.641250 0.014286 0.013750
2 0.761607 0.644375 0.014286 0.013750
2 0.753571 0.650312 0.016071 0.010000
2 0.700893 0.645625 0.017857 0.010000
2 0.875893 0.708750 0.019643 0.011250
2 0.781696 0.819688 0.014286 0.011250
2 0.735268 0.657813 0.010714 0.012500
