2 0.569196 0.174375 0.008929 0.011250
2 0.538839 0.520937 0.010714 0.013750
2 0.599107 0.489687 0.010714 0.013750
2 0.573214 0.363750 0.012500 0.015000
2 0.583482 0.307500 0.010714 0.015000
2 0.514286 0.282187 0.010714 0.017500
2 0.512946 0.264375 0.012500 0.016250
2 0.563393 0.266250 0.010714 0.013750
2 0.552232 0.164062 0.010714 0.012500
2 0.578125 0.042188 0.008929 0.012500
2 0.495536 0.078750 0.017857 0.038750
2 0.540179 0.043750 0.008929 0.012500
2 0.508929 0.055000 0.008929 0.016250
2 0.500893 0.002187 0.010714 0.001250
2 0.587500 0.528125 0.014286 0.012500
2 0.552232 0.636250 0.010714 0.016250
2 0.603571 0.657813 0.010714 0.012500
2 0.583482 0.788750 0.010714 0.015000
2 0.586607 0.954063 0.012500 0.017500
