2 0.924107 0.130625 0.008929 0.011250
2 0.900446 0.172812 0.010714 0.011250
2 0.932589 0.141875 0.012500 0.008750
2 0.949107 0.157812 0.005357 0.006250
2 0.908482 0.195938 0.017857 0.007500
2 0.913393 0.205625 0.014286 0.005000
2 0.923214 0.220938 0.016071 0.007500
2 0.923214 0.225000 0.016071 0.006250
2 0.927679 0.231875 0.016071 0.007500
2 0.930804 0.237500 0.017857 0.006250
2 0.932589 0.243750 0.012500 0.006250
2 0.936607 0.245938 0.016071 0.007500
2 0.937054 0.250625 0.012500 0.007500
2 0.942411 0.251250 0.014286 0.008750
2 0.824554 0.034375 0.010714 0.012500
2 0.848214 0.046875 0.008929 0.012500
2 0.830357 0.046250 0.008929 0.011250
2 0.568304 0.240313 0.016071 0.008750
2 0.565179 0.188125 0.014286 0.007500
