2 0.855804 0.560625 0.028571 0.015000
2 0.281696 0.197500 0.023214 0.013750
2 0.531250 0.615625 0.026786 0.012500
2 0.622321 0.607500 0.030357 0.015000
2 0.090625 0.693438 0.025000 0.015000
2 0.324554 0.945000 0.019643 0.015000
2 0.258929 0.671250 0.026786 0.011250
2 0.212054 0.668125 0.026786 0.011250
2 0.066964 0.726250 0.026786 0.015000
2 0.780804 0.833125 0.021429 0.016250
2 0.712946 0.831563 0.019643 0.016250
2 0.727679 0.829375 0.017857 0.015000
2 0.771875 0.817500 0.021429 0.016250
2 0.761607 0.819688 0.014286 0.017500
2 0.748661 0.822813 0.019643 0.017500
2 0.738393 0.824375 0.021429 0.017500
2 0.763393 0.837187 0.017857 0.015000
2 0.749107 0.838750 0.016071 0.015000
2 0.713393 0.849375 0.016071 0.017500
2 0.778125 0.869063 0.016071 0.016250
2 0.766518 0.873125 0.019643 0.015000
2 0.736607 0.877500 0.017857 0.017500
2 0.729018 0.880937 0.016071 0.015000
2 0.655357 0.865625 0.016071 0.018750
2 0.645089 0.868437 0.017857 0.015000
2 0.424107 0.920937 0.017857 0.020000
2 0.703571 0.836875 0.014286 0.017500
2 0.683482 0.841250 0.014286 0.013750
2 0.692857 0.854375 0.019643 0.015000
2 0.673661 0.858125 0.012500 0.016250
2 0.665179 0.843437 0.017857 0.015000
2 0.675446 0.805312 0.016071 0.013750
2 0.695536 0.799375 0.016071 0.017500
2 0.708036 0.800625 0.014286 0.013750
2 0.716518 0.794687 0.017857 0.017500
2 0.733036 0.789687 0.019643 0.020000
2 0.745536 0.788750 0.017857 0.015000
2 0.755804 0.786875 0.016071 0.017500
2 0.766518 0.783125 0.019643 0.016250
2 0.776786 0.780000 0.017857 0.016250
2 0.593750 0.882500 0.017857 0.015000
2 0.708482 0.889375 0.019643 0.016250
2 0.589732 0.862500 0.023214 0.018750
2 0.820536 0.873750 0.016071 0.016250
2 0.640179 0.920625 0.021429 0.016250
2 0.409375 0.961875 0.019643 0.017500
2 0.450893 0.916875 0.017857 0.015000
2 0.523661 0.951875 0.016071 0.016250
2 0.607589 0.929375 0.023214 0.015000
2 0.618750 0.924375 0.014286 0.017500
2 0.762500 0.925625 0.025000 0.020000
2 0.745536 0.931250 0.017857 0.018750
2 0.729911 0.969688 0.017857 0.017500
2 0.743304 0.966250 0.017857 0.013750
2 0.717411 0.990000 0.019643 0.017500
2 0.674107 0.985000 0.017857 0.013750
2 0.691071 0.980625 0.016071 0.017500
2 0.313839 0.985625 0.016071 0.015000
2 0.313393 0.714375 0.028571 0.016250
2 0.444196 0.862500 0.017857 0.018750
2 0.708036 0.901250 0.014286 0.015000
2 0.757143 0.891250 0.014286 0.013750
2 0.779464 0.919375 0.023214 0.020000
2 0.800893 0.917188 0.021429 0.018750
2 0.809821 0.916250 0.021429 0.020000
2 0.820982 0.913750 0.021429 0.021250
2 0.830357 0.910313 0.017857 0.017500
2 0.842857 0.907188 0.016071 0.017500
2 0.883036 0.901563 0.025000 0.012500
2 0.879911 0.895937 0.023214 0.013750
2 0.873214 0.886875 0.023214 0.011250
2 0.864732 0.880000 0.028571 0.016250
2 0.833482 0.870625 0.019643 0.016250
2 0.700000 0.977500 0.016071 0.017500
2 0.816071 0.947188 0.016071 0.016250
2 0.848214 0.941875 0.017857 0.015000
2 0.787054 0.956563 0.016071 0.016250
2 0.736607 0.985625 0.017857 0.015000
2 0.769196 0.979375 0.016071 0.015000
2 0.776786 0.976250 0.017857 0.015000
2 0.769196 0.961875 0.016071 0.017500
2 0.582143 0.092500 0.021429 0.010000
2 0.650446 0.070625 0.019643 0.010000
2 0.784375 0.052812 0.028571 0.008750
2 0.040625 0.719062 0.023214 0.010000
2 0.263839 0.683750 0.023214 0.011250
2 0.453571 0.644062 0.023214 0.010000
2 0.669643 0.651563 0.026786 0.012500
2 0.782143 0.562188 0.019643 0.008750
2 0.628125 0.809375 0.019643 0.025000
2 0.398214 0.873750 0.019643 0.016250
2 0.724554 0.933750 0.016071 0.017500
2 0.733929 0.895625 0.012500 0.016250
2 0.784821 0.885000 0.016071 0.013750
2 0.713393 0.937500 0.016071 0.018750
2 0.889286 0.912187 0.019643 0.008750
2 0.895536 0.918437 0.014286 0.008750
2 0.898214 0.924687 0.019643 0.008750
2 0.901786 0.932500 0.026786 0.008750
2 0.908036 0.940000 0.021429 0.011250
2 0.916071 0.946562 0.019643 0.008750
2 0.919196 0.952500 0.021429 0.011250
2 0.798214 0.954375 0.016071 0.015000
2 0.826339 0.944688 0.014286 0.017500
2 0.795536 0.970000 0.010714 0.015000
2 0.805357 0.968437 0.012500 0.015000
2 0.815179 0.966875 0.014286 0.015000
2 0.825000 0.963125 0.016071 0.013750
2 0.832143 0.960625 0.012500 0.015000
2 0.841964 0.957812 0.014286 0.012500
2 0.850893 0.955000 0.014286 0.016250
2 0.863393 0.954375 0.012500 0.015000
2 0.872321 0.952187 0.012500 0.013750
2 0.895982 0.978750 0.010714 0.013750
2 0.885714 0.982812 0.012500 0.012500
2 0.878571 0.985625 0.016071 0.015000
2 0.869643 0.987813 0.016071 0.016250
2 0.838393 0.994688 0.016071 0.011250
2 0.791964 0.772500 0.012500 0.013750
2 0.856696 0.989375 0.012500 0.016250
