2 0.502679 0.101250 0.023214 0.008750
2 0.596429 0.123125 0.023214 0.008750
2 0.677232 0.161250 0.019643 0.016250
2 0.674107 0.173125 0.017857 0.015000
2 0.677232 0.189688 0.019643 0.013750
2 0.658482 0.176250 0.017857 0.015000
2 0.657143 0.190312 0.019643 0.015000
2 0.658482 0.204062 0.026786 0.017500
2 0.723214 0.125000 0.026786 0.018750
2 0.724107 0.138125 0.028571 0.013750
2 0.722768 0.153125 0.030357 0.018750
2 0.723661 0.165313 0.032143 0.015000
2 0.725000 0.179062 0.030357 0.017500
2 0.724554 0.192188 0.025000 0.012500
2 0.725000 0.204687 0.021429 0.012500
2 0.722321 0.216250 0.025000 0.013750
2 0.725893 0.255000 0.023214 0.016250
2 0.727679 0.283750 0.017857 0.011250
2 0.728125 0.296250 0.023214 0.011250
2 0.728571 0.310625 0.019643 0.015000
2 0.679018 0.323437 0.023214 0.018750
2 0.679018 0.338125 0.023214 0.013750
2 0.824554 0.031875 0.010714 0.020000
2 0.811161 0.030000 0.010714 0.016250
2 0.759375 0.054375 0.023214 0.008750
2 0.758036 0.044375 0.025000 0.007500
2 0.875893 0.553438 0.010714 0.016250
2 0.312500 0.163437 0.026786 0.011250
2 0.312500 0.185625 0.026786 0.015000
2 0.319196 0.214375 0.026786 0.010000
