2 0.781696 0.115000 0.023214 0.011250
2 0.769643 0.160000 0.012500 0.020000
2 0.592857 0.428750 0.025000 0.007500
2 0.624107 0.418125 0.016071 0.011250
2 0.531696 0.953750 0.014286 0.013750
2 0.522768 0.959375 0.014286 0.012500
2 0.516518 0.964063 0.010714 0.012500
2 0.503571 0.969375 0.016071 0.013750
2 0.484821 0.966875 0.014286 0.015000
2 0.431250 0.973125 0.014286 0.015000
2 0.420536 0.978125 0.010714 0.012500
2 0.411161 0.981563 0.014286 0.016250
2 0.399107 0.986563 0.012500 0.013750
2 0.350446 0.905000 0.017857 0.010000
2 0.343750 0.918750 0.017857 0.006250
