2 0.976786 0.263125 0.025000 0.013750
2 0.265179 0.375625 0.021429 0.013750
2 0.680357 0.261875 0.030357 0.011250
2 0.702232 0.248125 0.025000 0.015000
2 0.508929 0.349688 0.026786 0.015000
2 0.732143 0.314063 0.026786 0.012500
2 0.407589 0.935000 0.087500 0.026250
2 0.945089 0.740625 0.082143 0.025000
2 0.720536 0.788438 0.066071 0.023750
2 0.371875 0.930312 0.078571 0.026250
2 0.841071 0.777500 0.030357 0.017500
2 0.337946 0.926875 0.037500 0.016250
2 0.791518 0.841875 0.025000 0.015000
2 0.317857 0.886250 0.019643 0.010000
2 0.383482 0.885938 0.021429 0.012500
2 0.198214 0.981875 0.030357 0.013750
2 0.916518 0.772813 0.025000 0.011250
