2 0.058036 0.991563 0.017857 0.017500
2 0.038839 0.992812 0.019643 0.013750
2 0.506696 0.515000 0.053571 0.030000
2 0.961161 0.486875 0.042857 0.030000
2 0.558036 0.768437 0.035714 0.040000
2 0.733482 0.869063 0.042857 0.022500
2 0.242857 0.650625 0.039286 0.026250
2 0.443304 0.948125 0.016071 0.027500
2 0.282143 0.964375 0.019643 0.022500
2 0.260268 0.962500 0.025000 0.025000
2 0.231696 0.957812 0.012500 0.025000
2 0.214732 0.957500 0.023214 0.021250
2 0.023214 0.705937 0.019643 0.021250
2 0.083929 0.902812 0.016071 0.021250
2 0.056696 0.896250 0.019643 0.023750
2 0.120982 0.906875 0.023214 0.020000
2 0.090625 0.838125 0.016071 0.020000
2 0.246429 0.860625 0.019643 0.021250
2 0.221875 0.859375 0.019643 0.018750
2 0.206696 0.854063 0.016071 0.017500
2 0.190179 0.851562 0.023214 0.025000
2 0.166964 0.848750 0.021429 0.022500
2 0.148214 0.851250 0.019643 0.027500
2 0.129464 0.844375 0.017857 0.020000
2 0.112500 0.841875 0.019643 0.021250
2 0.055804 0.835938 0.026786 0.025000
2 0.132589 0.909375 0.019643 0.018750
2 0.029911 0.832500 0.019643 0.021250
2 0.289286 0.933437 0.016071 0.020000
2 0.255357 0.924063 0.019643 0.020000
2 0.238393 0.920312 0.021429 0.025000
2 0.201786 0.915938 0.019643 0.022500
2 0.180357 0.912500 0.021429 0.025000
2 0.161161 0.913750 0.023214 0.021250
2 0.825000 0.557188 0.069643 0.067500
2 0.689732 0.529687 0.107143 0.043750
2 0.413839 0.710313 0.046429 0.042500
2 0.229464 0.889062 0.039286 0.025000
2 0.012054 0.988438 0.019643 0.023750
2 0.193750 0.950625 0.021429 0.026250
2 0.650893 0.919375 0.042857 0.020000
2 0.691071 0.935312 0.025000 0.017500
2 0.709821 0.934062 0.017857 0.021250
2 0.723661 0.931875 0.023214 0.026250
2 0.723214 0.957188 0.026786 0.023750
2 0.751339 0.952812 0.025000 0.021250
2 0.701786 0.964687 0.037500 0.038750
2 0.721429 0.815938 0.023214 0.022500
2 0.696429 0.818750 0.026786 0.025000
2 0.632589 0.898125 0.037500 0.021250
2 0.641071 0.908750 0.032143 0.017500
2 0.628571 0.884688 0.033929 0.016250
2 0.928125 0.803125 0.048214 0.025000
2 0.933036 0.417187 0.044643 0.018750
2 0.142857 0.607187 0.026786 0.017500
2 0.327232 0.727500 0.025000 0.023750
2 0.450893 0.883125 0.017857 0.022500
2 0.486161 0.927187 0.021429 0.020000
2 0.493750 0.728125 0.032143 0.025000
2 0.742857 0.812813 0.021429 0.022500
2 0.789286 0.840000 0.051786 0.023750
2 0.272321 0.931563 0.017857 0.022500
