2 0.670982 0.516563 0.007143 0.011250
2 0.965625 0.440000 0.016071 0.005000
2 0.734821 0.436875 0.014286 0.005000
2 0.900893 0.400000 0.016071 0.006250
2 0.891071 0.405625 0.014286 0.005000
2 0.854911 0.396875 0.017857 0.006250
2 0.810268 0.399375 0.017857 0.005000
2 0.860714 0.377500 0.016071 0.005000
2 0.713393 0.410938 0.016071 0.006250
2 0.747321 0.398750 0.012500 0.003750
2 0.715625 0.380625 0.016071 0.005000
2 0.792411 0.346250 0.017857 0.005000
2 0.933929 0.398750 0.019643 0.003750
2 0.631250 0.410938 0.021429 0.006250
2 0.626339 0.400938 0.016071 0.005000
2 0.662054 0.399375 0.016071 0.005000
2 0.566964 0.412812 0.017857 0.003750
2 0.592857 0.385937 0.016071 0.006250
2 0.700000 0.440625 0.016071 0.006250
2 0.947768 0.439687 0.016071 0.007500
2 0.852679 0.439063 0.017857 0.006250
2 0.965625 0.270625 0.007143 0.010000
2 0.976786 0.310312 0.007143 0.011250
2 0.963393 0.311250 0.007143 0.010000
2 0.900893 0.313437 0.007143 0.011250
2 0.907589 0.313437 0.007143 0.011250
2 0.752232 0.316562 0.008929 0.011250
2 0.730357 0.316562 0.005357 0.011250
2 0.721429 0.316562 0.005357 0.011250
2 0.713393 0.318125 0.007143 0.011250
2 0.705804 0.320312 0.005357 0.012500
2 0.687500 0.318750 0.008929 0.012500
2 0.682143 0.321875 0.007143 0.012500
2 0.675000 0.319375 0.010714 0.013750
2 0.667411 0.321875 0.008929 0.012500
2 0.656250 0.321875 0.008929 0.012500
2 0.700893 0.555625 0.017857 0.005000
2 0.572768 0.552500 0.016071 0.005000
2 0.967411 0.598437 0.019643 0.006250
2 0.841518 0.594375 0.017857 0.007500
2 0.891518 0.558750 0.019643 0.005000
2 0.899554 0.576562 0.017857 0.006250
2 0.851339 0.558437 0.019643 0.007500
2 0.854018 0.504687 0.016071 0.006250
2 0.598214 0.575000 0.017857 0.006250
2 0.647321 0.556250 0.017857 0.006250
2 0.974554 0.271250 0.007143 0.011250
2 0.961161 0.243438 0.007143 0.008750
2 0.927679 0.242500 0.007143 0.010000
2 0.937500 0.243125 0.008929 0.011250
2 0.894196 0.337500 0.016071 0.006250
2 0.890625 0.369688 0.017857 0.005000
2 0.825893 0.369688 0.017857 0.005000
2 0.948214 0.405000 0.012500 0.003750
2 0.608036 0.440625 0.019643 0.006250
2 0.673214 0.443125 0.016071 0.005000
2 0.689286 0.435313 0.012500 0.005000
2 0.713839 0.434375 0.012500 0.006250
2 0.759375 0.434688 0.014286 0.003750
2 0.831696 0.433750 0.016071 0.005000
2 0.853125 0.432188 0.014286 0.005000
2 0.786161 0.559375 0.014286 0.006250
2 0.742411 0.557813 0.016071 0.006250
2 0.827232 0.560312 0.016071 0.005000
2 0.676786 0.567500 0.014286 0.003750
2 0.741964 0.629063 0.010714 0.005000
2 0.937500 0.795625 0.008929 0.010000
2 0.927232 0.769375 0.019643 0.007500
2 0.945089 0.760000 0.010714 0.013750
2 0.799107 0.832500 0.017857 0.008750
2 0.822321 0.760313 0.019643 0.011250
2 0.741071 0.751563 0.017857 0.006250
2 0.688839 0.776563 0.016071 0.006250
2 0.679018 0.817187 0.014286 0.006250
2 0.685268 0.795312 0.017857 0.006250
2 0.953125 0.732812 0.008929 0.012500
2 0.772768 0.630625 0.014286 0.005000
2 0.788839 0.630625 0.010714 0.005000
2 0.572768 0.624375 0.025000 0.005000
2 0.600893 0.624375 0.014286 0.005000
2 0.627679 0.625312 0.014286 0.003750
2 0.858036 0.664375 0.010714 0.010000
2 0.825000 0.650312 0.016071 0.003750
2 0.833036 0.641875 0.014286 0.002500
2 0.940179 0.647188 0.014286 0.003750
2 0.762946 0.687500 0.012500 0.006250
2 0.956250 0.636875 0.010714 0.005000
2 0.933482 0.634687 0.014286 0.003750
2 0.915625 0.633750 0.014286 0.005000
2 0.897768 0.632188 0.014286 0.005000
2 0.877679 0.633125 0.014286 0.003750
2 0.862054 0.631563 0.014286 0.003750
2 0.846429 0.631563 0.014286 0.003750
2 0.825446 0.630625 0.012500 0.005000
2 0.807589 0.630000 0.012500 0.003750
2 0.611161 0.554688 0.021429 0.006250
