2 0.863839 0.593750 0.035714 0.012500
2 0.731696 0.331250 0.021429 0.025000
2 0.747321 0.335000 0.021429 0.026250
2 0.764286 0.333750 0.019643 0.023750
2 0.780804 0.339688 0.021429 0.026250
2 0.812946 0.347500 0.023214 0.026250
2 0.774107 0.665625 0.039286 0.012500
2 0.851786 0.604375 0.033929 0.015000
2 0.697768 0.557813 0.033929 0.018750
2 0.697768 0.324375 0.025000 0.023750
2 0.723661 0.528438 0.032143 0.016250
2 0.717411 0.327188 0.019643 0.026250
2 0.683482 0.323437 0.023214 0.025000
2 0.788393 0.310000 0.023214 0.026250
2 0.587054 0.287188 0.017857 0.027500
2 0.605357 0.287500 0.023214 0.025000
2 0.622321 0.288750 0.021429 0.021250
2 0.636161 0.291563 0.017857 0.023750
2 0.655804 0.293125 0.021429 0.023750
2 0.670089 0.296875 0.023214 0.025000
2 0.688839 0.296875 0.025000 0.025000
2 0.704018 0.301250 0.019643 0.027500
2 0.723214 0.302187 0.026786 0.026250
2 0.738393 0.308438 0.021429 0.026250
2 0.757143 0.310625 0.023214 0.027500
2 0.772321 0.309375 0.017857 0.025000
2 0.805357 0.313125 0.021429 0.026250
2 0.666518 0.319688 0.025000 0.023750
2 0.838393 0.317188 0.016071 0.025000
2 0.921429 0.352813 0.030357 0.027500
2 0.933929 0.329688 0.028571 0.025000
2 0.918304 0.428750 0.037500 0.026250
2 0.565179 0.307500 0.023214 0.027500
2 0.582143 0.312812 0.021429 0.022500
2 0.601786 0.312500 0.025000 0.025000
2 0.614286 0.315625 0.023214 0.025000
2 0.633036 0.316875 0.025000 0.027500
2 0.650000 0.318750 0.023214 0.025000
2 0.702232 0.379375 0.025000 0.027500
2 0.647768 0.440937 0.023214 0.028750
2 0.665625 0.445625 0.023214 0.028750
2 0.742411 0.414375 0.025000 0.028750
2 0.709821 0.408750 0.026786 0.030000
2 0.662946 0.401250 0.017857 0.021250
2 0.804018 0.391562 0.014286 0.023750
2 0.787500 0.390625 0.021429 0.025000
2 0.750893 0.381562 0.019643 0.028750
2 0.719643 0.379688 0.019643 0.025000
2 0.684375 0.377500 0.025000 0.023750
2 0.666964 0.375937 0.021429 0.023750
2 0.651339 0.373437 0.021429 0.025000
2 0.639286 0.371875 0.019643 0.025000
2 0.616964 0.367188 0.028571 0.025000
2 0.605357 0.365625 0.023214 0.025000
2 0.586607 0.362500 0.021429 0.025000
2 0.569643 0.356875 0.023214 0.026250
2 0.576786 0.387500 0.019643 0.025000
2 0.885714 0.390000 0.030357 0.023750
2 0.572321 0.283750 0.019643 0.023750
2 0.604018 0.013437 0.025000 0.023750
2 0.565179 0.010312 0.023214 0.017500
2 0.639732 0.003438 0.016071 0.003750
2 0.657589 0.004687 0.016071 0.006250
2 0.706250 0.006563 0.019643 0.010000
2 0.721875 0.007812 0.019643 0.012500
2 0.740179 0.010312 0.025000 0.017500
2 0.776339 0.011562 0.021429 0.020000
2 0.793750 0.013437 0.025000 0.023750
2 0.808929 0.012500 0.019643 0.018750
2 0.829911 0.014688 0.021429 0.026250
2 0.578571 0.208437 0.023214 0.026250
2 0.594643 0.208750 0.019643 0.023750
2 0.611607 0.214375 0.017857 0.022500
2 0.884821 0.202500 0.028571 0.023750
2 0.641518 0.216250 0.019643 0.026250
2 0.627232 0.164375 0.017857 0.022500
2 0.557143 0.156562 0.033929 0.028750
2 0.575893 0.158750 0.017857 0.023750
2 0.593304 0.159375 0.021429 0.025000
2 0.611161 0.163437 0.021429 0.023750
2 0.641071 0.167813 0.023214 0.026250
2 0.855357 0.198750 0.023214 0.028750
2 0.658036 0.170938 0.021429 0.026250
2 0.677232 0.173750 0.028571 0.028750
2 0.694643 0.176875 0.023214 0.028750
2 0.704911 0.178437 0.021429 0.022500
2 0.721429 0.180000 0.023214 0.028750
2 0.742411 0.183438 0.016071 0.026250
2 0.755357 0.185625 0.019643 0.027500
2 0.772321 0.186250 0.017857 0.028750
2 0.791071 0.187812 0.019643 0.028750
2 0.805804 0.191875 0.017857 0.027500
2 0.821875 0.191250 0.023214 0.026250
2 0.839732 0.197500 0.023214 0.026250
2 0.628571 0.216562 0.016071 0.023750
2 0.658036 0.219375 0.021429 0.026250
2 0.845536 0.015625 0.021429 0.025000
2 0.640179 0.242188 0.021429 0.025000
2 0.654911 0.245938 0.019643 0.026250
2 0.667857 0.246875 0.023214 0.025000
2 0.681250 0.249688 0.023214 0.027500
2 0.702679 0.254375 0.021429 0.027500
2 0.720536 0.255625 0.021429 0.030000
2 0.732589 0.255938 0.023214 0.021250
2 0.766518 0.260000 0.019643 0.026250
2 0.783482 0.262188 0.017857 0.021250
2 0.802679 0.266562 0.025000 0.030000
2 0.601786 0.238750 0.025000 0.027500
2 0.621429 0.239063 0.019643 0.025000
2 0.587500 0.235000 0.023214 0.026250
2 0.675000 0.220312 0.019643 0.025000
2 0.690625 0.225312 0.019643 0.022500
2 0.704911 0.225625 0.021429 0.026250
2 0.724107 0.228437 0.019643 0.028750
2 0.738393 0.231875 0.021429 0.026250
2 0.755357 0.235000 0.019643 0.026250
2 0.774554 0.235937 0.017857 0.025000
2 0.793304 0.238437 0.019643 0.023750
2 0.808482 0.240313 0.023214 0.027500
2 0.825446 0.242813 0.021429 0.026250
2 0.570536 0.232500 0.025000 0.021250
2 0.862054 0.175313 0.023214 0.028750
2 0.845536 0.171250 0.021429 0.023750
2 0.829911 0.168750 0.021429 0.025000
2 0.587946 0.057500 0.019643 0.021250
2 0.568750 0.055313 0.021429 0.026250
2 0.562054 0.080625 0.021429 0.023750
2 0.578571 0.081875 0.023214 0.026250
2 0.606250 0.058750 0.025000 0.023750
2 0.906250 0.049375 0.017857 0.023750
2 0.624107 0.060625 0.025000 0.021250
2 0.637946 0.063125 0.021429 0.020000
2 0.656696 0.065312 0.023214 0.021250
2 0.687946 0.071563 0.023214 0.027500
2 0.702679 0.073750 0.021429 0.028750
2 0.720982 0.075938 0.026786 0.023750
2 0.734821 0.078750 0.023214 0.026250
2 0.752679 0.080000 0.023214 0.028750
2 0.770089 0.083750 0.026786 0.023750
2 0.804464 0.089063 0.019643 0.025000
2 0.820089 0.090938 0.028571 0.028750
2 0.839286 0.092188 0.026786 0.025000
2 0.921429 0.049375 0.021429 0.023750
2 0.884821 0.045625 0.019643 0.022500
2 0.812500 0.166563 0.026786 0.023750
2 0.893750 0.025312 0.019643 0.022500
2 0.982589 0.040938 0.023214 0.022500
2 0.983929 0.065312 0.021429 0.021250
2 0.988393 0.088750 0.021429 0.021250
2 0.987946 0.111250 0.025000 0.022500
2 0.991071 0.136250 0.017857 0.022500
2 0.988839 0.163437 0.017857 0.023750
2 0.988393 0.191250 0.021429 0.026250
2 0.985268 0.216562 0.019643 0.023750
2 0.979464 0.240937 0.021429 0.022500
2 0.868304 0.044375 0.017857 0.026250
2 0.719196 0.024375 0.023214 0.023750
2 0.736161 0.026875 0.021429 0.022500
2 0.754464 0.029687 0.026786 0.025000
2 0.783929 0.034063 0.023214 0.027500
2 0.802679 0.038437 0.025000 0.023750
2 0.817857 0.040313 0.019643 0.027500
2 0.841518 0.043438 0.017857 0.021250
2 0.854911 0.096875 0.026786 0.025000
2 0.883482 0.097500 0.021429 0.026250
2 0.901339 0.100937 0.021429 0.030000
2 0.586607 0.133750 0.021429 0.023750
2 0.566964 0.132187 0.017857 0.023750
2 0.601339 0.133750 0.019643 0.023750
2 0.962500 0.105313 0.014286 0.026250
2 0.619196 0.137187 0.019643 0.027500
2 0.636607 0.140625 0.014286 0.025000
2 0.651339 0.142187 0.021429 0.025000
2 0.667857 0.145313 0.023214 0.025000
2 0.683036 0.146250 0.017857 0.023750
2 0.696875 0.149063 0.023214 0.026250
2 0.714732 0.150938 0.023214 0.023750
2 0.733482 0.155625 0.025000 0.030000
2 0.749107 0.158750 0.016071 0.023750
2 0.763393 0.158750 0.017857 0.023750
2 0.781250 0.160000 0.017857 0.026250
2 0.795982 0.162187 0.025000 0.027500
2 0.918304 0.208437 0.019643 0.026250
2 0.929464 0.132812 0.019643 0.025000
2 0.595536 0.084687 0.021429 0.028750
2 0.616071 0.085938 0.026786 0.025000
2 0.632589 0.087188 0.019643 0.027500
2 0.664286 0.094063 0.025000 0.028750
2 0.695982 0.100000 0.021429 0.025000
2 0.712946 0.102813 0.019643 0.027500
2 0.728571 0.103750 0.019643 0.026250
2 0.746875 0.105937 0.025000 0.027500
2 0.762500 0.106875 0.025000 0.026250
2 0.783036 0.109062 0.021429 0.027500
2 0.796429 0.111563 0.021429 0.026250
2 0.813393 0.114688 0.028571 0.026250
2 0.828571 0.115937 0.023214 0.022500
2 0.848214 0.120625 0.026786 0.022500
2 0.893304 0.130312 0.023214 0.026250
