2 0.804464 0.664375 0.019643 0.022500
2 0.817857 0.689375 0.019643 0.022500
2 0.793304 0.767813 0.019643 0.020000
2 0.811161 0.713750 0.019643 0.021250
2 0.802232 0.737187 0.019643 0.021250
2 0.548214 0.963750 0.016071 0.021250
2 0.671429 0.551250 0.021429 0.021250
2 0.526786 0.992812 0.017857 0.013750
2 0.885714 0.798438 0.030357 0.012500
2 0.925893 0.771875 0.021429 0.025000
2 0.788839 0.663438 0.010714 0.023750
2 0.662946 0.572500 0.017857 0.020000
2 0.656250 0.600313 0.017857 0.022500
2 0.987500 0.581562 0.019643 0.022500
2 0.952679 0.699375 0.021429 0.023750
2 0.985268 0.686562 0.019643 0.020000
2 0.903125 0.851250 0.016071 0.021250
2 0.676339 0.943750 0.035714 0.012500
2 0.960268 0.329375 0.032143 0.015000
2 0.933036 0.322813 0.026786 0.011250
2 0.980804 0.317500 0.037500 0.016250
2 0.825893 0.296875 0.017857 0.018750
2 0.902679 0.321250 0.028571 0.011250
2 0.870982 0.319062 0.032143 0.016250
2 0.942857 0.309063 0.028571 0.015000
2 0.694643 0.116875 0.032143 0.015000
2 0.113393 0.059062 0.030357 0.008750
2 0.290625 0.076563 0.032143 0.012500
2 0.320089 0.100625 0.028571 0.013750
2 0.383036 0.084062 0.033929 0.015000
2 0.549107 0.101250 0.035714 0.015000
2 0.588393 0.103750 0.033929 0.013750
2 0.660268 0.110625 0.030357 0.015000
2 0.733482 0.118750 0.025000 0.012500
2 0.770536 0.121875 0.032143 0.012500
2 0.809375 0.124375 0.033929 0.011250
2 0.847321 0.129375 0.033929 0.015000
2 0.654464 0.146250 0.032143 0.011250
2 0.651339 0.169063 0.030357 0.010000
2 0.873661 0.189062 0.028571 0.012500
2 0.900000 0.192188 0.032143 0.012500
2 0.934821 0.193750 0.030357 0.012500
2 0.969643 0.197500 0.028571 0.013750
2 0.225000 0.032500 0.030357 0.021250
2 0.638839 0.644062 0.014286 0.022500
