2 0.848214 0.092188 0.062500 0.018750
2 0.839732 0.110312 0.058929 0.017500
2 0.670536 0.906250 0.028571 0.012500
2 0.772768 0.891250 0.023214 0.013750
2 0.750000 0.885625 0.026786 0.015000
2 0.248661 0.951875 0.019643 0.022500
2 0.228571 0.990625 0.019643 0.018750
2 0.708036 0.910625 0.032143 0.015000
2 0.119196 0.991250 0.028571 0.013750
2 0.845536 0.935000 0.039286 0.020000
2 0.805357 0.896250 0.030357 0.011250
2 0.799554 0.927812 0.032143 0.015000
2 0.768750 0.921250 0.028571 0.011250
2 0.341071 0.408750 0.030357 0.011250
2 0.263393 0.160312 0.017857 0.023750
2 0.787500 0.241875 0.030357 0.015000
2 0.824107 0.247500 0.032143 0.013750
2 0.683929 0.254688 0.037500 0.012500
2 0.727679 0.259687 0.035714 0.016250
2 0.084375 0.557813 0.030357 0.012500
2 0.099107 0.515625 0.028571 0.012500
2 0.204911 0.266875 0.021429 0.021250
2 0.179018 0.591250 0.032143 0.013750
2 0.370536 0.622812 0.035714 0.017500
2 0.839286 0.312500 0.017857 0.018750
2 0.306250 0.145000 0.023214 0.021250
2 0.806250 0.403750 0.023214 0.026250
2 0.725000 0.575313 0.021429 0.022500
2 0.717857 0.598125 0.025000 0.021250
2 0.688839 0.638750 0.033929 0.021250
2 0.775446 0.529687 0.019643 0.025000
2 0.057589 0.700313 0.021429 0.022500
2 0.334375 0.845313 0.030357 0.012500
2 0.421429 0.860000 0.030357 0.013750
2 0.453571 0.865938 0.032143 0.016250
2 0.492857 0.865312 0.030357 0.015000
2 0.320536 0.104062 0.025000 0.023750
2 0.346875 0.043438 0.019643 0.021250
2 0.336607 0.061250 0.021429 0.016250
2 0.384821 0.086875 0.028571 0.011250
2 0.381250 0.112500 0.030357 0.012500
2 0.331250 0.080937 0.019643 0.021250
2 0.711161 0.004687 0.025000 0.006250
2 0.981250 0.003438 0.025000 0.003750
2 0.890625 0.043750 0.026786 0.012500
2 0.768304 0.009687 0.032143 0.016250
2 0.714732 0.027813 0.032143 0.015000
2 0.962946 0.870000 0.019643 0.021250
2 0.971429 0.846875 0.014286 0.025000
2 0.981250 0.411250 0.033929 0.016250
2 0.966964 0.491875 0.023214 0.021250
2 0.976786 0.420625 0.033929 0.016250
2 0.983929 0.400625 0.030357 0.013750
2 0.376786 0.120000 0.030357 0.008750
2 0.377679 0.156875 0.014286 0.020000
2 0.360714 0.158750 0.016071 0.023750
2 0.313839 0.125000 0.016071 0.018750
2 0.168750 0.364063 0.016071 0.018750
2 0.541071 0.216250 0.028571 0.013750
2 0.038839 0.730938 0.019643 0.021250
2 0.544196 0.880625 0.030357 0.011250
2 0.852679 0.039688 0.035714 0.013750
2 0.748661 0.026875 0.028571 0.010000
