2 0.908482 0.122500 0.026786 0.013750
2 0.875893 0.127188 0.037500 0.013750
2 0.803571 0.518750 0.035714 0.018750
2 0.821429 0.428750 0.026786 0.013750
2 0.958036 0.269687 0.032143 0.011250
2 0.988393 0.278438 0.021429 0.010000
2 0.989286 0.288750 0.023214 0.008750
2 0.887946 0.031563 0.030357 0.022500
2 0.777679 0.212188 0.028571 0.015000
2 0.997321 0.632500 0.003571 0.008750
2 0.933482 0.625312 0.032143 0.010000
2 0.998214 0.655938 0.005357 0.008750
2 0.996875 0.664375 0.007143 0.010000
2 0.995536 0.676875 0.008929 0.010000
2 0.994196 0.690000 0.010714 0.011250
2 0.928125 0.648125 0.030357 0.015000
2 0.930357 0.635313 0.030357 0.011250
2 0.937946 0.614375 0.023214 0.010000
2 0.927232 0.483750 0.028571 0.011250
2 0.876786 0.120000 0.030357 0.008750
2 0.981250 0.151250 0.025000 0.008750
2 0.952232 0.509687 0.025000 0.010000
2 0.903571 0.622188 0.030357 0.010000
2 0.921429 0.529062 0.030357 0.011250
2 0.883929 0.542500 0.017857 0.022500
2 0.830357 0.535000 0.035714 0.013750
2 0.829464 0.546875 0.033929 0.012500
2 0.829911 0.558125 0.030357 0.010000
2 0.943750 0.555312 0.030357 0.013750
2 0.915179 0.562500 0.026786 0.012500
2 0.947321 0.569063 0.028571 0.010000
2 0.912500 0.575000 0.030357 0.012500
2 0.909821 0.587500 0.025000 0.012500
2 0.905804 0.599375 0.030357 0.011250
2 0.906250 0.611250 0.035714 0.010000
2 0.868304 0.140625 0.026786 0.012500
2 0.605357 0.178125 0.023214 0.025000
2 0.985268 0.328750 0.028571 0.013750
2 0.912500 0.723750 0.030357 0.022500
2 0.926339 0.731250 0.026786 0.018750
2 0.938393 0.739375 0.028571 0.022500
2 0.954018 0.748750 0.028571 0.022500
2 0.963839 0.756250 0.030357 0.018750
2 0.975446 0.763750 0.026786 0.021250
2 0.987946 0.770625 0.025000 0.022500
2 0.985268 0.304688 0.028571 0.012500
2 0.983929 0.339375 0.030357 0.010000
2 0.992411 0.082500 0.016071 0.021250
2 0.890625 0.709375 0.026786 0.018750
2 0.900893 0.716250 0.025000 0.020000
2 0.865179 0.694063 0.033929 0.022500
2 0.653571 0.210938 0.030357 0.012500
2 0.679464 0.478750 0.028571 0.013750
2 0.653571 0.198750 0.030357 0.010000
2 0.654911 0.186875 0.028571 0.011250
2 0.649554 0.233750 0.026786 0.011250
2 0.642857 0.246250 0.026786 0.011250
2 0.642857 0.258750 0.026786 0.011250
2 0.642411 0.271250 0.030357 0.011250
2 0.640625 0.282500 0.026786 0.008750
2 0.641518 0.293750 0.028571 0.012500
2 0.660268 0.433750 0.030357 0.017500
2 0.662500 0.447500 0.030357 0.013750
2 0.667857 0.459687 0.032143 0.016250
2 0.671429 0.469688 0.030357 0.017500
2 0.682589 0.490625 0.030357 0.018750
2 0.856696 0.681875 0.030357 0.020000
2 0.690179 0.502500 0.032143 0.017500
2 0.707143 0.536250 0.030357 0.016250
2 0.722321 0.561562 0.033929 0.020000
2 0.739732 0.410313 0.028571 0.011250
2 0.742411 0.397813 0.033929 0.011250
2 0.744196 0.386563 0.028571 0.013750
2 0.778125 0.620625 0.033929 0.022500
2 0.787946 0.631250 0.026786 0.018750
2 0.808929 0.647500 0.028571 0.020000
2 0.819196 0.655312 0.026786 0.020000
2 0.829464 0.665000 0.033929 0.023750
2 0.841071 0.674375 0.030357 0.017500
2 0.946429 0.580937 0.026786 0.015000
2 0.867411 0.328750 0.033929 0.013750
2 0.950893 0.322187 0.035714 0.016250
