2 0.741518 0.673125 0.014286 0.015000
2 0.751339 0.663750 0.016071 0.021250
2 0.759821 0.658438 0.010714 0.020000
2 0.938393 0.430625 0.082143 0.030000
2 0.868750 0.654375 0.023214 0.015000
2 0.843750 0.661250 0.026786 0.016250
2 0.914286 0.595313 0.016071 0.018750
2 0.850893 0.622188 0.014286 0.016250
2 0.796429 0.644375 0.012500 0.020000
2 0.781250 0.650000 0.008929 0.018750
2 0.988393 0.878125 0.021429 0.018750
2 0.992411 0.872500 0.016071 0.013750
2 0.976339 0.888750 0.028571 0.021250
2 0.960268 0.898750 0.023214 0.016250
2 0.936161 0.913125 0.028571 0.020000
2 0.929464 0.919687 0.028571 0.017500
2 0.877679 0.972813 0.023214 0.017500
2 0.867857 0.966250 0.039286 0.026250
2 0.894643 0.983437 0.021429 0.020000
2 0.874554 0.453125 0.021429 0.012500
2 0.851786 0.455000 0.025000 0.010000
2 0.853125 0.471250 0.023214 0.011250
2 0.608036 0.559375 0.028571 0.012500
2 0.945536 0.975625 0.025000 0.032500
2 0.992857 0.954688 0.012500 0.031250
2 0.965179 0.969688 0.019643 0.030000
2 0.769643 0.706562 0.012500 0.016250
2 0.870089 0.612500 0.012500 0.018750
2 0.958482 0.580625 0.010714 0.017500
2 0.913839 0.632500 0.019643 0.015000
2 0.891071 0.638750 0.023214 0.015000
2 0.875000 0.648438 0.017857 0.012500
2 0.852232 0.657500 0.021429 0.015000
2 0.832143 0.665625 0.021429 0.012500
2 0.820982 0.670937 0.021429 0.013750
2 0.813393 0.675000 0.019643 0.012500
2 0.804464 0.679688 0.019643 0.012500
2 0.792411 0.683750 0.017857 0.011250
2 0.963393 0.594688 0.025000 0.011250
2 0.915625 0.755000 0.014286 0.022500
2 0.722321 0.729688 0.025000 0.012500
2 0.726786 0.739375 0.025000 0.010000
2 0.932143 0.753750 0.016071 0.020000
