2 0.045089 0.773438 0.014286 0.031250
2 0.099554 0.497813 0.016071 0.030000
2 0.057143 0.709688 0.016071 0.028750
2 0.050446 0.741563 0.016071 0.030000
2 0.144196 0.281250 0.007143 0.012500
2 0.095982 0.363437 0.008929 0.011250
2 0.090179 0.379375 0.010714 0.015000
2 0.125000 0.374375 0.008929 0.011250
2 0.127232 0.357812 0.008929 0.012500
2 0.132589 0.341875 0.010714 0.015000
2 0.133036 0.327500 0.007143 0.011250
2 0.137054 0.315625 0.010714 0.012500
2 0.141964 0.296875 0.007143 0.012500
2 0.149554 0.108125 0.008929 0.016250
2 0.072321 0.630625 0.019643 0.005000
2 0.840179 0.603125 0.010714 0.012500
2 0.865179 0.690625 0.016071 0.012500
2 0.782143 0.730312 0.010714 0.013750
2 0.789732 0.767500 0.012500 0.016250
2 0.851786 0.752188 0.016071 0.013750
2 0.845536 0.778125 0.021429 0.012500
2 0.839286 0.805625 0.017857 0.011250
2 0.839286 0.815625 0.017857 0.012500
2 0.098214 0.348125 0.008929 0.015000
2 0.102679 0.333437 0.008929 0.013750
2 0.104018 0.316250 0.007143 0.013750
2 0.112946 0.279375 0.007143 0.015000
2 0.074554 0.618125 0.019643 0.005000
2 0.101786 0.635000 0.007143 0.013750
2 0.128125 0.634687 0.019643 0.010000
2 0.160714 0.587187 0.008929 0.015000
2 0.227679 0.591875 0.008929 0.015000
2 0.238839 0.595938 0.008929 0.013750
2 0.250446 0.596875 0.014286 0.012500
2 0.073661 0.453125 0.008929 0.012500
2 0.106696 0.461875 0.012500 0.011250
2 0.120536 0.398125 0.008929 0.015000
2 0.088839 0.396875 0.012500 0.012500
2 0.083482 0.408750 0.010714 0.011250
2 0.081696 0.426250 0.007143 0.015000
2 0.077232 0.440625 0.007143 0.012500
2 0.108036 0.446250 0.010714 0.011250
2 0.112500 0.429688 0.010714 0.012500
2 0.116071 0.416250 0.008929 0.013750
2 0.775893 0.889375 0.007143 0.016250
2 0.881250 0.514062 0.012500 0.012500
2 0.988839 0.269375 0.008929 0.013750
2 0.073661 0.625000 0.017857 0.006250
2 0.069196 0.636875 0.017857 0.005000
2 0.070536 0.643125 0.016071 0.005000
2 0.100446 0.809375 0.008929 0.012500
2 0.009375 0.930625 0.014286 0.005000
2 0.010268 0.925000 0.016071 0.006250
2 0.013393 0.911875 0.017857 0.005000
2 0.013393 0.906250 0.017857 0.006250
2 0.013393 0.899375 0.017857 0.005000
2 0.005804 0.785937 0.007143 0.012500
2 0.007143 0.772813 0.005357 0.011250
2 0.008929 0.758750 0.008929 0.011250
2 0.013393 0.745313 0.008929 0.012500
2 0.016964 0.731250 0.007143 0.012500
2 0.026786 0.689375 0.008929 0.010000
2 0.026786 0.675000 0.008929 0.012500
2 0.030357 0.659375 0.007143 0.012500
2 0.133036 0.715000 0.007143 0.011250
2 0.112946 0.711562 0.007143 0.013750
2 0.056696 0.842187 0.019643 0.006250
2 0.106250 0.857187 0.007143 0.011250
2 0.134821 0.890625 0.010714 0.012500
2 0.099554 0.842812 0.007143 0.013750
2 0.107143 0.845313 0.008929 0.012500
2 0.116071 0.844375 0.008929 0.013750
2 0.124107 0.844375 0.007143 0.013750
2 0.124107 0.886562 0.007143 0.013750
2 0.980804 0.115312 0.010714 0.015000
2 0.113839 0.360938 0.008929 0.012500
2 0.016964 0.887500 0.016071 0.006250
