2 0.331250 0.177812 0.037500 0.027500
2 0.131696 0.555312 0.044643 0.013750
2 0.016518 0.599688 0.028571 0.015000
2 0.020089 0.613125 0.035714 0.020000
2 0.060714 0.610000 0.050000 0.020000
2 0.045536 0.567500 0.046429 0.016250
2 0.053571 0.583750 0.044643 0.017500
2 0.040179 0.552813 0.044643 0.021250
2 0.033929 0.527813 0.041071 0.021250
2 0.029464 0.514062 0.041071 0.012500
2 0.023214 0.500625 0.037500 0.020000
2 0.083929 0.420625 0.051786 0.016250
2 0.090179 0.435313 0.046429 0.017500
2 0.094643 0.446250 0.046429 0.017500
2 0.100893 0.474375 0.050000 0.017500
2 0.109821 0.502500 0.050000 0.017500
2 0.116518 0.516563 0.050000 0.017500
2 0.121875 0.530000 0.042857 0.016250
2 0.135268 0.570000 0.042857 0.015000
2 0.015625 0.586875 0.026786 0.017500
2 0.014732 0.573125 0.025000 0.015000
2 0.009375 0.532500 0.014286 0.015000
2 0.004911 0.376250 0.005357 0.008750
2 0.006696 0.520625 0.008929 0.016250
2 0.012946 0.431875 0.021429 0.013750
2 0.017411 0.447187 0.030357 0.016250
2 0.018304 0.460625 0.032143 0.015000
2 0.004018 0.505312 0.003571 0.013750
2 0.139286 0.581562 0.046429 0.016250
2 0.012054 0.548125 0.019643 0.015000
2 0.006696 0.394687 0.008929 0.011250
2 0.011161 0.420312 0.017857 0.012500
2 0.019196 0.477187 0.033929 0.013750
2 0.099107 0.462500 0.046429 0.018750
2 0.012946 0.561250 0.021429 0.016250
2 0.058929 0.594375 0.055357 0.020000
2 0.055804 0.687500 0.044643 0.025000
2 0.229911 0.859062 0.053571 0.027500
2 0.266964 0.841875 0.042857 0.027500
2 0.051786 0.291250 0.041071 0.032500
2 0.331250 0.808750 0.037500 0.023750
