2 0.205357 0.004687 0.008929 0.006250
2 0.223661 0.051562 0.014286 0.006250
2 0.199554 0.060937 0.010714 0.012500
2 0.132589 0.122500 0.010714 0.013750
2 0.018750 0.174063 0.010714 0.013750
2 0.108929 0.384375 0.012500 0.012500
2 0.120982 0.465313 0.014286 0.015000
2 0.015625 0.461250 0.008929 0.010000
2 0.205804 0.540937 0.014286 0.016250
2 0.254018 0.496875 0.012500 0.012500
2 0.283482 0.501875 0.017857 0.010000
2 0.276339 0.534062 0.012500 0.015000
2 0.254464 0.585000 0.008929 0.013750
2 0.300000 0.665625 0.010714 0.012500
2 0.285714 0.686562 0.008929 0.013750
2 0.336607 0.725625 0.012500 0.013750
2 0.379018 0.716250 0.012500 0.013750
2 0.367857 0.778750 0.021429 0.026250
2 0.403571 0.917188 0.012500 0.012500
2 0.430357 0.911562 0.012500 0.013750
2 0.443750 0.915000 0.012500 0.011250
2 0.424107 0.945000 0.017857 0.008750
2 0.467857 0.945937 0.016071 0.007500
2 0.476786 0.950625 0.016071 0.007500
2 0.695536 0.898438 0.016071 0.006250
2 0.781250 0.846562 0.017857 0.008750
2 0.831250 0.832500 0.019643 0.008750
2 0.853125 0.850625 0.014286 0.007500
2 0.878125 0.735938 0.010714 0.012500
2 0.565625 0.374063 0.010714 0.013750
2 0.601786 0.347500 0.016071 0.007500
2 0.688393 0.391250 0.010714 0.013750
2 0.767857 0.424375 0.008929 0.011250
2 0.385268 0.064062 0.016071 0.006250
2 0.662946 0.089063 0.017857 0.006250
2 0.632589 0.093437 0.019643 0.008750
