2 0.991071 0.478125 0.017857 0.012500
2 0.924107 0.397500 0.017857 0.013750
2 0.859375 0.392813 0.017857 0.013750
2 0.842857 0.382812 0.016071 0.012500
2 0.854018 0.354687 0.016071 0.012500
2 0.883929 0.359375 0.017857 0.012500
2 0.897321 0.381250 0.017857 0.012500
2 0.863839 0.359375 0.017857 0.012500
2 0.828125 0.335000 0.017857 0.013750
2 0.815625 0.328750 0.019643 0.013750
2 0.800446 0.354687 0.016071 0.012500
2 0.550893 0.138437 0.021429 0.011250
2 0.517411 0.120938 0.012500 0.013750
2 0.494196 0.072500 0.010714 0.013750
2 0.442857 0.069062 0.019643 0.010000
2 0.992857 0.445625 0.012500 0.010000
