2 0.744643 0.012500 0.007143 0.012500
2 0.562054 0.287500 0.021429 0.006250
2 0.566071 0.293750 0.016071 0.006250
2 0.592411 0.371563 0.010714 0.015000
2 0.599107 0.424062 0.010714 0.013750
2 0.606250 0.423438 0.007143 0.012500
2 0.619643 0.428125 0.007143 0.012500
2 0.631696 0.428125 0.008929 0.012500
2 0.643750 0.427500 0.010714 0.011250
2 0.651786 0.426875 0.008929 0.010000
2 0.633929 0.418125 0.008929 0.011250
2 0.678571 0.400625 0.008929 0.013750
2 0.687500 0.400625 0.008929 0.013750
2 0.695536 0.401562 0.007143 0.012500
2 0.705357 0.400000 0.008929 0.012500
2 0.722321 0.380000 0.007143 0.010000
2 0.645089 0.417187 0.008929 0.012500
2 0.653125 0.417187 0.007143 0.012500
2 0.660714 0.418750 0.008929 0.012500
2 0.669643 0.418125 0.008929 0.011250
2 0.678571 0.418750 0.008929 0.012500
2 0.687500 0.418750 0.008929 0.012500
2 0.696429 0.420312 0.008929 0.012500
2 0.704464 0.420937 0.007143 0.013750
2 0.714286 0.420312 0.008929 0.012500
2 0.724107 0.420312 0.010714 0.012500
2 0.713393 0.401562 0.007143 0.012500
2 0.718750 0.400000 0.008929 0.012500
2 0.729911 0.401562 0.008929 0.012500
2 0.731250 0.380625 0.007143 0.011250
2 0.738839 0.381250 0.008929 0.012500
2 0.756696 0.383750 0.008929 0.011250
2 0.763393 0.383750 0.008929 0.011250
2 0.771429 0.383750 0.007143 0.011250
2 0.779018 0.383750 0.008929 0.011250
2 0.830804 0.296875 0.014286 0.006250
2 0.829018 0.312500 0.019643 0.006250
2 0.840179 0.364687 0.010714 0.013750
2 0.814732 0.403125 0.008929 0.012500
2 0.785714 0.402187 0.008929 0.013750
2 0.780357 0.348438 0.016071 0.006250
2 0.782589 0.342813 0.016071 0.007500
2 0.780357 0.337500 0.016071 0.006250
2 0.655357 0.850625 0.016071 0.007500
2 0.684375 0.852187 0.016071 0.007500
2 0.666518 0.869688 0.007143 0.011250
2 0.711161 0.959375 0.016071 0.006250
2 0.713393 0.952500 0.016071 0.005000
2 0.715179 0.946875 0.019643 0.006250
2 0.705357 0.871250 0.008929 0.011250
2 0.697321 0.871562 0.010714 0.008750
2 0.687500 0.870625 0.008929 0.010000
2 0.720089 0.870625 0.007143 0.010000
2 0.750000 0.851875 0.008929 0.010000
2 0.764732 0.852500 0.007143 0.011250
2 0.890625 0.921875 0.008929 0.012500
2 0.892857 0.953125 0.008929 0.012500
2 0.887054 0.839687 0.010714 0.013750
2 0.905804 0.855625 0.012500 0.011250
2 0.908036 0.888437 0.012500 0.011250
2 0.906250 0.925938 0.008929 0.011250
2 0.908482 0.940625 0.008929 0.012500
2 0.665179 0.772500 0.017857 0.007500
2 0.991071 0.427187 0.008929 0.013750
2 0.995536 0.403125 0.008929 0.012500
2 0.977679 0.403125 0.008929 0.012500
2 0.993304 0.175313 0.008929 0.016250
2 0.916518 0.562500 0.016071 0.006250
2 0.921875 0.557813 0.017857 0.006250
2 0.921875 0.551562 0.017857 0.006250
2 0.924107 0.544375 0.017857 0.007500
2 0.925446 0.532813 0.016071 0.006250
2 0.929464 0.520937 0.019643 0.007500
2 0.931696 0.514062 0.019643 0.006250
2 0.850446 0.559063 0.017857 0.008750
2 0.869643 0.671875 0.007143 0.012500
2 0.862946 0.671875 0.007143 0.012500
2 0.991071 0.646250 0.008929 0.011250
2 0.896429 0.698438 0.016071 0.006250
2 0.831250 0.670312 0.010714 0.012500
2 0.877232 0.671875 0.008929 0.012500
2 0.852679 0.670312 0.008929 0.012500
2 0.843750 0.669375 0.008929 0.013750
