2 0.658036 0.162187 0.030357 0.008750
2 0.618304 0.162500 0.017857 0.006250
2 0.621429 0.170938 0.019643 0.007500
2 0.645536 0.172500 0.023214 0.007500
2 0.737054 0.175625 0.023214 0.007500
2 0.712500 0.177812 0.023214 0.008750
2 0.688393 0.176250 0.019643 0.008750
2 0.670089 0.182500 0.023214 0.008750
2 0.644643 0.183438 0.021429 0.007500
2 0.620536 0.185000 0.017857 0.007500
2 0.598214 0.173750 0.026786 0.016250
2 0.586607 0.184062 0.021429 0.015000
2 0.573214 0.187500 0.021429 0.018750
2 0.779018 0.785625 0.008929 0.015000
2 0.750000 0.665312 0.008929 0.015000
2 0.770089 0.639687 0.008929 0.013750
2 0.644643 0.516250 0.012500 0.013750
2 0.597768 0.503437 0.012500 0.016250
2 0.567857 0.508437 0.010714 0.020000
2 0.718750 0.120938 0.017857 0.007500
2 0.742857 0.111563 0.021429 0.007500
