2 0.910268 0.130937 0.021429 0.021250
2 0.858036 0.127812 0.010714 0.015000
2 0.985714 0.256875 0.025000 0.007500
2 0.821875 0.274375 0.032143 0.011250
2 0.895089 0.370000 0.017857 0.021250
2 0.787054 0.469062 0.016071 0.016250
2 0.773661 0.467500 0.016071 0.016250
2 0.734375 0.432188 0.017857 0.011250
2 0.742411 0.460625 0.016071 0.015000
2 0.673661 0.472500 0.021429 0.013750
2 0.666964 0.466250 0.021429 0.013750
2 0.844643 0.608437 0.019643 0.020000
2 0.834821 0.605938 0.017857 0.021250
2 0.816964 0.600000 0.017857 0.018750
2 0.841071 0.525625 0.039286 0.020000
2 0.877679 0.540937 0.032143 0.016250
2 0.787054 0.566250 0.033929 0.020000
2 0.779464 0.560000 0.032143 0.020000
2 0.772768 0.553750 0.032143 0.020000
2 0.768304 0.546563 0.032143 0.021250
2 0.752679 0.535000 0.032143 0.020000
2 0.746875 0.529687 0.033929 0.018750
2 0.743750 0.524062 0.032143 0.020000
2 0.734821 0.518437 0.032143 0.021250
2 0.729464 0.513750 0.030357 0.021250
2 0.723214 0.506563 0.035714 0.022500
2 0.852679 0.612500 0.017857 0.018750
2 0.865179 0.613125 0.016071 0.020000
2 0.877232 0.613125 0.017857 0.020000
2 0.925000 0.621875 0.010714 0.018750
2 0.913393 0.619688 0.014286 0.017500
2 0.896429 0.617188 0.016071 0.018750
2 0.885268 0.615313 0.016071 0.021250
2 0.875446 0.134063 0.014286 0.021250
