2 0.056250 0.061875 0.014286 0.005000
2 0.225000 0.046875 0.012500 0.012500
2 0.239732 0.039688 0.010714 0.013750
2 0.233929 0.055313 0.012500 0.013750
2 0.101339 0.142500 0.010714 0.016250
2 0.045536 0.160938 0.010714 0.012500
2 0.072321 0.163437 0.010714 0.011250
2 0.125893 0.143750 0.010714 0.012500
2 0.165625 0.142813 0.014286 0.013750
2 0.027679 0.190312 0.010714 0.015000
2 0.071429 0.195000 0.008929 0.015000
2 0.123214 0.190625 0.014286 0.012500
2 0.092857 0.229063 0.016071 0.011250
2 0.079464 0.254688 0.016071 0.012500
2 0.028571 0.212188 0.012500 0.015000
2 0.038839 0.215625 0.010714 0.012500
2 0.045536 0.190938 0.010714 0.016250
2 0.023214 0.304688 0.019643 0.012500
2 0.085714 0.293125 0.028571 0.023750
2 0.045982 0.372500 0.016071 0.013750
2 0.030357 0.383125 0.016071 0.010000
2 0.013839 0.396875 0.014286 0.012500
2 0.055357 0.383750 0.012500 0.011250
2 0.041518 0.397500 0.016071 0.013750
2 0.066964 0.440625 0.008929 0.012500
2 0.056696 0.439687 0.010714 0.013750
2 0.016518 0.511562 0.019643 0.007500
2 0.066071 0.510625 0.016071 0.008750
2 0.093750 0.513125 0.017857 0.007500
2 0.137946 0.516875 0.021429 0.008750
2 0.142857 0.527813 0.026786 0.008750
2 0.100000 0.526250 0.021429 0.008750
2 0.075893 0.539687 0.017857 0.007500
2 0.129464 0.866250 0.008929 0.013750
2 0.120536 0.866250 0.008929 0.013750
2 0.047768 0.858437 0.010714 0.013750
2 0.012054 0.853750 0.010714 0.013750
2 0.006696 0.957500 0.008929 0.015000
2 0.017857 0.960000 0.008929 0.013750
2 0.156250 0.736875 0.008929 0.011250
2 0.162946 0.738438 0.008929 0.011250
2 0.170982 0.740000 0.007143 0.011250
2 0.186607 0.740625 0.007143 0.012500
2 0.220982 0.575000 0.017857 0.006250
2 0.117857 0.566875 0.012500 0.015000
2 0.195089 0.515313 0.019643 0.008750
2 0.237500 0.513125 0.019643 0.007500
2 0.420089 0.036562 0.014286 0.007500
2 0.466518 0.034375 0.017857 0.006250
2 0.453571 0.059375 0.014286 0.006250
2 0.305357 0.155313 0.012500 0.013750
2 0.313839 0.190625 0.007143 0.012500
2 0.323661 0.190000 0.008929 0.011250
2 0.355804 0.195312 0.010714 0.012500
2 0.295536 0.510000 0.010714 0.013750
2 0.317857 0.545937 0.019643 0.007500
2 0.767411 0.054375 0.012500 0.008750
2 0.784821 0.052812 0.016071 0.008750
2 0.789286 0.057188 0.016071 0.011250
2 0.840179 0.061875 0.010714 0.011250
2 0.856696 0.063438 0.012500 0.011250
2 0.867857 0.065000 0.012500 0.011250
2 0.877679 0.065000 0.014286 0.011250
2 0.886607 0.068125 0.014286 0.011250
2 0.896429 0.068125 0.016071 0.011250
2 0.958482 0.046875 0.010714 0.012500
2 0.973661 0.013125 0.023214 0.007500
2 0.944196 0.046875 0.008929 0.012500
2 0.914286 0.070625 0.016071 0.010000
2 0.932143 0.072500 0.016071 0.013750
2 0.943304 0.071875 0.016071 0.012500
2 0.958036 0.074375 0.014286 0.011250
2 0.969196 0.077500 0.014286 0.011250
2 0.975893 0.078438 0.014286 0.010000
2 0.987500 0.080625 0.010714 0.011250
2 0.974107 0.049688 0.010714 0.015000
2 0.985268 0.053125 0.010714 0.012500
2 0.994196 0.053750 0.010714 0.013750
2 0.692411 0.294375 0.023214 0.007500
2 0.731250 0.299063 0.016071 0.007500
2 0.693750 0.300625 0.021429 0.007500
2 0.729018 0.306250 0.016071 0.006250
2 0.727679 0.312500 0.017857 0.006250
2 0.725893 0.320000 0.014286 0.008750
2 0.628125 0.375625 0.010714 0.013750
2 0.620089 0.373125 0.012500 0.015000
2 0.600000 0.373125 0.012500 0.015000
2 0.581250 0.371875 0.010714 0.012500
2 0.571875 0.372812 0.014286 0.011250
2 0.554464 0.376563 0.010714 0.012500
2 0.566518 0.376250 0.012500 0.015000
2 0.193304 0.468125 0.016071 0.017500
2 0.341071 0.549063 0.021429 0.007500
2 0.350446 0.585000 0.017857 0.007500
2 0.349554 0.591875 0.016071 0.008750
2 0.398214 0.591875 0.019643 0.008750
2 0.379464 0.604688 0.008929 0.012500
2 0.368304 0.605312 0.008929 0.013750
2 0.371429 0.552187 0.019643 0.007500
2 0.444196 0.551562 0.017857 0.006250
2 0.495536 0.559063 0.017857 0.008750
2 0.495089 0.550000 0.021429 0.006250
2 0.495089 0.543750 0.021429 0.006250
2 0.508929 0.531250 0.017857 0.006250
2 0.584821 0.433437 0.008929 0.013750
2 0.584821 0.456250 0.017857 0.006250
2 0.584821 0.463125 0.017857 0.007500
2 0.582143 0.468750 0.012500 0.006250
2 0.579464 0.475000 0.016071 0.006250
2 0.579464 0.481875 0.016071 0.007500
2 0.577232 0.487500 0.016071 0.006250
2 0.575000 0.494375 0.016071 0.007500
2 0.574107 0.500000 0.014286 0.006250
2 0.574107 0.506250 0.014286 0.006250
2 0.573661 0.513125 0.017857 0.007500
2 0.570536 0.518750 0.016071 0.006250
2 0.566964 0.530625 0.017857 0.005000
2 0.610714 0.536875 0.016071 0.005000
2 0.616071 0.511562 0.017857 0.007500
2 0.618750 0.506250 0.014286 0.006250
2 0.546875 0.544687 0.017857 0.005000
2 0.549107 0.566250 0.017857 0.007500
2 0.563393 0.578125 0.019643 0.006250
2 0.630804 0.547813 0.016071 0.011250
2 0.666518 0.552500 0.016071 0.011250
2 0.688393 0.554375 0.010714 0.015000
2 0.475893 0.656562 0.023214 0.010000
2 0.478571 0.649687 0.019643 0.008750
2 0.478571 0.643437 0.019643 0.008750
2 0.549107 0.594375 0.017857 0.007500
2 0.571429 0.621563 0.008929 0.015000
2 0.620536 0.627188 0.017857 0.007500
2 0.625000 0.618750 0.017857 0.006250
2 0.635268 0.605938 0.025000 0.008750
2 0.654464 0.607500 0.014286 0.008750
2 0.680804 0.609063 0.017857 0.008750
2 0.744643 0.567187 0.007143 0.012500
2 0.701786 0.611563 0.019643 0.007500
2 0.739732 0.647500 0.010714 0.013750
2 0.459821 0.711562 0.017857 0.007500
2 0.460714 0.718750 0.019643 0.006250
2 0.451786 0.735000 0.019643 0.007500
2 0.793304 0.582500 0.010714 0.015000
2 0.853125 0.585938 0.014286 0.006250
2 0.850893 0.593750 0.014286 0.006250
2 0.845089 0.606875 0.025000 0.007500
2 0.872768 0.610000 0.017857 0.007500
2 0.896429 0.612500 0.016071 0.006250
2 0.990179 0.624375 0.016071 0.005000
2 0.931250 0.657188 0.014286 0.011250
2 0.921429 0.712500 0.012500 0.012500
2 0.913839 0.751250 0.010714 0.015000
2 0.965179 0.685625 0.010714 0.015000
2 0.976339 0.684375 0.010714 0.012500
2 0.881696 0.764375 0.008929 0.016250
2 0.847321 0.777813 0.025000 0.008750
2 0.888393 0.782500 0.008929 0.015000
2 0.951786 0.762188 0.010714 0.015000
2 0.973214 0.764062 0.008929 0.012500
2 0.922768 0.789687 0.010714 0.013750
2 0.930804 0.816875 0.017857 0.008750
2 0.911607 0.795937 0.010714 0.013750
2 0.901786 0.801562 0.008929 0.012500
2 0.955357 0.795312 0.008929 0.012500
2 0.973214 0.797500 0.008929 0.013750
2 0.862500 0.839063 0.010714 0.012500
2 0.893750 0.831875 0.010714 0.013750
2 0.891518 0.846875 0.010714 0.012500
2 0.887946 0.860000 0.012500 0.013750
2 0.925000 0.864062 0.010714 0.012500
2 0.916518 0.867188 0.007143 0.012500
2 0.813393 0.869063 0.010714 0.010000
2 0.794643 0.867812 0.008929 0.013750
2 0.803571 0.870937 0.008929 0.013750
2 0.775893 0.905312 0.007143 0.013750
2 0.988839 0.900625 0.017857 0.007500
2 0.977679 0.888125 0.017857 0.007500
2 0.963393 0.886562 0.016071 0.007500
2 0.877232 0.899375 0.008929 0.011250
2 0.875893 0.913438 0.010714 0.011250
2 0.871429 0.925000 0.010714 0.012500
2 0.928571 0.910313 0.008929 0.011250
2 0.910714 0.935937 0.008929 0.012500
2 0.805357 0.941250 0.012500 0.013750
2 0.778571 0.964687 0.012500 0.013750
2 0.916071 0.985938 0.010714 0.012500
2 0.933036 0.965625 0.008929 0.012500
2 0.923214 0.966250 0.007143 0.013750
2 0.833482 0.965000 0.010714 0.011250
2 0.850893 0.949687 0.014286 0.015000
2 0.836607 0.947500 0.012500 0.013750
2 0.906250 0.964687 0.008929 0.013750
2 0.914286 0.965625 0.007143 0.012500
