2 0.584821 0.337188 0.053571 0.040000
2 0.497321 0.776250 0.030357 0.021250
2 0.350000 0.514375 0.030357 0.022500
2 0.089286 0.431250 0.017857 0.006250
2 0.779018 0.894688 0.008929 0.011250
2 0.240625 0.986250 0.048214 0.028750
2 0.043304 0.429688 0.019643 0.012500
2 0.537946 0.610000 0.017857 0.013750
2 0.738393 0.282187 0.012500 0.023750
2 0.681696 0.329375 0.019643 0.046250
2 0.570536 0.730312 0.016071 0.013750
2 0.677232 0.696875 0.019643 0.012500
2 0.428125 0.836250 0.030357 0.022500
2 0.466071 0.596562 0.012500 0.040000
2 0.436161 0.610313 0.010714 0.042500
2 0.401786 0.532500 0.008929 0.021250
2 0.326786 0.531875 0.028571 0.020000
2 0.492857 0.640313 0.030357 0.021250
2 0.556250 0.431250 0.014286 0.043750
