2 0.129911 0.006250 0.041071 0.012500
2 0.020536 0.132187 0.014286 0.023750
2 0.451786 0.009687 0.037500 0.010000
2 0.370536 0.011562 0.035714 0.013750
2 0.326786 0.008750 0.037500 0.011250
2 0.086161 0.011250 0.042857 0.016250
2 0.289286 0.007812 0.042857 0.012500
2 0.409821 0.011875 0.042857 0.011250
2 0.488393 0.008750 0.039286 0.011250
2 0.549107 0.013125 0.053571 0.013750
2 0.873214 0.228125 0.023214 0.025000
2 0.716964 0.021563 0.050000 0.015000
2 0.843750 0.022187 0.044643 0.010000
2 0.588839 0.014375 0.030357 0.010000
