2 0.143750 0.150313 0.046429 0.041250
2 0.367857 0.193437 0.066071 0.027500
2 0.498214 0.164375 0.067857 0.035000
2 0.617411 0.240313 0.016071 0.015000
2 0.754464 0.006875 0.017857 0.007500
2 0.737946 0.010937 0.016071 0.006250
2 0.724554 0.013437 0.016071 0.005000
2 0.708036 0.016250 0.014286 0.007500
2 0.756250 0.013750 0.021429 0.008750
2 0.737500 0.018438 0.019643 0.008750
2 0.712946 0.022187 0.019643 0.010000
2 0.716071 0.029063 0.021429 0.011250
2 0.755357 0.020000 0.019643 0.008750
2 0.738393 0.026250 0.021429 0.008750
2 0.758482 0.026875 0.021429 0.010000
2 0.741071 0.030937 0.017857 0.008750
2 0.723214 0.034063 0.017857 0.008750
2 0.763393 0.032500 0.017857 0.008750
2 0.768750 0.039375 0.019643 0.010000
2 0.745536 0.036250 0.017857 0.010000
2 0.751339 0.042812 0.016071 0.007500
2 0.745982 0.057500 0.023214 0.008750
2 0.489732 0.644375 0.019643 0.013750
2 0.255357 0.225625 0.019643 0.007500
2 0.593304 0.221875 0.012500 0.012500
2 0.754018 0.003438 0.012500 0.003750
2 0.737500 0.004687 0.019643 0.006250
2 0.720982 0.006250 0.017857 0.006250
2 0.705357 0.010000 0.017857 0.007500
2 0.719643 0.003438 0.019643 0.003750
2 0.700893 0.005312 0.017857 0.007500
2 0.608482 0.228125 0.016071 0.012500
2 0.623214 0.251563 0.014286 0.012500
2 0.641071 0.341562 0.014286 0.011250
2 0.633036 0.261250 0.016071 0.016250
2 0.617411 0.280938 0.016071 0.015000
2 0.607143 0.283438 0.017857 0.013750
2 0.635268 0.291875 0.016071 0.015000
2 0.624107 0.293125 0.016071 0.011250
2 0.614286 0.294375 0.014286 0.013750
2 0.605357 0.296875 0.014286 0.012500
2 0.614286 0.308750 0.014286 0.011250
2 0.624554 0.304063 0.012500 0.011250
2 0.643304 0.302500 0.014286 0.011250
2 0.633482 0.303125 0.012500 0.012500
2 0.622321 0.318750 0.012500 0.012500
2 0.631250 0.316250 0.012500 0.013750
2 0.640179 0.314688 0.012500 0.013750
2 0.649107 0.311875 0.012500 0.011250
2 0.659375 0.310312 0.010714 0.011250
2 0.669196 0.309375 0.012500 0.012500
2 0.676786 0.318750 0.014286 0.012500
2 0.667857 0.322500 0.014286 0.013750
2 0.659821 0.324375 0.016071 0.011250
2 0.650893 0.326562 0.016071 0.012500
2 0.639732 0.327500 0.016071 0.011250
2 0.625446 0.278125 0.014286 0.012500
2 0.617857 0.269687 0.012500 0.011250
2 0.608929 0.271250 0.012500 0.011250
2 0.650000 0.299063 0.014286 0.013750
2 0.644196 0.274688 0.016071 0.015000
2 0.577679 0.228750 0.012500 0.013750
2 0.588839 0.228750 0.012500 0.013750
2 0.600000 0.233750 0.012500 0.011250
2 0.609821 0.243750 0.014286 0.012500
2 0.617857 0.253750 0.012500 0.013750
2 0.624554 0.265625 0.012500 0.012500
2 0.633036 0.275938 0.016071 0.011250
2 0.642411 0.287188 0.012500 0.015000
2 0.659821 0.297500 0.016071 0.013750
2 0.598661 0.271875 0.014286 0.012500
2 0.594196 0.239687 0.014286 0.013750
2 0.585268 0.240000 0.014286 0.011250
2 0.591964 0.252188 0.014286 0.013750
2 0.575000 0.240313 0.016071 0.015000
2 0.583036 0.252500 0.014286 0.011250
2 0.601786 0.248438 0.016071 0.012500
2 0.609821 0.258750 0.014286 0.011250
2 0.600893 0.261875 0.014286 0.011250
2 0.593304 0.263437 0.012500 0.011250
2 0.631696 0.330313 0.017857 0.013750
2 0.647768 0.340000 0.014286 0.011250
2 0.732589 0.557813 0.014286 0.012500
2 0.759375 0.546875 0.014286 0.012500
2 0.772768 0.559375 0.014286 0.012500
2 0.782143 0.555937 0.019643 0.015000
2 0.753571 0.566875 0.016071 0.015000
2 0.744196 0.569063 0.019643 0.016250
2 0.792411 0.582812 0.017857 0.012500
2 0.781250 0.590000 0.017857 0.017500
2 0.768750 0.592500 0.019643 0.016250
2 0.760714 0.597813 0.021429 0.017500
2 0.746429 0.603437 0.019643 0.016250
2 0.736607 0.609375 0.017857 0.012500
2 0.732589 0.610000 0.023214 0.013750
2 0.720089 0.616875 0.016071 0.015000
2 0.713393 0.618437 0.016071 0.015000
2 0.703125 0.622188 0.017857 0.016250
2 0.690625 0.628437 0.019643 0.016250
2 0.679464 0.633125 0.019643 0.016250
2 0.817857 0.735938 0.019643 0.012500
2 0.824554 0.743750 0.019643 0.012500
2 0.845982 0.752188 0.026786 0.013750
2 0.764732 0.562500 0.016071 0.012500
2 0.736607 0.575000 0.017857 0.012500
2 0.721875 0.580000 0.019643 0.016250
2 0.729018 0.526250 0.016071 0.015000
2 0.638839 0.454688 0.014286 0.012500
2 0.655357 0.463438 0.016071 0.011250
2 0.666071 0.473125 0.019643 0.015000
2 0.656696 0.478750 0.014286 0.013750
2 0.538393 0.460625 0.014286 0.015000
2 0.556250 0.459063 0.014286 0.015000
2 0.689732 0.544063 0.017857 0.016250
2 0.703125 0.535625 0.017857 0.015000
2 0.666071 0.554688 0.019643 0.012500
2 0.740179 0.522500 0.016071 0.013750
2 0.711161 0.586250 0.016071 0.016250
2 0.753571 0.516250 0.016071 0.013750
2 0.712054 0.566875 0.017857 0.015000
2 0.670982 0.585625 0.016071 0.015000
2 0.629911 0.603125 0.014286 0.012500
2 0.654911 0.610625 0.019643 0.015000
2 0.665179 0.606250 0.017857 0.018750
2 0.683482 0.596875 0.014286 0.012500
2 0.694643 0.591250 0.014286 0.013750
2 0.703125 0.588750 0.017857 0.015000
2 0.919643 0.878125 0.017857 0.012500
2 0.656696 0.337500 0.014286 0.012500
2 0.647768 0.466875 0.014286 0.015000
2 0.672321 0.457500 0.014286 0.015000
2 0.665179 0.444375 0.017857 0.013750
2 0.634375 0.443438 0.014286 0.015000
2 0.682143 0.383437 0.016071 0.013750
2 0.675000 0.385000 0.019643 0.013750
2 0.683482 0.396250 0.014286 0.011250
2 0.691071 0.394375 0.016071 0.013750
2 0.697321 0.390625 0.010714 0.012500
2 0.707143 0.389062 0.012500 0.012500
2 0.718750 0.391250 0.017857 0.013750
2 0.729018 0.390313 0.016071 0.015000
2 0.716071 0.399375 0.012500 0.011250
2 0.706696 0.401562 0.016071 0.012500
2 0.697768 0.404375 0.016071 0.015000
2 0.714732 0.412500 0.014286 0.012500
2 0.721429 0.407188 0.014286 0.011250
2 0.729018 0.403750 0.016071 0.013750
2 0.738393 0.400625 0.012500 0.013750
2 0.744643 0.413125 0.016071 0.013750
2 0.737500 0.415313 0.019643 0.015000
2 0.729018 0.417500 0.016071 0.016250
2 0.721429 0.421875 0.014286 0.012500
2 0.713839 0.424375 0.012500 0.011250
2 0.715625 0.441875 0.016071 0.015000
2 0.691071 0.381250 0.016071 0.012500
2 0.700893 0.378125 0.017857 0.012500
2 0.709821 0.378750 0.017857 0.013750
2 0.664732 0.360938 0.012500 0.012500
2 0.666964 0.334687 0.012500 0.010000
2 0.675000 0.334375 0.010714 0.012500
2 0.684375 0.331875 0.016071 0.013750
2 0.684375 0.345938 0.016071 0.013750
2 0.675446 0.346875 0.016071 0.012500
2 0.666518 0.348438 0.016071 0.012500
2 0.657589 0.351562 0.016071 0.012500
2 0.647768 0.352187 0.014286 0.013750
2 0.654464 0.365000 0.014286 0.011250
2 0.673661 0.358750 0.012500 0.011250
2 0.717857 0.377188 0.016071 0.013750
2 0.681696 0.356563 0.010714 0.010000
2 0.692857 0.355000 0.010714 0.010000
2 0.702679 0.352813 0.012500 0.008750
2 0.711161 0.364687 0.016071 0.013750
2 0.663393 0.373437 0.014286 0.012500
2 0.673214 0.372500 0.016071 0.013750
2 0.681250 0.368750 0.014286 0.012500
2 0.688393 0.366250 0.010714 0.013750
2 0.699107 0.367500 0.014286 0.016250
2 0.722321 0.435625 0.016071 0.015000
2 0.728125 0.432500 0.014286 0.008750
2 0.737054 0.429063 0.014286 0.011250
2 0.662054 0.400312 0.016071 0.016250
2 0.584375 0.352500 0.012500 0.011250
2 0.593750 0.363750 0.017857 0.015000
2 0.604911 0.365313 0.017857 0.015000
2 0.613839 0.378437 0.017857 0.016250
2 0.578125 0.374688 0.017857 0.015000
2 0.595089 0.381250 0.016071 0.012500
2 0.623214 0.391875 0.014286 0.015000
2 0.635268 0.405000 0.016071 0.016250
2 0.648661 0.401250 0.016071 0.015000
2 0.601786 0.392188 0.016071 0.012500
2 0.562054 0.337500 0.012500 0.012500
2 0.594196 0.396875 0.014286 0.012500
2 0.613393 0.404063 0.012500 0.011250
2 0.604464 0.408750 0.012500 0.011250
2 0.610714 0.420000 0.016071 0.015000
2 0.619643 0.414687 0.016071 0.013750
2 0.637500 0.423750 0.016071 0.016250
2 0.630357 0.428437 0.019643 0.016250
2 0.624107 0.431875 0.016071 0.013750
2 0.641071 0.440625 0.014286 0.012500
2 0.572321 0.335313 0.010714 0.011250
2 0.552679 0.325625 0.016071 0.013750
2 0.745089 0.425938 0.012500 0.011250
2 0.518304 0.279687 0.014286 0.012500
2 0.743750 0.438438 0.014286 0.011250
2 0.735714 0.441250 0.016071 0.013750
2 0.729018 0.446875 0.016071 0.012500
2 0.502679 0.254688 0.014286 0.012500
2 0.510268 0.250937 0.016071 0.017500
2 0.519196 0.248750 0.016071 0.016250
2 0.520089 0.264375 0.017857 0.016250
2 0.528571 0.263125 0.012500 0.013750
2 0.510268 0.267813 0.016071 0.013750
2 0.531250 0.278750 0.017857 0.013750
2 0.573214 0.323437 0.012500 0.012500
2 0.539286 0.276875 0.016071 0.016250
2 0.527232 0.290625 0.014286 0.012500
2 0.538393 0.290625 0.014286 0.012500
2 0.536607 0.302500 0.010714 0.011250
2 0.546429 0.303125 0.012500 0.012500
2 0.557143 0.299375 0.016071 0.011250
2 0.566071 0.310625 0.016071 0.015000
2 0.557143 0.313750 0.016071 0.015000
2 0.564286 0.324063 0.012500 0.013750
2 0.459821 0.209375 0.017857 0.012500
2 0.660714 0.213750 0.017857 0.008750
2 0.530804 0.472500 0.012500 0.013750
