2 0.945982 0.970625 0.012500 0.016250
2 0.884821 0.836562 0.010714 0.013750
2 0.843304 0.741250 0.012500 0.013750
2 0.843750 0.678750 0.008929 0.013750
2 0.873214 0.549687 0.014286 0.015000
2 0.858929 0.525625 0.012500 0.013750
2 0.884821 0.532813 0.010714 0.012500
2 0.891071 0.522500 0.014286 0.013750
2 0.880357 0.471250 0.019643 0.011250
2 0.920536 0.479375 0.010714 0.015000
2 0.778571 0.304688 0.021429 0.012500
2 0.927232 0.274375 0.019643 0.011250
2 0.920536 0.045937 0.019643 0.013750
2 0.825446 0.363125 0.012500 0.013750
