2 0.268750 0.128125 0.010714 0.012500
2 0.178571 0.139063 0.008929 0.012500
2 0.189732 0.124063 0.008929 0.013750
2 0.244196 0.174375 0.019643 0.005000
2 0.133929 0.178125 0.026786 0.006250
2 0.107143 0.140000 0.008929 0.011250
2 0.112054 0.246250 0.005357 0.011250
2 0.190625 0.205938 0.010714 0.015000
2 0.319643 0.268750 0.023214 0.006250
2 0.360714 0.297812 0.025000 0.005000
2 0.212054 0.414687 0.008929 0.013750
2 0.394196 0.602187 0.016071 0.013750
2 0.391518 0.683125 0.019643 0.010000
2 0.394643 0.685625 0.021429 0.015000
2 0.635268 0.718438 0.025000 0.008750
2 0.636607 0.725625 0.023214 0.007500
2 0.052232 0.631250 0.019643 0.006250
2 0.068750 0.818750 0.021429 0.006250
2 0.034375 0.868750 0.019643 0.006250
2 0.126786 0.417812 0.012500 0.013750
2 0.709375 0.823750 0.012500 0.016250
2 0.666964 0.792188 0.021429 0.006250
2 0.487500 0.469375 0.019643 0.007500
2 0.435714 0.292813 0.014286 0.013750
2 0.412500 0.316875 0.012500 0.015000
2 0.624107 0.354687 0.025000 0.006250
2 0.660714 0.041563 0.017857 0.011250
2 0.652679 0.285625 0.010714 0.015000
2 0.654911 0.303750 0.010714 0.013750
2 0.683036 0.338125 0.008929 0.013750
2 0.727232 0.354687 0.021429 0.006250
2 0.727232 0.363125 0.021429 0.007500
2 0.624107 0.367188 0.025000 0.006250
2 0.687500 0.380938 0.008929 0.008750
2 0.692857 0.398750 0.010714 0.016250
2 0.706250 0.807188 0.010714 0.011250
2 0.884821 0.966250 0.010714 0.013750
2 0.873214 0.847188 0.014286 0.010000
2 0.964286 0.567187 0.026786 0.006250
2 0.950893 0.317812 0.017857 0.013750
2 0.883036 0.206875 0.016071 0.007500
2 0.796429 0.055937 0.021429 0.015000
2 0.840179 0.046250 0.019643 0.011250
2 0.958036 0.243750 0.014286 0.012500
2 0.911607 0.419063 0.010714 0.016250
2 0.919643 0.418750 0.008929 0.012500
2 0.932589 0.596562 0.012500 0.015000
2 0.617411 0.321875 0.016071 0.012500
2 0.223214 0.406250 0.008929 0.012500
