2 0.758929 0.970938 0.017857 0.007500
2 0.754911 0.959688 0.023214 0.010000
2 0.754018 0.952812 0.021429 0.008750
2 0.751786 0.946562 0.021429 0.008750
2 0.751786 0.941250 0.021429 0.007500
2 0.792411 0.557500 0.008929 0.015000
2 0.776786 0.554375 0.008929 0.015000
2 0.765625 0.553750 0.008929 0.013750
2 0.754018 0.553750 0.012500 0.013750
2 0.744196 0.552813 0.010714 0.015000
2 0.705357 0.515625 0.008929 0.012500
2 0.690179 0.515937 0.014286 0.016250
2 0.313393 0.483125 0.010714 0.022500
2 0.100000 0.075625 0.012500 0.013750
2 0.099554 0.118125 0.016071 0.017500
2 0.115625 0.075625 0.012500 0.013750
2 0.934821 0.231875 0.021429 0.007500
