2 0.602232 0.211250 0.012500 0.022500
2 0.721429 0.483750 0.014286 0.023750
2 0.687946 0.483125 0.014286 0.022500
2 0.672321 0.483750 0.014286 0.023750
2 0.658036 0.464062 0.012500 0.018750
2 0.711161 0.458125 0.033929 0.022500
2 0.713393 0.333750 0.025000 0.023750
2 0.699554 0.338438 0.019643 0.023750
2 0.666071 0.349062 0.019643 0.020000
2 0.651339 0.355938 0.021429 0.021250
2 0.632589 0.358125 0.019643 0.022500
2 0.616964 0.364063 0.019643 0.018750
2 0.602232 0.371563 0.021429 0.021250
2 0.583036 0.376875 0.023214 0.022500
2 0.738839 0.488750 0.017857 0.021250
2 0.667857 0.509687 0.014286 0.022500
2 0.685714 0.509062 0.014286 0.021250
2 0.625446 0.322500 0.023214 0.020000
2 0.565179 0.268750 0.014286 0.018750
2 0.571875 0.340000 0.023214 0.023750
2 0.591964 0.336875 0.023214 0.023750
2 0.640179 0.320000 0.021429 0.021250
2 0.700000 0.511250 0.016071 0.022500
2 0.654018 0.313437 0.026786 0.023750
2 0.674554 0.307812 0.023214 0.025000
2 0.903125 0.180938 0.025000 0.027500
2 0.737500 0.151250 0.028571 0.015000
2 0.758482 0.196563 0.030357 0.015000
2 0.765179 0.207813 0.030357 0.012500
2 0.779911 0.214688 0.028571 0.013750
2 0.783482 0.239375 0.035714 0.016250
2 0.796429 0.255000 0.030357 0.016250
2 0.795536 0.268750 0.028571 0.012500
2 0.807589 0.288125 0.030357 0.013750
2 0.930357 0.436875 0.030357 0.011250
2 0.723214 0.512813 0.017857 0.022500
