2 0.038393 0.709688 0.023214 0.016250
2 0.413393 0.532813 0.023214 0.012500
2 0.807143 0.478437 0.025000 0.010000
2 0.861607 0.646563 0.017857 0.015000
2 0.892411 0.473750 0.021429 0.010000
2 0.887500 0.140313 0.025000 0.008750
2 0.012946 0.048750 0.012500 0.022500
2 0.064286 0.061875 0.012500 0.017500
2 0.030357 0.081250 0.016071 0.018750
2 0.046429 0.018750 0.012500 0.018750
2 0.432143 0.502188 0.025000 0.007500
2 0.439732 0.526250 0.017857 0.008750
2 0.779464 0.932500 0.014286 0.015000
2 0.843750 0.747188 0.017857 0.016250
2 0.813839 0.742500 0.016071 0.016250
2 0.870982 0.675625 0.014286 0.013750
2 0.835268 0.674687 0.014286 0.015000
2 0.884375 0.547500 0.014286 0.013750
2 0.919196 0.145000 0.021429 0.008750
