2 0.626339 0.380625 0.007143 0.011250
2 0.646429 0.376250 0.007143 0.008750
2 0.593750 0.426875 0.008929 0.010000
2 0.571429 0.309375 0.008929 0.012500
2 0.887500 0.520625 0.016071 0.010000
2 0.637500 0.377812 0.007143 0.008750
2 0.618304 0.383125 0.008929 0.010000
2 0.609375 0.384063 0.008929 0.008750
2 0.694196 0.393125 0.017857 0.005000
2 0.688839 0.399375 0.016071 0.005000
2 0.639732 0.415313 0.007143 0.008750
2 0.633036 0.416875 0.007143 0.008750
2 0.625000 0.420625 0.008929 0.010000
2 0.616964 0.422813 0.010714 0.011250
2 0.654018 0.411250 0.008929 0.010000
2 0.669643 0.404375 0.008929 0.008750
2 0.651786 0.351875 0.008929 0.010000
2 0.639286 0.354063 0.010714 0.011250
2 0.629018 0.357187 0.012500 0.011250
2 0.578125 0.412812 0.008929 0.010000
2 0.605804 0.320312 0.010714 0.012500
2 0.840179 0.395937 0.010714 0.013750
2 0.616071 0.320312 0.008929 0.012500
2 0.627232 0.323437 0.008929 0.012500
2 0.581696 0.369688 0.007143 0.011250
2 0.654018 0.319375 0.008929 0.013750
2 0.821429 0.507812 0.008929 0.012500
2 0.599107 0.404687 0.010714 0.012500
