2 0.420982 0.088750 0.025000 0.008750
2 0.955357 0.245000 0.026786 0.008750
2 0.366964 0.130312 0.010714 0.013750
2 0.690625 0.104375 0.010714 0.015000
2 0.896875 0.231250 0.021429 0.006250
2 0.933482 0.213750 0.014286 0.008750
2 0.733929 0.286250 0.012500 0.016250
2 0.058929 0.366250 0.010714 0.013750
2 0.131696 0.514375 0.035714 0.010000
2 0.168750 0.518437 0.025000 0.008750
2 0.219643 0.503750 0.010714 0.013750
2 0.281696 0.514687 0.023214 0.007500
2 0.134821 0.865625 0.010714 0.012500
2 0.136607 0.894375 0.014286 0.013750
2 0.137946 0.912187 0.012500 0.015000
2 0.482143 0.456875 0.008929 0.013750
2 0.480804 0.443750 0.010714 0.012500
2 0.487500 0.503750 0.010714 0.013750
2 0.851339 0.528438 0.028571 0.010000
2 0.936161 0.770000 0.010714 0.015000
2 0.939286 0.788750 0.012500 0.015000
2 0.868750 0.067187 0.023214 0.006250
