2 0.744643 0.087188 0.016071 0.027500
2 0.767411 0.079063 0.021429 0.023750
2 0.769196 0.053125 0.016071 0.025000
2 0.650000 0.054375 0.023214 0.027500
2 0.631696 0.053125 0.017857 0.025000
2 0.611607 0.050625 0.017857 0.026250
2 0.590625 0.076875 0.016071 0.028750
2 0.608036 0.079375 0.019643 0.027500
2 0.629464 0.082500 0.017857 0.027500
2 0.649107 0.082500 0.021429 0.027500
2 0.669643 0.082812 0.017857 0.025000
2 0.826786 0.062187 0.019643 0.027500
2 0.849107 0.060937 0.019643 0.025000
2 0.807143 0.091875 0.016071 0.027500
2 0.569196 0.075938 0.017857 0.023750
2 0.707589 0.083437 0.017857 0.026250
2 0.626786 0.023750 0.048214 0.016250
2 0.640625 0.150625 0.017857 0.026250
2 0.690179 0.081875 0.014286 0.026250
2 0.760714 0.155313 0.021429 0.026250
2 0.916518 0.163125 0.016071 0.026250
2 0.788839 0.086875 0.019643 0.023750
2 0.867411 0.092188 0.016071 0.025000
2 0.724554 0.083750 0.016071 0.023750
2 0.825000 0.090625 0.016071 0.025000
2 0.848214 0.092812 0.017857 0.026250
2 0.896875 0.167813 0.021429 0.026250
2 0.875893 0.166875 0.019643 0.027500
2 0.740179 0.155938 0.016071 0.027500
2 0.719643 0.155938 0.019643 0.027500
2 0.680804 0.153750 0.017857 0.026250
2 0.570982 0.046875 0.021429 0.025000
2 0.593304 0.048125 0.021429 0.027500
2 0.674107 0.053125 0.017857 0.025000
2 0.982143 0.046250 0.035714 0.011250
2 0.983929 0.018750 0.030357 0.012500
2 0.979018 0.061562 0.042857 0.013750
2 0.983482 0.073750 0.033929 0.010000
2 0.982143 0.088438 0.035714 0.011250
2 0.982143 0.100000 0.035714 0.012500
2 0.979018 0.129062 0.033929 0.011250
2 0.976339 0.142187 0.037500 0.012500
2 0.692857 0.053125 0.019643 0.025000
2 0.811607 0.002187 0.016071 0.001250
2 0.829464 0.004063 0.016071 0.005000
2 0.869643 0.064687 0.016071 0.026250
2 0.808929 0.060000 0.019643 0.026250
2 0.725893 0.054375 0.014286 0.027500
2 0.751339 0.050313 0.016071 0.028750
2 0.788839 0.059062 0.019643 0.027500
2 0.711607 0.053125 0.021429 0.025000
2 0.871875 0.004063 0.016071 0.005000
