2 0.901339 0.411875 0.030357 0.017500
2 0.893304 0.421875 0.032143 0.018750
2 0.927679 0.384063 0.033929 0.021250
2 0.949107 0.503437 0.032143 0.016250
2 0.959375 0.355625 0.030357 0.017500
2 0.941964 0.361250 0.026786 0.016250
2 0.937946 0.373125 0.032143 0.021250
2 0.922321 0.495937 0.032143 0.013750
2 0.728571 0.453125 0.028571 0.012500
2 0.799554 0.471562 0.032143 0.015000
2 0.833929 0.478437 0.033929 0.016250
2 0.696875 0.504063 0.032143 0.017500
2 0.982143 0.509687 0.026786 0.016250
2 0.971429 0.462188 0.023214 0.021250
2 0.452232 0.698750 0.025000 0.028750
2 0.283482 0.809375 0.026786 0.031250
2 0.759821 0.516563 0.073214 0.023750
2 0.662500 0.453750 0.048214 0.020000
2 0.591518 0.009687 0.017857 0.016250
2 0.628571 0.005938 0.016071 0.008750
2 0.645089 0.009062 0.017857 0.015000
2 0.737054 0.002812 0.014286 0.002500
2 0.730357 0.014375 0.023214 0.022500
2 0.719643 0.041250 0.019643 0.026250
2 0.576786 0.051875 0.019643 0.022500
2 0.708482 0.064062 0.019643 0.018750
2 0.697768 0.092500 0.025000 0.022500
2 0.554464 0.103438 0.019643 0.022500
2 0.622321 0.066250 0.021429 0.026250
2 0.687054 0.119687 0.021429 0.023750
2 0.678125 0.145000 0.021429 0.021250
2 0.666964 0.165938 0.021429 0.022500
2 0.625446 0.269062 0.023214 0.022500
2 0.647321 0.217813 0.017857 0.026250
2 0.615625 0.293125 0.021429 0.023750
2 0.441071 0.725313 0.025000 0.022500
2 0.078125 0.980625 0.026786 0.017500
2 0.066518 0.919375 0.021429 0.020000
2 0.220536 0.922813 0.021429 0.023750
2 0.337946 0.976250 0.019643 0.021250
2 0.358482 0.920625 0.025000 0.022500
2 0.372321 0.897500 0.021429 0.020000
2 0.382143 0.871250 0.023214 0.023750
2 0.388839 0.844063 0.023214 0.022500
2 0.430804 0.747500 0.017857 0.020000
2 0.461161 0.671563 0.025000 0.027500
2 0.471429 0.645000 0.023214 0.021250
2 0.492411 0.594688 0.025000 0.023750
2 0.499554 0.571562 0.021429 0.021250
2 0.508036 0.550312 0.025000 0.022500
2 0.418750 0.553438 0.025000 0.022500
2 0.480804 0.615313 0.019643 0.021250
2 0.848214 0.533750 0.035714 0.017500
2 0.891518 0.542188 0.037500 0.018750
2 0.923661 0.548125 0.030357 0.015000
2 0.958482 0.554375 0.037500 0.015000
2 0.604911 0.315000 0.017857 0.023750
2 0.513393 0.201250 0.017857 0.027500
2 0.584821 0.366875 0.017857 0.021250
2 0.476339 0.301250 0.019643 0.021250
2 0.483929 0.275312 0.021429 0.022500
2 0.495536 0.249375 0.026786 0.023750
2 0.545536 0.127500 0.019643 0.023750
2 0.658929 0.190625 0.023214 0.025000
2 0.534375 0.156875 0.019643 0.020000
2 0.563839 0.076250 0.016071 0.021250
2 0.638839 0.245625 0.023214 0.022500
2 0.524107 0.177812 0.021429 0.021250
2 0.541071 0.257500 0.019643 0.021250
2 0.462054 0.328437 0.017857 0.022500
2 0.508036 0.339688 0.025000 0.026250
2 0.595536 0.341875 0.021429 0.021250
2 0.451786 0.482500 0.019643 0.021250
2 0.614286 0.487500 0.032143 0.018750
2 0.194196 0.947500 0.026786 0.013750
2 0.372768 0.462500 0.017857 0.018750
2 0.598661 0.426875 0.050000 0.022500
