2 0.572321 0.432820 0.010714 0.012516
2 0.584821 0.432509 0.008929 0.015019
2 0.608036 0.432820 0.010714 0.012516
2 0.635714 0.434073 0.012500 0.015020
2 0.648214 0.436886 0.010714 0.017522
2 0.661607 0.438134 0.010714 0.013767
2 0.689732 0.439695 0.008929 0.013766
2 0.646429 0.175630 0.016071 0.007509
2 0.752679 0.157816 0.014286 0.006258
2 0.794643 0.465634 0.008929 0.012517
2 0.580357 0.598756 0.008929 0.010013
2 0.587054 0.598756 0.008929 0.010013
2 0.618304 0.540006 0.008929 0.011262
2 0.624107 0.540006 0.007143 0.011262
2 0.575000 0.568132 0.007143 0.011264
2 0.742411 0.591880 0.007143 0.008761
2 0.597321 0.587193 0.007143 0.008761
2 0.742411 0.601255 0.007143 0.008761
2 0.804911 0.594070 0.007143 0.010014
2 0.782589 0.604070 0.007143 0.011264
2 0.787054 0.605006 0.007143 0.010013
2 0.816518 0.971879 0.012500 0.006258
2 0.858929 0.960316 0.012500 0.005006
2 0.855357 0.955628 0.014286 0.005006
2 0.883482 0.942817 0.012500 0.007509
2 0.884375 0.950630 0.014286 0.007509
2 0.884821 0.955317 0.010714 0.007509
2 0.889732 0.960945 0.007143 0.012516
2 0.903571 0.994695 0.012500 0.011264
2 0.906250 0.607509 0.008929 0.015019
2 0.853571 0.576571 0.010714 0.012517
2 0.866071 0.547194 0.008929 0.010013
2 0.995536 0.489070 0.008929 0.012516
2 0.902232 0.481254 0.014286 0.006258
2 0.924554 0.482191 0.014286 0.005006
2 0.609375 0.587820 0.008929 0.010014
2 0.703571 0.602818 0.005357 0.008761
2 0.627232 0.597820 0.008929 0.011264
2 0.886161 0.594070 0.008929 0.010014
2 0.854018 0.605943 0.007143 0.008761
2 0.912946 0.578133 0.008929 0.012516
