2 0.674107 0.015313 0.017857 0.015000
2 0.764286 0.023750 0.019643 0.010000
2 0.694196 0.050000 0.017857 0.012500
2 0.675446 0.045625 0.016071 0.010000
2 0.633036 0.072813 0.016071 0.011250
2 0.575000 0.053125 0.016071 0.012500
2 0.586607 0.104375 0.021429 0.015000
2 0.341964 0.201250 0.023214 0.015000
2 0.374107 0.194062 0.025000 0.016250
2 0.452679 0.193437 0.021429 0.015000
2 0.532589 0.157187 0.025000 0.017500
2 0.350000 0.260625 0.021429 0.015000
2 0.318750 0.296563 0.021429 0.015000
2 0.390179 0.236250 0.021429 0.010000
2 0.273214 0.310625 0.019643 0.015000
2 0.199107 0.360000 0.023214 0.013750
2 0.141071 0.396875 0.014286 0.012500
2 0.483929 0.421875 0.021429 0.012500
2 0.974554 0.371875 0.016071 0.012500
2 0.662946 0.299687 0.026786 0.008750
2 0.870536 0.624688 0.017857 0.015000
2 0.523661 0.462812 0.025000 0.016250
2 0.393750 0.511562 0.019643 0.013750
2 0.253571 0.550625 0.025000 0.013750
2 0.400446 0.694688 0.019643 0.011250
2 0.040179 0.848125 0.026786 0.015000
2 0.823661 0.634375 0.017857 0.012500
2 0.795982 0.820937 0.016071 0.013750
2 0.823661 0.883125 0.017857 0.016250
2 0.787054 0.850000 0.016071 0.012500
2 0.466071 0.758750 0.021429 0.011250
2 0.937054 0.942500 0.021429 0.016250
2 0.911161 0.927187 0.023214 0.013750
2 0.885714 0.420312 0.021429 0.012500
2 0.579464 0.418750 0.025000 0.012500
2 0.707589 0.592187 0.026786 0.012500
2 0.818304 0.727187 0.025000 0.007500
2 0.823214 0.719375 0.030357 0.007500
2 0.822768 0.776875 0.025000 0.010000
2 0.009375 0.485000 0.014286 0.013750
2 0.121429 0.119375 0.019643 0.013750
2 0.502232 0.159375 0.017857 0.012500
2 0.405804 0.950313 0.021429 0.010000
2 0.604018 0.335313 0.016071 0.011250
