2 0.950893 0.552187 0.035714 0.013750
2 0.404018 0.040625 0.044643 0.025000
2 0.163393 0.006563 0.014286 0.010000
2 0.235714 0.129375 0.016071 0.021250
2 0.950893 0.525000 0.035714 0.012500
2 0.220089 0.158438 0.025000 0.020000
2 0.113393 0.028125 0.030357 0.012500
2 0.162500 0.023750 0.012500 0.022500
2 0.185268 0.012188 0.017857 0.021250
2 0.183482 0.032813 0.014286 0.018750
2 0.162054 0.046562 0.016071 0.021250
2 0.123214 0.052500 0.032143 0.011250
2 0.183036 0.107500 0.017857 0.027500
2 0.182143 0.079687 0.016071 0.025000
2 0.181250 0.054375 0.014286 0.021250
2 0.199107 0.134688 0.014286 0.016250
2 0.181250 0.131250 0.014286 0.018750
2 0.130804 0.085938 0.033929 0.012500
