2 0.598661 0.219062 0.032143 0.022500
2 0.013839 0.504375 0.023214 0.015000
2 0.019196 0.523750 0.033929 0.016250
2 0.335714 0.563750 0.037500 0.008750
2 0.735268 0.155313 0.010714 0.026250
2 0.700893 0.073750 0.017857 0.028750
2 0.610268 0.185938 0.028571 0.025000
2 0.610714 0.424687 0.033929 0.027500
2 0.130357 0.529687 0.037500 0.012500
2 0.416964 0.583437 0.057143 0.020000
2 0.041518 0.201250 0.016071 0.008750
2 0.127232 0.232187 0.017857 0.011250
2 0.048214 0.221875 0.016071 0.012500
2 0.078125 0.247187 0.017857 0.010000
2 0.174107 0.280000 0.017857 0.010000
2 0.348214 0.263125 0.017857 0.007500
2 0.747321 0.112500 0.012500 0.012500
2 0.732143 0.215625 0.008929 0.012500
2 0.724107 0.269375 0.010714 0.013750
2 0.690625 0.359063 0.010714 0.008750
2 0.657143 0.384687 0.010714 0.010000
2 0.612054 0.433125 0.014286 0.010000
2 0.564732 0.453125 0.017857 0.012500
2 0.245982 0.529687 0.014286 0.006250
2 0.372321 0.519688 0.030357 0.011250
2 0.548214 0.465000 0.016071 0.011250
2 0.496429 0.496875 0.019643 0.012500
2 0.060268 0.521875 0.026786 0.012500
2 0.537500 0.538750 0.012500 0.008750
2 0.408482 0.548438 0.017857 0.006250
2 0.552679 0.547187 0.016071 0.010000
2 0.511607 0.670000 0.014286 0.021250
2 0.458482 0.776875 0.019643 0.022500
2 0.444643 0.801250 0.014286 0.015000
2 0.431696 0.818125 0.010714 0.011250
2 0.428125 0.830313 0.012500 0.013750
2 0.446429 0.819375 0.008929 0.013750
2 0.437500 0.833437 0.008929 0.013750
2 0.420536 0.843437 0.010714 0.015000
2 0.429464 0.847500 0.010714 0.013750
2 0.412500 0.856875 0.012500 0.013750
2 0.397768 0.879687 0.014286 0.012500
2 0.412500 0.872500 0.012500 0.013750
2 0.378125 0.977812 0.019643 0.015000
2 0.795089 0.453750 0.032143 0.026250
