2 0.508036 0.838750 0.016071 0.015000
2 0.868750 0.576250 0.014286 0.015000
2 0.858482 0.580000 0.016071 0.016250
2 0.851786 0.565625 0.016071 0.018750
2 0.891071 0.596875 0.014286 0.012500
2 0.913839 0.604375 0.010714 0.015000
2 0.925893 0.586562 0.012500 0.013750
2 0.932143 0.599375 0.016071 0.017500
2 0.950446 0.593438 0.012500 0.015000
2 0.960714 0.590625 0.010714 0.012500
2 0.969196 0.588750 0.014286 0.015000
2 0.977232 0.586250 0.012500 0.016250
2 0.970536 0.572500 0.012500 0.013750
2 0.481696 0.817812 0.012500 0.013750
2 0.540625 0.801562 0.014286 0.012500
2 0.548661 0.813125 0.012500 0.013750
2 0.537500 0.810937 0.012500 0.012500
2 0.520536 0.805312 0.014286 0.013750
2 0.513839 0.812813 0.014286 0.016250
2 0.504911 0.815625 0.014286 0.012500
2 0.499554 0.823125 0.012500 0.015000
2 0.895536 0.567500 0.014286 0.016250
2 0.913393 0.563750 0.014286 0.015000
2 0.922321 0.560625 0.014286 0.015000
2 0.778571 0.599688 0.012500 0.015000
2 0.717857 0.617500 0.016071 0.016250
2 0.736161 0.613750 0.012500 0.015000
2 0.806250 0.594375 0.014286 0.013750
2 0.937946 0.555312 0.014286 0.013750
2 0.824107 0.573125 0.014286 0.015000
2 0.841964 0.567500 0.014286 0.016250
2 0.841964 0.584375 0.014286 0.012500
2 0.860714 0.562812 0.016071 0.016250
2 0.869643 0.560000 0.016071 0.013750
2 0.879911 0.558437 0.014286 0.013750
2 0.887054 0.554688 0.010714 0.012500
2 0.895982 0.552500 0.010714 0.011250
2 0.921429 0.544375 0.012500 0.013750
2 0.493750 0.829375 0.014286 0.015000
2 0.511607 0.828750 0.014286 0.013750
2 0.522768 0.828750 0.014286 0.013750
2 0.588839 0.910937 0.012500 0.012500
2 0.594196 0.905937 0.014286 0.015000
2 0.609821 0.914062 0.014286 0.012500
2 0.621875 0.915625 0.016071 0.012500
2 0.632143 0.929375 0.014286 0.015000
2 0.610714 0.934375 0.016071 0.012500
2 0.602232 0.921250 0.012500 0.011250
2 0.627679 0.940312 0.014286 0.015000
2 0.636607 0.953125 0.014286 0.018750
2 0.645536 0.949062 0.014286 0.013750
2 0.653571 0.961562 0.012500 0.013750
2 0.661161 0.975000 0.014286 0.012500
2 0.980357 0.981563 0.023214 0.010000
2 0.959821 0.986250 0.017857 0.010000
2 0.942857 0.990938 0.019643 0.010000
2 0.925000 0.995625 0.019643 0.010000
2 0.592411 0.883750 0.010714 0.011250
2 0.600893 0.898438 0.014286 0.012500
2 0.586607 0.891250 0.012500 0.013750
2 0.566518 0.841875 0.012500 0.015000
2 0.530804 0.817812 0.012500 0.013750
2 0.545982 0.823750 0.016071 0.016250
2 0.539286 0.830000 0.016071 0.016250
2 0.533036 0.842187 0.012500 0.012500
2 0.522768 0.841250 0.014286 0.013750
2 0.531250 0.855000 0.017857 0.016250
2 0.506696 0.884062 0.017857 0.015000
2 0.546429 0.843750 0.012500 0.012500
2 0.554018 0.839687 0.014286 0.013750
2 0.559821 0.849687 0.012500 0.015000
2 0.579464 0.898750 0.016071 0.016250
2 0.555357 0.857500 0.012500 0.015000
2 0.545089 0.856875 0.014286 0.013750
2 0.550446 0.870937 0.016071 0.013750
2 0.563839 0.870000 0.016071 0.015000
2 0.569643 0.865625 0.014286 0.012500
2 0.574107 0.856250 0.014286 0.012500
2 0.583036 0.870313 0.014286 0.012500
2 0.577679 0.878438 0.012500 0.016250
2 0.570536 0.883437 0.016071 0.013750
2 0.927232 0.478437 0.019643 0.016250
2 0.982589 0.452500 0.023214 0.011250
2 0.611161 0.586875 0.012500 0.017500
2 0.447768 0.611563 0.016071 0.020000
2 0.457589 0.608437 0.017857 0.020000
2 0.469643 0.606875 0.019643 0.020000
2 0.506696 0.585313 0.017857 0.017500
2 0.579464 0.585313 0.016071 0.017500
2 0.602679 0.564688 0.017857 0.020000
2 0.588393 0.599375 0.016071 0.017500
2 0.468750 0.625938 0.017857 0.017500
2 0.477679 0.645312 0.017857 0.018750
2 0.489732 0.664062 0.019643 0.018750
2 0.644196 0.633437 0.016071 0.013750
2 0.673214 0.675938 0.016071 0.017500
2 0.718304 0.496250 0.012500 0.011250
2 0.857589 0.415000 0.023214 0.011250
2 0.945089 0.433750 0.010714 0.011250
2 0.933929 0.435625 0.010714 0.015000
