2 0.916518 0.046250 0.033929 0.011250
2 0.879018 0.043125 0.030357 0.011250
2 0.877679 0.032813 0.032143 0.012500
2 0.917857 0.019688 0.032143 0.011250
2 0.916071 0.034375 0.037500 0.012500
2 0.906250 0.135625 0.044643 0.015000
2 0.709821 0.070938 0.035714 0.013750
2 0.496429 0.057813 0.037500 0.012500
2 0.825893 0.121875 0.035714 0.012500
2 0.010268 0.265625 0.016071 0.025000
2 0.047321 0.290937 0.014286 0.022500
2 0.028125 0.290313 0.016071 0.027500
2 0.013393 0.289062 0.017857 0.025000
2 0.004911 0.630625 0.005357 0.023750
2 0.016071 0.628437 0.014286 0.022500
2 0.087500 0.627500 0.023214 0.023750
2 0.051786 0.654687 0.014286 0.025000
2 0.016071 0.653750 0.014286 0.026250
2 0.029464 0.265000 0.014286 0.023750
2 0.048214 0.264375 0.016071 0.022500
2 0.252679 0.027500 0.014286 0.023750
2 0.145089 0.026875 0.017857 0.022500
2 0.094196 0.030625 0.014286 0.023750
2 0.078125 0.028125 0.017857 0.025000
2 0.048214 0.027500 0.016071 0.023750
2 0.030357 0.027500 0.016071 0.023750
2 0.004911 0.025625 0.005357 0.026250
2 0.233036 0.028750 0.019643 0.026250
2 0.285714 0.029687 0.017857 0.025000
2 0.342857 0.012188 0.016071 0.021250
2 0.013393 0.201563 0.017857 0.025000
2 0.296429 0.065312 0.030357 0.021250
2 0.228125 0.117500 0.014286 0.022500
2 0.232589 0.091875 0.014286 0.021250
2 0.213839 0.091250 0.012500 0.020000
2 0.195982 0.090938 0.012500 0.022500
2 0.175446 0.087188 0.016071 0.027500
2 0.069196 0.085312 0.017857 0.023750
2 0.012500 0.112187 0.016071 0.027500
2 0.032589 0.114375 0.016071 0.022500
2 0.050446 0.116250 0.016071 0.026250
2 0.068304 0.112187 0.016071 0.021250
2 0.086161 0.114062 0.016071 0.025000
2 0.105357 0.113750 0.014286 0.027500
2 0.122768 0.113437 0.017857 0.023750
2 0.139732 0.112813 0.016071 0.022500
2 0.157589 0.113750 0.016071 0.021250
2 0.176786 0.116250 0.014286 0.026250
2 0.191964 0.118750 0.017857 0.025000
2 0.208929 0.119375 0.016071 0.026250
2 0.003125 0.175937 0.001786 0.030000
2 0.014732 0.172500 0.016071 0.026250
2 0.030357 0.175000 0.016071 0.025000
2 0.048214 0.176563 0.016071 0.025000
2 0.066071 0.201563 0.016071 0.025000
2 0.048214 0.202500 0.016071 0.023750
2 0.030357 0.201563 0.016071 0.025000
2 0.084375 0.426563 0.039286 0.012500
