2 0.623214 0.216562 0.014286 0.011250
2 0.675893 0.120625 0.021429 0.010000
2 0.668304 0.130000 0.019643 0.010000
2 0.665179 0.137813 0.017857 0.010000
2 0.637054 0.187812 0.019643 0.010000
2 0.632589 0.195625 0.019643 0.010000
2 0.630357 0.201875 0.019643 0.010000
2 0.631250 0.208750 0.021429 0.011250
2 0.674554 0.218438 0.023214 0.008750
2 0.681696 0.207500 0.019643 0.008750
2 0.699554 0.171250 0.019643 0.011250
2 0.702679 0.162812 0.021429 0.010000
2 0.710714 0.146562 0.019643 0.008750
2 0.710714 0.138750 0.019643 0.008750
2 0.831696 0.008125 0.016071 0.010000
2 0.796875 0.803125 0.017857 0.006250
2 0.800000 0.794375 0.019643 0.007500
2 0.793750 0.783438 0.016071 0.007500
2 0.723214 0.116875 0.017857 0.008750
