2 0.612500 0.489375 0.037500 0.053750
2 0.786607 0.723437 0.037500 0.043750
2 0.883482 0.250312 0.083929 0.028750
2 0.911161 0.014063 0.032143 0.025000
2 0.021875 0.275312 0.039286 0.022500
2 0.225000 0.463438 0.021429 0.005000
2 0.226786 0.456250 0.025000 0.006250
2 0.231696 0.433750 0.021429 0.005000
2 0.232589 0.428125 0.023214 0.006250
2 0.215179 0.492812 0.028571 0.007500
2 0.212946 0.501250 0.028571 0.008750
2 0.189732 0.413750 0.026786 0.008750
2 0.183482 0.424375 0.023214 0.005000
2 0.183036 0.435313 0.017857 0.005000
2 0.181696 0.444375 0.019643 0.007500
2 0.176786 0.453125 0.023214 0.006250
2 0.175446 0.460938 0.025000 0.006250
2 0.166964 0.425938 0.021429 0.005000
2 0.160714 0.432188 0.026786 0.005000
2 0.158036 0.440625 0.021429 0.006250
2 0.240179 0.411562 0.025000 0.007500
2 0.237946 0.420000 0.025000 0.008750
2 0.230357 0.444375 0.023214 0.007500
2 0.229464 0.448750 0.021429 0.003750
2 0.217857 0.479375 0.025000 0.008750
2 0.174554 0.473125 0.023214 0.008750
2 0.112500 0.456250 0.028571 0.006250
2 0.104464 0.645625 0.021429 0.010000
2 0.112054 0.627812 0.023214 0.008750
2 0.133482 0.630938 0.021429 0.008750
2 0.110268 0.635313 0.019643 0.005000
2 0.132143 0.637500 0.023214 0.006250
2 0.104464 0.639062 0.021429 0.006250
2 0.125000 0.643750 0.017857 0.006250
2 0.123214 0.653125 0.023214 0.006250
2 0.098214 0.656875 0.017857 0.007500
2 0.109375 0.468750 0.026786 0.006250
2 0.123214 0.661562 0.023214 0.007500
2 0.096875 0.662500 0.019643 0.006250
2 0.120982 0.667812 0.023214 0.007500
2 0.119196 0.674687 0.019643 0.008750
2 0.096875 0.671875 0.019643 0.006250
2 0.095982 0.680625 0.017857 0.005000
2 0.094196 0.685937 0.023214 0.006250
2 0.136607 0.623125 0.023214 0.008750
2 0.114286 0.618750 0.023214 0.006250
2 0.046429 0.713125 0.021429 0.007500
2 0.042857 0.720000 0.023214 0.008750
2 0.052679 0.666250 0.025000 0.007500
2 0.052679 0.674063 0.025000 0.007500
2 0.052232 0.681250 0.019643 0.006250
2 0.031696 0.678438 0.023214 0.010000
2 0.048214 0.689688 0.025000 0.007500
2 0.028571 0.693750 0.021429 0.006250
2 0.051786 0.698750 0.023214 0.010000
2 0.025446 0.701562 0.019643 0.006250
2 0.046429 0.706250 0.021429 0.006250
2 0.021429 0.706875 0.025000 0.007500
2 0.020982 0.714687 0.019643 0.007500
2 0.017411 0.722500 0.021429 0.007500
2 0.016071 0.731563 0.023214 0.010000
2 0.040625 0.735000 0.023214 0.007500
2 0.041964 0.726562 0.021429 0.006250
2 0.117857 0.682500 0.021429 0.008750
2 0.116964 0.691250 0.019643 0.007500
2 0.113839 0.696562 0.026786 0.008750
2 0.122321 0.582500 0.021429 0.008750
2 0.123214 0.575313 0.023214 0.010000
2 0.130804 0.567187 0.025000 0.006250
2 0.127679 0.558750 0.023214 0.005000
2 0.153571 0.563750 0.021429 0.008750
2 0.154018 0.556875 0.017857 0.007500
2 0.132143 0.551875 0.023214 0.010000
2 0.134375 0.537500 0.023214 0.006250
2 0.160714 0.532500 0.026786 0.008750
2 0.158929 0.541250 0.023214 0.007500
2 0.159821 0.550625 0.025000 0.007500
2 0.198661 0.552500 0.026786 0.005000
2 0.196875 0.559375 0.023214 0.006250
2 0.196429 0.566875 0.026786 0.008750
2 0.191071 0.575000 0.025000 0.006250
2 0.188839 0.581250 0.025000 0.006250
2 0.146875 0.576250 0.021429 0.008750
2 0.054018 0.576250 0.023214 0.008750
2 0.091518 0.694375 0.017857 0.007500
2 0.083929 0.578125 0.025000 0.006250
2 0.112500 0.705000 0.028571 0.010000
2 0.087946 0.709375 0.019643 0.006250
2 0.109821 0.712500 0.023214 0.006250
2 0.108929 0.721250 0.021429 0.005000
2 0.085714 0.715625 0.019643 0.006250
2 0.084375 0.723437 0.021429 0.006250
2 0.106696 0.725938 0.021429 0.005000
2 0.081250 0.731250 0.019643 0.006250
2 0.104464 0.733125 0.021429 0.010000
2 0.081696 0.739687 0.025000 0.007500
2 0.104464 0.743750 0.021429 0.006250
2 0.016964 0.568750 0.025000 0.006250
2 0.059821 0.566563 0.021429 0.005000
2 0.083929 0.568750 0.025000 0.006250
2 0.159821 0.710938 0.025000 0.006250
2 0.153571 0.725000 0.021429 0.006250
2 0.019643 0.762813 0.012500 0.016250
2 0.893750 0.412812 0.010714 0.016250
2 0.801786 0.406250 0.023214 0.012500
2 0.116964 0.611250 0.028571 0.010000
2 0.012946 0.599688 0.021429 0.008750
2 0.050893 0.604688 0.021429 0.006250
2 0.783929 0.088438 0.014286 0.017500
2 0.791518 0.086250 0.016071 0.016250
2 0.804911 0.081563 0.016071 0.016250
2 0.814286 0.080937 0.012500 0.015000
2 0.819643 0.079375 0.014286 0.015000
2 0.830357 0.076875 0.017857 0.016250
2 0.843304 0.075625 0.012500 0.013750
2 0.855804 0.072500 0.010714 0.013750
2 0.909821 0.053750 0.016071 0.013750
2 0.857143 0.042188 0.017857 0.006250
2 0.853571 0.034063 0.019643 0.008750
2 0.850893 0.026250 0.023214 0.008750
2 0.075000 0.606875 0.025000 0.007500
2 0.141071 0.614375 0.023214 0.010000
2 0.065179 0.621875 0.023214 0.006250
2 0.064286 0.630312 0.021429 0.007500
2 0.060714 0.637500 0.023214 0.006250
2 0.057589 0.644375 0.021429 0.007500
2 0.056696 0.652187 0.028571 0.007500
2 0.054018 0.657813 0.023214 0.006250
2 0.003125 0.675625 0.001786 0.007500
2 0.009375 0.622500 0.014286 0.007500
2 0.070536 0.615313 0.025000 0.008750
2 0.033036 0.639687 0.021429 0.007500
2 0.006696 0.638125 0.008929 0.007500
2 0.005804 0.644375 0.007143 0.007500
2 0.006696 0.650938 0.008929 0.005000
2 0.006696 0.659375 0.008929 0.006250
2 0.004911 0.667812 0.005357 0.007500
2 0.483929 0.010937 0.021429 0.012500
2 0.775000 0.094688 0.023214 0.023750
2 0.681696 0.120938 0.064286 0.013750
2 0.819196 0.144687 0.026786 0.011250
2 0.755357 0.098437 0.019643 0.018750
2 0.720089 0.105625 0.016071 0.017500
2 0.537946 0.081250 0.026786 0.012500
