2 0.585714 0.543750 0.019643 0.006250
2 0.616964 0.525625 0.019643 0.007500
2 0.564732 0.540000 0.017857 0.005000
2 0.926786 0.910625 0.023214 0.040000
2 0.900893 0.914375 0.016071 0.022500
2 0.683482 0.851250 0.014286 0.033750
2 0.996875 0.995313 0.007143 0.006250
2 0.996875 0.987500 0.007143 0.006250
2 0.631250 0.942500 0.021429 0.010000
2 0.797321 0.890625 0.014286 0.012500
2 0.797321 0.874062 0.014286 0.013750
2 0.826786 0.865000 0.010714 0.011250
2 0.807589 0.824062 0.012500 0.013750
2 0.838839 0.824375 0.012500 0.011250
2 0.838839 0.813125 0.012500 0.013750
2 0.843304 0.767188 0.012500 0.012500
2 0.821429 0.763750 0.008929 0.015000
2 0.992411 0.639375 0.016071 0.010000
2 0.977679 0.637188 0.017857 0.015000
2 0.962054 0.635625 0.017857 0.015000
2 0.895089 0.693438 0.008929 0.015000
2 0.863393 0.698125 0.012500 0.015000
2 0.839732 0.693125 0.014286 0.017500
2 0.843750 0.666875 0.008929 0.015000
2 0.666518 0.550625 0.016071 0.007500
2 0.646429 0.550000 0.016071 0.006250
2 0.691964 0.535937 0.026786 0.006250
2 0.760268 0.515937 0.025000 0.010000
2 0.801786 0.517813 0.023214 0.007500
2 0.654018 0.925000 0.017857 0.006250
2 0.856696 0.795000 0.021429 0.008750
2 0.929911 0.739062 0.025000 0.006250
2 0.905357 0.737500 0.016071 0.012500
2 0.886607 0.735938 0.023214 0.012500
2 0.828571 0.505625 0.023214 0.005000
2 0.898214 0.524375 0.019643 0.005000
2 0.898214 0.518437 0.019643 0.008750
2 0.897768 0.510000 0.023214 0.007500
2 0.938393 0.578125 0.019643 0.006250
2 0.771875 0.560937 0.021429 0.006250
2 0.795536 0.564688 0.019643 0.007500
2 0.807589 0.545937 0.021429 0.007500
2 0.827679 0.548750 0.021429 0.003750
2 0.888839 0.553125 0.023214 0.006250
2 0.943750 0.559375 0.021429 0.006250
2 0.992857 0.566250 0.012500 0.007500
2 0.809821 0.040625 0.021429 0.006250
2 0.810268 0.036875 0.017857 0.005000
2 0.810714 0.029687 0.023214 0.006250
2 0.757589 0.231250 0.010714 0.018750
2 0.862500 0.268750 0.019643 0.006250
2 0.791071 0.279687 0.019643 0.006250
2 0.736607 0.274375 0.017857 0.005000
2 0.661607 0.268125 0.019643 0.005000
2 0.607589 0.242813 0.023214 0.007500
2 0.859375 0.027813 0.026786 0.008750
2 0.627679 0.014375 0.014286 0.010000
2 0.640179 0.246563 0.030357 0.008750
2 0.660268 0.511562 0.012500 0.013750
