2 0.121429 0.412812 0.010714 0.010000
2 0.394196 0.456562 0.007143 0.010000
2 0.596429 0.500312 0.005357 0.010000
2 0.609821 0.527187 0.005357 0.007500
2 0.615179 0.506563 0.007143 0.010000
2 0.394196 0.340313 0.033929 0.015000
2 0.395982 0.363125 0.046429 0.007500
2 0.054464 0.422187 0.010714 0.010000
2 0.090179 0.417500 0.010714 0.010000
2 0.133929 0.408125 0.008929 0.010000
2 0.115625 0.413438 0.012500 0.011250
2 0.204464 0.398125 0.007143 0.008750
2 0.598214 0.690937 0.008929 0.010000
2 0.213393 0.398125 0.007143 0.008750
2 0.220089 0.396563 0.007143 0.008750
2 0.235268 0.395000 0.010714 0.008750
2 0.241964 0.393125 0.010714 0.011250
2 0.177232 0.347812 0.010714 0.011250
2 0.490179 0.424375 0.007143 0.011250
2 0.499107 0.424375 0.007143 0.011250
2 0.619643 0.479375 0.007143 0.008750
2 0.621875 0.468125 0.007143 0.011250
2 0.623214 0.451875 0.005357 0.010000
2 0.409821 0.526250 0.007143 0.008750
2 0.665625 0.567500 0.014286 0.003750
2 0.665625 0.579375 0.014286 0.002500
2 0.664286 0.590000 0.016071 0.005000
2 0.595982 0.680000 0.008929 0.010000
2 0.590625 0.669063 0.007143 0.010000
2 0.610714 0.663750 0.007143 0.008750
2 0.615179 0.678438 0.007143 0.010000
2 0.622768 0.734687 0.008929 0.010000
2 0.631696 0.732500 0.008929 0.008750
2 0.640625 0.733750 0.008929 0.011250
2 0.647768 0.731563 0.005357 0.010000
2 0.655357 0.730312 0.007143 0.007500
2 0.682589 0.693125 0.012500 0.005000
2 0.640625 0.693125 0.017857 0.005000
2 0.636607 0.684063 0.014286 0.002500
2 0.637500 0.672187 0.016071 0.003750
2 0.635268 0.667500 0.016071 0.003750
2 0.634375 0.655625 0.014286 0.005000
2 0.633036 0.650312 0.016071 0.003750
2 0.674107 0.648750 0.017857 0.003750
2 0.668750 0.629687 0.016071 0.006250
2 0.665625 0.618125 0.014286 0.005000
2 0.663393 0.605625 0.014286 0.005000
2 0.663393 0.600313 0.014286 0.003750
2 0.607143 0.444688 0.008929 0.011250
2 0.620982 0.375312 0.005357 0.010000
2 0.633036 0.315000 0.007143 0.011250
2 0.275000 0.051250 0.041071 0.015000
2 0.270982 0.028750 0.037500 0.013750
2 0.266518 0.023125 0.037500 0.015000
2 0.264286 0.015313 0.037500 0.015000
2 0.263393 0.008438 0.035714 0.013750
2 0.259821 0.005312 0.037500 0.007500
2 0.273214 0.035937 0.037500 0.012500
2 0.276339 0.057500 0.039286 0.015000
2 0.454018 0.293125 0.010714 0.011250
2 0.447768 0.145625 0.007143 0.010000
2 0.675446 0.100625 0.007143 0.007500
2 0.682143 0.158750 0.007143 0.011250
2 0.691071 0.114375 0.007143 0.010000
2 0.699107 0.077812 0.005357 0.008750
2 0.702232 0.064375 0.007143 0.010000
2 0.703571 0.051250 0.005357 0.008750
2 0.706696 0.038750 0.007143 0.008750
2 0.708036 0.028750 0.005357 0.007500
2 0.711161 0.017813 0.007143 0.007500
2 0.712500 0.007500 0.005357 0.008750
2 0.458929 0.158438 0.016071 0.007500
2 0.252679 0.082500 0.014286 0.027500
2 0.458929 0.151875 0.016071 0.010000
2 0.463839 0.145000 0.012500 0.008750
2 0.463839 0.138750 0.012500 0.008750
2 0.463393 0.132500 0.016071 0.008750
2 0.427679 0.105000 0.007143 0.010000
2 0.408929 0.132187 0.014286 0.005000
2 0.426786 0.117500 0.005357 0.010000
2 0.429018 0.127812 0.005357 0.008750
2 0.422321 0.127500 0.005357 0.011250
2 0.420089 0.117813 0.005357 0.007500
2 0.653125 0.197813 0.007143 0.011250
2 0.650893 0.210312 0.007143 0.011250
2 0.668750 0.237500 0.007143 0.012500
2 0.646429 0.237188 0.007143 0.008750
2 0.455804 0.305938 0.005357 0.008750
2 0.474554 0.308750 0.007143 0.011250
2 0.414732 0.317188 0.012500 0.006250
2 0.463393 0.278438 0.007143 0.010000
2 0.415625 0.301250 0.014286 0.008750
2 0.429911 0.267500 0.016071 0.003750
2 0.387500 0.268125 0.016071 0.005000
2 0.429018 0.259687 0.014286 0.003750
2 0.490179 0.248750 0.007143 0.010000
2 0.474554 0.258750 0.007143 0.011250
2 0.499107 0.221250 0.007143 0.011250
2 0.373214 0.286875 0.014286 0.005000
2 0.388393 0.256562 0.017857 0.003750
2 0.439286 0.228437 0.012500 0.003750
2 0.381250 0.230000 0.012500 0.003750
2 0.380804 0.213125 0.016071 0.007500
2 0.442411 0.207187 0.014286 0.005000
2 0.400000 0.186250 0.005357 0.010000
2 0.368750 0.092500 0.014286 0.003750
2 0.357589 0.043125 0.014286 0.005000
2 0.306250 0.035313 0.014286 0.005000
2 0.417857 0.106563 0.005357 0.010000
2 0.499107 0.139375 0.007143 0.010000
2 0.116964 0.048125 0.019643 0.027500
2 0.125893 0.045000 0.019643 0.027500
2 0.136607 0.045000 0.023214 0.027500
2 0.143750 0.010937 0.019643 0.018750
2 0.154911 0.009687 0.019643 0.016250
2 0.164286 0.008438 0.016071 0.013750
2 0.175446 0.007187 0.016071 0.011250
2 0.184375 0.005938 0.016071 0.008750
2 0.230804 0.037500 0.037500 0.012500
2 0.232589 0.044375 0.041071 0.013750
2 0.235268 0.062813 0.037500 0.010000
2 0.187054 0.071250 0.039286 0.017500
2 0.160714 0.085000 0.017857 0.026250
2 0.183482 0.110625 0.023214 0.027500
2 0.170536 0.113750 0.019643 0.027500
2 0.667411 0.140000 0.008929 0.011250
2 0.601786 0.572187 0.007143 0.010000
2 0.635268 0.289375 0.007143 0.010000
