2 0.292857 0.839063 0.032143 0.012500
2 0.485268 0.610313 0.037500 0.048750
2 0.967857 0.276875 0.033929 0.022500
2 0.800893 0.306250 0.030357 0.025000
2 0.506250 0.840938 0.039286 0.010000
2 0.646429 0.839687 0.033929 0.013750
2 0.897321 0.831250 0.035714 0.012500
2 0.246875 0.889687 0.033929 0.020000
2 0.270536 0.899062 0.032143 0.020000
2 0.282589 0.914062 0.033929 0.018750
2 0.819196 0.312812 0.026786 0.022500
2 0.030804 0.608750 0.021429 0.023750
2 0.134375 0.650625 0.023214 0.026250
2 0.266964 0.678750 0.016071 0.032500
2 0.227679 0.916875 0.026786 0.021250
