2 0.994196 0.296563 0.010714 0.027500
2 0.933929 0.290625 0.019643 0.031250
2 0.978125 0.291563 0.023214 0.023750
2 0.889286 0.287500 0.019643 0.025000
2 0.843750 0.356875 0.017857 0.032500
2 0.862500 0.359375 0.019643 0.025000
2 0.886607 0.359063 0.023214 0.027500
2 0.908482 0.360625 0.017857 0.027500
2 0.929018 0.360625 0.014286 0.027500
2 0.948214 0.360625 0.021429 0.027500
2 0.972321 0.364063 0.025000 0.031250
2 0.867411 0.286250 0.025000 0.028750
2 0.759375 0.356563 0.014286 0.022500
2 0.819196 0.355313 0.017857 0.026250
2 0.589286 0.347500 0.017857 0.026250
2 0.569196 0.348750 0.017857 0.028750
2 0.979464 0.755000 0.039286 0.016250
2 0.987946 0.484375 0.025000 0.012500
