2 0.163393 0.732187 0.085714 0.017500
2 0.060714 0.760313 0.032143 0.011250
2 0.095536 0.761875 0.030357 0.011250
2 0.126339 0.763750 0.025000 0.008750
2 0.763393 0.696250 0.017857 0.023750
2 0.780357 0.670000 0.033929 0.021250
2 0.804018 0.649375 0.032143 0.017500
2 0.965625 0.718125 0.033929 0.011250
2 0.945536 0.738750 0.025000 0.008750
2 0.979464 0.735938 0.021429 0.012500
2 0.976786 0.635000 0.033929 0.013750
2 0.354018 0.947500 0.025000 0.013750
2 0.347768 0.930625 0.030357 0.011250
2 0.434821 0.941875 0.030357 0.015000
2 0.425446 0.891875 0.042857 0.015000
2 0.602679 0.749375 0.026786 0.011250
