2 0.199107 0.429688 0.032143 0.012500
2 0.930357 0.703750 0.021429 0.026250
2 0.251786 0.380000 0.030357 0.010000
2 0.350893 0.743437 0.014286 0.021250
2 0.300446 0.746875 0.025000 0.025000
2 0.281250 0.741875 0.017857 0.021250
2 0.262500 0.742812 0.016071 0.020000
2 0.224107 0.696562 0.028571 0.015000
2 0.230357 0.750625 0.014286 0.020000
2 0.178571 0.762188 0.026786 0.021250
2 0.351339 0.663125 0.028571 0.013750
2 0.329464 0.646563 0.025000 0.008750
2 0.304911 0.573125 0.016071 0.021250
2 0.206250 0.455000 0.037500 0.010000
2 0.192857 0.416563 0.028571 0.011250
2 0.206696 0.405000 0.033929 0.010000
2 0.304018 0.234687 0.023214 0.028750
2 0.335268 0.241250 0.014286 0.026250
2 0.430357 0.743437 0.012500 0.021250
2 0.948214 0.700000 0.012500 0.025000
2 0.970536 0.700625 0.012500 0.020000
2 0.217857 0.553438 0.033929 0.010000
2 0.900000 0.629063 0.023214 0.023750
2 0.927679 0.613438 0.016071 0.023750
2 0.941071 0.636875 0.016071 0.017500
