2 0.856250 0.820625 0.025000 0.016250
2 0.794643 0.759062 0.026786 0.015000
2 0.733036 0.735000 0.019643 0.013750
2 0.732143 0.771875 0.026786 0.012500
2 0.840625 0.774375 0.025000 0.011250
2 0.877679 0.787813 0.032143 0.016250
2 0.922768 0.804688 0.028571 0.012500
2 0.980804 0.828438 0.019643 0.010000
2 0.713393 0.825937 0.025000 0.011250
2 0.695982 0.795000 0.021429 0.015000
2 0.665179 0.747812 0.026786 0.011250
2 0.685714 0.813125 0.023214 0.013750
2 0.660714 0.850000 0.017857 0.018750
2 0.645536 0.878750 0.023214 0.013750
2 0.638393 0.883750 0.017857 0.011250
2 0.649107 0.870313 0.021429 0.012500
2 0.631250 0.897500 0.021429 0.013750
2 0.607589 0.921875 0.023214 0.012500
2 0.600446 0.932188 0.026786 0.017500
2 0.596429 0.940625 0.023214 0.012500
2 0.587500 0.953125 0.023214 0.012500
2 0.563393 0.976562 0.019643 0.018750
2 0.581250 0.960313 0.019643 0.011250
2 0.708036 0.654687 0.014286 0.012500
2 0.737500 0.673750 0.010714 0.010000
2 0.748214 0.647500 0.014286 0.013750
2 0.802679 0.526563 0.025000 0.025000
2 0.851786 0.462500 0.016071 0.018750
2 0.856250 0.554063 0.025000 0.011250
2 0.962054 0.322813 0.035714 0.036250
2 0.903125 0.138125 0.016071 0.020000
2 0.775446 0.097188 0.028571 0.016250
2 0.566964 0.170000 0.017857 0.015000
2 0.579911 0.172812 0.021429 0.011250
2 0.590625 0.196563 0.016071 0.015000
2 0.593750 0.176563 0.017857 0.012500
2 0.600893 0.180313 0.014286 0.013750
2 0.611607 0.182500 0.017857 0.015000
2 0.622768 0.187188 0.017857 0.015000
2 0.630804 0.192812 0.016071 0.013750
2 0.639732 0.196250 0.016071 0.011250
2 0.652232 0.198437 0.014286 0.012500
2 0.666071 0.201563 0.019643 0.018750
2 0.676786 0.206875 0.014286 0.013750
2 0.570089 0.190625 0.010714 0.012500
2 0.576339 0.193437 0.014286 0.015000
2 0.602679 0.199375 0.017857 0.017500
2 0.609375 0.205000 0.017857 0.016250
2 0.618750 0.209063 0.014286 0.015000
2 0.631696 0.212188 0.017857 0.015000
2 0.641518 0.217500 0.019643 0.016250
2 0.650893 0.220000 0.016071 0.015000
2 0.664286 0.223750 0.016071 0.016250
2 0.643750 0.266250 0.010714 0.013750
2 0.635268 0.261563 0.016071 0.013750
2 0.623214 0.257500 0.014286 0.015000
2 0.612054 0.253437 0.014286 0.016250
2 0.602679 0.249688 0.017857 0.015000
2 0.591518 0.246563 0.017857 0.015000
2 0.583036 0.241250 0.014286 0.013750
2 0.571875 0.238125 0.014286 0.013750
2 0.563839 0.233125 0.016071 0.016250
2 0.748661 0.086563 0.028571 0.013750
2 0.958036 0.818437 0.023214 0.008750
