2 0.122321 0.349688 0.021429 0.015000
2 0.180804 0.781875 0.017857 0.007500
2 0.992857 0.797187 0.012500 0.016250
2 0.983036 0.835313 0.010714 0.017500
2 0.033036 0.424375 0.021429 0.017500
2 0.281250 0.215625 0.017857 0.012500
2 0.378571 0.100937 0.016071 0.011250
2 0.848214 0.037500 0.017857 0.012500
2 0.129464 0.310000 0.017857 0.013750
2 0.229911 0.259063 0.017857 0.015000
2 0.341518 0.780312 0.017857 0.007500
2 0.232589 0.815625 0.014286 0.012500
2 0.008482 0.445937 0.012500 0.013750
2 0.945089 0.984375 0.019643 0.006250
