2 0.472321 0.496875 0.007143 0.012500
2 0.421875 0.444688 0.008929 0.011250
2 0.473661 0.465938 0.014286 0.003750
2 0.475000 0.470313 0.012500 0.006250
2 0.476786 0.488438 0.016071 0.005000
2 0.409821 0.496250 0.007143 0.011250
2 0.417857 0.495625 0.005357 0.010000
2 0.425446 0.494688 0.007143 0.011250
2 0.433482 0.495625 0.005357 0.010000
2 0.441071 0.496250 0.007143 0.011250
2 0.447768 0.496250 0.007143 0.011250
2 0.455804 0.496563 0.005357 0.008750
2 0.463393 0.495937 0.007143 0.013750
2 0.482143 0.496250 0.008929 0.011250
2 0.062946 0.605625 0.014286 0.005000
2 0.909821 0.404063 0.016071 0.011250
2 0.793304 0.406250 0.010714 0.012500
2 0.662500 0.446875 0.012500 0.012500
2 0.672768 0.446250 0.010714 0.011250
2 0.685268 0.528125 0.008929 0.012500
2 0.697768 0.529687 0.007143 0.012500
2 0.734375 0.523438 0.017857 0.006250
2 0.735714 0.531562 0.016071 0.003750
2 0.734821 0.536875 0.014286 0.005000
2 0.735714 0.557813 0.016071 0.006250
2 0.784821 0.626875 0.007143 0.010000
2 0.804018 0.627500 0.005357 0.011250
2 0.413393 0.444062 0.005357 0.010000
2 0.405357 0.444062 0.007143 0.010000
2 0.388839 0.482188 0.014286 0.005000
2 0.389732 0.476875 0.016071 0.003750
2 0.348214 0.441563 0.008929 0.011250
2 0.357589 0.453125 0.005357 0.012500
2 0.345089 0.497188 0.007143 0.010000
2 0.333929 0.513437 0.007143 0.011250
2 0.344643 0.549063 0.010714 0.013750
2 0.287946 0.516250 0.008929 0.013750
2 0.290179 0.559375 0.008929 0.012500
2 0.531696 0.278750 0.005357 0.013750
2 0.542411 0.277188 0.008929 0.013750
2 0.552679 0.277188 0.007143 0.013750
2 0.545536 0.325000 0.019643 0.006250
2 0.572321 0.336875 0.010714 0.011250
2 0.562500 0.335938 0.008929 0.012500
2 0.555357 0.335938 0.012500 0.012500
2 0.536161 0.342813 0.014286 0.007500
2 0.514732 0.340625 0.007143 0.012500
2 0.524107 0.354687 0.021429 0.006250
2 0.468750 0.355625 0.017857 0.005000
2 0.388839 0.442500 0.014286 0.003750
2 0.388839 0.448125 0.014286 0.002500
2 0.390179 0.451875 0.012500 0.003750
2 0.390179 0.457188 0.012500 0.005000
2 0.390179 0.461250 0.012500 0.003750
2 0.389732 0.467500 0.016071 0.003750
2 0.389732 0.473750 0.016071 0.003750
2 0.677679 0.629375 0.007143 0.008750
2 0.666518 0.629063 0.007143 0.011250
2 0.656696 0.628125 0.005357 0.012500
2 0.101339 0.495312 0.010714 0.012500
2 0.252679 0.615625 0.014286 0.006250
2 0.231250 0.626875 0.007143 0.010000
2 0.216518 0.628125 0.008929 0.012500
2 0.208482 0.627500 0.010714 0.011250
2 0.197768 0.627500 0.007143 0.011250
2 0.182143 0.628125 0.007143 0.012500
2 0.179911 0.613750 0.016071 0.008750
2 0.130804 0.626875 0.007143 0.010000
2 0.120982 0.626875 0.005357 0.010000
2 0.112054 0.625938 0.005357 0.011250
2 0.104911 0.628125 0.008929 0.012500
2 0.095089 0.626563 0.007143 0.012500
2 0.086161 0.625938 0.007143 0.011250
2 0.077232 0.626563 0.007143 0.012500
2 0.063839 0.518125 0.016071 0.005000
2 0.066071 0.529062 0.016071 0.005000
2 0.064286 0.542188 0.012500 0.006250
2 0.064286 0.549375 0.012500 0.005000
2 0.064286 0.555000 0.012500 0.003750
2 0.062946 0.561875 0.014286 0.005000
2 0.063839 0.567500 0.016071 0.003750
2 0.062054 0.573125 0.012500 0.002500
2 0.064286 0.578437 0.012500 0.003750
2 0.063839 0.584688 0.016071 0.003750
2 0.063839 0.590000 0.016071 0.005000
2 0.135714 0.508125 0.012500 0.010000
2 0.119196 0.493125 0.010714 0.011250
2 0.648661 0.626875 0.007143 0.010000
2 0.139286 0.494062 0.010714 0.010000
2 0.638393 0.626875 0.008929 0.010000
2 0.628571 0.628437 0.007143 0.010000
2 0.619643 0.630000 0.007143 0.010000
2 0.612946 0.630000 0.007143 0.010000
2 0.601786 0.629063 0.007143 0.011250
2 0.591964 0.629063 0.005357 0.011250
2 0.586161 0.628437 0.007143 0.010000
2 0.576339 0.627812 0.005357 0.008750
2 0.566071 0.628437 0.007143 0.010000
2 0.557143 0.630625 0.007143 0.011250
2 0.546875 0.629687 0.008929 0.012500
2 0.476786 0.617500 0.016071 0.003750
2 0.331696 0.598437 0.007143 0.012500
2 0.275893 0.610313 0.007143 0.011250
2 0.287054 0.629687 0.007143 0.012500
2 0.341518 0.685937 0.008929 0.012500
2 0.367411 0.677187 0.007143 0.013750
2 0.329464 0.709375 0.007143 0.012500
2 0.232143 0.494688 0.008929 0.011250
2 0.237054 0.512813 0.014286 0.010000
2 0.204018 0.494688 0.010714 0.011250
2 0.180357 0.510313 0.012500 0.011250
2 0.172321 0.508750 0.014286 0.011250
2 0.156696 0.508125 0.014286 0.010000
2 0.156250 0.495000 0.008929 0.008750
2 0.334821 0.435937 0.008929 0.012500
2 0.250000 0.405625 0.017857 0.005000
2 0.254464 0.391562 0.017857 0.005000
2 0.254464 0.383750 0.017857 0.005000
2 0.330357 0.080625 0.008929 0.011250
2 0.334821 0.124687 0.008929 0.015000
2 0.350893 0.136250 0.005357 0.010000
2 0.339286 0.174375 0.008929 0.011250
2 0.349107 0.188437 0.010714 0.011250
2 0.350893 0.226875 0.005357 0.010000
2 0.338393 0.222187 0.007143 0.010000
2 0.462054 0.193750 0.008929 0.012500
2 0.433036 0.229063 0.008929 0.011250
2 0.415625 0.232813 0.005357 0.012500
2 0.349554 0.280625 0.007143 0.011250
2 0.349554 0.307500 0.007143 0.008750
2 0.337946 0.287500 0.010714 0.012500
2 0.312500 0.258125 0.008929 0.010000
2 0.314732 0.270625 0.008929 0.010000
2 0.314732 0.286875 0.008929 0.011250
2 0.313393 0.302500 0.010714 0.011250
2 0.293304 0.304063 0.010714 0.011250
2 0.102232 0.308750 0.012500 0.011250
2 0.068304 0.298438 0.016071 0.006250
2 0.070536 0.320937 0.016071 0.007500
2 0.338393 0.335938 0.007143 0.012500
2 0.300446 0.371875 0.007143 0.012500
2 0.347321 0.378750 0.007143 0.013750
2 0.337054 0.390625 0.008929 0.012500
2 0.345982 0.406250 0.008929 0.012500
2 0.352232 0.098125 0.012500 0.015000
2 0.352679 0.063438 0.008929 0.011250
2 0.352679 0.016563 0.008929 0.011250
2 0.352679 0.040000 0.008929 0.011250
2 0.062500 0.597813 0.017857 0.005000
2 0.071875 0.775938 0.005357 0.011250
2 0.080804 0.776250 0.005357 0.008750
2 0.923214 0.364063 0.016071 0.006250
2 0.960268 0.446875 0.014286 0.012500
2 0.973661 0.446875 0.014286 0.012500
2 0.776786 0.258125 0.008929 0.010000
2 0.875446 0.241875 0.014286 0.008750
2 0.874107 0.252188 0.016071 0.007500
2 0.875893 0.259687 0.019643 0.010000
2 0.876339 0.264688 0.016071 0.007500
2 0.875446 0.270000 0.014286 0.008750
2 0.877232 0.277813 0.017857 0.008750
2 0.941964 0.341875 0.017857 0.008750
2 0.987946 0.450000 0.016071 0.012500
2 0.939732 0.971875 0.008929 0.012500
2 0.963839 0.929375 0.021429 0.008750
2 0.903125 0.961875 0.016071 0.005000
2 0.197768 0.940938 0.016071 0.010000
2 0.194643 0.962187 0.014286 0.008750
2 0.191071 0.987813 0.016071 0.010000
2 0.209821 0.991875 0.008929 0.015000
2 0.218750 0.990000 0.008929 0.011250
2 0.229018 0.989375 0.007143 0.010000
2 0.427679 0.888437 0.007143 0.011250
2 0.435714 0.888437 0.005357 0.011250
2 0.462500 0.889062 0.005357 0.012500
2 0.510268 0.678750 0.007143 0.013750
2 0.573661 0.814063 0.008929 0.012500
2 0.575893 0.865000 0.008929 0.011250
2 0.595982 0.866563 0.008929 0.011250
2 0.600893 0.793750 0.014286 0.006250
2 0.617857 0.794063 0.012500 0.003750
2 0.671429 0.878438 0.012500 0.003750
2 0.658929 0.913125 0.014286 0.007500
2 0.629464 0.897813 0.017857 0.005000
2 0.641071 0.904062 0.014286 0.005000
2 0.604911 0.901563 0.008929 0.012500
2 0.638393 0.872188 0.017857 0.003750
2 0.638393 0.800000 0.017857 0.006250
2 0.653125 0.798750 0.016071 0.003750
2 0.670536 0.800000 0.010714 0.006250
2 0.604018 0.806250 0.016071 0.006250
2 0.619643 0.805625 0.016071 0.005000
2 0.194643 0.947500 0.014286 0.007500
2 0.337946 0.821250 0.010714 0.011250
2 0.654464 0.805625 0.014286 0.005000
2 0.382143 0.884062 0.014286 0.008750
2 0.121429 0.778750 0.010714 0.013750
2 0.131696 0.778125 0.008929 0.012500
2 0.146429 0.790625 0.016071 0.012500
2 0.144196 0.805625 0.016071 0.011250
2 0.142857 0.824375 0.017857 0.011250
2 0.145089 0.830625 0.017857 0.011250
2 0.146429 0.837187 0.016071 0.008750
2 0.144643 0.846875 0.021429 0.012500
2 0.142857 0.861875 0.017857 0.011250
2 0.057143 0.824687 0.007143 0.015000
2 0.055804 0.840938 0.008929 0.010000
2 0.055804 0.859375 0.008929 0.012500
2 0.240179 0.833750 0.016071 0.005000
2 0.240179 0.838438 0.016071 0.005000
2 0.240625 0.844063 0.012500 0.003750
2 0.237054 0.857187 0.014286 0.005000
2 0.238393 0.863438 0.012500 0.005000
2 0.239286 0.881250 0.014286 0.006250
2 0.236607 0.894375 0.017857 0.007500
2 0.270982 0.874375 0.010714 0.011250
2 0.156250 0.908438 0.017857 0.007500
2 0.281696 0.964063 0.005357 0.012500
2 0.292411 0.984375 0.008929 0.012500
2 0.325000 0.993750 0.007143 0.012500
2 0.379464 0.899375 0.017857 0.005000
2 0.637500 0.805625 0.016071 0.005000
2 0.672321 0.805000 0.014286 0.003750
2 0.883036 0.956250 0.016071 0.006250
2 0.575893 0.959375 0.008929 0.012500
2 0.592857 0.958750 0.007143 0.011250
2 0.606250 0.958125 0.007143 0.010000
2 0.614286 0.958750 0.005357 0.011250
2 0.624107 0.958750 0.007143 0.011250
2 0.548214 0.980625 0.016071 0.005000
2 0.539286 0.997188 0.016071 0.003750
2 0.553571 0.995625 0.008929 0.010000
2 0.562054 0.984375 0.003571 0.012500
2 0.568750 0.984375 0.003571 0.012500
2 0.570536 0.995937 0.007143 0.007500
2 0.578571 0.983125 0.005357 0.010000
2 0.586161 0.985625 0.007143 0.008750
2 0.595536 0.987187 0.003571 0.008750
2 0.606696 0.996875 0.003571 0.006250
2 0.614286 0.996875 0.005357 0.006250
2 0.622321 0.996875 0.003571 0.006250
2 0.638839 0.996875 0.005357 0.006250
2 0.667857 0.981250 0.014286 0.006250
2 0.664732 0.996875 0.012500 0.006250
2 0.686607 0.994063 0.016071 0.003750
2 0.773214 0.997812 0.019643 0.005000
2 0.583036 0.958125 0.005357 0.010000
2 0.559375 0.958125 0.007143 0.010000
2 0.604464 0.828438 0.012500 0.003750
2 0.530357 0.958750 0.007143 0.011250
2 0.618750 0.829063 0.014286 0.005000
2 0.637946 0.829063 0.012500 0.005000
2 0.653571 0.829063 0.012500 0.005000
2 0.669643 0.829375 0.008929 0.002500
2 0.671429 0.822813 0.012500 0.005000
2 0.605357 0.836250 0.014286 0.003750
2 0.623214 0.836250 0.014286 0.003750
2 0.641518 0.835625 0.010714 0.002500
2 0.655804 0.834688 0.012500 0.003750
2 0.671429 0.836250 0.012500 0.003750
2 0.636607 0.841562 0.014286 0.005000
2 0.604018 0.846875 0.016071 0.006250
2 0.618750 0.852500 0.014286 0.005000
2 0.636607 0.851562 0.014286 0.006250
2 0.636607 0.859062 0.014286 0.002500
2 0.670982 0.863438 0.016071 0.005000
2 0.713393 0.586875 0.007143 0.011250
2 0.718750 0.715625 0.008929 0.012500
2 0.793750 0.736563 0.007143 0.013750
2 0.347321 0.915938 0.007143 0.010000
2 0.545982 0.944688 0.007143 0.011250
2 0.604464 0.941563 0.012500 0.011250
2 0.505804 0.968125 0.016071 0.005000
2 0.504464 0.981250 0.017857 0.006250
2 0.543750 0.958750 0.007143 0.011250
2 0.992857 0.691563 0.012500 0.042500
2 0.907589 0.737500 0.033929 0.006250
2 0.907589 0.743750 0.033929 0.006250
2 0.901786 0.772500 0.026786 0.007500
2 0.902232 0.781875 0.032143 0.007500
2 0.900893 0.789375 0.042857 0.010000
2 0.845089 0.851875 0.033929 0.010000
2 0.989286 0.584063 0.014286 0.027500
2 0.946429 0.563125 0.026786 0.007500
2 0.287500 0.733750 0.012500 0.042500
2 0.275446 0.701250 0.010714 0.046250
2 0.270536 0.807188 0.014286 0.042500
2 0.283036 0.846875 0.012500 0.043750
2 0.970982 0.968437 0.008929 0.015000
2 0.875000 0.972188 0.008929 0.010000
2 0.924107 0.971250 0.008929 0.011250
2 0.872768 0.320625 0.017857 0.010000
