2 0.695536 0.990625 0.007143 0.012500
2 0.665625 0.007812 0.005357 0.006250
2 0.692411 0.013125 0.005357 0.007500
2 0.674107 0.025625 0.008929 0.007500
2 0.699107 0.070000 0.005357 0.008750
2 0.715625 0.121875 0.007143 0.006250
2 0.713393 0.187188 0.007143 0.008750
2 0.686607 0.183438 0.007143 0.007500
2 0.716071 0.468125 0.003571 0.005000
2 0.712500 0.515625 0.005357 0.006250
2 0.719196 0.587500 0.005357 0.006250
2 0.712500 0.604688 0.005357 0.006250
2 0.718750 0.706875 0.008929 0.007500
2 0.708036 0.638437 0.005357 0.011250
2 0.737946 0.956250 0.007143 0.006250
2 0.744643 0.402500 0.007143 0.023750
2 0.731250 0.378750 0.007143 0.007500
2 0.734821 0.350625 0.005357 0.007500
2 0.712054 0.654687 0.008929 0.012500
2 0.698661 0.886875 0.008929 0.017500
2 0.741071 0.930937 0.008929 0.008750
