2 0.526339 0.156250 0.021429 0.012500
2 0.549107 0.150938 0.017857 0.011250
2 0.587054 0.134375 0.017857 0.012500
2 0.646429 0.108750 0.016071 0.011250
2 0.700893 0.082812 0.017857 0.012500
2 0.719643 0.076563 0.019643 0.012500
2 0.738393 0.066562 0.021429 0.011250
2 0.783036 0.047188 0.021429 0.010000
2 0.777679 0.083125 0.019643 0.010000
2 0.251339 0.635000 0.025000 0.013750
2 0.337500 0.563438 0.014286 0.011250
2 0.081696 0.665625 0.025000 0.012500
2 0.525446 0.523750 0.019643 0.010000
2 0.627232 0.471250 0.017857 0.011250
2 0.730357 0.429063 0.023214 0.011250
2 0.872321 0.380938 0.021429 0.008750
2 0.950446 0.382500 0.021429 0.008750
2 0.908036 0.862500 0.021429 0.012500
2 0.932143 0.916875 0.016071 0.015000
2 0.928125 0.942500 0.012500 0.016250
2 0.921875 0.823438 0.017857 0.006250
2 0.949107 0.855937 0.014286 0.015000
2 0.982143 0.898125 0.008929 0.015000
2 0.201786 0.701250 0.019643 0.015000
2 0.204464 0.746250 0.025000 0.011250
2 0.214286 0.758125 0.008929 0.016250
2 0.237946 0.751875 0.016071 0.016250
2 0.249107 0.766250 0.016071 0.013750
2 0.270536 0.792500 0.014286 0.016250
2 0.317857 0.903125 0.019643 0.012500
2 0.435268 0.951875 0.017857 0.010000
2 0.350893 0.954375 0.014286 0.015000
2 0.358036 0.972500 0.019643 0.007500
2 0.370536 0.979688 0.017857 0.006250
2 0.363393 0.989375 0.021429 0.010000
2 0.775000 0.121875 0.014286 0.012500
2 0.499107 0.183750 0.016071 0.011250
2 0.357589 0.618125 0.014286 0.011250
2 0.255804 0.822500 0.025000 0.013750
2 0.301339 0.834688 0.017857 0.016250
2 0.223661 0.792500 0.032143 0.016250
2 0.927232 0.770000 0.028571 0.008750
