2 0.570536 0.642188 0.042857 0.012500
2 0.567411 0.617188 0.050000 0.012500
2 0.570536 0.602812 0.042857 0.015000
2 0.570536 0.570937 0.042857 0.013750
2 0.491964 0.520312 0.037500 0.012500
2 0.355357 0.635938 0.041071 0.012500
2 0.435268 0.657813 0.044643 0.012500
2 0.437054 0.645937 0.039286 0.013750
2 0.435714 0.630312 0.041071 0.013750
2 0.437500 0.620313 0.035714 0.012500
2 0.487500 0.620313 0.037500 0.012500
2 0.487946 0.605312 0.042857 0.013750
2 0.434821 0.605625 0.039286 0.011250
2 0.358929 0.562500 0.039286 0.012500
2 0.485714 0.573125 0.042857 0.015000
2 0.435714 0.570000 0.041071 0.015000
2 0.351786 0.623437 0.042857 0.012500
2 0.354018 0.604688 0.033929 0.012500
2 0.359375 0.577500 0.035714 0.011250
2 0.579464 0.516250 0.033929 0.013750
2 0.573214 0.476562 0.048214 0.012500
2 0.354464 0.217813 0.021429 0.026250
2 0.316518 0.166250 0.021429 0.026250
2 0.408929 0.996875 0.041071 0.006250
2 0.564732 0.630312 0.044643 0.013750
2 0.566071 0.655312 0.033929 0.013750
2 0.565625 0.668750 0.037500 0.012500
2 0.335714 0.825625 0.037500 0.013750
2 0.339286 0.812500 0.035714 0.012500
2 0.340625 0.789687 0.033929 0.013750
2 0.342857 0.776563 0.033929 0.012500
2 0.342857 0.764375 0.033929 0.010000
2 0.341518 0.750938 0.035714 0.011250
2 0.342411 0.738438 0.037500 0.011250
2 0.341964 0.724375 0.041071 0.017500
2 0.343750 0.710938 0.035714 0.012500
2 0.350446 0.699062 0.035714 0.013750
2 0.349107 0.676562 0.037500 0.012500
2 0.350446 0.662188 0.035714 0.015000
2 0.348661 0.650000 0.032143 0.012500
2 0.485268 0.659062 0.037500 0.015000
2 0.483036 0.645937 0.037500 0.013750
2 0.480357 0.631875 0.041071 0.013750
2 0.560268 0.772500 0.044643 0.013750
2 0.562054 0.758437 0.039286 0.013750
2 0.560714 0.746563 0.041071 0.015000
2 0.560268 0.730625 0.053571 0.017500
2 0.562054 0.717187 0.039286 0.012500
2 0.564732 0.703125 0.035714 0.012500
2 0.563393 0.682500 0.046429 0.015000
2 0.495536 0.534687 0.035714 0.016250
2 0.489732 0.548750 0.037500 0.016250
2 0.357143 0.548125 0.044643 0.015000
2 0.571875 0.582812 0.041071 0.012500
2 0.570089 0.560000 0.046429 0.013750
2 0.441518 0.593438 0.039286 0.015000
2 0.490179 0.594062 0.042857 0.016250
2 0.575000 0.543750 0.033929 0.012500
2 0.488839 0.560312 0.035714 0.017500
2 0.443750 0.530938 0.039286 0.015000
2 0.439286 0.556875 0.039286 0.013750
2 0.358036 0.522500 0.037500 0.013750
2 0.361161 0.510000 0.039286 0.013750
2 0.358036 0.497500 0.037500 0.013750
2 0.642411 0.810000 0.021429 0.051250
2 0.690625 0.691250 0.028571 0.038750
2 0.651786 0.638125 0.026786 0.032500
2 0.653571 0.526875 0.021429 0.035000
2 0.579464 0.531250 0.042857 0.012500
2 0.452679 0.443438 0.021429 0.033750
2 0.335714 0.837500 0.037500 0.012500
2 0.334821 0.850625 0.035714 0.013750
2 0.336607 0.863438 0.039286 0.011250
2 0.410268 0.984375 0.039286 0.012500
2 0.458482 0.985625 0.037500 0.015000
2 0.459821 0.995937 0.035714 0.007500
2 0.547321 0.989375 0.032143 0.010000
2 0.545536 0.998750 0.037500 0.003750
2 0.335714 0.879063 0.046429 0.017500
2 0.429464 0.746875 0.037500 0.012500
2 0.425446 0.759375 0.042857 0.012500
2 0.422321 0.773438 0.041071 0.012500
2 0.427679 0.789062 0.033929 0.012500
2 0.429464 0.809375 0.037500 0.012500
2 0.423661 0.821875 0.039286 0.012500
2 0.421875 0.834062 0.035714 0.015000
2 0.419643 0.846250 0.044643 0.011250
2 0.416964 0.860625 0.048214 0.015000
2 0.420536 0.874375 0.037500 0.011250
2 0.417411 0.887187 0.044643 0.015000
2 0.416964 0.900938 0.039286 0.011250
2 0.415179 0.914687 0.044643 0.013750
2 0.553571 0.910937 0.035714 0.012500
2 0.550893 0.898750 0.039286 0.016250
2 0.554018 0.885000 0.041071 0.013750
2 0.554018 0.870937 0.041071 0.013750
2 0.557143 0.860000 0.033929 0.013750
2 0.555357 0.845313 0.048214 0.012500
2 0.559375 0.832500 0.042857 0.015000
2 0.558929 0.816875 0.037500 0.015000
2 0.562946 0.798438 0.032143 0.012500
2 0.559821 0.784687 0.039286 0.010000
2 0.429018 0.735000 0.041071 0.013750
2 0.479018 0.734375 0.042857 0.012500
2 0.479911 0.749062 0.044643 0.013750
2 0.611161 0.910937 0.039286 0.025000
2 0.467857 0.915000 0.033929 0.011250
2 0.477232 0.761250 0.048214 0.016250
2 0.466071 0.903750 0.030357 0.013750
2 0.467857 0.890000 0.033929 0.011250
2 0.469196 0.876563 0.041071 0.012500
2 0.475893 0.864687 0.032143 0.013750
2 0.472321 0.849062 0.033929 0.013750
2 0.470536 0.835938 0.039286 0.012500
2 0.472321 0.823438 0.033929 0.012500
2 0.468750 0.810000 0.035714 0.013750
2 0.475446 0.789687 0.035714 0.013750
2 0.478571 0.775938 0.037500 0.011250
