2 0.124107 0.235937 0.025000 0.006250
2 0.255804 0.190938 0.025000 0.010000
2 0.940625 0.409687 0.028571 0.010000
2 0.913393 0.543125 0.014286 0.017500
2 0.733482 0.754375 0.016071 0.015000
2 0.970536 0.927187 0.012500 0.013750
2 0.158482 0.462500 0.017857 0.006250
2 0.045089 0.680625 0.014286 0.017500
2 0.037054 0.750000 0.025000 0.006250
2 0.856250 0.870937 0.025000 0.007500
2 0.109821 0.198125 0.023214 0.008750
2 0.175893 0.195625 0.021429 0.010000
2 0.658929 0.194375 0.023214 0.007500
2 0.785268 0.189062 0.021429 0.006250
2 0.915625 0.169063 0.023214 0.010000
2 0.942411 0.207813 0.023214 0.006250
2 0.057589 0.287500 0.012500 0.012500
2 0.616518 0.417500 0.014286 0.016250
2 0.856696 0.355938 0.012500 0.015000
2 0.408036 0.543438 0.012500 0.015000
2 0.662500 0.776250 0.012500 0.015000
2 0.198214 0.940000 0.012500 0.011250
2 0.188839 0.922188 0.007143 0.010000
