2 0.964286 0.044062 0.008929 0.010000
2 0.950893 0.076875 0.008929 0.010000
2 0.960714 0.106875 0.010714 0.013750
2 0.984375 0.106875 0.008929 0.013750
2 0.952679 0.104062 0.012500 0.011250
2 0.945089 0.044688 0.010714 0.011250
2 0.954464 0.044062 0.007143 0.010000
2 0.972321 0.045625 0.007143 0.010000
2 0.947768 0.057500 0.016071 0.008750
2 0.984375 0.046875 0.008929 0.012500
2 0.954018 0.014375 0.010714 0.010000
2 0.964286 0.014063 0.008929 0.012500
2 0.985714 0.015938 0.007143 0.010000
2 0.943304 0.077500 0.007143 0.011250
2 0.615625 0.111250 0.012500 0.010000
2 0.987946 0.002812 0.007143 0.002500
2 0.503571 0.173750 0.016071 0.003750
2 0.502679 0.181563 0.014286 0.003750
2 0.502679 0.147812 0.014286 0.005000
2 0.585714 0.035937 0.019643 0.006250
2 0.884821 0.577813 0.028571 0.008750
2 0.453571 0.337500 0.014286 0.006250
2 0.492857 0.378125 0.012500 0.006250
2 0.492857 0.372812 0.012500 0.005000
2 0.495536 0.356250 0.017857 0.006250
2 0.493750 0.347812 0.014286 0.005000
2 0.494643 0.340000 0.016071 0.005000
2 0.494643 0.325625 0.016071 0.007500
2 0.451339 0.330625 0.014286 0.005000
2 0.493750 0.395313 0.014286 0.006250
2 0.394196 0.354063 0.016071 0.005000
2 0.395536 0.333750 0.014286 0.005000
2 0.425446 0.438750 0.016071 0.008750
2 0.535714 0.220625 0.008929 0.010000
2 0.535714 0.233750 0.008929 0.011250
2 0.534821 0.248438 0.007143 0.012500
2 0.494643 0.386875 0.016071 0.005000
2 0.437054 0.364063 0.012500 0.006250
2 0.167411 0.574375 0.017857 0.005000
2 0.165625 0.580313 0.014286 0.007500
2 0.165179 0.559375 0.017857 0.006250
2 0.456696 0.364063 0.016071 0.006250
2 0.459821 0.553125 0.017857 0.006250
2 0.459821 0.568750 0.017857 0.006250
2 0.342411 0.686562 0.010714 0.038750
2 0.421429 0.689063 0.012500 0.037500
2 0.458036 0.397813 0.014286 0.005000
2 0.457143 0.392500 0.012500 0.003750
2 0.529464 0.385937 0.005357 0.012500
2 0.451339 0.453750 0.014286 0.007500
2 0.561607 0.239063 0.007143 0.012500
2 0.716071 0.318750 0.012500 0.006250
2 0.098214 0.007812 0.008929 0.012500
2 0.556696 0.003438 0.010714 0.003750
2 0.528125 0.004687 0.007143 0.006250
2 0.561607 0.254062 0.007143 0.011250
2 0.718304 0.312500 0.012500 0.006250
2 0.715625 0.296250 0.016071 0.005000
2 0.719196 0.275938 0.014286 0.005000
2 0.716964 0.268125 0.014286 0.005000
2 0.717857 0.263437 0.016071 0.005000
2 0.720089 0.249375 0.016071 0.005000
2 0.723661 0.203125 0.014286 0.006250
2 0.710268 0.158750 0.014286 0.011250
2 0.690179 0.160938 0.014286 0.012500
2 0.613393 0.158750 0.012500 0.011250
2 0.603571 0.158125 0.010714 0.010000
2 0.567857 0.164062 0.010714 0.012500
2 0.592411 0.158750 0.010714 0.011250
2 0.581250 0.159375 0.010714 0.012500
2 0.546875 0.186250 0.008929 0.010000
2 0.982143 0.078125 0.008929 0.012500
2 0.976786 0.057813 0.016071 0.012500
2 0.970982 0.106875 0.008929 0.013750
2 0.943750 0.103125 0.012500 0.012500
2 0.994643 0.045937 0.007143 0.013750
2 0.975446 0.079375 0.008929 0.015000
2 0.962946 0.077500 0.010714 0.011250
2 0.964286 0.055625 0.017857 0.011250
2 0.717857 0.243125 0.016071 0.005000
2 0.436607 0.005312 0.007143 0.007500
2 0.068750 0.007812 0.012500 0.012500
2 0.719196 0.160000 0.014286 0.013750
2 0.462054 0.004063 0.008929 0.005000
2 0.699107 0.158750 0.014286 0.011250
2 0.680357 0.158750 0.012500 0.011250
2 0.723214 0.190000 0.017857 0.005000
2 0.535714 0.261875 0.008929 0.011250
2 0.534821 0.275938 0.007143 0.011250
2 0.535714 0.290313 0.008929 0.008750
2 0.454464 0.004063 0.007143 0.005000
2 0.472321 0.004063 0.007143 0.005000
2 0.533482 0.307188 0.008929 0.011250
2 0.532589 0.322813 0.007143 0.011250
2 0.531250 0.340625 0.008929 0.012500
2 0.169196 0.546250 0.021429 0.005000
2 0.169196 0.530312 0.021429 0.007500
2 0.166071 0.538125 0.019643 0.007500
2 0.377232 0.691875 0.017857 0.033750
2 0.165179 0.648125 0.026786 0.008750
2 0.531250 0.355625 0.008929 0.011250
2 0.165179 0.567812 0.017857 0.007500
2 0.460714 0.588125 0.019643 0.007500
2 0.458929 0.575000 0.016071 0.006250
2 0.416518 0.418750 0.016071 0.006250
2 0.396429 0.388125 0.016071 0.007500
2 0.394196 0.325000 0.016071 0.006250
2 0.391518 0.349375 0.019643 0.005000
2 0.433482 0.357812 0.014286 0.006250
2 0.452232 0.343750 0.016071 0.006250
2 0.433929 0.336875 0.019643 0.005000
2 0.432589 0.345938 0.021429 0.007500
2 0.457589 0.384063 0.017857 0.008750
2 0.454018 0.357812 0.019643 0.006250
2 0.494196 0.368750 0.019643 0.006250
2 0.493304 0.362500 0.017857 0.006250
2 0.494643 0.333437 0.016071 0.007500
2 0.529018 0.370938 0.008929 0.013750
2 0.620536 0.084687 0.017857 0.016250
2 0.889286 0.118750 0.019643 0.006250
2 0.954464 0.118438 0.025000 0.008750
2 0.673214 0.100625 0.016071 0.013750
2 0.394196 0.360938 0.016071 0.006250
2 0.559375 0.270000 0.007143 0.015000
2 0.562500 0.210000 0.008929 0.013750
2 0.687500 0.220312 0.008929 0.012500
2 0.680804 0.290625 0.008929 0.012500
2 0.718750 0.289687 0.017857 0.007500
2 0.720982 0.209375 0.017857 0.006250
2 0.720089 0.216562 0.016071 0.005000
2 0.720982 0.222812 0.017857 0.005000
2 0.720536 0.229687 0.021429 0.006250
2 0.718750 0.235937 0.017857 0.006250
