2 0.272321 0.881250 0.017857 0.012500
2 0.146429 0.790625 0.016071 0.012500
2 0.108482 0.761875 0.016071 0.011250
2 0.375893 0.445625 0.019643 0.010000
2 0.818750 0.452500 0.012500 0.011250
2 0.829911 0.461875 0.012500 0.011250
2 0.618750 0.464375 0.014286 0.010000
2 0.118750 0.070000 0.014286 0.008750
2 0.127679 0.079375 0.014286 0.008750
2 0.136607 0.089063 0.014286 0.006250
2 0.217857 0.182500 0.016071 0.008750
2 0.157589 0.114375 0.016071 0.010000
2 0.109821 0.115937 0.014286 0.010000
2 0.176339 0.051875 0.017857 0.010000
2 0.666964 0.403125 0.012500 0.012500
2 0.531696 0.369375 0.014286 0.013750
2 0.377679 0.280313 0.014286 0.007500
2 0.368750 0.271250 0.014286 0.011250
2 0.295089 0.227813 0.014286 0.008750
2 0.300893 0.222500 0.012500 0.007500
2 0.824107 0.294687 0.014286 0.011250
2 0.817411 0.474062 0.014286 0.007500
2 0.822321 0.478750 0.010714 0.007500
2 0.103571 0.054062 0.019643 0.011250
2 0.271429 0.150313 0.016071 0.010000
2 0.237500 0.115000 0.019643 0.011250
2 0.226786 0.105000 0.016071 0.010000
2 0.219643 0.094375 0.019643 0.007500
2 0.214732 0.088750 0.014286 0.008750
2 0.200893 0.074375 0.017857 0.011250
2 0.195536 0.070312 0.016071 0.012500
2 0.143750 0.095312 0.019643 0.012500
2 0.169196 0.096250 0.012500 0.011250
2 0.180357 0.105937 0.012500 0.008750
2 0.131696 0.004687 0.017857 0.006250
2 0.868750 0.473125 0.014286 0.008750
2 0.054911 0.053438 0.016071 0.010000
2 0.067411 0.071250 0.014286 0.011250
2 0.208036 0.171563 0.014286 0.008750
2 0.086161 0.090000 0.016071 0.011250
2 0.359821 0.291250 0.014286 0.013750
2 0.350893 0.294375 0.014286 0.013750
2 0.340625 0.300312 0.016071 0.010000
2 0.287946 0.295625 0.017857 0.010000
2 0.462946 0.358750 0.019643 0.011250
2 0.368750 0.469688 0.014286 0.011250
2 0.865625 0.523125 0.012500 0.008750
2 0.856696 0.514375 0.012500 0.010000
2 0.830804 0.488125 0.014286 0.007500
2 0.883482 0.508125 0.012500 0.010000
2 0.879018 0.484063 0.012500 0.008750
2 0.841518 0.494375 0.017857 0.007500
2 0.091518 0.651875 0.026786 0.010000
2 0.322321 0.307188 0.010714 0.011250
2 0.308036 0.316562 0.008929 0.011250
2 0.186607 0.115312 0.016071 0.008750
2 0.253571 0.134063 0.016071 0.008750
2 0.262500 0.141875 0.016071 0.008750
2 0.297321 0.100937 0.014286 0.011250
2 0.288839 0.089063 0.010714 0.012500
