2 0.142857 0.526250 0.026786 0.015000
2 0.475000 0.498125 0.030357 0.015000
2 0.456250 0.546875 0.028571 0.012500
2 0.346875 0.451875 0.028571 0.016250
2 0.197321 0.478750 0.028571 0.013750
2 0.200893 0.493125 0.035714 0.017500
2 0.214286 0.510625 0.026786 0.015000
2 0.220089 0.523125 0.025000 0.015000
2 0.145536 0.540312 0.032143 0.015000
2 0.223214 0.548125 0.026786 0.015000
2 0.151786 0.551250 0.026786 0.015000
2 0.115625 0.558125 0.030357 0.016250
2 0.439732 0.668750 0.035714 0.018750
2 0.130357 0.516563 0.028571 0.017500
2 0.514732 0.593438 0.033929 0.015000
2 0.460714 0.718125 0.028571 0.017500
2 0.544643 0.500625 0.044643 0.020000
2 0.544643 0.752188 0.026786 0.013750
2 0.578571 0.758125 0.032143 0.016250
2 0.551339 0.764062 0.026786 0.012500
2 0.590179 0.766250 0.028571 0.013750
2 0.562054 0.773125 0.030357 0.015000
2 0.636607 0.703437 0.032143 0.016250
2 0.592411 0.791563 0.028571 0.011250
2 0.596429 0.803125 0.032143 0.012500
2 0.564286 0.795625 0.030357 0.016250
2 0.565179 0.808750 0.032143 0.017500
2 0.316964 0.503750 0.026786 0.013750
2 0.510714 0.578750 0.030357 0.013750
2 0.575893 0.819375 0.026786 0.013750
2 0.593304 0.613750 0.030357 0.015000
2 0.476339 0.327188 0.028571 0.013750
2 0.514732 0.417812 0.025000 0.013750
2 0.519643 0.440000 0.021429 0.011250
2 0.525893 0.453750 0.025000 0.013750
2 0.537500 0.473125 0.030357 0.015000
2 0.567411 0.545000 0.032143 0.015000
2 0.572321 0.566875 0.028571 0.015000
2 0.587054 0.593125 0.026786 0.011250
2 0.592857 0.602500 0.025000 0.011250
2 0.601339 0.814688 0.028571 0.013750
2 0.583036 0.830625 0.032143 0.017500
2 0.244643 0.812500 0.033929 0.018750
2 0.437500 0.782500 0.026786 0.015000
2 0.369196 0.768437 0.028571 0.015000
2 0.361161 0.757188 0.030357 0.011250
2 0.355804 0.741250 0.028571 0.013750
2 0.247768 0.759375 0.035714 0.018750
2 0.261607 0.782813 0.032143 0.012500
2 0.233036 0.788438 0.028571 0.011250
2 0.271875 0.791875 0.030357 0.015000
2 0.277679 0.804375 0.028571 0.015000
2 0.278571 0.815312 0.030357 0.015000
2 0.285714 0.825313 0.026786 0.016250
2 0.237054 0.800313 0.032143 0.016250
2 0.258929 0.847500 0.026786 0.013750
2 0.552232 0.513750 0.028571 0.015000
2 0.387946 0.817812 0.021429 0.013750
2 0.382143 0.804375 0.023214 0.015000
2 0.378125 0.791250 0.028571 0.013750
2 0.340179 0.780000 0.028571 0.016250
2 0.519196 0.866875 0.033929 0.015000
2 0.528571 0.885625 0.030357 0.015000
2 0.537054 0.902187 0.025000 0.013750
2 0.538839 0.915312 0.028571 0.015000
2 0.547321 0.929375 0.023214 0.015000
2 0.552679 0.942187 0.033929 0.018750
2 0.558482 0.953750 0.023214 0.013750
2 0.485268 0.778750 0.019643 0.013750
2 0.447321 0.804375 0.028571 0.015000
2 0.596875 0.525000 0.028571 0.018750
2 0.617857 0.823125 0.030357 0.015000
2 0.617411 0.835625 0.025000 0.015000
2 0.590625 0.840625 0.025000 0.012500
2 0.625446 0.855000 0.032143 0.016250
2 0.592857 0.850625 0.025000 0.013750
2 0.597321 0.861563 0.025000 0.013750
2 0.634821 0.880000 0.028571 0.016250
2 0.600000 0.873125 0.030357 0.015000
2 0.602232 0.887187 0.030357 0.015000
2 0.727232 0.919063 0.030357 0.016250
2 0.733036 0.931250 0.028571 0.012500
2 0.737500 0.941250 0.028571 0.013750
2 0.744196 0.954375 0.028571 0.015000
2 0.680357 0.991250 0.030357 0.013750
2 0.671429 0.966875 0.030357 0.015000
2 0.652679 0.924375 0.028571 0.017500
2 0.622321 0.930937 0.030357 0.015000
2 0.657589 0.934688 0.025000 0.016250
2 0.628125 0.942500 0.028571 0.016250
2 0.117411 0.544687 0.033929 0.017500
2 0.612054 0.557500 0.032143 0.021250
2 0.633482 0.954375 0.030357 0.015000
2 0.659821 0.945625 0.025000 0.016250
2 0.563393 0.966250 0.028571 0.013750
2 0.667411 0.958125 0.026786 0.016250
2 0.644643 0.987187 0.030357 0.015000
2 0.643750 0.975625 0.028571 0.013750
2 0.649554 0.995625 0.026786 0.010000
2 0.152679 0.777500 0.028571 0.017500
2 0.012054 0.913125 0.019643 0.013750
2 0.355357 0.824375 0.032143 0.017500
2 0.291964 0.841875 0.030357 0.015000
2 0.591071 0.778750 0.030357 0.013750
2 0.576339 0.743437 0.032143 0.015000
2 0.516964 0.858750 0.033929 0.011250
2 0.571875 0.977812 0.032143 0.015000
2 0.572321 0.990625 0.028571 0.012500
