2 0.930357 0.619062 0.030357 0.016250
2 0.873661 0.643750 0.037500 0.018750
2 0.804018 0.673750 0.032143 0.016250
2 0.796429 0.640937 0.075000 0.041250
2 0.721429 0.706562 0.032143 0.016250
2 0.678571 0.672500 0.026786 0.013750
2 0.649554 0.735313 0.035714 0.017500
2 0.591964 0.709375 0.032143 0.018750
2 0.575000 0.941875 0.016071 0.021250
2 0.673661 0.939688 0.021429 0.020000
2 0.820982 0.956250 0.039286 0.012500
2 0.596429 0.830937 0.023214 0.027500
2 0.606250 0.858750 0.025000 0.023750
2 0.894196 0.948438 0.033929 0.012500
2 0.934375 0.975938 0.033929 0.011250
2 0.770536 0.994063 0.032143 0.010000
2 0.725000 0.996875 0.030357 0.006250
