2 0.849107 0.363125 0.010714 0.007500
2 0.825000 0.337500 0.016071 0.006250
2 0.826339 0.343750 0.014286 0.006250
2 0.826339 0.351250 0.014286 0.008750
2 0.845982 0.351250 0.017857 0.008750
2 0.843750 0.332500 0.017857 0.008750
2 0.835268 0.318750 0.014286 0.006250
2 0.837500 0.308438 0.014286 0.007500
2 0.833929 0.300937 0.016071 0.005000
2 0.828571 0.288750 0.014286 0.008750
2 0.825000 0.280313 0.016071 0.007500
2 0.825000 0.272187 0.016071 0.010000
2 0.833929 0.372500 0.016071 0.007500
2 0.832143 0.365000 0.012500 0.011250
2 0.798214 0.245000 0.016071 0.008750
2 0.816071 0.319375 0.016071 0.007500
2 0.801786 0.252500 0.014286 0.005000
2 0.799107 0.259063 0.017857 0.008750
2 0.804018 0.266875 0.014286 0.008750
2 0.820089 0.255625 0.019643 0.011250
2 0.816964 0.233438 0.017857 0.007500
2 0.859375 0.235625 0.017857 0.008750
2 0.742411 0.212500 0.016071 0.006250
2 0.937054 0.197813 0.012500 0.011250
2 0.872768 0.181250 0.017857 0.006250
2 0.964286 0.233750 0.008929 0.011250
2 0.818304 0.328750 0.016071 0.007500
2 0.760268 0.240000 0.016071 0.011250
2 0.737500 0.348750 0.019643 0.010000
2 0.437946 0.295938 0.014286 0.007500
2 0.433929 0.275625 0.019643 0.007500
2 0.436607 0.265625 0.016071 0.006250
2 0.443304 0.249688 0.016071 0.008750
2 0.539286 0.298750 0.033929 0.010000
2 0.564286 0.295938 0.021429 0.007500
2 0.531250 0.078438 0.017857 0.010000
2 0.687500 0.038437 0.017857 0.011250
2 0.763393 0.035625 0.017857 0.008750
2 0.912946 0.004687 0.017857 0.006250
2 0.789286 0.050000 0.016071 0.006250
2 0.754464 0.397187 0.017857 0.010000
2 0.733482 0.398750 0.016071 0.010000
2 0.722768 0.350625 0.012500 0.007500
2 0.703571 0.288125 0.014286 0.007500
2 0.720536 0.337188 0.012500 0.008750
2 0.747768 0.368438 0.008929 0.015000
2 0.747768 0.256250 0.017857 0.012500
2 0.670089 0.270625 0.014286 0.010000
2 0.667411 0.264375 0.017857 0.010000
2 0.666071 0.258750 0.019643 0.005000
2 0.655357 0.230625 0.016071 0.005000
2 0.697768 0.263750 0.016071 0.008750
2 0.699107 0.258750 0.014286 0.005000
2 0.697768 0.246875 0.016071 0.006250
2 0.694643 0.239063 0.014286 0.006250
2 0.743750 0.240000 0.014286 0.011250
2 0.750446 0.263750 0.014286 0.008750
2 0.973214 0.224688 0.008929 0.015000
2 0.955357 0.240625 0.008929 0.012500
2 0.948661 0.247500 0.008929 0.013750
2 0.365625 0.456250 0.012500 0.012500
2 0.798214 0.365937 0.016071 0.010000
2 0.788393 0.400312 0.014286 0.010000
2 0.790625 0.407188 0.014286 0.011250
2 0.973214 0.257812 0.017857 0.006250
2 0.986607 0.253125 0.017857 0.012500
2 0.982143 0.271250 0.008929 0.011250
2 0.990179 0.266875 0.007143 0.015000
2 0.711607 0.185312 0.021429 0.011250
2 0.742411 0.533438 0.016071 0.013750
2 0.725446 0.521250 0.017857 0.011250
2 0.329911 0.495000 0.021429 0.015000
2 0.939286 0.253125 0.012500 0.012500
2 0.790179 0.332187 0.017857 0.011250
2 0.772321 0.285625 0.017857 0.008750
2 0.757589 0.289687 0.019643 0.013750
2 0.712500 0.192188 0.014286 0.006250
2 0.923214 0.245000 0.016071 0.008750
2 0.937500 0.235625 0.017857 0.008750
2 0.944196 0.231875 0.017857 0.007500
2 0.956250 0.222812 0.010714 0.011250
2 0.861607 0.204687 0.017857 0.012500
2 0.956250 0.288438 0.010714 0.011250
2 0.958036 0.270937 0.014286 0.007500
2 0.949107 0.276250 0.014286 0.008750
2 0.943750 0.281875 0.012500 0.007500
2 0.933036 0.288125 0.017857 0.007500
2 0.926786 0.292813 0.014286 0.007500
2 0.934375 0.305625 0.007143 0.011250
2 0.922768 0.314063 0.010714 0.012500
2 0.912946 0.319375 0.008929 0.013750
2 0.879464 0.321250 0.017857 0.011250
2 0.888839 0.317500 0.014286 0.010000
2 0.903571 0.308438 0.012500 0.007500
2 0.868304 0.297812 0.008929 0.011250
2 0.883929 0.289062 0.008929 0.012500
2 0.892411 0.287188 0.012500 0.015000
2 0.897321 0.283438 0.008929 0.013750
2 0.907143 0.274375 0.010714 0.011250
2 0.879464 0.275625 0.017857 0.007500
2 0.711161 0.200312 0.016071 0.010000
2 0.441964 0.312188 0.017857 0.008750
2 0.359821 0.340938 0.014286 0.010000
2 0.358482 0.335000 0.016071 0.007500
2 0.767857 0.588125 0.017857 0.007500
2 0.625893 0.692812 0.019643 0.007500
2 0.629911 0.687188 0.014286 0.008750
2 0.637500 0.681562 0.016071 0.010000
2 0.672768 0.655312 0.019643 0.007500
2 0.683036 0.650312 0.017857 0.010000
2 0.720089 0.622500 0.016071 0.007500
2 0.700000 0.618750 0.016071 0.006250
2 0.585714 0.703437 0.019643 0.010000
2 0.613839 0.682500 0.017857 0.008750
2 0.631696 0.670937 0.017857 0.007500
2 0.665179 0.645937 0.017857 0.007500
2 0.724554 0.603125 0.016071 0.006250
2 0.756250 0.596562 0.021429 0.008750
2 0.791071 0.611563 0.010714 0.013750
2 0.666071 0.702813 0.019643 0.021250
2 0.781250 0.615625 0.008929 0.012500
2 0.773214 0.620313 0.010714 0.012500
2 0.765179 0.628437 0.012500 0.016250
2 0.757589 0.633125 0.010714 0.016250
2 0.741964 0.643125 0.010714 0.011250
2 0.734821 0.647500 0.014286 0.013750
2 0.725000 0.654062 0.012500 0.011250
2 0.729464 0.672500 0.012500 0.013750
2 0.716071 0.657813 0.012500 0.012500
2 0.710714 0.667812 0.010714 0.013750
2 0.701786 0.670000 0.010714 0.015000
2 0.686607 0.682813 0.007143 0.012500
2 0.644643 0.711875 0.012500 0.011250
2 0.610714 0.700625 0.016071 0.007500
2 0.604018 0.706875 0.016071 0.007500
2 0.590625 0.720000 0.016071 0.008750
2 0.579911 0.723750 0.021429 0.010000
2 0.550893 0.640000 0.012500 0.011250
2 0.568750 0.630000 0.012500 0.016250
2 0.591071 0.610938 0.012500 0.012500
2 0.598214 0.605625 0.008929 0.011250
2 0.611161 0.595625 0.012500 0.010000
2 0.625000 0.588750 0.008929 0.008750
2 0.632589 0.582500 0.010714 0.008750
2 0.656250 0.569063 0.008929 0.010000
2 0.717857 0.555625 0.016071 0.005000
2 0.706696 0.566875 0.016071 0.008750
2 0.694196 0.571250 0.017857 0.011250
2 0.697321 0.589375 0.010714 0.010000
2 0.689732 0.593750 0.008929 0.012500
2 0.705357 0.585000 0.008929 0.013750
2 0.712054 0.578750 0.008929 0.013750
2 0.721875 0.570312 0.010714 0.012500
2 0.736607 0.560937 0.008929 0.012500
2 0.570089 0.662188 0.019643 0.008750
2 0.587054 0.652187 0.017857 0.007500
2 0.599554 0.641875 0.016071 0.008750
2 0.604911 0.633437 0.017857 0.007500
2 0.624554 0.615938 0.021429 0.010000
2 0.579018 0.675000 0.010714 0.012500
2 0.591518 0.666250 0.008929 0.013750
2 0.603571 0.656875 0.010714 0.013750
2 0.616964 0.645937 0.010714 0.013750
2 0.566964 0.728437 0.017857 0.010000
2 0.588393 0.737812 0.016071 0.010000
2 0.803125 0.619062 0.012500 0.016250
2 0.354018 0.320000 0.016071 0.008750
2 0.510714 0.489375 0.012500 0.010000
2 0.675000 0.497500 0.019643 0.013750
2 0.652679 0.487500 0.010714 0.012500
2 0.644643 0.490625 0.012500 0.012500
2 0.632589 0.490625 0.010714 0.012500
2 0.625000 0.490000 0.008929 0.011250
2 0.612946 0.490937 0.007143 0.010000
2 0.602679 0.491563 0.008929 0.011250
2 0.592857 0.492500 0.007143 0.010000
2 0.581696 0.493750 0.007143 0.012500
2 0.573661 0.493125 0.008929 0.011250
2 0.561607 0.493125 0.007143 0.011250
2 0.534375 0.490000 0.010714 0.011250
2 0.521429 0.489063 0.007143 0.012500
2 0.501786 0.486875 0.012500 0.011250
2 0.795089 0.625625 0.014286 0.013750
2 0.428125 0.418750 0.021429 0.012500
2 0.424107 0.405000 0.017857 0.010000
2 0.420536 0.396875 0.019643 0.012500
2 0.379018 0.424687 0.012500 0.008750
2 0.379911 0.413438 0.014286 0.011250
2 0.380357 0.404687 0.019643 0.012500
2 0.369643 0.376875 0.016071 0.010000
2 0.407143 0.327500 0.019643 0.011250
2 0.396429 0.295625 0.016071 0.010000
2 0.383482 0.275938 0.021429 0.017500
2 0.368750 0.275938 0.014286 0.017500
2 0.348214 0.302813 0.017857 0.008750
2 0.351786 0.312812 0.016071 0.010000
2 0.845982 0.638125 0.017857 0.007500
2 0.841071 0.643750 0.012500 0.012500
2 0.836607 0.648750 0.012500 0.010000
2 0.829464 0.653125 0.016071 0.006250
2 0.778571 0.636562 0.012500 0.013750
2 0.770089 0.641563 0.008929 0.011250
2 0.755357 0.653750 0.010714 0.013750
2 0.746429 0.656875 0.010714 0.013750
2 0.654018 0.724375 0.017857 0.011250
2 0.718750 0.714375 0.017857 0.010000
2 0.728571 0.707500 0.019643 0.008750
2 0.738393 0.702813 0.021429 0.008750
2 0.741964 0.697187 0.019643 0.010000
2 0.750000 0.691250 0.017857 0.007500
2 0.756250 0.685000 0.021429 0.007500
2 0.764286 0.679375 0.019643 0.008750
2 0.769196 0.675000 0.016071 0.006250
2 0.787946 0.661250 0.017857 0.010000
2 0.797768 0.658125 0.019643 0.010000
2 0.804911 0.650625 0.016071 0.007500
2 0.813839 0.645312 0.016071 0.006250
2 0.822321 0.640625 0.019643 0.006250
2 0.826339 0.633437 0.014286 0.007500
2 0.739286 0.717187 0.014286 0.006250
2 0.745982 0.710000 0.014286 0.007500
2 0.756250 0.706875 0.012500 0.007500
2 0.761607 0.700625 0.014286 0.007500
2 0.770982 0.693438 0.019643 0.008750
2 0.777679 0.688125 0.019643 0.007500
2 0.801339 0.670625 0.017857 0.010000
2 0.813839 0.663750 0.016071 0.008750
2 0.561161 0.631875 0.010714 0.013750
2 0.985714 0.638437 0.016071 0.011250
2 0.977232 0.657813 0.021429 0.012500
2 0.529464 0.655625 0.014286 0.017500
2 0.627232 0.517813 0.017857 0.007500
2 0.595536 0.554375 0.021429 0.008750
2 0.230357 0.098750 0.032143 0.016250
2 0.428125 0.128125 0.030357 0.012500
2 0.358482 0.106563 0.025000 0.010000
2 0.030804 0.246250 0.021429 0.011250
2 0.279018 0.291563 0.008929 0.011250
2 0.270982 0.336562 0.010714 0.013750
2 0.113839 0.529375 0.017857 0.015000
2 0.108036 0.596562 0.010714 0.015000
2 0.164286 0.460313 0.016071 0.011250
2 0.222321 0.387500 0.025000 0.018750
2 0.214286 0.420000 0.026786 0.021250
2 0.154018 0.517813 0.026786 0.013750
2 0.177679 0.054062 0.007143 0.011250
2 0.433482 0.014063 0.014286 0.012500
2 0.125446 0.056250 0.014286 0.012500
2 0.132143 0.134688 0.014286 0.016250
2 0.497768 0.103750 0.017857 0.007500
2 0.279464 0.111875 0.014286 0.005000
2 0.208929 0.083125 0.016071 0.010000
2 0.190179 0.065625 0.014286 0.012500
2 0.406250 0.016250 0.017857 0.007500
2 0.258929 0.263750 0.017857 0.015000
2 0.078125 0.227500 0.017857 0.011250
2 0.649554 0.795937 0.017857 0.007500
2 0.565179 0.576875 0.014286 0.010000
2 0.697768 0.692500 0.016071 0.016250
2 0.546429 0.625938 0.012500 0.017500
2 0.546429 0.694375 0.012500 0.013750
2 0.634821 0.736563 0.019643 0.007500
2 0.627679 0.723437 0.014286 0.012500
2 0.750000 0.640313 0.008929 0.015000
2 0.530357 0.601250 0.016071 0.008750
2 0.744196 0.606875 0.019643 0.007500
2 0.540179 0.593750 0.017857 0.006250
2 0.548214 0.588125 0.016071 0.007500
2 0.554464 0.583125 0.019643 0.010000
2 0.580357 0.564375 0.017857 0.010000
2 0.571429 0.570625 0.017857 0.010000
2 0.604018 0.585313 0.007143 0.011250
2 0.676339 0.788125 0.017857 0.007500
2 0.587054 0.596250 0.008929 0.011250
2 0.580357 0.601250 0.008929 0.015000
2 0.553571 0.618125 0.008929 0.011250
2 0.564286 0.615000 0.012500 0.011250
2 0.611607 0.580313 0.008929 0.013750
2 0.634821 0.560000 0.010714 0.013750
2 0.642857 0.556250 0.008929 0.012500
2 0.650893 0.546250 0.007143 0.011250
2 0.660714 0.545312 0.008929 0.012500
2 0.667411 0.540625 0.008929 0.012500
2 0.687500 0.544687 0.008929 0.011250
2 0.680357 0.529375 0.012500 0.015000
2 0.672768 0.536562 0.010714 0.013750
2 0.608929 0.741875 0.012500 0.015000
2 0.544643 0.733437 0.026786 0.007500
2 0.712500 0.720000 0.023214 0.008750
2 0.950000 0.688750 0.016071 0.008750
2 0.697321 0.786562 0.019643 0.007500
2 0.718304 0.783125 0.021429 0.010000
2 0.766964 0.770000 0.016071 0.008750
2 0.824554 0.752500 0.019643 0.011250
2 0.837500 0.745625 0.023214 0.010000
2 0.862500 0.736875 0.019643 0.011250
2 0.843750 0.734687 0.017857 0.010000
2 0.888839 0.728125 0.023214 0.012500
2 0.916518 0.715000 0.016071 0.011250
2 0.580357 0.765000 0.017857 0.005000
2 0.630357 0.758437 0.019643 0.007500
2 0.679911 0.750000 0.016071 0.006250
2 0.709821 0.745313 0.017857 0.006250
2 0.756696 0.733750 0.017857 0.005000
2 0.774554 0.723437 0.008929 0.012500
2 0.785268 0.722500 0.012500 0.013750
2 0.793304 0.713750 0.010714 0.015000
2 0.800893 0.708125 0.012500 0.016250
2 0.808036 0.703125 0.008929 0.012500
2 0.817857 0.697500 0.010714 0.013750
2 0.830357 0.686250 0.008929 0.016250
2 0.841071 0.680625 0.012500 0.017500
2 0.850000 0.676250 0.012500 0.015000
2 0.855357 0.671563 0.014286 0.015000
2 0.865179 0.663125 0.007143 0.013750
2 0.872768 0.660000 0.008929 0.013750
2 0.910268 0.709375 0.021429 0.012500
2 0.283482 0.910625 0.017857 0.008750
2 0.108929 0.876875 0.021429 0.010000
2 0.065179 0.852812 0.014286 0.008750
2 0.146429 0.886562 0.016071 0.007500
2 0.215179 0.902187 0.019643 0.007500
2 0.317411 0.882188 0.014286 0.011250
2 0.523214 0.808437 0.019643 0.007500
2 0.462946 0.809375 0.019643 0.006250
2 0.448661 0.802500 0.017857 0.005000
2 0.344643 0.757500 0.019643 0.008750
2 0.239286 0.903750 0.014286 0.007500
2 0.259375 0.906563 0.014286 0.010000
2 0.449107 0.690312 0.014286 0.015000
2 0.466518 0.679688 0.008929 0.012500
2 0.490179 0.661875 0.007143 0.011250
2 0.494196 0.713125 0.019643 0.007500
2 0.529911 0.635000 0.010714 0.013750
2 0.515179 0.626875 0.012500 0.010000
2 0.516518 0.646875 0.010714 0.012500
2 0.471429 0.695312 0.005357 0.012500
2 0.522321 0.606250 0.017857 0.006250
2 0.481250 0.638125 0.016071 0.007500
2 0.458929 0.651250 0.016071 0.008750
2 0.612500 0.541250 0.019643 0.007500
2 0.224107 0.885000 0.019643 0.007500
2 0.589286 0.562500 0.017857 0.006250
2 0.553571 0.675000 0.017857 0.006250
2 0.635268 0.633437 0.016071 0.013750
2 0.723214 0.550000 0.017857 0.006250
2 0.730804 0.616875 0.019643 0.008750
2 0.718750 0.608750 0.017857 0.005000
2 0.713393 0.615313 0.016071 0.008750
2 0.735268 0.583750 0.019643 0.005000
2 0.679911 0.551562 0.007143 0.012500
2 0.571429 0.610000 0.008929 0.013750
2 0.630357 0.528125 0.019643 0.006250
2 0.621429 0.536250 0.019643 0.003750
2 0.602679 0.548750 0.017857 0.010000
2 0.488839 0.629375 0.017857 0.008750
2 0.508482 0.671875 0.012500 0.012500
2 0.803571 0.759375 0.017857 0.012500
2 0.512500 0.738438 0.016071 0.005000
2 0.362500 0.775625 0.019643 0.007500
2 0.545982 0.805625 0.016071 0.005000
2 0.490179 0.809375 0.016071 0.006250
2 0.397768 0.305938 0.023214 0.015000
2 0.404018 0.313437 0.017857 0.011250
2 0.407589 0.318125 0.016071 0.011250
2 0.350446 0.294375 0.017857 0.007500
2 0.367411 0.362812 0.016071 0.010000
2 0.425000 0.413125 0.019643 0.013750
2 0.180357 0.894063 0.021429 0.010000
2 0.163393 0.888125 0.014286 0.007500
2 0.716518 0.255312 0.017857 0.007500
2 0.666964 0.662500 0.021429 0.006250
2 0.123661 0.002812 0.010714 0.002500
2 0.800893 0.384063 0.021429 0.015000
2 0.675000 0.638125 0.019643 0.007500
2 0.487500 0.682813 0.010714 0.012500
2 0.459821 0.687500 0.008929 0.012500
2 0.766964 0.264375 0.016071 0.010000
2 0.765625 0.254688 0.017857 0.012500
2 0.746429 0.775938 0.019643 0.011250
2 0.781250 0.302187 0.017857 0.013750
2 0.782143 0.317812 0.019643 0.013750
2 0.814732 0.305938 0.017857 0.008750
2 0.870536 0.232500 0.017857 0.008750
2 0.160268 0.051250 0.012500 0.015000
2 0.346875 0.287188 0.019643 0.008750
2 0.301786 0.289062 0.005357 0.012500
