2 0.079464 0.205000 0.016071 0.028750
2 0.004911 0.203437 0.005357 0.028750
2 0.017857 0.200000 0.017857 0.025000
2 0.039286 0.199375 0.016071 0.023750
2 0.058036 0.204375 0.017857 0.027500
2 0.098661 0.203125 0.014286 0.025000
2 0.118304 0.200000 0.017857 0.025000
2 0.138393 0.203125 0.017857 0.025000
2 0.160714 0.203125 0.017857 0.025000
2 0.181696 0.205625 0.019643 0.030000
2 0.223214 0.203750 0.017857 0.026250
2 0.243304 0.203125 0.017857 0.025000
2 0.262054 0.202813 0.019643 0.027500
2 0.282143 0.203125 0.019643 0.025000
2 0.306696 0.201875 0.019643 0.022500
2 0.325893 0.203750 0.017857 0.026250
2 0.345982 0.199375 0.017857 0.023750
2 0.483929 0.423438 0.030357 0.056250
2 0.303571 0.416250 0.035714 0.045000
2 0.447321 0.420000 0.028571 0.046250
2 0.248661 0.244062 0.091071 0.028750
2 0.643750 0.227813 0.019643 0.027500
2 0.370089 0.202500 0.021429 0.023750
2 0.390179 0.203750 0.021429 0.026250
2 0.408036 0.206562 0.021429 0.028750
2 0.431696 0.204062 0.019643 0.023750
2 0.450893 0.203125 0.017857 0.025000
2 0.395536 0.257188 0.041071 0.017500
2 0.696429 0.228437 0.017857 0.028750
2 0.757589 0.235000 0.019643 0.026250
2 0.523214 0.409687 0.028571 0.035000
2 0.779911 0.238437 0.019643 0.023750
2 0.778125 0.295938 0.016071 0.020000
2 0.733482 0.294375 0.016071 0.026250
2 0.710714 0.292500 0.019643 0.022500
2 0.667411 0.291563 0.017857 0.030000
2 0.552232 0.428750 0.019643 0.026250
2 0.593304 0.286875 0.021429 0.030000
2 0.071875 0.235937 0.139286 0.037500
2 0.039732 0.313750 0.075000 0.077500
2 0.155357 0.371250 0.033929 0.117500
2 0.349107 0.378750 0.046429 0.120000
2 0.186607 0.374063 0.033929 0.101250
2 0.765179 0.672500 0.039286 0.013750
2 0.762054 0.689375 0.037500 0.016250
2 0.775000 0.709375 0.041071 0.012500
2 0.767857 0.728437 0.044643 0.016250
2 0.930357 0.716250 0.048214 0.013750
2 0.927679 0.694063 0.042857 0.016250
