2 0.798214 0.018438 0.016071 0.015000
2 0.807143 0.031563 0.016071 0.016250
2 0.915625 0.154688 0.014286 0.012500
2 0.885268 0.120313 0.016071 0.012500
2 0.941071 0.189062 0.016071 0.012500
2 0.862946 0.770625 0.016071 0.010000
2 0.921875 0.756250 0.017857 0.006250
2 0.949554 0.770312 0.019643 0.006250
2 0.959821 0.759062 0.017857 0.008750
2 0.874107 0.985000 0.007143 0.013750
2 0.638393 0.826875 0.017857 0.003750
2 0.840625 0.821250 0.007143 0.011250
2 0.645089 0.814375 0.017857 0.003750
2 0.926786 0.208750 0.014286 0.011250
2 0.855357 0.177187 0.014286 0.007500
2 0.803571 0.205625 0.017857 0.011250
2 0.812946 0.202188 0.014286 0.007500
2 0.811607 0.192500 0.007143 0.010000
2 0.851339 0.241875 0.019643 0.015000
2 0.853125 0.256250 0.014286 0.012500
2 0.888839 0.271875 0.014286 0.012500
2 0.898661 0.271875 0.016071 0.012500
2 0.688393 0.817500 0.019643 0.003750
2 0.591518 0.785000 0.017857 0.007500
2 0.581696 0.770312 0.016071 0.006250
2 0.620536 0.781250 0.017857 0.006250
2 0.627232 0.768125 0.017857 0.005000
2 0.648661 0.748750 0.016071 0.003750
2 0.647321 0.731250 0.017857 0.006250
2 0.737946 0.762500 0.016071 0.006250
2 0.696429 0.728125 0.017857 0.006250
2 0.770982 0.762500 0.019643 0.006250
2 0.691518 0.806250 0.021429 0.006250
