2 0.877679 0.393125 0.014286 0.023750
2 0.612946 0.765000 0.016071 0.023750
2 0.705357 0.699688 0.017857 0.027500
2 0.743304 0.698750 0.017857 0.028750
2 0.761607 0.696875 0.014286 0.025000
2 0.779018 0.703750 0.017857 0.026250
2 0.796875 0.703125 0.017857 0.025000
2 0.813839 0.701875 0.016071 0.022500
2 0.831696 0.704375 0.016071 0.027500
2 0.849107 0.702500 0.019643 0.023750
2 0.887500 0.704375 0.016071 0.027500
2 0.902679 0.703437 0.019643 0.028750
2 0.917857 0.704063 0.023214 0.023750
2 0.940179 0.702500 0.014286 0.023750
2 0.954464 0.702813 0.016071 0.021250
2 0.633036 0.764687 0.016071 0.026250
2 0.855357 0.455625 0.014286 0.023750
2 0.649107 0.766875 0.021429 0.027500
2 0.668750 0.765000 0.016071 0.023750
2 0.705357 0.770625 0.017857 0.022500
2 0.758929 0.765625 0.017857 0.025000
2 0.778125 0.765000 0.016071 0.023750
2 0.813839 0.767813 0.016071 0.026250
2 0.830357 0.768750 0.017857 0.025000
2 0.849554 0.768125 0.016071 0.023750
2 0.866071 0.767188 0.017857 0.025000
2 0.885268 0.766875 0.016071 0.027500
2 0.919643 0.770000 0.017857 0.027500
2 0.938839 0.770312 0.016071 0.025000
2 0.955357 0.795625 0.017857 0.022500
2 0.668750 0.702500 0.016071 0.023750
2 0.636607 0.700937 0.014286 0.023750
2 0.608036 0.704375 0.019643 0.027500
2 0.581250 0.706562 0.019643 0.028750
2 0.870536 0.485938 0.017857 0.025000
2 0.968750 0.346875 0.035714 0.012500
2 0.964732 0.373750 0.032143 0.010000
2 0.966518 0.408750 0.035714 0.011250
2 0.967857 0.423125 0.033929 0.015000
2 0.968304 0.435313 0.030357 0.011250
2 0.966964 0.447813 0.032143 0.011250
2 0.968304 0.460938 0.039286 0.012500
2 0.965625 0.472187 0.033929 0.010000
2 0.966964 0.483125 0.032143 0.010000
2 0.963839 0.496250 0.030357 0.011250
2 0.964286 0.510000 0.035714 0.013750
2 0.963839 0.523750 0.039286 0.010000
2 0.925000 0.548125 0.019643 0.027500
2 0.907589 0.545625 0.016071 0.028750
2 0.854018 0.542500 0.016071 0.028750
2 0.836161 0.545937 0.016071 0.032500
2 0.820089 0.545937 0.019643 0.026250
2 0.799107 0.545312 0.017857 0.025000
2 0.765625 0.543750 0.017857 0.031250
2 0.747768 0.542188 0.017857 0.025000
2 0.711161 0.541250 0.016071 0.026250
2 0.657589 0.541563 0.016071 0.023750
2 0.628571 0.541250 0.016071 0.026250
2 0.954911 0.768750 0.012500 0.025000
2 0.937500 0.793125 0.017857 0.030000
2 0.918750 0.793750 0.016071 0.025000
2 0.886161 0.792812 0.017857 0.026250
2 0.562054 0.945312 0.021429 0.025000
2 0.862946 0.796875 0.016071 0.025000
2 0.848214 0.792188 0.017857 0.025000
2 0.829464 0.795312 0.016071 0.025000
2 0.808929 0.794375 0.019643 0.026250
2 0.776786 0.790625 0.017857 0.025000
2 0.740179 0.790312 0.016071 0.021250
2 0.720089 0.795625 0.016071 0.028750
2 0.705804 0.794063 0.014286 0.028750
2 0.686607 0.789062 0.016071 0.025000
2 0.666071 0.790625 0.019643 0.025000
2 0.650446 0.792812 0.019643 0.026250
2 0.630357 0.792500 0.019643 0.028750
2 0.879911 0.823438 0.032143 0.012500
2 0.950893 0.859375 0.017857 0.025000
2 0.924107 0.860938 0.017857 0.025000
2 0.869643 0.860000 0.016071 0.026250
2 0.843750 0.857500 0.017857 0.021250
2 0.825000 0.858750 0.016071 0.023750
2 0.808036 0.856250 0.017857 0.025000
2 0.790179 0.854688 0.017857 0.025000
2 0.770536 0.856250 0.014286 0.025000
2 0.754464 0.855937 0.017857 0.027500
2 0.715625 0.858750 0.016071 0.023750
2 0.698214 0.857500 0.012500 0.027500
2 0.679018 0.855312 0.014286 0.026250
2 0.647321 0.853438 0.017857 0.022500
2 0.589286 0.851562 0.017857 0.025000
2 0.836161 0.482188 0.016071 0.023750
2 0.800446 0.485313 0.016071 0.023750
2 0.767857 0.358750 0.017857 0.023750
2 0.564732 0.349062 0.017857 0.026250
2 0.633929 0.358125 0.017857 0.022500
2 0.733929 0.357187 0.021429 0.030000
2 0.857143 0.360312 0.017857 0.023750
2 0.766964 0.481563 0.016071 0.022500
2 0.873661 0.358125 0.019643 0.028750
2 0.577232 0.054688 0.042857 0.012500
2 0.579464 0.393125 0.025000 0.030000
2 0.635268 0.389688 0.016071 0.026250
2 0.660714 0.385625 0.017857 0.027500
2 0.840179 0.390625 0.019643 0.025000
2 0.612500 0.452500 0.019643 0.023750
2 0.631696 0.447187 0.017857 0.028750
2 0.674107 0.446250 0.017857 0.023750
2 0.576786 0.482812 0.019643 0.025000
2 0.610714 0.482188 0.016071 0.023750
2 0.628571 0.480000 0.016071 0.022500
2 0.729911 0.452187 0.017857 0.026250
2 0.694643 0.481250 0.014286 0.025000
2 0.726786 0.482500 0.016071 0.021250
