2 0.498214 0.905000 0.014286 0.003750
2 0.496875 0.896250 0.016071 0.005000
2 0.435714 0.964687 0.005357 0.013750
2 0.473661 0.996875 0.014286 0.006250
2 0.500446 0.915938 0.014286 0.003750
2 0.499107 0.908750 0.016071 0.005000
2 0.720089 0.720313 0.025000 0.006250
2 0.599107 0.715000 0.028571 0.023750
2 0.574554 0.768125 0.010714 0.023750
2 0.562500 0.856250 0.008929 0.012500
2 0.579464 0.857187 0.007143 0.011250
2 0.588393 0.856250 0.007143 0.012500
2 0.597321 0.857187 0.007143 0.011250
2 0.606250 0.857187 0.007143 0.011250
2 0.612946 0.857187 0.007143 0.011250
2 0.619643 0.855625 0.007143 0.011250
2 0.628571 0.855312 0.007143 0.013750
2 0.637500 0.855625 0.007143 0.011250
2 0.808482 0.886875 0.014286 0.005000
2 0.809375 0.894688 0.016071 0.005000
2 0.809821 0.899375 0.012500 0.005000
2 0.808482 0.918125 0.014286 0.005000
2 0.807143 0.930625 0.016071 0.005000
2 0.807143 0.936875 0.016071 0.005000
2 0.807143 0.943125 0.016071 0.005000
2 0.806696 0.949375 0.019643 0.005000
2 0.804911 0.961875 0.016071 0.005000
2 0.804911 0.967500 0.016071 0.003750
2 0.803571 0.975000 0.017857 0.006250
2 0.802679 0.980000 0.016071 0.003750
2 0.804911 0.985938 0.016071 0.006250
2 0.807143 0.991563 0.016071 0.005000
2 0.543304 0.978750 0.019643 0.007500
2 0.543750 0.997812 0.016071 0.005000
2 0.569643 0.855625 0.005357 0.011250
2 0.552679 0.856250 0.007143 0.012500
2 0.543750 0.856250 0.007143 0.012500
2 0.781696 0.854063 0.005357 0.011250
2 0.766964 0.856250 0.007143 0.012500
2 0.758036 0.857812 0.007143 0.012500
2 0.740179 0.857500 0.007143 0.015000
2 0.722321 0.857187 0.007143 0.011250
2 0.713393 0.857187 0.007143 0.011250
2 0.695536 0.858750 0.007143 0.011250
2 0.686607 0.857187 0.007143 0.011250
2 0.677679 0.856250 0.007143 0.012500
2 0.670982 0.854688 0.007143 0.012500
2 0.662946 0.855625 0.008929 0.011250
2 0.652232 0.855625 0.005357 0.011250
2 0.525000 0.855312 0.005357 0.013750
2 0.534821 0.855312 0.007143 0.013750
2 0.448214 0.767500 0.012500 0.016250
2 0.474107 0.771563 0.010714 0.015000
2 0.806696 0.956250 0.019643 0.006250
