2 0.129464 0.147812 0.008929 0.011250
2 0.128125 0.205625 0.019643 0.011250
2 0.174554 0.250312 0.023214 0.010000
2 0.206696 0.277500 0.016071 0.011250
2 0.242857 0.233125 0.012500 0.016250
2 0.226339 0.230000 0.010714 0.016250
2 0.215179 0.230000 0.010714 0.016250
2 0.157143 0.153125 0.010714 0.012500
2 0.176339 0.153125 0.008929 0.012500
2 0.186161 0.154688 0.010714 0.012500
2 0.249554 0.163125 0.012500 0.013750
2 0.344643 0.175625 0.010714 0.013750
2 0.285714 0.280313 0.008929 0.013750
2 0.319196 0.285312 0.008929 0.011250
2 0.145982 0.222812 0.019643 0.011250
2 0.134375 0.215000 0.023214 0.011250
2 0.182589 0.185000 0.012500 0.013750
2 0.154911 0.181875 0.010714 0.013750
2 0.258036 0.277500 0.007143 0.011250
2 0.274554 0.279687 0.008929 0.012500
2 0.302232 0.282813 0.010714 0.012500
2 0.308036 0.296250 0.008929 0.011250
2 0.292411 0.293750 0.008929 0.012500
2 0.231250 0.300312 0.016071 0.010000
2 0.239732 0.310625 0.019643 0.008750
2 0.244643 0.315312 0.016071 0.008750
2 0.253571 0.321875 0.016071 0.012500
2 0.264732 0.331562 0.016071 0.010000
2 0.266964 0.337812 0.016071 0.010000
2 0.344643 0.351250 0.019643 0.008750
2 0.439732 0.138437 0.017857 0.017500
2 0.620536 0.016875 0.026786 0.015000
2 0.652679 0.040313 0.010714 0.015000
2 0.679464 0.042812 0.010714 0.013750
2 0.689286 0.042812 0.012500 0.013750
2 0.663839 0.069375 0.010714 0.013750
2 0.643750 0.082187 0.010714 0.011250
2 0.654018 0.070312 0.008929 0.012500
2 0.673214 0.071563 0.007143 0.015000
2 0.683929 0.073750 0.010714 0.016250
2 0.736161 0.052187 0.012500 0.013750
2 0.721429 0.078125 0.014286 0.012500
2 0.733036 0.077187 0.010714 0.013750
2 0.741964 0.078750 0.010714 0.013750
2 0.758929 0.082812 0.008929 0.012500
2 0.767857 0.083125 0.008929 0.016250
2 0.779018 0.085000 0.008929 0.013750
2 0.652679 0.082812 0.010714 0.012500
2 0.716518 0.090000 0.008929 0.011250
2 0.754464 0.096250 0.008929 0.011250
2 0.766518 0.097500 0.010714 0.013750
2 0.607143 0.110625 0.008929 0.015000
2 0.653571 0.113750 0.012500 0.015000
2 0.798214 0.157500 0.016071 0.021250
2 0.500000 0.066250 0.008929 0.013750
2 0.720536 0.123750 0.012500 0.016250
2 0.767857 0.127812 0.008929 0.015000
2 0.758929 0.128438 0.008929 0.016250
2 0.740179 0.124687 0.007143 0.015000
2 0.700893 0.119375 0.008929 0.013750
2 0.820982 0.225000 0.012500 0.018750
2 0.707143 0.213125 0.012500 0.013750
2 0.959821 0.438125 0.008929 0.013750
2 0.979464 0.484375 0.012500 0.012500
2 0.932589 0.474062 0.012500 0.013750
2 0.955804 0.455000 0.014286 0.016250
2 0.970982 0.439063 0.008929 0.012500
2 0.969643 0.453750 0.010714 0.013750
2 0.755804 0.447813 0.016071 0.011250
2 0.654911 0.435625 0.019643 0.008750
2 0.818750 0.737187 0.012500 0.015000
