2 0.235714 0.966562 0.016071 0.005000
2 0.237946 0.933750 0.016071 0.005000
2 0.238839 0.938438 0.017857 0.005000
2 0.237946 0.943750 0.016071 0.006250
2 0.238839 0.949375 0.017857 0.005000
2 0.237946 0.956250 0.016071 0.006250
2 0.236607 0.960938 0.017857 0.006250
2 0.235714 0.981875 0.016071 0.007500
2 0.824107 0.831875 0.014286 0.020000
2 0.237946 0.987500 0.016071 0.006250
2 0.236607 0.993125 0.017857 0.005000
2 0.237946 0.929063 0.016071 0.005000
2 0.235714 0.924375 0.016071 0.005000
2 0.236607 0.912500 0.017857 0.006250
2 0.235714 0.906250 0.016071 0.006250
2 0.238839 0.900938 0.017857 0.005000
2 0.237946 0.895312 0.016071 0.006250
2 0.237946 0.891563 0.016071 0.005000
2 0.237946 0.887500 0.016071 0.006250
2 0.237946 0.868750 0.016071 0.006250
2 0.238839 0.881250 0.017857 0.006250
2 0.428571 0.982812 0.008929 0.012500
2 0.417411 0.982812 0.008929 0.012500
2 0.401786 0.982187 0.008929 0.011250
2 0.384821 0.981563 0.010714 0.010000
2 0.357143 0.983750 0.008929 0.011250
2 0.341518 0.981563 0.008929 0.010000
2 0.323661 0.981250 0.008929 0.012500
2 0.480357 0.980625 0.014286 0.005000
2 0.480357 0.986875 0.014286 0.005000
2 0.477232 0.999062 0.012500 0.001250
2 0.479911 0.992188 0.017857 0.006250
2 0.299107 0.979063 0.008929 0.011250
2 0.270982 0.980312 0.010714 0.013750
2 0.445089 0.968125 0.010714 0.011250
2 0.560268 0.939375 0.008929 0.010000
2 0.385714 0.940625 0.012500 0.012500
2 0.395089 0.940625 0.008929 0.012500
2 0.418304 0.940938 0.010714 0.010000
2 0.428571 0.940938 0.008929 0.010000
2 0.436607 0.940938 0.007143 0.010000
2 0.444196 0.941563 0.008929 0.011250
2 0.484375 0.940000 0.008929 0.011250
2 0.492411 0.940000 0.007143 0.011250
2 0.499107 0.940000 0.007143 0.011250
2 0.508929 0.940000 0.008929 0.011250
2 0.520982 0.941563 0.010714 0.011250
2 0.529018 0.940938 0.008929 0.010000
2 0.537946 0.940625 0.008929 0.012500
2 0.545982 0.941563 0.007143 0.011250
2 0.568304 0.939375 0.007143 0.010000
2 0.366071 0.941250 0.008929 0.013750
2 0.574554 0.940000 0.010714 0.011250
2 0.607589 0.939063 0.014286 0.006250
2 0.607589 0.945312 0.014286 0.006250
2 0.641518 0.944688 0.019643 0.005000
2 0.640625 0.938438 0.017857 0.005000
2 0.606250 0.927500 0.007143 0.011250
2 0.623214 0.921562 0.014286 0.008750
2 0.292411 0.924375 0.008929 0.011250
2 0.301339 0.924375 0.008929 0.011250
2 0.307143 0.925938 0.007143 0.011250
2 0.323661 0.927500 0.008929 0.011250
2 0.333929 0.925938 0.007143 0.011250
2 0.343750 0.926875 0.008929 0.010000
2 0.357143 0.925938 0.008929 0.011250
2 0.375000 0.940625 0.008929 0.012500
2 0.358482 0.940625 0.007143 0.012500
2 0.436607 0.969063 0.007143 0.010000
2 0.341518 0.965625 0.008929 0.012500
2 0.427679 0.968125 0.007143 0.011250
2 0.418750 0.965625 0.007143 0.012500
2 0.410714 0.967187 0.008929 0.012500
2 0.400893 0.968125 0.007143 0.011250
2 0.392857 0.965938 0.008929 0.010000
2 0.383929 0.966562 0.008929 0.011250
2 0.376339 0.965625 0.007143 0.012500
2 0.482143 0.964063 0.008929 0.012500
2 0.504464 0.966250 0.008929 0.013750
2 0.514732 0.966250 0.007143 0.013750
2 0.520536 0.965625 0.005357 0.012500
2 0.528125 0.965625 0.007143 0.012500
2 0.367411 0.965625 0.007143 0.012500
2 0.357143 0.967187 0.008929 0.012500
2 0.333929 0.967187 0.007143 0.012500
2 0.333482 0.940000 0.010714 0.011250
2 0.323661 0.965625 0.008929 0.012500
2 0.314732 0.966562 0.008929 0.011250
2 0.301339 0.965625 0.008929 0.012500
2 0.290179 0.966875 0.008929 0.008750
2 0.282589 0.965625 0.007143 0.012500
2 0.272321 0.965625 0.008929 0.012500
2 0.273661 0.938438 0.007143 0.011250
2 0.274554 0.924375 0.008929 0.011250
2 0.283482 0.925000 0.008929 0.012500
2 0.281696 0.938438 0.005357 0.011250
2 0.300446 0.940000 0.007143 0.011250
2 0.308036 0.939375 0.008929 0.010000
2 0.316071 0.939375 0.007143 0.010000
2 0.324554 0.940625 0.010714 0.012500
2 0.291518 0.672500 0.016071 0.007500
2 0.248661 0.576250 0.019643 0.008750
2 0.250000 0.582500 0.017857 0.008750
2 0.253571 0.588125 0.016071 0.007500
2 0.254464 0.592812 0.017857 0.007500
2 0.255804 0.599062 0.016071 0.007500
2 0.261607 0.603750 0.014286 0.007500
2 0.262500 0.608437 0.016071 0.007500
2 0.266071 0.615313 0.014286 0.008750
2 0.269196 0.621563 0.016071 0.008750
2 0.271875 0.626250 0.012500 0.008750
2 0.277679 0.638750 0.019643 0.008750
2 0.284821 0.655312 0.016071 0.007500
2 0.290179 0.666250 0.017857 0.007500
2 0.279464 0.650625 0.014286 0.007500
2 0.295089 0.678750 0.014286 0.007500
2 0.302679 0.733750 0.007143 0.011250
2 0.297321 0.683437 0.014286 0.007500
2 0.319643 0.649062 0.014286 0.007500
2 0.316071 0.643437 0.016071 0.008750
2 0.313839 0.635938 0.016071 0.006250
2 0.312500 0.630312 0.017857 0.007500
2 0.309375 0.625000 0.016071 0.006250
2 0.297768 0.595625 0.019643 0.010000
2 0.291964 0.590313 0.021429 0.008750
2 0.302232 0.606563 0.019643 0.010000
2 0.303571 0.613750 0.017857 0.008750
2 0.420536 0.640625 0.010714 0.012500
2 0.429464 0.643750 0.010714 0.012500
2 0.330357 0.668750 0.017857 0.006250
2 0.298214 0.688125 0.016071 0.007500
2 0.311607 0.733750 0.007143 0.011250
2 0.294643 0.732812 0.008929 0.012500
2 0.308036 0.700625 0.017857 0.007500
2 0.027679 0.783125 0.019643 0.010000
2 0.025000 0.792188 0.023214 0.012500
2 0.137946 0.827500 0.021429 0.011250
2 0.275893 0.732187 0.007143 0.011250
2 0.174107 0.756875 0.017857 0.007500
2 0.173214 0.763437 0.016071 0.005000
2 0.179464 0.776250 0.019643 0.008750
2 0.184821 0.783125 0.021429 0.010000
2 0.186161 0.788125 0.019643 0.007500
2 0.191518 0.794687 0.021429 0.011250
2 0.191964 0.800625 0.017857 0.007500
2 0.202232 0.820937 0.016071 0.020000
2 0.198661 0.745625 0.008929 0.010000
2 0.207143 0.744062 0.012500 0.010000
2 0.229464 0.737500 0.012500 0.012500
2 0.238839 0.735938 0.008929 0.012500
2 0.258929 0.733125 0.008929 0.010000
2 0.266964 0.733125 0.007143 0.010000
2 0.302679 0.694375 0.016071 0.007500
2 0.307143 0.706250 0.016071 0.006250
2 0.275893 0.815625 0.007143 0.012500
2 0.281250 0.760000 0.008929 0.013750
2 0.272321 0.760313 0.008929 0.011250
2 0.233482 0.800938 0.007143 0.011250
2 0.250000 0.801875 0.008929 0.010000
2 0.258929 0.801875 0.008929 0.010000
2 0.275893 0.802500 0.007143 0.011250
2 0.285714 0.801250 0.008929 0.008750
2 0.293750 0.800938 0.007143 0.011250
2 0.302232 0.800938 0.010714 0.011250
2 0.311607 0.801875 0.007143 0.010000
2 0.329464 0.803125 0.007143 0.012500
2 0.250000 0.815625 0.008929 0.012500
2 0.258929 0.815625 0.008929 0.012500
2 0.266964 0.816250 0.007143 0.013750
2 0.294643 0.814688 0.008929 0.013750
2 0.299107 0.761875 0.008929 0.011250
2 0.302232 0.813750 0.010714 0.015000
2 0.310268 0.815312 0.008929 0.015000
2 0.318304 0.815625 0.007143 0.012500
2 0.337054 0.815000 0.008929 0.011250
2 0.345982 0.816563 0.008929 0.011250
2 0.290179 0.760938 0.008929 0.012500
2 0.308929 0.761875 0.010714 0.011250
2 0.308036 0.712500 0.017857 0.006250
2 0.470089 0.721250 0.007143 0.011250
2 0.308036 0.718125 0.017857 0.005000
2 0.411607 0.711875 0.010714 0.011250
2 0.388393 0.673125 0.017857 0.008750
2 0.421875 0.685312 0.008929 0.011250
2 0.429464 0.689375 0.010714 0.010000
2 0.438393 0.689375 0.010714 0.010000
2 0.448214 0.690937 0.012500 0.010000
2 0.471875 0.696875 0.010714 0.012500
2 0.480357 0.697500 0.014286 0.013750
2 0.425893 0.714687 0.012500 0.013750
2 0.434821 0.715000 0.012500 0.011250
2 0.442857 0.717812 0.010714 0.013750
2 0.449554 0.718125 0.010714 0.011250
2 0.458482 0.719375 0.010714 0.013750
2 0.477232 0.724062 0.012500 0.013750
2 0.316071 0.761562 0.007143 0.013750
2 0.491071 0.728125 0.008929 0.012500
2 0.500893 0.728125 0.010714 0.012500
2 0.509821 0.730312 0.010714 0.013750
2 0.216964 0.770312 0.014286 0.012500
2 0.225893 0.768125 0.014286 0.011250
2 0.234821 0.766563 0.014286 0.011250
2 0.241964 0.765625 0.010714 0.012500
2 0.238839 0.779687 0.017857 0.006250
2 0.255804 0.773438 0.007143 0.012500
2 0.263393 0.774375 0.008929 0.011250
2 0.272321 0.773438 0.008929 0.012500
2 0.287946 0.774062 0.008929 0.013750
2 0.296875 0.774062 0.008929 0.013750
2 0.307143 0.772500 0.007143 0.013750
2 0.367411 0.925938 0.007143 0.011250
2 0.376339 0.925938 0.007143 0.011250
2 0.383929 0.926562 0.008929 0.012500
2 0.645089 0.831250 0.017857 0.006250
2 0.438839 0.817187 0.007143 0.012500
2 0.447321 0.817187 0.010714 0.012500
2 0.463393 0.817187 0.007143 0.012500
2 0.472321 0.816563 0.007143 0.011250
2 0.507589 0.818750 0.010714 0.012500
2 0.523661 0.818125 0.007143 0.011250
2 0.532589 0.816563 0.007143 0.011250
2 0.546875 0.819688 0.008929 0.011250
2 0.558036 0.820312 0.008929 0.012500
2 0.575893 0.819063 0.008929 0.010000
2 0.591518 0.818125 0.008929 0.011250
2 0.600446 0.818125 0.008929 0.011250
2 0.609375 0.818125 0.008929 0.011250
2 0.647321 0.837500 0.017857 0.006250
2 0.645089 0.826562 0.017857 0.006250
2 0.412946 0.816563 0.008929 0.011250
2 0.646429 0.821250 0.016071 0.005000
2 0.647321 0.816563 0.017857 0.005000
2 0.647321 0.811875 0.017857 0.005000
2 0.646429 0.805625 0.016071 0.005000
2 0.647321 0.800000 0.017857 0.006250
2 0.377232 0.801875 0.008929 0.010000
2 0.389286 0.802500 0.010714 0.011250
2 0.397768 0.803438 0.005357 0.010000
2 0.406250 0.803125 0.008929 0.012500
2 0.429464 0.802500 0.010714 0.011250
2 0.446429 0.803125 0.008929 0.012500
2 0.455357 0.803125 0.008929 0.012500
2 0.463393 0.803125 0.007143 0.012500
2 0.473214 0.803438 0.008929 0.010000
2 0.420536 0.816563 0.010714 0.011250
2 0.405357 0.815625 0.007143 0.012500
2 0.491071 0.805000 0.008929 0.010000
2 0.368304 0.844375 0.008929 0.013750
2 0.579464 0.846250 0.007143 0.011250
2 0.571429 0.846250 0.008929 0.011250
2 0.560268 0.846250 0.008929 0.011250
2 0.530357 0.846250 0.007143 0.011250
2 0.520089 0.844688 0.008929 0.011250
2 0.276786 0.843750 0.008929 0.012500
2 0.284375 0.843750 0.010714 0.012500
2 0.293750 0.845313 0.007143 0.012500
2 0.302232 0.842812 0.010714 0.013750
2 0.317857 0.843125 0.010714 0.011250
2 0.328125 0.843750 0.008929 0.012500
2 0.336161 0.843750 0.007143 0.012500
2 0.344643 0.844688 0.010714 0.011250
2 0.358482 0.843750 0.007143 0.012500
2 0.377232 0.845313 0.008929 0.012500
2 0.397321 0.816250 0.008929 0.013750
2 0.383929 0.844375 0.008929 0.013750
2 0.393750 0.845313 0.010714 0.012500
2 0.405357 0.844688 0.007143 0.011250
2 0.415179 0.845625 0.008929 0.010000
2 0.426339 0.844688 0.008929 0.011250
2 0.444196 0.844688 0.008929 0.011250
2 0.455357 0.845625 0.008929 0.010000
2 0.465179 0.844688 0.010714 0.011250
2 0.474554 0.845625 0.007143 0.010000
2 0.485714 0.846250 0.007143 0.011250
2 0.505804 0.846250 0.007143 0.011250
2 0.362500 0.816563 0.010714 0.011250
2 0.378125 0.815625 0.010714 0.012500
2 0.388393 0.815625 0.008929 0.012500
2 0.482143 0.805000 0.008929 0.010000
2 0.500000 0.805625 0.008929 0.011250
2 0.592857 0.860313 0.007143 0.011250
2 0.520089 0.703125 0.017857 0.012500
2 0.779911 0.860000 0.010714 0.013750
2 0.775446 0.670625 0.019643 0.010000
2 0.762946 0.665625 0.012500 0.006250
2 0.770536 0.646250 0.023214 0.011250
2 0.835268 0.629687 0.014286 0.012500
2 0.828571 0.643750 0.014286 0.012500
2 0.782589 0.631563 0.016071 0.010000
2 0.803125 0.615313 0.030357 0.015000
2 0.800446 0.605938 0.025000 0.015000
2 0.968750 0.534375 0.017857 0.012500
2 0.991071 0.514062 0.017857 0.012500
2 0.663393 0.740000 0.014286 0.005000
2 0.507589 0.805312 0.010714 0.013750
2 0.456696 0.775312 0.007143 0.010000
2 0.531250 0.805625 0.008929 0.011250
2 0.543304 0.805312 0.010714 0.013750
2 0.558929 0.805000 0.010714 0.010000
2 0.566964 0.806563 0.008929 0.010000
2 0.574554 0.805625 0.010714 0.011250
2 0.599107 0.807188 0.010714 0.011250
2 0.358482 0.776563 0.007143 0.012500
2 0.379911 0.776563 0.005357 0.012500
2 0.387054 0.775625 0.010714 0.013750
2 0.397321 0.775000 0.008929 0.012500
2 0.406250 0.775625 0.008929 0.013750
2 0.422768 0.775625 0.010714 0.013750
2 0.438393 0.775000 0.010714 0.012500
2 0.448661 0.775000 0.008929 0.012500
2 0.463393 0.775938 0.007143 0.011250
2 0.541964 0.738438 0.012500 0.011250
2 0.473214 0.776563 0.008929 0.012500
2 0.482143 0.777500 0.008929 0.011250
2 0.509821 0.777500 0.010714 0.011250
2 0.525446 0.778125 0.010714 0.012500
2 0.541518 0.776563 0.007143 0.012500
2 0.550000 0.778125 0.010714 0.012500
2 0.559375 0.777500 0.007143 0.011250
2 0.566964 0.778750 0.008929 0.013750
2 0.575893 0.779062 0.008929 0.011250
2 0.583929 0.778750 0.007143 0.013750
2 0.593750 0.779062 0.008929 0.011250
2 0.602679 0.778125 0.008929 0.012500
2 0.610268 0.778125 0.010714 0.012500
2 0.517857 0.733437 0.008929 0.013750
2 0.597321 0.846875 0.007143 0.012500
2 0.584821 0.860313 0.008929 0.011250
2 0.392857 0.925938 0.008929 0.011250
2 0.505804 0.901875 0.007143 0.010000
2 0.385268 0.899375 0.007143 0.011250
2 0.392857 0.898438 0.008929 0.012500
2 0.401786 0.900000 0.008929 0.012500
2 0.409821 0.900938 0.007143 0.011250
2 0.419643 0.900000 0.008929 0.012500
2 0.428571 0.900938 0.008929 0.011250
2 0.436607 0.901250 0.007143 0.008750
2 0.445536 0.900313 0.007143 0.010000
2 0.454464 0.900938 0.007143 0.011250
2 0.463393 0.900625 0.007143 0.013750
2 0.470982 0.902500 0.008929 0.011250
2 0.479018 0.901563 0.007143 0.012500
2 0.486607 0.900938 0.008929 0.011250
2 0.495536 0.900938 0.008929 0.011250
2 0.519196 0.901563 0.007143 0.012500
2 0.368304 0.900000 0.008929 0.012500
2 0.528125 0.900938 0.007143 0.011250
2 0.536607 0.901875 0.010714 0.010000
2 0.546875 0.900938 0.008929 0.011250
2 0.553571 0.901563 0.008929 0.012500
2 0.562500 0.901563 0.008929 0.012500
2 0.571429 0.900938 0.008929 0.011250
2 0.589286 0.902187 0.008929 0.013750
2 0.598214 0.901563 0.008929 0.012500
2 0.607143 0.902500 0.008929 0.011250
2 0.589286 0.887500 0.008929 0.012500
2 0.579464 0.887500 0.007143 0.012500
2 0.641964 0.905625 0.016071 0.005000
2 0.641964 0.900313 0.016071 0.003750
2 0.645089 0.875000 0.017857 0.006250
2 0.376339 0.898438 0.007143 0.012500
2 0.359375 0.900000 0.008929 0.012500
2 0.275893 0.883750 0.007143 0.011250
2 0.532589 0.928125 0.007143 0.012500
2 0.400893 0.926875 0.007143 0.010000
2 0.410714 0.927500 0.008929 0.011250
2 0.419643 0.926562 0.008929 0.012500
2 0.428571 0.927500 0.008929 0.011250
2 0.437500 0.927187 0.008929 0.013750
2 0.445536 0.928125 0.007143 0.012500
2 0.475000 0.918750 0.012500 0.012500
2 0.596875 0.927500 0.010714 0.011250
2 0.583929 0.926562 0.007143 0.012500
2 0.575893 0.926875 0.008929 0.010000
2 0.567857 0.926562 0.010714 0.012500
2 0.560268 0.927500 0.008929 0.011250
2 0.543750 0.928125 0.007143 0.012500
2 0.537054 0.927500 0.007143 0.011250
2 0.484375 0.928125 0.008929 0.012500
2 0.343750 0.899375 0.008929 0.011250
2 0.491071 0.928125 0.008929 0.012500
2 0.500000 0.928750 0.008929 0.013750
2 0.507143 0.927500 0.005357 0.011250
2 0.522321 0.927500 0.008929 0.011250
2 0.514732 0.927187 0.007143 0.013750
2 0.640625 0.912500 0.017857 0.006250
2 0.275893 0.897188 0.007143 0.010000
2 0.283482 0.897188 0.008929 0.010000
2 0.292411 0.897813 0.008929 0.011250
2 0.299107 0.898438 0.008929 0.012500
2 0.308036 0.898750 0.008929 0.010000
2 0.316964 0.898750 0.008929 0.010000
2 0.325893 0.899375 0.008929 0.011250
2 0.334821 0.900000 0.008929 0.012500
2 0.645089 0.880625 0.017857 0.005000
2 0.283482 0.884375 0.008929 0.012500
2 0.575893 0.860938 0.008929 0.012500
2 0.418750 0.857187 0.007143 0.011250
2 0.294643 0.857187 0.008929 0.011250
2 0.303571 0.858125 0.008929 0.010000
2 0.310268 0.857812 0.008929 0.012500
2 0.318304 0.857187 0.007143 0.011250
2 0.327232 0.855625 0.007143 0.011250
2 0.333929 0.857187 0.007143 0.011250
2 0.345536 0.857187 0.012500 0.011250
2 0.357143 0.857812 0.008929 0.012500
2 0.368304 0.858437 0.008929 0.013750
2 0.377232 0.859375 0.008929 0.012500
2 0.385268 0.859375 0.007143 0.012500
2 0.395089 0.858125 0.008929 0.010000
2 0.401786 0.857812 0.008929 0.012500
2 0.412054 0.857187 0.007143 0.011250
2 0.427679 0.857187 0.007143 0.011250
2 0.276786 0.856250 0.008929 0.012500
2 0.436607 0.858750 0.007143 0.011250
2 0.444196 0.858125 0.008929 0.010000
2 0.454464 0.858125 0.007143 0.010000
2 0.463393 0.857812 0.007143 0.012500
2 0.473214 0.858750 0.008929 0.011250
2 0.481250 0.859375 0.007143 0.012500
2 0.488839 0.859375 0.008929 0.012500
2 0.506696 0.858750 0.008929 0.011250
2 0.530357 0.859688 0.007143 0.010000
2 0.519196 0.858125 0.007143 0.010000
2 0.540179 0.859688 0.008929 0.010000
2 0.549107 0.859688 0.008929 0.010000
2 0.558929 0.859375 0.010714 0.012500
2 0.568304 0.859375 0.007143 0.012500
2 0.285714 0.857187 0.008929 0.011250
2 0.571429 0.888437 0.008929 0.011250
2 0.292411 0.884375 0.008929 0.012500
2 0.427679 0.886875 0.007143 0.011250
2 0.301339 0.884375 0.008929 0.012500
2 0.309375 0.884688 0.007143 0.010000
2 0.319196 0.885313 0.008929 0.011250
2 0.328125 0.883750 0.008929 0.011250
2 0.337054 0.884375 0.008929 0.012500
2 0.345982 0.883750 0.008929 0.011250
2 0.357143 0.883750 0.008929 0.011250
2 0.366071 0.885000 0.008929 0.013750
2 0.377232 0.883750 0.008929 0.011250
2 0.386161 0.884688 0.008929 0.010000
2 0.394196 0.885313 0.007143 0.011250
2 0.403125 0.884375 0.007143 0.012500
2 0.412946 0.884375 0.008929 0.012500
2 0.419643 0.886875 0.008929 0.011250
2 0.437500 0.886875 0.008929 0.011250
2 0.566071 0.888437 0.007143 0.011250
2 0.446429 0.886875 0.008929 0.011250
2 0.455357 0.886875 0.008929 0.011250
2 0.463393 0.885938 0.007143 0.012500
2 0.473214 0.885313 0.008929 0.011250
2 0.482143 0.886250 0.008929 0.010000
2 0.488839 0.884688 0.008929 0.010000
2 0.498214 0.885313 0.005357 0.011250
2 0.505804 0.884688 0.007143 0.010000
2 0.520982 0.885313 0.010714 0.011250
2 0.580357 0.900000 0.008929 0.012500
2 0.529911 0.885938 0.010714 0.012500
2 0.539286 0.885313 0.007143 0.011250
2 0.548214 0.886250 0.007143 0.010000
2 0.558036 0.885938 0.008929 0.012500
