2 0.458929 0.994375 0.016071 0.007500
2 0.433482 0.993437 0.023214 0.008750
2 0.503571 0.992188 0.016071 0.006250
2 0.511161 0.923438 0.017857 0.006250
2 0.513839 0.935000 0.023214 0.007500
2 0.510714 0.947500 0.021429 0.007500
2 0.508929 0.954688 0.017857 0.006250
2 0.508929 0.959375 0.017857 0.006250
2 0.509821 0.964063 0.019643 0.006250
2 0.506696 0.968750 0.017857 0.006250
2 0.505357 0.975000 0.019643 0.006250
2 0.505357 0.980625 0.019643 0.005000
2 0.504464 0.985938 0.017857 0.006250
2 0.504464 0.995937 0.017857 0.007500
2 0.268750 0.995000 0.010714 0.008750
2 0.513393 0.917188 0.017857 0.006250
2 0.515625 0.910937 0.017857 0.006250
2 0.517857 0.903750 0.017857 0.007500
2 0.484375 0.838438 0.017857 0.005000
2 0.491964 0.792812 0.019643 0.007500
2 0.488839 0.798438 0.017857 0.006250
2 0.488839 0.804688 0.017857 0.006250
2 0.487500 0.810937 0.019643 0.006250
2 0.487500 0.817187 0.019643 0.006250
2 0.486161 0.822500 0.021429 0.007500
2 0.523661 0.845313 0.016071 0.006250
2 0.524554 0.849375 0.017857 0.005000
2 0.523214 0.856875 0.019643 0.007500
2 0.522321 0.862500 0.017857 0.006250
2 0.458929 0.836875 0.016071 0.005000
2 0.493304 0.781875 0.017857 0.007500
2 0.457589 0.843125 0.017857 0.005000
2 0.459821 0.846875 0.017857 0.006250
2 0.457143 0.853438 0.021429 0.010000
2 0.456250 0.857812 0.019643 0.006250
2 0.456250 0.869375 0.019643 0.007500
2 0.454018 0.878125 0.019643 0.006250
2 0.451786 0.883437 0.019643 0.007500
2 0.450000 0.889062 0.016071 0.006250
2 0.450000 0.894375 0.016071 0.007500
2 0.448661 0.900000 0.017857 0.006250
2 0.492411 0.786875 0.016071 0.005000
2 0.494196 0.775000 0.019643 0.006250
2 0.466964 0.973437 0.023214 0.006250
2 0.467857 0.794687 0.016071 0.005000
2 0.290179 0.870937 0.008929 0.013750
2 0.415179 0.805625 0.017857 0.005000
2 0.415179 0.811562 0.017857 0.007500
2 0.493750 0.757188 0.014286 0.005000
2 0.496429 0.763437 0.019643 0.005000
2 0.494643 0.769375 0.016071 0.007500
2 0.468750 0.767813 0.017857 0.007500
2 0.467857 0.774375 0.016071 0.005000
2 0.466518 0.784687 0.017857 0.003750
2 0.468750 0.789062 0.017857 0.006250
2 0.463393 0.805625 0.016071 0.005000
2 0.525446 0.819375 0.019643 0.007500
2 0.460714 0.814063 0.019643 0.006250
2 0.536607 0.761875 0.019643 0.005000
2 0.535714 0.768750 0.017857 0.006250
2 0.536607 0.774375 0.019643 0.005000
2 0.536607 0.780000 0.019643 0.003750
2 0.534375 0.784375 0.019643 0.006250
2 0.531250 0.794375 0.017857 0.007500
2 0.531250 0.800000 0.017857 0.006250
2 0.527679 0.806250 0.019643 0.006250
2 0.525893 0.813125 0.016071 0.007500
2 0.449107 0.906250 0.023214 0.006250
2 0.450893 0.912500 0.017857 0.006250
2 0.445982 0.917188 0.021429 0.006250
2 0.397321 0.926562 0.017857 0.006250
2 0.466518 0.950000 0.017857 0.006250
2 0.441071 0.943750 0.016071 0.006250
2 0.441964 0.948438 0.017857 0.006250
2 0.441518 0.954688 0.021429 0.006250
2 0.399107 0.951250 0.021429 0.008750
2 0.401339 0.916875 0.021429 0.008750
2 0.406250 0.881250 0.017857 0.006250
2 0.405357 0.886562 0.016071 0.007500
2 0.406250 0.892500 0.017857 0.003750
2 0.406250 0.900000 0.017857 0.006250
2 0.401786 0.932188 0.017857 0.005000
2 0.445089 0.922813 0.019643 0.005000
2 0.401339 0.938125 0.021429 0.007500
2 0.398214 0.962500 0.019643 0.006250
2 0.393304 0.973125 0.023214 0.008750
2 0.393750 0.980625 0.019643 0.005000
2 0.394196 0.986875 0.016071 0.005000
2 0.390179 0.994375 0.021429 0.007500
2 0.438393 0.964687 0.019643 0.007500
2 0.467411 0.955313 0.019643 0.007500
2 0.465179 0.960938 0.019643 0.006250
2 0.465625 0.967187 0.016071 0.006250
2 0.469643 0.943437 0.019643 0.008750
2 0.470089 0.938125 0.016071 0.007500
2 0.471875 0.932188 0.019643 0.005000
2 0.472768 0.925000 0.021429 0.006250
2 0.442857 0.928125 0.019643 0.006250
2 0.445536 0.932813 0.016071 0.006250
2 0.519643 0.870937 0.021429 0.007500
2 0.523214 0.877188 0.019643 0.007500
2 0.521429 0.883437 0.016071 0.007500
2 0.520536 0.891250 0.014286 0.007500
2 0.520536 0.895625 0.014286 0.003750
2 0.485268 0.844375 0.019643 0.007500
2 0.486161 0.850625 0.021429 0.007500
2 0.483036 0.856250 0.019643 0.006250
2 0.480804 0.863125 0.019643 0.007500
2 0.479464 0.869375 0.021429 0.007500
2 0.478571 0.875625 0.019643 0.007500
2 0.478571 0.881250 0.019643 0.006250
2 0.476339 0.885938 0.019643 0.006250
2 0.476339 0.892188 0.019643 0.006250
2 0.476786 0.897813 0.016071 0.005000
2 0.476786 0.903125 0.016071 0.006250
2 0.472321 0.908125 0.016071 0.003750
2 0.473214 0.915000 0.017857 0.005000
2 0.470089 0.919687 0.016071 0.005000
2 0.290179 0.856250 0.008929 0.012500
2 0.295536 0.831563 0.010714 0.016250
2 0.287500 0.910000 0.012500 0.013750
2 0.858929 0.497500 0.021429 0.007500
2 0.889286 0.541250 0.019643 0.007500
2 0.916071 0.518750 0.019643 0.006250
2 0.897321 0.511875 0.017857 0.005000
2 0.898214 0.518125 0.019643 0.005000
2 0.899107 0.506250 0.021429 0.006250
2 0.899554 0.495312 0.017857 0.006250
2 0.898214 0.488750 0.019643 0.008750
2 0.864732 0.456250 0.019643 0.006250
2 0.865625 0.469375 0.021429 0.007500
2 0.864286 0.485000 0.023214 0.007500
2 0.856696 0.503750 0.021429 0.007500
2 0.912054 0.549375 0.016071 0.005000
2 0.856696 0.509375 0.021429 0.006250
2 0.857143 0.515625 0.017857 0.006250
2 0.851786 0.525625 0.016071 0.007500
2 0.852679 0.531875 0.017857 0.007500
2 0.852232 0.538750 0.021429 0.008750
2 0.851339 0.545000 0.019643 0.008750
2 0.826786 0.543750 0.019643 0.006250
2 0.828125 0.535625 0.017857 0.008750
2 0.833929 0.525625 0.016071 0.007500
2 0.833482 0.508437 0.019643 0.007500
2 0.890179 0.547500 0.021429 0.007500
2 0.971429 0.551875 0.023214 0.010000
2 0.838839 0.484375 0.021429 0.006250
2 0.988839 0.940312 0.017857 0.008750
2 0.954464 0.532500 0.016071 0.008750
2 0.836607 0.502188 0.021429 0.007500
2 0.838839 0.468438 0.021429 0.008750
2 0.276339 0.961562 0.012500 0.013750
2 0.748661 0.384375 0.019643 0.006250
2 0.790179 0.374375 0.017857 0.005000
2 0.794643 0.359063 0.017857 0.008750
2 0.793304 0.352187 0.019643 0.007500
2 0.795536 0.335000 0.019643 0.007500
2 0.762054 0.314063 0.019643 0.006250
2 0.756250 0.332813 0.021429 0.006250
2 0.755357 0.337500 0.019643 0.006250
2 0.755357 0.350000 0.019643 0.006250
2 0.749107 0.366250 0.016071 0.007500
2 0.750446 0.372500 0.023214 0.007500
2 0.747768 0.389062 0.017857 0.006250
2 0.788393 0.390000 0.023214 0.011250
2 0.746875 0.395937 0.016071 0.007500
2 0.746429 0.402187 0.019643 0.007500
2 0.745536 0.406875 0.017857 0.007500
2 0.743304 0.413125 0.017857 0.007500
2 0.741071 0.419375 0.017857 0.007500
2 0.741071 0.424062 0.017857 0.007500
2 0.743304 0.431250 0.017857 0.006250
2 0.736607 0.436875 0.017857 0.005000
2 0.735714 0.447500 0.016071 0.007500
2 0.735714 0.459063 0.016071 0.008750
2 0.790179 0.380625 0.017857 0.005000
2 0.787500 0.410625 0.021429 0.008750
2 0.840625 0.460000 0.025000 0.007500
2 0.795536 0.493750 0.019643 0.006250
2 0.842411 0.449688 0.019643 0.008750
2 0.764286 0.291250 0.019643 0.007500
2 0.762054 0.298125 0.019643 0.008750
2 0.816518 0.369375 0.021429 0.007500
2 0.816518 0.361563 0.021429 0.007500
2 0.801339 0.441563 0.017857 0.005000
2 0.799107 0.446875 0.017857 0.006250
2 0.798214 0.452500 0.016071 0.005000
2 0.799107 0.457813 0.017857 0.006250
2 0.797768 0.487500 0.019643 0.006250
2 0.795982 0.505312 0.025000 0.007500
2 0.787946 0.421875 0.017857 0.006250
2 0.768750 0.532813 0.019643 0.006250
2 0.789286 0.535000 0.016071 0.007500
2 0.765179 0.538125 0.021429 0.007500
2 0.768750 0.519688 0.019643 0.005000
2 0.772768 0.502812 0.023214 0.008750
2 0.774107 0.492812 0.021429 0.007500
2 0.779911 0.463125 0.019643 0.007500
2 0.779911 0.450625 0.019643 0.007500
2 0.782143 0.439687 0.019643 0.007500
2 0.783929 0.430312 0.023214 0.007500
2 0.736161 0.466563 0.012500 0.005000
2 0.735714 0.471250 0.016071 0.005000
2 0.734375 0.499062 0.017857 0.007500
2 0.541071 0.720938 0.019643 0.007500
2 0.566518 0.565000 0.021429 0.005000
2 0.558929 0.594688 0.019643 0.005000
2 0.558036 0.606250 0.017857 0.006250
2 0.559375 0.615625 0.016071 0.006250
2 0.493750 0.615625 0.023214 0.006250
2 0.558929 0.632500 0.019643 0.008750
2 0.552232 0.643750 0.019643 0.006250
2 0.598214 0.643125 0.008929 0.017500
2 0.543304 0.708125 0.019643 0.010000
2 0.544643 0.714687 0.017857 0.007500
2 0.544643 0.725625 0.017857 0.007500
2 0.526786 0.568750 0.017857 0.006250
2 0.542411 0.732187 0.017857 0.005000
2 0.545089 0.737500 0.014286 0.006250
2 0.543750 0.743125 0.016071 0.005000
2 0.541964 0.747812 0.021429 0.005000
2 0.522321 0.584375 0.017857 0.006250
2 0.521429 0.589687 0.016071 0.007500
2 0.525446 0.596875 0.019643 0.006250
2 0.519643 0.604688 0.021429 0.006250
2 0.520089 0.609375 0.017857 0.006250
2 0.518750 0.614062 0.019643 0.006250
2 0.526339 0.575000 0.021429 0.006250
2 0.495536 0.569375 0.017857 0.007500
2 0.474107 0.451250 0.019643 0.008750
2 0.505357 0.524062 0.019643 0.007500
2 0.538393 0.475625 0.014286 0.007500
2 0.539286 0.481875 0.016071 0.007500
2 0.537946 0.493750 0.017857 0.006250
2 0.513393 0.474062 0.017857 0.007500
2 0.512054 0.480312 0.019643 0.007500
2 0.511161 0.484375 0.017857 0.006250
2 0.467857 0.479687 0.016071 0.006250
2 0.465179 0.485625 0.019643 0.008750
2 0.511607 0.490313 0.023214 0.008750
2 0.572768 0.492188 0.016071 0.006250
2 0.508482 0.512500 0.021429 0.006250
2 0.529018 0.556250 0.017857 0.006250
2 0.573661 0.525000 0.017857 0.006250
2 0.533036 0.520937 0.021429 0.007500
2 0.533036 0.528125 0.021429 0.006250
2 0.533036 0.533438 0.021429 0.007500
2 0.568750 0.538750 0.021429 0.008750
2 0.459375 0.528125 0.021429 0.006250
2 0.504911 0.531875 0.023214 0.007500
2 0.529911 0.544375 0.019643 0.007500
2 0.568304 0.549375 0.016071 0.005000
2 0.570089 0.558750 0.019643 0.005000
2 0.515625 0.620937 0.017857 0.007500
2 0.514286 0.626563 0.019643 0.006250
2 0.514286 0.632812 0.019643 0.006250
2 0.435268 0.690625 0.017857 0.006250
2 0.450000 0.582812 0.016071 0.006250
2 0.448661 0.610938 0.017857 0.006250
2 0.443304 0.618750 0.016071 0.006250
2 0.444196 0.632812 0.017857 0.006250
2 0.445089 0.642813 0.019643 0.007500
2 0.442857 0.650000 0.019643 0.006250
2 0.441071 0.655625 0.016071 0.005000
2 0.437500 0.674063 0.017857 0.007500
2 0.437054 0.678125 0.021429 0.006250
2 0.435268 0.683750 0.017857 0.005000
2 0.436607 0.695312 0.016071 0.006250
2 0.514286 0.639687 0.019643 0.007500
2 0.435268 0.725313 0.017857 0.010000
2 0.433036 0.733437 0.017857 0.007500
2 0.429911 0.739687 0.016071 0.007500
2 0.425893 0.749062 0.021429 0.007500
2 0.428125 0.758437 0.021429 0.007500
2 0.418750 0.765313 0.025000 0.008750
2 0.423214 0.786562 0.025000 0.007500
2 0.341518 0.856563 0.008929 0.022500
2 0.340179 0.881250 0.010714 0.018750
2 0.287946 0.884375 0.008929 0.012500
2 0.454018 0.563750 0.019643 0.008750
2 0.475893 0.696875 0.014286 0.006250
2 0.481250 0.692187 0.016071 0.006250
2 0.497768 0.752500 0.017857 0.005000
2 0.487500 0.641250 0.019643 0.007500
2 0.514286 0.654375 0.019643 0.008750
2 0.485714 0.656875 0.016071 0.007500
2 0.511161 0.660937 0.017857 0.006250
2 0.515179 0.666250 0.021429 0.007500
2 0.509821 0.670312 0.019643 0.006250
2 0.484375 0.670937 0.017857 0.007500
2 0.484375 0.675000 0.017857 0.006250
2 0.509821 0.676562 0.019643 0.006250
2 0.506696 0.682500 0.017857 0.008750
2 0.508929 0.689063 0.017857 0.006250
2 0.506250 0.693750 0.021429 0.006250
2 0.505357 0.700000 0.019643 0.006250
2 0.505357 0.705625 0.019643 0.005000
2 0.505357 0.711562 0.019643 0.007500
2 0.504464 0.717812 0.017857 0.007500
2 0.505357 0.725000 0.019643 0.006250
2 0.502232 0.729688 0.017857 0.006250
2 0.501339 0.735938 0.016071 0.006250
2 0.497768 0.741563 0.017857 0.005000
2 0.497768 0.745937 0.017857 0.007500
2 0.540179 0.469375 0.017857 0.007500
2 0.511161 0.464062 0.017857 0.006250
2 0.729464 0.517188 0.021429 0.006250
2 0.715179 0.574062 0.010714 0.013750
2 0.803571 0.579688 0.008929 0.012500
2 0.793750 0.578750 0.007143 0.013750
2 0.784375 0.579375 0.010714 0.015000
2 0.774554 0.577187 0.008929 0.013750
2 0.763393 0.577187 0.008929 0.013750
2 0.755804 0.577500 0.007143 0.011250
2 0.747768 0.575625 0.008929 0.013750
2 0.737500 0.575000 0.010714 0.012500
2 0.729911 0.575937 0.008929 0.011250
2 0.723214 0.575000 0.008929 0.012500
2 0.705357 0.573438 0.008929 0.012500
2 0.828125 0.580313 0.008929 0.013750
2 0.695536 0.573438 0.007143 0.012500
2 0.688839 0.572500 0.007143 0.013750
2 0.680804 0.572500 0.008929 0.013750
2 0.673214 0.572500 0.007143 0.013750
2 0.708929 0.488125 0.016071 0.007500
2 0.710714 0.493750 0.019643 0.006250
2 0.709821 0.499062 0.017857 0.007500
2 0.709821 0.505312 0.017857 0.007500
2 0.708036 0.517813 0.014286 0.007500
2 0.707589 0.522500 0.017857 0.007500
2 0.813393 0.580625 0.010714 0.011250
2 0.870536 0.584063 0.008929 0.015000
2 0.513393 0.455312 0.017857 0.007500
2 0.691964 0.375625 0.017857 0.007500
2 0.727679 0.526250 0.017857 0.008750
2 0.711607 0.482500 0.021429 0.008750
2 0.717411 0.457813 0.019643 0.006250
2 0.714732 0.469375 0.023214 0.007500
2 0.718750 0.430938 0.017857 0.008750
2 0.719643 0.423438 0.019643 0.006250
2 0.721875 0.412500 0.019643 0.006250
2 0.726786 0.399375 0.016071 0.005000
2 0.727679 0.394375 0.017857 0.007500
2 0.727679 0.387500 0.017857 0.006250
2 0.692857 0.368125 0.019643 0.005000
2 0.879464 0.585000 0.008929 0.013750
2 0.727679 0.365625 0.017857 0.006250
2 0.727679 0.371875 0.017857 0.006250
2 0.735714 0.331250 0.016071 0.006250
2 0.737500 0.318125 0.019643 0.005000
2 0.740179 0.295312 0.016071 0.006250
2 0.741071 0.288438 0.017857 0.005000
2 0.937500 0.590313 0.008929 0.015000
2 0.927232 0.588750 0.010714 0.015000
2 0.904018 0.586562 0.008929 0.013750
2 0.706250 0.528750 0.019643 0.007500
2 0.707589 0.534375 0.017857 0.006250
2 0.725446 0.536562 0.017857 0.007500
2 0.555357 0.341250 0.021429 0.007500
2 0.619643 0.478125 0.016071 0.012500
2 0.633482 0.399688 0.012500 0.021250
2 0.637946 0.360938 0.012500 0.018750
2 0.563393 0.257500 0.019643 0.008750
2 0.568750 0.292187 0.021429 0.006250
2 0.489732 0.324063 0.019643 0.007500
2 0.489286 0.331250 0.023214 0.006250
2 0.561607 0.310937 0.025000 0.006250
2 0.557143 0.351562 0.025000 0.006250
2 0.663839 0.550625 0.019643 0.007500
2 0.552232 0.375625 0.019643 0.007500
2 0.553125 0.394375 0.021429 0.007500
2 0.479911 0.398438 0.017857 0.006250
2 0.549107 0.410938 0.017857 0.006250
2 0.520089 0.413125 0.017857 0.007500
2 0.546875 0.423125 0.017857 0.008750
2 0.551786 0.440937 0.023214 0.010000
2 0.576786 0.481250 0.019643 0.006250
2 0.579911 0.470313 0.021429 0.006250
2 0.541964 0.457500 0.021429 0.008750
2 0.700000 0.288438 0.016071 0.005000
2 0.700000 0.295312 0.016071 0.006250
2 0.698661 0.313125 0.017857 0.007500
2 0.665179 0.539062 0.017857 0.006250
2 0.666071 0.532813 0.019643 0.006250
2 0.669643 0.520937 0.017857 0.007500
2 0.669643 0.496875 0.017857 0.006250
2 0.671875 0.490625 0.017857 0.006250
2 0.674107 0.485313 0.017857 0.005000
2 0.675000 0.479687 0.019643 0.006250
2 0.675446 0.471875 0.016071 0.006250
2 0.678571 0.462500 0.017857 0.006250
2 0.677679 0.455625 0.016071 0.005000
2 0.678571 0.450000 0.017857 0.006250
2 0.679911 0.439063 0.016071 0.006250
2 0.682143 0.431875 0.016071 0.007500
2 0.683929 0.414687 0.019643 0.007500
2 0.685268 0.407813 0.017857 0.006250
2 0.683929 0.403750 0.019643 0.007500
2 0.686607 0.391875 0.025000 0.008750
2 0.685268 0.385937 0.017857 0.006250
2 0.686161 0.379688 0.019643 0.006250
2 0.692857 0.342187 0.019643 0.006250
2 0.697321 0.323437 0.019643 0.006250
