2 0.098214 0.793750 0.035714 0.012500
2 0.088839 0.725000 0.030357 0.031250
2 0.087500 0.052812 0.032143 0.027500
2 0.112500 0.005312 0.019643 0.007500
2 0.037054 0.815938 0.016071 0.022500
2 0.099554 0.811875 0.033929 0.011250
2 0.101339 0.837187 0.037500 0.015000
2 0.105357 0.853438 0.041071 0.016250
2 0.726339 0.971875 0.019643 0.025000
2 0.730804 0.947813 0.019643 0.023750
2 0.064286 0.056563 0.030357 0.022500
2 0.104018 0.877812 0.033929 0.015000
2 0.896429 0.854688 0.025000 0.025000
2 0.639286 0.867188 0.037500 0.018750
2 0.032143 0.989062 0.037500 0.018750
2 0.108482 0.905000 0.033929 0.010000
2 0.107589 0.890625 0.032143 0.012500
