2 0.987500 0.310000 0.019643 0.013750
2 0.970536 0.300937 0.021429 0.011250
2 0.917857 0.284687 0.023214 0.016250
2 0.964286 0.544375 0.017857 0.007500
2 0.987500 0.556250 0.019643 0.012500
2 0.908036 0.481250 0.021429 0.012500
2 0.916518 0.495312 0.016071 0.012500
2 0.924107 0.516250 0.017857 0.013750
2 0.979018 0.566563 0.016071 0.011250
2 0.944196 0.564688 0.017857 0.013750
2 0.935268 0.559375 0.017857 0.012500
2 0.933036 0.536562 0.017857 0.013750
2 0.890625 0.528750 0.017857 0.013750
2 0.878125 0.516250 0.019643 0.013750
2 0.879464 0.503125 0.017857 0.012500
2 0.899554 0.485938 0.017857 0.012500
2 0.977679 0.480312 0.017857 0.013750
2 0.969643 0.486562 0.019643 0.013750
2 0.959821 0.490625 0.017857 0.012500
2 0.953125 0.496875 0.017857 0.012500
2 0.986607 0.514062 0.017857 0.012500
2 0.979911 0.517188 0.017857 0.012500
2 0.939732 0.504687 0.017857 0.012500
2 0.930804 0.510000 0.017857 0.013750
2 0.805804 0.518750 0.017857 0.012500
2 0.816071 0.513437 0.016071 0.011250
2 0.799107 0.495000 0.026786 0.015000
2 0.686161 0.546250 0.019643 0.011250
2 0.650000 0.546875 0.014286 0.012500
2 0.717411 0.521250 0.019643 0.011250
2 0.707589 0.529062 0.017857 0.011250
2 0.693304 0.536250 0.016071 0.010000
2 0.683036 0.543125 0.017857 0.011250
2 0.665179 0.550625 0.017857 0.013750
2 0.672768 0.554063 0.019643 0.011250
2 0.802679 0.456562 0.025000 0.016250
2 0.721875 0.505625 0.010714 0.011250
2 0.732143 0.522500 0.017857 0.013750
2 0.725893 0.527500 0.014286 0.011250
2 0.716964 0.535000 0.014286 0.013750
2 0.704018 0.540625 0.019643 0.012500
2 0.692857 0.551875 0.019643 0.010000
2 0.655804 0.531250 0.021429 0.012500
2 0.657143 0.547500 0.019643 0.013750
2 0.675000 0.540000 0.019643 0.011250
2 0.668750 0.533750 0.016071 0.011250
2 0.680804 0.528125 0.017857 0.012500
2 0.687500 0.531875 0.017857 0.013750
2 0.700893 0.524375 0.017857 0.011250
2 0.693304 0.519688 0.016071 0.011250
2 0.710714 0.515625 0.019643 0.012500
2 0.705357 0.510938 0.017857 0.012500
2 0.708929 0.493750 0.016071 0.012500
2 0.729464 0.485625 0.021429 0.015000
2 0.798214 0.511875 0.016071 0.011250
2 0.808929 0.474688 0.019643 0.015000
2 0.770982 0.472500 0.019643 0.013750
2 0.778571 0.469062 0.021429 0.016250
2 0.791964 0.459687 0.021429 0.016250
2 0.967857 0.532813 0.016071 0.012500
2 0.957589 0.526563 0.017857 0.012500
2 0.889286 0.420312 0.019643 0.012500
2 0.898214 0.445937 0.019643 0.013750
2 0.904018 0.442188 0.017857 0.012500
2 0.915179 0.437500 0.017857 0.012500
2 0.910714 0.432812 0.017857 0.012500
2 0.904018 0.428125 0.017857 0.012500
2 0.897321 0.423438 0.017857 0.012500
2 0.882589 0.414062 0.019643 0.012500
2 0.934375 0.415000 0.016071 0.011250
2 0.928571 0.428125 0.017857 0.012500
2 0.924107 0.423438 0.017857 0.012500
2 0.916071 0.420312 0.019643 0.012500
2 0.911607 0.415625 0.019643 0.012500
2 0.904911 0.411562 0.019643 0.013750
2 0.897321 0.406250 0.017857 0.012500
2 0.889286 0.432812 0.019643 0.012500
2 0.877232 0.422500 0.017857 0.013750
2 0.869643 0.428750 0.016071 0.013750
2 0.901786 0.458750 0.017857 0.011250
2 0.908482 0.454063 0.017857 0.011250
2 0.915179 0.450000 0.017857 0.012500
2 0.925446 0.443125 0.016071 0.011250
2 0.923214 0.446250 0.016071 0.011250
2 0.933036 0.440625 0.017857 0.012500
2 0.940625 0.435000 0.019643 0.013750
2 0.946429 0.429688 0.017857 0.012500
2 0.951786 0.426563 0.019643 0.012500
2 0.960268 0.416875 0.023214 0.015000
2 0.967411 0.421563 0.019643 0.015000
2 0.971875 0.440937 0.019643 0.016250
2 0.941964 0.421563 0.017857 0.015000
2 0.932143 0.411875 0.016071 0.011250
2 0.917411 0.474062 0.017857 0.013750
2 0.843750 0.434375 0.017857 0.012500
2 0.891964 0.448437 0.016071 0.012500
2 0.857143 0.426563 0.017857 0.012500
2 0.868304 0.450000 0.017857 0.012500
2 0.860714 0.446875 0.016071 0.012500
2 0.854911 0.441250 0.017857 0.013750
2 0.850446 0.437500 0.017857 0.012500
2 0.828125 0.438125 0.017857 0.013750
2 0.923214 0.408750 0.016071 0.011250
2 0.821429 0.442188 0.017857 0.012500
2 0.989732 0.422500 0.019643 0.013750
2 0.951786 0.454375 0.019643 0.015000
2 0.943750 0.460000 0.021429 0.013750
2 0.933929 0.464062 0.019643 0.012500
2 0.926339 0.468750 0.017857 0.012500
2 0.882589 0.436562 0.019643 0.013750
2 0.864732 0.411562 0.019643 0.013750
2 0.872768 0.406875 0.017857 0.013750
2 0.879464 0.403750 0.017857 0.013750
2 0.886161 0.398438 0.017857 0.012500
2 0.891518 0.394375 0.019643 0.013750
2 0.898661 0.391875 0.016071 0.015000
2 0.905804 0.388125 0.012500 0.013750
2 0.919643 0.385937 0.017857 0.012500
2 0.923661 0.391875 0.021429 0.015000
2 0.928571 0.395937 0.017857 0.013750
2 0.935268 0.399062 0.017857 0.013750
2 0.941964 0.403750 0.017857 0.013750
2 0.946429 0.408750 0.017857 0.011250
2 0.951786 0.411562 0.019643 0.013750
2 0.907143 0.398438 0.019643 0.012500
2 0.917411 0.403125 0.017857 0.012500
2 0.846429 0.455000 0.023214 0.016250
2 0.677232 0.559375 0.019643 0.012500
2 0.683929 0.562500 0.019643 0.012500
2 0.745536 0.533438 0.017857 0.013750
2 0.041071 0.065625 0.019643 0.012500
2 0.058036 0.056563 0.017857 0.016250
2 0.070536 0.049688 0.016071 0.015000
2 0.084821 0.078750 0.017857 0.013750
2 0.022321 0.078750 0.017857 0.013750
2 0.041071 0.100625 0.019643 0.013750
2 0.032143 0.110000 0.019643 0.013750
2 0.262054 0.007812 0.019643 0.012500
2 0.270982 0.005312 0.019643 0.007500
2 0.344196 0.061875 0.023214 0.017500
2 0.406250 0.042188 0.017857 0.012500
2 0.389732 0.033125 0.016071 0.010000
2 0.379464 0.021875 0.017857 0.012500
2 0.366071 0.062187 0.017857 0.015000
2 0.350446 0.051250 0.017857 0.015000
2 0.357589 0.045000 0.023214 0.015000
2 0.333482 0.071875 0.019643 0.012500
2 0.286607 0.091875 0.019643 0.015000
2 0.359375 0.078750 0.017857 0.013750
2 0.349107 0.081875 0.019643 0.013750
2 0.335714 0.095000 0.019643 0.015000
2 0.329464 0.101562 0.016071 0.012500
2 0.319196 0.090625 0.017857 0.012500
2 0.305357 0.084062 0.021429 0.015000
2 0.412946 0.046875 0.017857 0.012500
2 0.421875 0.050000 0.017857 0.012500
2 0.410714 0.059375 0.017857 0.012500
2 0.418304 0.064062 0.019643 0.012500
2 0.422768 0.068750 0.019643 0.012500
2 0.408036 0.103750 0.021429 0.013750
2 0.417411 0.100000 0.017857 0.012500
2 0.435268 0.092188 0.017857 0.012500
2 0.425893 0.095625 0.021429 0.016250
2 0.396429 0.013125 0.016071 0.013750
2 0.410714 0.027187 0.017857 0.013750
2 0.415179 0.020313 0.017857 0.012500
2 0.404018 0.008438 0.017857 0.013750
2 0.410268 0.004687 0.012500 0.006250
2 0.417411 0.007187 0.017857 0.011250
2 0.424107 0.009375 0.017857 0.012500
2 0.429464 0.015625 0.019643 0.012500
2 0.298214 0.087500 0.016071 0.012500
2 0.283036 0.098125 0.021429 0.015000
2 0.317857 0.103125 0.019643 0.012500
2 0.265625 0.113437 0.017857 0.011250
2 0.273661 0.105625 0.016071 0.011250
2 0.287946 0.117188 0.017857 0.012500
2 0.300000 0.113125 0.019643 0.013750
2 0.308036 0.107500 0.017857 0.015000
2 0.736607 0.537188 0.017857 0.015000
2 0.435268 0.018750 0.017857 0.012500
2 0.442857 0.025000 0.019643 0.012500
2 0.451786 0.030312 0.019643 0.013750
2 0.457589 0.035000 0.017857 0.013750
2 0.514286 0.736250 0.019643 0.016250
2 0.470982 0.703750 0.017857 0.013750
2 0.540179 0.760000 0.017857 0.013750
2 0.554911 0.771875 0.016071 0.012500
2 0.657143 0.860000 0.019643 0.013750
2 0.516518 0.903750 0.019643 0.013750
2 0.944643 0.732812 0.023214 0.006250
2 0.641518 0.557813 0.019643 0.012500
2 0.626339 0.564063 0.016071 0.012500
2 0.584821 0.576562 0.017857 0.012500
2 0.551339 0.599375 0.017857 0.011250
2 0.532143 0.612500 0.019643 0.012500
2 0.934821 0.722500 0.021429 0.007500
2 0.958036 0.739687 0.023214 0.007500
2 0.987054 0.763750 0.023214 0.008750
2 0.646429 0.571875 0.016071 0.012500
2 0.655357 0.570312 0.016071 0.012500
2 0.655357 0.587812 0.016071 0.010000
2 0.659821 0.582812 0.016071 0.012500
2 0.665179 0.578125 0.017857 0.012500
2 0.674107 0.573438 0.017857 0.012500
2 0.682143 0.583750 0.016071 0.011250
2 0.688839 0.596250 0.016071 0.011250
2 0.704018 0.571875 0.019643 0.012500
2 0.707589 0.583437 0.017857 0.013750
2 0.714286 0.578750 0.017857 0.013750
2 0.719643 0.575000 0.019643 0.012500
2 0.726339 0.570937 0.019643 0.013750
2 0.703125 0.560312 0.017857 0.011250
2 0.712054 0.551562 0.017857 0.012500
2 0.716964 0.544375 0.014286 0.013750
2 0.729911 0.542188 0.017857 0.012500
2 0.655804 0.308438 0.021429 0.013750
2 0.912946 0.360625 0.017857 0.015000
2 0.693750 0.409687 0.021429 0.016250
2 0.727679 0.320312 0.017857 0.012500
2 0.675893 0.320000 0.021429 0.015000
2 0.754464 0.271875 0.017857 0.012500
2 0.512054 0.128125 0.019643 0.012500
2 0.552232 0.228125 0.019643 0.012500
2 0.614732 0.133438 0.019643 0.013750
2 0.652679 0.091875 0.019643 0.015000
2 0.689732 0.058750 0.017857 0.011250
2 0.677232 0.062500 0.019643 0.012500
2 0.595982 0.007812 0.017857 0.012500
2 0.574554 0.002812 0.010714 0.002500
2 0.558036 0.007187 0.017857 0.011250
2 0.460714 0.042188 0.019643 0.012500
2 0.496429 0.612500 0.019643 0.012500
2 0.250893 0.742500 0.019643 0.016250
2 0.371429 0.703125 0.019643 0.012500
2 0.335714 0.692812 0.019643 0.013750
2 0.501786 0.631875 0.021429 0.013750
2 0.479911 0.645937 0.017857 0.013750
2 0.465179 0.654687 0.019643 0.012500
2 0.448661 0.640625 0.017857 0.012500
2 0.591071 0.467812 0.021429 0.013750
2 0.706250 0.471250 0.019643 0.011250
2 0.687500 0.459375 0.017857 0.012500
2 0.666071 0.443438 0.019643 0.015000
2 0.605804 0.528125 0.019643 0.012500
2 0.595982 0.521875 0.017857 0.012500
2 0.588839 0.515313 0.021429 0.015000
2 0.295982 0.734375 0.016071 0.012500
2 0.158482 0.870937 0.017857 0.013750
2 0.227679 0.931250 0.017857 0.012500
2 0.258929 0.956875 0.017857 0.013750
2 0.274554 0.968437 0.017857 0.015000
2 0.326339 0.991250 0.023214 0.013750
2 0.352232 0.988125 0.021429 0.013750
2 0.266518 0.995000 0.019643 0.008750
2 0.577679 0.500000 0.021429 0.012500
2 0.550000 0.486562 0.019643 0.013750
2 0.533036 0.473125 0.021429 0.015000
2 0.504018 0.447500 0.021429 0.013750
2 0.820982 0.966875 0.021429 0.015000
2 0.605357 0.958125 0.014286 0.010000
2 0.700000 0.911562 0.016071 0.007500
2 0.711607 0.903125 0.012500 0.006250
