2 0.616964 0.663125 0.019643 0.007500
2 0.638393 0.666250 0.017857 0.007500
2 0.658482 0.669375 0.017857 0.007500
2 0.680804 0.669375 0.017857 0.007500
2 0.565179 0.795312 0.014286 0.006250
2 0.567411 0.782813 0.014286 0.006250
2 0.568304 0.776563 0.016071 0.006250
2 0.571875 0.769375 0.014286 0.007500
2 0.871429 0.759375 0.010714 0.012500
2 0.729464 0.828125 0.021429 0.006250
2 0.732143 0.818750 0.017857 0.006250
2 0.731250 0.812500 0.016071 0.006250
2 0.734821 0.806250 0.014286 0.006250
2 0.735268 0.800625 0.019643 0.007500
2 0.735714 0.794375 0.016071 0.007500
2 0.737946 0.787500 0.016071 0.006250
2 0.737946 0.781250 0.016071 0.006250
2 0.742411 0.775000 0.016071 0.006250
2 0.742411 0.768750 0.016071 0.006250
2 0.745536 0.763125 0.017857 0.007500
2 0.745982 0.755625 0.014286 0.005000
2 0.745982 0.749375 0.014286 0.005000
2 0.750893 0.743437 0.019643 0.008750
2 0.753125 0.680312 0.019643 0.007500
2 0.755357 0.656875 0.019643 0.007500
2 0.775446 0.659375 0.019643 0.006250
2 0.798214 0.663750 0.016071 0.008750
2 0.806696 0.685000 0.019643 0.007500
2 0.853571 0.690000 0.019643 0.005000
2 0.876339 0.694375 0.016071 0.007500
2 0.784375 0.626563 0.019643 0.006250
2 0.854911 0.598437 0.017857 0.006250
2 0.837054 0.589063 0.017857 0.006250
2 0.791964 0.608437 0.021429 0.007500
2 0.575893 0.600000 0.017857 0.006250
2 0.794196 0.598125 0.021429 0.008750
2 0.799107 0.581875 0.017857 0.007500
2 0.800893 0.575625 0.021429 0.007500
2 0.803571 0.564063 0.017857 0.006250
2 0.804018 0.556250 0.023214 0.006250
2 0.806696 0.551250 0.019643 0.008750
