2 0.743304 0.120938 0.017857 0.007500
2 0.716518 0.126875 0.017857 0.010000
2 0.654018 0.132500 0.017857 0.008750
2 0.980804 0.204687 0.010714 0.012500
2 0.970982 0.260937 0.008929 0.012500
2 0.766964 0.470625 0.016071 0.010000
2 0.746875 0.477500 0.016071 0.011250
2 0.719643 0.706875 0.019643 0.007500
2 0.594643 0.960625 0.010714 0.015000
2 0.691964 0.129688 0.017857 0.006250
2 0.831696 0.708437 0.016071 0.007500
2 0.143750 0.071563 0.010714 0.015000
2 0.143750 0.085312 0.010714 0.011250
2 0.142857 0.103750 0.008929 0.013750
2 0.343750 0.165625 0.017857 0.006250
2 0.902232 0.569688 0.032143 0.017500
2 0.682143 0.518750 0.016071 0.006250
2 0.695089 0.511562 0.019643 0.013750
2 0.805357 0.451875 0.021429 0.010000
2 0.145089 0.021250 0.008929 0.017500
2 0.201339 0.705000 0.032143 0.016250
2 0.166071 0.330937 0.010714 0.015000
2 0.143750 0.138437 0.010714 0.017500
2 0.162946 0.284375 0.008929 0.012500
2 0.157143 0.365000 0.010714 0.011250
2 0.166518 0.298438 0.007143 0.012500
2 0.129018 0.295312 0.021429 0.006250
2 0.129464 0.303437 0.017857 0.003750
2 0.129464 0.312500 0.017857 0.006250
2 0.145982 0.346875 0.010714 0.012500
2 0.147321 0.361875 0.008929 0.011250
2 0.725446 0.048438 0.017857 0.012500
2 0.204911 0.179375 0.021429 0.008750
2 0.315625 0.247187 0.010714 0.016250
2 0.341518 0.930312 0.008929 0.013750
2 0.723661 0.804375 0.023214 0.008750
2 0.718750 0.828750 0.017857 0.007500
2 0.811607 0.954375 0.016071 0.008750
2 0.883036 0.713438 0.016071 0.005000
2 0.970089 0.605000 0.016071 0.010000
2 0.976339 0.231250 0.010714 0.012500
