2 0.820089 0.064375 0.028571 0.010000
2 0.816518 0.087813 0.030357 0.010000
2 0.822321 0.105625 0.028571 0.011250
2 0.713393 0.062813 0.033929 0.010000
2 0.827679 0.026250 0.030357 0.008750
2 0.833036 0.797500 0.014286 0.020000
2 0.629911 0.794375 0.014286 0.020000
2 0.688393 0.827500 0.028571 0.011250
2 0.690625 0.939063 0.028571 0.012500
2 0.788393 0.893125 0.032143 0.011250
2 0.786607 0.881875 0.028571 0.007500
2 0.807143 0.487500 0.033929 0.012500
2 0.808036 0.471875 0.035714 0.012500
2 0.709821 0.301875 0.035714 0.010000
2 0.712500 0.261875 0.032143 0.011250
2 0.715625 0.076563 0.033929 0.012500
