2 0.602679 0.875938 0.017857 0.023750
2 0.565625 0.918750 0.019643 0.025000
2 0.604018 0.917812 0.016071 0.020000
2 0.563839 0.945000 0.016071 0.021250
2 0.606250 0.940625 0.016071 0.018750
2 0.618750 0.941875 0.014286 0.021250
2 0.633929 0.941563 0.017857 0.023750
2 0.664286 0.941875 0.016071 0.021250
2 0.570982 0.982500 0.012500 0.021250
2 0.586607 0.982500 0.012500 0.021250
2 0.601786 0.982812 0.016071 0.018750
2 0.619643 0.982812 0.016071 0.018750
2 0.646429 0.982500 0.016071 0.021250
2 0.662054 0.983750 0.016071 0.023750
2 0.703571 0.983125 0.014286 0.022500
2 0.715625 0.983125 0.016071 0.022500
