2 0.024554 0.035625 0.044643 0.040000
2 0.935268 0.714063 0.017857 0.025000
2 0.881696 0.712812 0.017857 0.022500
2 0.864732 0.709375 0.019643 0.025000
2 0.795536 0.710938 0.019643 0.031250
2 0.775893 0.709063 0.016071 0.027500
2 0.918750 0.741250 0.016071 0.026250
2 0.756696 0.737187 0.017857 0.027500
2 0.713393 0.736875 0.016071 0.023750
2 0.537946 0.709375 0.017857 0.025000
2 0.433929 0.731250 0.019643 0.031250
2 0.181250 0.702500 0.014286 0.023750
2 0.918750 0.713438 0.016071 0.023750
2 0.889286 0.533438 0.019643 0.026250
2 0.210714 0.459375 0.019643 0.025000
2 0.227679 0.461250 0.017857 0.028750
2 0.246429 0.459375 0.019643 0.025000
2 0.278571 0.462812 0.012500 0.022500
2 0.299107 0.460938 0.017857 0.025000
2 0.315179 0.461562 0.014286 0.026250
2 0.333929 0.462188 0.016071 0.027500
2 0.366071 0.464062 0.017857 0.025000
2 0.511607 0.471875 0.014286 0.025000
2 0.549107 0.466563 0.017857 0.023750
2 0.941964 0.539375 0.017857 0.022500
2 0.925446 0.540000 0.016071 0.023750
2 0.906250 0.536562 0.017857 0.026250
2 0.869643 0.531250 0.016071 0.025000
2 0.835714 0.532813 0.019643 0.025000
2 0.816071 0.535000 0.016071 0.026250
2 0.799107 0.535625 0.017857 0.027500
2 0.782143 0.535000 0.019643 0.026250
2 0.764286 0.537813 0.019643 0.022500
2 0.687500 0.530938 0.017857 0.027500
2 0.669643 0.532500 0.017857 0.027500
2 0.653125 0.531250 0.016071 0.025000
2 0.615179 0.532500 0.016071 0.021250
2 0.601339 0.533125 0.019643 0.022500
2 0.581250 0.531250 0.019643 0.025000
2 0.562500 0.530625 0.017857 0.030000
2 0.490179 0.528438 0.016071 0.022500
2 0.192857 0.459687 0.019643 0.022500
2 0.173214 0.460313 0.016071 0.023750
2 0.157143 0.462500 0.019643 0.025000
2 0.156250 0.435000 0.017857 0.026250
2 0.634375 0.435937 0.014286 0.025000
2 0.764732 0.439063 0.016071 0.025000
2 0.790179 0.373437 0.017857 0.025000
2 0.854911 0.377812 0.017857 0.027500
2 0.950000 0.477813 0.016071 0.027500
2 0.948661 0.448125 0.017857 0.021250
2 0.566071 0.441875 0.016071 0.027500
2 0.546875 0.440937 0.017857 0.028750
2 0.511607 0.441250 0.014286 0.026250
2 0.494643 0.440312 0.016071 0.027500
2 0.404464 0.436562 0.014286 0.026250
2 0.388393 0.436250 0.017857 0.022500
2 0.353571 0.439375 0.019643 0.028750
2 0.333036 0.438125 0.014286 0.026250
2 0.315179 0.438125 0.014286 0.026250
2 0.298214 0.435937 0.016071 0.025000
2 0.248661 0.435000 0.019643 0.026250
2 0.227679 0.432812 0.017857 0.025000
2 0.209821 0.434688 0.017857 0.022500
2 0.191071 0.433437 0.016071 0.026250
2 0.175446 0.432812 0.016071 0.031250
2 0.456696 0.528438 0.016071 0.022500
2 0.436607 0.527187 0.016071 0.026250
2 0.405357 0.530000 0.016071 0.028750
2 0.923214 0.565000 0.016071 0.023750
2 0.133036 0.615938 0.016071 0.028750
2 0.183929 0.611250 0.019643 0.028750
2 0.204464 0.610000 0.016071 0.026250
2 0.258036 0.611875 0.016071 0.023750
2 0.275893 0.611563 0.016071 0.026250
2 0.347321 0.625625 0.016071 0.026250
2 0.437054 0.639687 0.021429 0.026250
2 0.597321 0.615625 0.016071 0.025000
2 0.665179 0.649062 0.017857 0.032500
2 0.683036 0.622188 0.017857 0.022500
2 0.700000 0.621875 0.016071 0.025000
2 0.726339 0.621875 0.019643 0.025000
2 0.762500 0.619688 0.016071 0.023750
2 0.798214 0.625625 0.016071 0.026250
2 0.833036 0.648750 0.014286 0.022500
2 0.722321 0.645625 0.016071 0.028750
2 0.759821 0.646875 0.019643 0.031250
2 0.938839 0.652500 0.016071 0.023750
2 0.903571 0.629375 0.012500 0.027500
2 0.889286 0.621875 0.019643 0.025000
2 0.869643 0.651875 0.016071 0.022500
2 0.941964 0.564375 0.017857 0.028750
2 0.906250 0.565000 0.017857 0.023750
2 0.366518 0.526563 0.014286 0.025000
2 0.885714 0.562188 0.012500 0.021250
2 0.347321 0.526875 0.016071 0.022500
2 0.331696 0.529375 0.016071 0.027500
2 0.315625 0.527500 0.019643 0.023750
2 0.299107 0.526563 0.017857 0.025000
2 0.281250 0.523125 0.017857 0.027500
2 0.262500 0.523750 0.016071 0.022500
2 0.208036 0.525625 0.014286 0.026250
2 0.191518 0.523750 0.021429 0.022500
2 0.170982 0.527187 0.016071 0.026250
2 0.154018 0.523438 0.017857 0.025000
2 0.136161 0.520625 0.017857 0.022500
2 0.133929 0.550625 0.017857 0.026250
2 0.170982 0.552187 0.016071 0.026250
2 0.207143 0.549375 0.021429 0.023750
2 0.223661 0.546875 0.014286 0.025000
2 0.240179 0.546875 0.016071 0.025000
2 0.261607 0.548750 0.014286 0.028750
2 0.292411 0.552500 0.017857 0.023750
2 0.507589 0.556562 0.019643 0.028750
2 0.650893 0.558750 0.016071 0.023750
2 0.668750 0.554063 0.016071 0.023750
2 0.703125 0.560000 0.017857 0.026250
2 0.723214 0.558750 0.017857 0.023750
2 0.778125 0.559375 0.016071 0.025000
2 0.831250 0.562500 0.019643 0.025000
2 0.852679 0.560937 0.017857 0.031250
2 0.870536 0.561250 0.017857 0.028750
2 0.153125 0.325000 0.033929 0.012500
2 0.154018 0.351250 0.035714 0.008750
2 0.156250 0.338438 0.035714 0.011250
2 0.154911 0.310312 0.028571 0.011250
2 0.217857 0.003438 0.016071 0.003750
2 0.155804 0.286875 0.030357 0.011250
2 0.180357 0.002812 0.012500 0.002500
2 0.156250 0.004063 0.017857 0.005000
2 0.362500 0.040000 0.046429 0.017500
2 0.325000 0.084375 0.042857 0.025000
2 0.662054 0.058125 0.016071 0.028750
2 0.533036 0.097188 0.039286 0.010000
2 0.533929 0.060937 0.041071 0.012500
2 0.534375 0.045312 0.037500 0.012500
2 0.251786 0.162187 0.039286 0.008750
2 0.253125 0.174063 0.037500 0.007500
2 0.253571 0.186875 0.033929 0.011250
2 0.251339 0.199063 0.033929 0.007500
2 0.253125 0.211563 0.037500 0.013750
2 0.244643 0.265937 0.033929 0.010000
2 0.247321 0.307500 0.039286 0.008750
2 0.247321 0.316562 0.039286 0.011250
2 0.246875 0.330937 0.033929 0.008750
2 0.247768 0.340625 0.035714 0.012500
2 0.159375 0.195000 0.037500 0.008750
2 0.158929 0.208125 0.032143 0.010000
2 0.156696 0.219062 0.032143 0.010000
2 0.157589 0.232500 0.033929 0.008750
2 0.158036 0.245000 0.030357 0.008750
2 0.156250 0.255938 0.026786 0.008750
2 0.158036 0.267500 0.030357 0.010000
