2 0.949107 0.564375 0.032143 0.010000
2 0.945089 0.579063 0.028571 0.011250
2 0.776786 0.879375 0.026786 0.008750
2 0.767857 0.867188 0.026786 0.012500
2 0.768750 0.855937 0.028571 0.008750
2 0.764286 0.844063 0.028571 0.010000
2 0.764286 0.829375 0.028571 0.008750
2 0.759375 0.810000 0.032143 0.013750
2 0.756250 0.798125 0.030357 0.008750
2 0.769643 0.785625 0.030357 0.008750
2 0.870982 0.748437 0.023214 0.031250
2 0.821875 0.735625 0.014286 0.027500
2 0.791964 0.735938 0.021429 0.018750
2 0.820536 0.691250 0.016071 0.026250
2 0.879464 0.664375 0.026786 0.010000
2 0.880804 0.651875 0.025000 0.010000
2 0.875446 0.639375 0.023214 0.010000
2 0.872321 0.616563 0.030357 0.011250
2 0.742857 0.598750 0.012500 0.016250
2 0.796429 0.588750 0.030357 0.021250
2 0.876786 0.993750 0.012500 0.012500
2 0.882589 0.784375 0.028571 0.012500
2 0.903571 0.813438 0.012500 0.023750
2 0.852232 0.795625 0.030357 0.010000
2 0.929018 0.636875 0.014286 0.017500
2 0.851786 0.807500 0.025000 0.008750
2 0.988393 0.805937 0.021429 0.008750
2 0.992857 0.829063 0.012500 0.011250
2 0.989732 0.853125 0.019643 0.012500
2 0.628571 0.927187 0.033929 0.020000
2 0.866071 0.876875 0.035714 0.010000
2 0.865625 0.860313 0.030357 0.011250
2 0.866964 0.841562 0.028571 0.011250
2 0.860268 0.829063 0.028571 0.011250
2 0.858036 0.817500 0.028571 0.010000
