2 0.462946 0.246875 0.019643 0.006250
2 0.407143 0.250000 0.028571 0.006250
2 0.372321 0.251875 0.021429 0.010000
2 0.244196 0.262500 0.019643 0.006250
2 0.038839 0.275000 0.019643 0.006250
2 0.078125 0.272813 0.017857 0.005000
2 0.070982 0.198750 0.012500 0.016250
2 0.089286 0.192812 0.008929 0.013750
2 0.355804 0.210625 0.010714 0.015000
2 0.351786 0.254375 0.016071 0.008750
2 0.603571 0.226875 0.019643 0.010000
2 0.595982 0.237188 0.017857 0.008750
2 0.850893 0.281875 0.014286 0.013750
2 0.781250 0.114375 0.017857 0.010000
2 0.977232 0.186250 0.012500 0.016250
2 0.994196 0.310000 0.010714 0.013750
