2 0.842857 0.562812 0.007143 0.010000
2 0.934375 0.541875 0.007143 0.008750
2 0.811607 0.552500 0.007143 0.011250
2 0.600893 0.370312 0.014286 0.006250
2 0.600893 0.378125 0.014286 0.006250
2 0.775893 0.784375 0.007143 0.012500
2 0.828125 0.793438 0.017857 0.008750
2 0.746429 0.832812 0.019643 0.006250
2 0.770089 0.820625 0.008929 0.010000
2 0.742857 0.837500 0.021429 0.006250
2 0.759821 0.893750 0.010714 0.012500
2 0.708036 0.934375 0.014286 0.012500
2 0.732143 0.938125 0.017857 0.007500
2 0.504911 0.859062 0.014286 0.021250
2 0.566071 0.730625 0.016071 0.005000
2 0.545982 0.730625 0.016071 0.005000
2 0.575000 0.628125 0.016071 0.006250
2 0.588393 0.588750 0.016071 0.008750
2 0.674107 0.524375 0.008929 0.011250
2 0.185714 0.860938 0.005357 0.012500
2 0.205357 0.890000 0.008929 0.011250
2 0.178571 0.772500 0.017857 0.007500
2 0.198661 0.782188 0.008929 0.011250
2 0.184375 0.759375 0.016071 0.006250
2 0.177679 0.766563 0.016071 0.005000
2 0.264732 0.692187 0.016071 0.006250
2 0.198214 0.655000 0.012500 0.003750
2 0.189286 0.447500 0.012500 0.007500
2 0.227679 0.450625 0.017857 0.007500
2 0.508929 0.275000 0.017857 0.006250
2 0.269643 0.255625 0.012500 0.005000
2 0.227679 0.275000 0.017857 0.006250
2 0.268750 0.303750 0.010714 0.013750
2 0.280357 0.305625 0.007143 0.011250
2 0.179464 0.269375 0.019643 0.007500
2 0.027232 0.442188 0.014286 0.006250
2 0.150893 0.430000 0.007143 0.010000
2 0.039286 0.357812 0.016071 0.012500
2 0.083929 0.146250 0.016071 0.011250
2 0.110714 0.157187 0.016071 0.005000
2 0.373214 0.308125 0.005357 0.010000
2 0.113393 0.391250 0.021429 0.026250
2 0.333036 0.386875 0.032143 0.017500
2 0.438839 0.390000 0.016071 0.023750
2 0.010268 0.537188 0.016071 0.008750
2 0.006696 0.552500 0.008929 0.011250
2 0.984375 0.042812 0.017857 0.007500
2 0.983929 0.034375 0.012500 0.006250
2 0.744196 0.985000 0.010714 0.013750
