2 0.347321 0.138125 0.007143 0.007500
2 0.459821 0.139375 0.008929 0.010000
2 0.452232 0.139063 0.007143 0.012500
2 0.443304 0.137813 0.007143 0.010000
2 0.434375 0.138437 0.007143 0.011250
2 0.426786 0.138750 0.005357 0.008750
2 0.418750 0.138125 0.007143 0.007500
2 0.409821 0.139375 0.007143 0.010000
2 0.401786 0.139688 0.008929 0.007500
2 0.383036 0.140937 0.007143 0.010000
2 0.373214 0.139375 0.005357 0.010000
2 0.365179 0.138750 0.007143 0.008750
2 0.357589 0.139688 0.005357 0.007500
2 0.339286 0.138125 0.008929 0.007500
2 0.330357 0.138125 0.008929 0.007500
2 0.321875 0.139375 0.005357 0.010000
2 0.311607 0.139375 0.007143 0.010000
2 0.350893 0.148750 0.014286 0.003750
2 0.282589 0.138750 0.007143 0.008750
2 0.271429 0.137813 0.007143 0.010000
2 0.258929 0.136875 0.008929 0.011250
2 0.232589 0.147812 0.014286 0.005000
2 0.246875 0.138125 0.007143 0.013750
2 0.237946 0.138437 0.007143 0.011250
2 0.229911 0.138750 0.008929 0.008750
2 0.217857 0.136875 0.007143 0.011250
2 0.468750 0.139375 0.008929 0.010000
2 0.479911 0.139375 0.008929 0.010000
2 0.490179 0.140000 0.007143 0.011250
2 0.499107 0.140000 0.007143 0.011250
2 0.508036 0.180000 0.007143 0.010000
2 0.462500 0.180625 0.014286 0.005000
2 0.358482 0.177500 0.007143 0.011250
2 0.311607 0.179062 0.007143 0.011250
2 0.300446 0.179375 0.007143 0.008750
2 0.287054 0.179375 0.007143 0.008750
2 0.246875 0.179688 0.007143 0.012500
2 0.207589 0.179062 0.008929 0.011250
2 0.179911 0.177500 0.007143 0.011250
2 0.167857 0.178125 0.005357 0.012500
2 0.160714 0.176250 0.008929 0.008750
2 0.096429 0.145625 0.014286 0.003750
2 0.123214 0.141250 0.005357 0.013750
2 0.132143 0.140625 0.005357 0.012500
2 0.147768 0.143125 0.005357 0.011250
2 0.155804 0.143125 0.003571 0.011250
2 0.164286 0.141562 0.007143 0.011250
2 0.174107 0.141250 0.008929 0.013750
2 0.258929 0.086875 0.008929 0.011250
2 0.250000 0.087813 0.008929 0.010000
2 0.282589 0.099375 0.016071 0.011250
2 0.547321 0.107813 0.005357 0.012500
2 0.526786 0.140625 0.008929 0.012500
2 0.516964 0.140000 0.007143 0.011250
2 0.508929 0.140625 0.008929 0.012500
2 0.211161 0.137813 0.007143 0.010000
2 0.569643 0.150938 0.014286 0.005000
2 0.564286 0.141562 0.012500 0.005000
2 0.562500 0.108438 0.008929 0.013750
2 0.586607 0.127188 0.030357 0.007500
2 0.616518 0.096562 0.032143 0.008750
2 0.187500 0.078750 0.008929 0.026250
2 0.033929 0.028125 0.014286 0.012500
2 0.018304 0.035625 0.014286 0.008750
2 0.006696 0.043125 0.008929 0.011250
2 0.658036 0.925625 0.012500 0.007500
2 0.651339 0.917812 0.012500 0.007500
2 0.479018 0.908750 0.016071 0.011250
2 0.492857 0.911250 0.012500 0.010000
