2 0.884375 0.900938 0.023214 0.017500
2 0.891071 0.905937 0.023214 0.015000
2 0.936607 0.657188 0.016071 0.011250
2 0.951786 0.647500 0.019643 0.013750
2 0.954018 0.641250 0.019643 0.013750
2 0.968750 0.631563 0.017857 0.010000
2 0.970982 0.625312 0.017857 0.010000
2 0.977679 0.622812 0.017857 0.011250
2 0.983482 0.618125 0.016071 0.011250
2 0.914286 0.446875 0.016071 0.006250
2 0.825893 0.703750 0.008929 0.013750
2 0.925446 0.665000 0.016071 0.011250
2 0.920982 0.669687 0.016071 0.011250
2 0.972321 0.707812 0.016071 0.012500
2 0.643304 0.890000 0.014286 0.011250
2 0.656250 0.881563 0.017857 0.010000
2 0.794643 0.850000 0.017857 0.012500
2 0.816071 0.834375 0.016071 0.012500
2 0.728571 0.800625 0.019643 0.013750
2 0.656250 0.769062 0.017857 0.010000
2 0.639732 0.750000 0.016071 0.006250
2 0.609821 0.732187 0.014286 0.005000
2 0.717857 0.765625 0.016071 0.012500
2 0.703125 0.753125 0.017857 0.012500
2 0.691071 0.740625 0.016071 0.012500
2 0.683036 0.728750 0.017857 0.013750
2 0.816071 0.680312 0.016071 0.013750
2 0.809375 0.755625 0.016071 0.011250
2 0.808036 0.762813 0.017857 0.010000
2 0.799107 0.768125 0.017857 0.011250
2 0.793304 0.777500 0.019643 0.011250
2 0.783482 0.785937 0.017857 0.012500
2 0.777679 0.791563 0.019643 0.011250
2 0.768750 0.796875 0.019643 0.012500
