2 0.928571 0.243125 0.026786 0.023750
2 0.983036 0.356250 0.028571 0.025000
2 0.867411 0.472813 0.016071 0.023750
2 0.892411 0.182812 0.030357 0.025000
2 0.909821 0.219375 0.025000 0.020000
2 0.877679 0.156875 0.023214 0.026250
2 0.934821 0.193125 0.021429 0.023750
2 0.920536 0.167500 0.028571 0.028750
2 0.778571 0.662813 0.030357 0.022500
2 0.832143 0.810937 0.030357 0.018750
2 0.844196 0.802187 0.032143 0.013750
2 0.856696 0.792500 0.030357 0.016250
2 0.893750 0.800625 0.028571 0.020000
2 0.907143 0.791875 0.037500 0.027500
2 0.876786 0.772813 0.030357 0.023750
2 0.805357 0.227500 0.021429 0.023750
2 0.909821 0.147812 0.016071 0.023750
