2 0.474107 0.473125 0.010714 0.015000
2 0.316964 0.436562 0.017857 0.013750
2 0.294643 0.465000 0.026786 0.011250
2 0.192411 0.436875 0.023214 0.011250
2 0.232143 0.450313 0.026786 0.010000
2 0.261607 0.463750 0.023214 0.015000
2 0.295982 0.490000 0.025000 0.011250
2 0.282143 0.474375 0.019643 0.011250
2 0.370536 0.461562 0.017857 0.013750
2 0.560714 0.540000 0.023214 0.011250
2 0.534821 0.546250 0.025000 0.011250
2 0.476786 0.556250 0.016071 0.012500
2 0.400893 0.543125 0.016071 0.011250
2 0.779464 0.611875 0.014286 0.017500
2 0.670536 0.612500 0.010714 0.012500
2 0.954464 0.808750 0.025000 0.011250
2 0.552679 0.577187 0.016071 0.013750
2 0.655804 0.629375 0.012500 0.015000
2 0.917411 0.616875 0.008929 0.015000
