2 0.924107 0.021875 0.017857 0.012500
2 0.961607 0.039375 0.021429 0.016250
2 0.898214 0.042188 0.019643 0.012500
2 0.889732 0.046875 0.016071 0.012500
2 0.941964 0.053125 0.017857 0.012500
2 0.934821 0.060000 0.021429 0.013750
2 0.929911 0.065000 0.016071 0.011250
2 0.916518 0.076563 0.016071 0.012500
2 0.908036 0.078750 0.021429 0.013750
2 0.895089 0.087188 0.017857 0.015000
2 0.887500 0.091875 0.016071 0.015000
2 0.981250 0.228125 0.016071 0.012500
2 0.979464 0.267813 0.021429 0.013750
2 0.948661 0.290313 0.017857 0.015000
2 0.910268 0.305312 0.012500 0.013750
2 0.927232 0.307500 0.010714 0.008750
2 0.880357 0.443438 0.019643 0.015000
2 0.842411 0.877812 0.019643 0.015000
2 0.964732 0.797813 0.014286 0.011250
2 0.720982 0.980000 0.008929 0.016250
2 0.859375 0.071875 0.017857 0.012500
2 0.894643 0.874062 0.021429 0.007500
