2 0.229911 0.650000 0.017857 0.006250
2 0.330357 0.574062 0.008929 0.013750
2 0.747321 0.570312 0.021429 0.006250
2 0.294643 0.536250 0.008929 0.010000
2 0.295982 0.551562 0.007143 0.012500
2 0.966964 0.740625 0.023214 0.006250
2 0.792411 0.600313 0.017857 0.010000
2 0.822321 0.571562 0.019643 0.008750
2 0.873661 0.304063 0.019643 0.005000
2 0.904018 0.396250 0.008929 0.011250
2 0.886161 0.399375 0.008929 0.011250
2 0.234375 0.330625 0.017857 0.005000
2 0.308482 0.334687 0.005357 0.010000
2 0.254018 0.422813 0.021429 0.005000
2 0.226786 0.422813 0.025000 0.005000
2 0.320089 0.040000 0.010714 0.011250
2 0.063393 0.227500 0.010714 0.011250
2 0.484821 0.628750 0.023214 0.007500
2 0.708482 0.046875 0.019643 0.012500
2 0.707589 0.058750 0.017857 0.005000
2 0.709821 0.065938 0.017857 0.003750
2 0.834375 0.940625 0.012500 0.012500
2 0.940625 0.525000 0.028571 0.006250
2 0.853125 0.201563 0.023214 0.006250
2 0.321429 0.469062 0.008929 0.016250
2 0.323214 0.489375 0.012500 0.016250
