2 0.279018 0.710313 0.017857 0.023750
2 0.104464 0.742812 0.021429 0.026250
2 0.100446 0.829375 0.017857 0.027500
2 0.287500 0.876250 0.021429 0.033750
2 0.197321 0.871250 0.019643 0.023750
2 0.132589 0.870313 0.019643 0.031250
2 0.093750 0.948438 0.017857 0.025000
2 0.219196 0.953750 0.014286 0.026250
2 0.174107 0.708437 0.017857 0.026250
2 0.066964 0.705625 0.017857 0.030000
2 0.308929 0.631563 0.019643 0.028750
2 0.754464 0.937500 0.017857 0.031250
2 0.630357 0.275000 0.019643 0.031250
2 0.633929 0.243438 0.017857 0.027500
2 0.587946 0.270625 0.019643 0.028750
2 0.481250 0.269687 0.016071 0.030000
2 0.438393 0.268750 0.019643 0.031250
2 0.977679 0.623125 0.017857 0.027500
2 0.866071 0.725313 0.017857 0.028750
2 0.434821 0.925313 0.021429 0.028750
2 0.210714 0.751563 0.019643 0.031250
2 0.477679 0.900000 0.017857 0.031250
2 0.502232 0.897188 0.017857 0.028750
2 0.545982 0.898750 0.016071 0.028750
2 0.612054 0.829063 0.023214 0.036250
2 0.571875 0.799063 0.023214 0.032500
2 0.506250 0.830000 0.021429 0.028750
2 0.444196 0.821250 0.017857 0.030000
2 0.490625 0.727812 0.021429 0.033750
2 0.449554 0.726875 0.019643 0.035000
2 0.424107 0.728125 0.017857 0.031250
2 0.126339 0.748750 0.016071 0.028750
2 0.850446 0.927500 0.017857 0.030000
2 0.610714 0.273125 0.016071 0.033750
2 0.616518 0.241875 0.014286 0.027500
2 0.579018 0.162812 0.019643 0.028750
2 0.860714 0.812500 0.025000 0.031250
2 0.245536 0.630000 0.017857 0.028750
2 0.071429 0.946875 0.017857 0.037500
2 0.047768 0.943125 0.019643 0.036250
2 0.869196 0.691250 0.019643 0.026250
2 0.981250 0.995625 0.016071 0.010000
2 0.525000 0.270937 0.014286 0.026250
2 0.705357 0.170313 0.017857 0.025000
2 0.691071 0.907500 0.016071 0.027500
2 0.411607 0.928438 0.019643 0.028750
2 0.412946 0.895000 0.017857 0.033750
2 0.434821 0.898125 0.012500 0.021250
2 0.458036 0.900313 0.014286 0.022500
2 0.764286 0.838750 0.019643 0.033750
2 0.653125 0.905000 0.016071 0.028750
2 0.501339 0.270313 0.016071 0.025000
2 0.525893 0.239063 0.016071 0.025000
2 0.548214 0.237188 0.016071 0.027500
2 0.447321 0.162812 0.019643 0.022500
2 0.621429 0.163750 0.019643 0.027500
2 0.640625 0.165313 0.017857 0.027500
2 0.664286 0.166563 0.016071 0.023750
2 0.871429 0.655000 0.019643 0.028750
2 0.125446 0.146562 0.023214 0.027500
2 0.201786 0.629375 0.019643 0.027500
2 0.727679 0.174063 0.017857 0.032500
2 0.753125 0.527813 0.019643 0.027500
2 0.672321 0.490625 0.023214 0.037500
2 0.799107 0.532813 0.017857 0.031250
