2 0.378571 0.029375 0.025000 0.008750
2 0.361607 0.085000 0.017857 0.007500
2 0.360714 0.096875 0.016071 0.006250
2 0.371429 0.062187 0.019643 0.008750
2 0.378571 0.007500 0.025000 0.008750
2 0.378571 0.040313 0.025000 0.008750
2 0.512946 0.043438 0.030357 0.008750
2 0.516518 0.054375 0.028571 0.008750
2 0.520536 0.090000 0.032143 0.011250
2 0.569643 0.131250 0.023214 0.018750
2 0.531250 0.098750 0.035714 0.016250
2 0.647321 0.154688 0.017857 0.018750
2 0.767857 0.126562 0.026786 0.018750
2 0.749554 0.136875 0.021429 0.017500
2 0.667857 0.092500 0.023214 0.022500
2 0.411161 0.095937 0.014286 0.020000
2 0.599554 0.901875 0.016071 0.022500
2 0.687500 0.913750 0.026786 0.008750
2 0.693750 0.926875 0.030357 0.010000
2 0.695089 0.938750 0.028571 0.008750
