2 0.421429 0.260625 0.012500 0.015000
2 0.421429 0.280938 0.012500 0.015000
2 0.420536 0.301875 0.010714 0.016250
2 0.423661 0.320625 0.012500 0.016250
2 0.345982 0.293750 0.017857 0.012500
2 0.466071 0.984062 0.012500 0.015000
2 0.762500 0.985000 0.016071 0.013750
2 0.326786 0.038125 0.010714 0.013750
2 0.377679 0.017188 0.014286 0.012500
2 0.393304 0.024688 0.014286 0.015000
2 0.050893 0.481563 0.012500 0.016250
2 0.079018 0.423125 0.010714 0.015000
2 0.066964 0.420937 0.008929 0.013750
2 0.088839 0.428125 0.012500 0.012500
2 0.083482 0.524062 0.010714 0.013750
2 0.067857 0.522500 0.010714 0.013750
2 0.070089 0.487812 0.010714 0.016250
2 0.080804 0.492500 0.014286 0.016250
2 0.092411 0.531250 0.010714 0.012500
2 0.145982 0.841250 0.010714 0.013750
2 0.159375 0.863750 0.010714 0.015000
2 0.143750 0.904375 0.010714 0.015000
2 0.144196 0.955937 0.007143 0.015000
2 0.157143 0.721562 0.010714 0.015000
2 0.158036 0.806250 0.012500 0.012500
2 0.156250 0.652813 0.008929 0.015000
2 0.686161 0.128750 0.010714 0.013750
