2 0.598661 0.822188 0.032143 0.022500
2 0.735268 0.760000 0.010714 0.026250
2 0.700893 0.676875 0.017857 0.028750
2 0.823661 0.005938 0.017857 0.008750
2 0.759821 0.026875 0.028571 0.022500
2 0.610268 0.790625 0.028571 0.025000
2 0.690179 0.098125 0.014286 0.015000
2 0.645982 0.137813 0.010714 0.016250
2 0.662946 0.199063 0.008929 0.013750
2 0.600446 0.176875 0.008929 0.016250
2 0.651786 0.220312 0.008929 0.012500
2 0.671875 0.238125 0.008929 0.013750
2 0.687500 0.288438 0.008929 0.011250
2 0.697321 0.556875 0.010714 0.013750
2 0.679464 0.502188 0.010714 0.013750
2 0.717411 0.580625 0.010714 0.017500
2 0.696875 0.578750 0.014286 0.013750
2 0.972768 0.566875 0.039286 0.015000
2 0.977679 0.557500 0.017857 0.008750
2 0.040625 0.805937 0.014286 0.008750
2 0.047321 0.825000 0.014286 0.012500
2 0.078125 0.851250 0.017857 0.008750
2 0.126339 0.834688 0.016071 0.010000
2 0.176786 0.882500 0.023214 0.008750
2 0.347321 0.866250 0.016071 0.007500
2 0.732143 0.819063 0.008929 0.010000
2 0.725446 0.872812 0.008929 0.011250
2 0.690179 0.963438 0.014286 0.011250
2 0.657143 0.990000 0.010714 0.011250
2 0.747768 0.714687 0.008929 0.013750
2 0.829018 0.459375 0.010714 0.012500
2 0.837946 0.453750 0.010714 0.013750
