2 0.766964 0.890625 0.016071 0.012500
2 0.746875 0.896875 0.016071 0.012500
2 0.740179 0.903125 0.016071 0.012500
2 0.654464 0.895312 0.014286 0.006250
2 0.619196 0.914062 0.010714 0.012500
2 0.646429 0.877812 0.016071 0.008750
2 0.578125 0.931563 0.026786 0.010000
2 0.646429 0.972188 0.016071 0.010000
2 0.781250 0.883437 0.017857 0.013750
2 0.774554 0.887187 0.017857 0.015000
2 0.734821 0.882500 0.014286 0.008750
2 0.869643 0.841562 0.016071 0.011250
2 0.671429 0.630312 0.012500 0.013750
2 0.642411 0.656875 0.012500 0.013750
2 0.633482 0.799687 0.021429 0.008750
2 0.883036 0.786875 0.016071 0.011250
2 0.887500 0.813750 0.016071 0.008750
2 0.891071 0.818125 0.014286 0.005000
2 0.895089 0.824062 0.017857 0.007500
2 0.864286 0.845313 0.014286 0.012500
2 0.787500 0.857187 0.012500 0.011250
2 0.855357 0.846250 0.014286 0.011250
2 0.849554 0.850000 0.016071 0.012500
2 0.841964 0.853750 0.014286 0.013750
2 0.815179 0.869063 0.014286 0.010000
2 0.857589 0.856563 0.014286 0.010000
2 0.812054 0.863750 0.012500 0.008750
2 0.804911 0.854375 0.016071 0.008750
2 0.797321 0.850625 0.014286 0.007500
2 0.798214 0.845625 0.016071 0.010000
2 0.918304 0.404375 0.010714 0.015000
