2 0.687500 0.324375 0.008929 0.017500
2 0.710714 0.579063 0.010714 0.017500
2 0.708036 0.635000 0.014286 0.020000
2 0.670089 0.852500 0.014286 0.017500
2 0.707143 0.992812 0.012500 0.013750
2 0.769196 0.344375 0.025000 0.007500
2 0.868750 0.485938 0.032143 0.006250
2 0.933036 0.481875 0.035714 0.007500
2 0.894196 0.544687 0.016071 0.017500
2 0.982143 0.517813 0.026786 0.007500
2 0.932589 0.727500 0.012500 0.017500
2 0.931696 0.821250 0.028571 0.011250
2 0.978571 0.820000 0.019643 0.021250
2 0.887946 0.819688 0.012500 0.017500
2 0.895536 0.160938 0.014286 0.018750
2 0.783036 0.622188 0.030357 0.010000
