2 0.856696 0.325000 0.012500 0.006250
2 0.909821 0.283750 0.007143 0.005000
2 0.938839 0.338438 0.007143 0.005000
2 0.854911 0.221250 0.008929 0.005000
2 0.931696 0.184375 0.010714 0.006250
2 0.903571 0.200625 0.012500 0.007500
2 0.888393 0.229687 0.008929 0.006250
2 0.960714 0.200000 0.010714 0.006250
2 0.918750 0.193125 0.007143 0.005000
2 0.964732 0.175625 0.014286 0.007500
2 0.947321 0.184375 0.010714 0.006250
2 0.937054 0.190625 0.012500 0.006250
2 0.828125 0.244375 0.008929 0.007500
2 0.862946 0.232187 0.007143 0.005000
2 0.880804 0.223750 0.007143 0.003750
2 0.871875 0.229063 0.007143 0.005000
2 0.805804 0.290000 0.017857 0.011250
2 0.807589 0.287188 0.012500 0.008750
2 0.814732 0.285312 0.017857 0.011250
2 0.828571 0.276250 0.014286 0.008750
2 0.825446 0.320000 0.012500 0.008750
2 0.806696 0.327813 0.010714 0.008750
2 0.800000 0.332500 0.010714 0.008750
2 0.797321 0.350312 0.005357 0.003750
2 0.707143 0.324063 0.012500 0.007500
2 0.704018 0.350000 0.010714 0.006250
2 0.568750 0.394375 0.012500 0.007500
2 0.732143 0.326562 0.008929 0.006250
2 0.724107 0.314688 0.010714 0.007500
2 0.680804 0.312500 0.008929 0.006250
2 0.677679 0.315000 0.007143 0.005000
2 0.663839 0.330625 0.010714 0.005000
2 0.722768 0.328750 0.012500 0.007500
2 0.654911 0.346875 0.010714 0.006250
2 0.683036 0.340000 0.008929 0.005000
2 0.678571 0.343750 0.008929 0.006250
2 0.673214 0.344687 0.007143 0.005000
2 0.529464 0.398125 0.014286 0.008750
2 0.491071 0.419375 0.008929 0.007500
2 0.500000 0.415313 0.008929 0.008750
2 0.543304 0.391250 0.010714 0.007500
2 0.442857 0.449062 0.010714 0.007500
2 0.458929 0.442188 0.007143 0.006250
2 0.500893 0.434375 0.010714 0.006250
2 0.520536 0.405625 0.005357 0.005000
2 0.536607 0.395000 0.010714 0.008750
2 0.466518 0.452500 0.008929 0.005000
2 0.481696 0.443750 0.012500 0.006250
2 0.487500 0.446875 0.010714 0.006250
2 0.534821 0.404687 0.007143 0.006250
2 0.677232 0.364687 0.010714 0.007500
2 0.688839 0.520312 0.007143 0.006250
2 0.787054 0.483125 0.016071 0.010000
2 0.732143 0.500000 0.008929 0.006250
2 0.700893 0.514687 0.008929 0.007500
2 0.697321 0.517188 0.010714 0.006250
2 0.712054 0.520937 0.008929 0.007500
2 0.705357 0.523438 0.008929 0.006250
2 0.697321 0.528125 0.010714 0.006250
2 0.679464 0.526250 0.010714 0.008750
2 0.674107 0.530625 0.008929 0.005000
2 0.545982 0.618437 0.016071 0.008750
2 0.352679 0.797813 0.008929 0.005000
2 0.379464 0.818125 0.008929 0.005000
2 0.385268 0.824687 0.016071 0.008750
2 0.566071 0.779062 0.007143 0.005000
2 0.511161 0.850000 0.017857 0.006250
2 0.486607 0.863750 0.017857 0.008750
2 0.699107 0.607500 0.014286 0.008750
2 0.703571 0.616875 0.005357 0.008750
2 0.719643 0.625625 0.010714 0.007500
2 0.706250 0.631875 0.010714 0.007500
2 0.713393 0.635938 0.007143 0.006250
2 0.716071 0.637500 0.012500 0.006250
2 0.180357 0.809688 0.012500 0.010000
2 0.174107 0.668125 0.017857 0.005000
2 0.187054 0.675625 0.021429 0.007500
2 0.254018 0.585000 0.012500 0.007500
2 0.208929 0.613750 0.016071 0.008750
2 0.295089 0.570625 0.014286 0.010000
2 0.410714 0.575000 0.008929 0.006250
2 0.302679 0.539062 0.007143 0.006250
2 0.311161 0.535625 0.010714 0.008750
2 0.316964 0.531250 0.008929 0.006250
2 0.345089 0.517188 0.007143 0.006250
2 0.395982 0.501875 0.010714 0.010000
2 0.352232 0.541250 0.012500 0.007500
2 0.323661 0.550000 0.008929 0.006250
2 0.311161 0.582812 0.010714 0.006250
2 0.225446 0.657188 0.008929 0.005000
2 0.329464 0.543750 0.007143 0.006250
2 0.161607 0.409375 0.010714 0.006250
