2 0.974107 0.649687 0.010714 0.015000
2 0.962946 0.873437 0.010714 0.012500
2 0.591518 0.285000 0.026786 0.013750
2 0.500446 0.262500 0.023214 0.012500
2 0.166071 0.563750 0.019643 0.008750
2 0.149107 0.916250 0.012500 0.013750
2 0.154018 0.871875 0.008929 0.012500
2 0.193750 0.767188 0.012500 0.012500
2 0.198214 0.753750 0.012500 0.013750
2 0.198214 0.737187 0.012500 0.015000
2 0.225000 0.610625 0.012500 0.015000
2 0.151786 0.883125 0.008929 0.010000
2 0.147321 0.936562 0.008929 0.013750
2 0.773214 0.169063 0.046429 0.010000
2 0.619196 0.720938 0.019643 0.007500
2 0.530357 0.710938 0.016071 0.006250
2 0.962054 0.727500 0.008929 0.011250
2 0.396429 0.852812 0.016071 0.015000
2 0.145089 0.972813 0.008929 0.017500
2 0.406250 0.163750 0.017857 0.008750
2 0.979911 0.978750 0.008929 0.013750
2 0.587054 0.927500 0.017857 0.011250
2 0.200893 0.796875 0.008929 0.012500
2 0.012500 0.582500 0.007143 0.015000
2 0.169643 0.503750 0.008929 0.013750
2 0.313393 0.483125 0.028571 0.010000
2 0.218304 0.322187 0.021429 0.010000
2 0.256696 0.331875 0.017857 0.007500
2 0.308929 0.322500 0.019643 0.007500
