2 0.988839 0.446875 0.017857 0.018750
2 0.995536 0.461250 0.008929 0.016250
2 0.993750 0.415000 0.014286 0.017500
2 0.984375 0.418750 0.017857 0.018750
2 0.977679 0.419375 0.017857 0.020000
2 0.989732 0.511250 0.019643 0.022500
2 0.939286 0.415313 0.012500 0.015000
2 0.944643 0.430625 0.014286 0.017500
2 0.954018 0.445000 0.010714 0.015000
2 0.962500 0.460313 0.014286 0.017500
2 0.968304 0.475312 0.012500 0.016250
2 0.974554 0.492812 0.016071 0.020000
2 0.995536 0.530938 0.008929 0.021250
2 0.785268 0.723750 0.012500 0.022500
2 0.849107 0.696875 0.010714 0.018750
2 0.858036 0.699688 0.010714 0.021250
2 0.866964 0.700937 0.010714 0.023750
2 0.875893 0.700313 0.010714 0.022500
2 0.890179 0.699688 0.012500 0.021250
2 0.901339 0.699375 0.012500 0.017500
2 0.910714 0.700000 0.008929 0.018750
2 0.919196 0.699375 0.012500 0.023750
2 0.928125 0.702813 0.012500 0.021250
2 0.740179 0.723125 0.007143 0.021250
2 0.750893 0.725625 0.010714 0.020000
2 0.758929 0.723750 0.008929 0.022500
2 0.769196 0.726875 0.007143 0.022500
2 0.776339 0.726250 0.003571 0.021250
2 0.794196 0.725938 0.012500 0.017500
2 0.830357 0.698750 0.008929 0.022500
2 0.805357 0.724375 0.012500 0.017500
2 0.827679 0.725625 0.012500 0.020000
2 0.836607 0.726250 0.012500 0.021250
2 0.853571 0.725625 0.010714 0.020000
2 0.866071 0.725000 0.008929 0.018750
2 0.872768 0.725938 0.008929 0.017500
2 0.879464 0.726250 0.008929 0.021250
2 0.886607 0.725313 0.014286 0.022500
2 0.899107 0.724062 0.012500 0.020000
2 0.907143 0.724688 0.010714 0.021250
2 0.916518 0.724688 0.016071 0.021250
2 0.925446 0.119063 0.016071 0.022500
2 0.936607 0.116562 0.016071 0.023750
2 0.948661 0.114375 0.017857 0.022500
2 0.836607 0.697187 0.012500 0.022500
2 0.821429 0.696250 0.008929 0.017500
2 0.831250 0.679375 0.010714 0.021250
2 0.640625 0.722500 0.008929 0.020000
2 0.649107 0.722500 0.012500 0.020000
2 0.658482 0.720625 0.008929 0.022500
2 0.666071 0.723125 0.010714 0.021250
2 0.680357 0.725938 0.012500 0.023750
2 0.689732 0.725938 0.008929 0.023750
2 0.697321 0.725313 0.010714 0.022500
2 0.707589 0.723125 0.008929 0.021250
2 0.717411 0.722187 0.010714 0.022500
2 0.763839 0.679375 0.014286 0.015000
2 0.778571 0.680625 0.012500 0.017500
2 0.788393 0.681250 0.014286 0.012500
2 0.802232 0.680000 0.010714 0.016250
2 0.814732 0.679688 0.008929 0.018750
2 0.840179 0.676875 0.010714 0.022500
2 0.812500 0.695625 0.008929 0.016250
2 0.848214 0.678438 0.008929 0.022500
2 0.858929 0.678438 0.012500 0.022500
2 0.866964 0.677813 0.010714 0.021250
2 0.881250 0.680312 0.012500 0.020000
2 0.892857 0.680937 0.008929 0.021250
2 0.900893 0.677813 0.007143 0.021250
2 0.910714 0.679063 0.008929 0.023750
2 0.918304 0.681250 0.010714 0.018750
2 0.927232 0.685625 0.010714 0.015000
2 0.767857 0.696562 0.008929 0.021250
2 0.776786 0.695937 0.008929 0.020000
2 0.786607 0.695937 0.010714 0.020000
2 0.794643 0.696562 0.008929 0.021250
2 0.802232 0.696875 0.010714 0.018750
2 0.956696 0.112187 0.016071 0.021250
2 0.964732 0.108125 0.014286 0.022500
2 0.972321 0.108125 0.016071 0.022500
2 0.949107 0.140625 0.014286 0.018750
2 0.957143 0.138125 0.012500 0.020000
2 0.968304 0.135313 0.012500 0.023750
2 0.978125 0.134063 0.014286 0.021250
2 0.987054 0.132500 0.014286 0.021250
2 0.998214 0.130312 0.005357 0.020000
2 0.980357 0.106563 0.014286 0.022500
2 0.989286 0.105625 0.014286 0.023750
2 0.631696 0.723125 0.008929 0.021250
2 0.619196 0.720313 0.010714 0.018750
2 0.608929 0.720938 0.012500 0.020000
2 0.590179 0.651250 0.010714 0.015000
2 0.572321 0.634062 0.010714 0.015000
2 0.582589 0.635938 0.008929 0.018750
2 0.591071 0.635000 0.012500 0.020000
2 0.601339 0.632188 0.010714 0.017500
2 0.609375 0.633750 0.008929 0.017500
2 0.616071 0.632812 0.008929 0.018750
2 0.625000 0.633437 0.008929 0.020000
2 0.634821 0.631563 0.010714 0.016250
2 0.641964 0.630625 0.007143 0.017500
2 0.652679 0.631250 0.010714 0.018750
2 0.573661 0.649375 0.008929 0.017500
2 0.581696 0.651250 0.007143 0.015000
2 0.602679 0.650000 0.008929 0.018750
2 0.739286 0.635938 0.005357 0.018750
2 0.609375 0.651250 0.008929 0.021250
2 0.619196 0.652187 0.010714 0.020000
2 0.628571 0.652500 0.007143 0.017500
2 0.634821 0.651875 0.010714 0.022500
2 0.642857 0.652500 0.008929 0.023750
2 0.651339 0.652187 0.012500 0.026250
2 0.659375 0.643750 0.010714 0.031250
2 0.669196 0.635625 0.012500 0.015000
2 0.673661 0.650000 0.012500 0.018750
2 0.682589 0.650312 0.012500 0.016250
2 0.695089 0.649375 0.010714 0.017500
2 0.705357 0.651563 0.008929 0.018750
2 0.712054 0.653750 0.008929 0.020000
2 0.719643 0.653438 0.010714 0.016250
2 0.579018 0.608750 0.010714 0.017500
2 0.588839 0.609687 0.012500 0.016250
2 0.596875 0.611250 0.010714 0.016250
2 0.729911 0.653125 0.008929 0.018750
2 0.731250 0.639062 0.007143 0.012500
2 0.603571 0.721562 0.010714 0.021250
2 0.691964 0.693750 0.008929 0.018750
2 0.571429 0.691563 0.008929 0.017500
2 0.581250 0.692187 0.010714 0.018750
2 0.590179 0.693750 0.010714 0.018750
2 0.598214 0.691250 0.008929 0.020000
2 0.606250 0.692500 0.007143 0.016250
2 0.615179 0.692500 0.007143 0.016250
2 0.623661 0.694063 0.010714 0.016250
2 0.633929 0.692500 0.008929 0.016250
2 0.642857 0.693125 0.008929 0.017500
2 0.650446 0.691875 0.010714 0.021250
2 0.658482 0.693750 0.008929 0.018750
2 0.665179 0.693750 0.008929 0.018750
2 0.673214 0.694688 0.007143 0.017500
2 0.681696 0.694063 0.010714 0.016250
2 0.700893 0.693750 0.008929 0.018750
2 0.679464 0.630938 0.010714 0.015000
2 0.708482 0.695625 0.010714 0.022500
2 0.718750 0.693125 0.008929 0.017500
2 0.727679 0.695000 0.008929 0.021250
2 0.735268 0.695000 0.010714 0.021250
2 0.570536 0.721875 0.007143 0.018750
2 0.575893 0.720938 0.008929 0.020000
2 0.584821 0.723125 0.008929 0.021250
2 0.595982 0.723125 0.008929 0.021250
2 0.737500 0.676250 0.010714 0.021250
2 0.688393 0.630938 0.010714 0.015000
2 0.697768 0.631875 0.007143 0.020000
2 0.705357 0.632812 0.008929 0.025000
2 0.714286 0.629063 0.008929 0.023750
2 0.719643 0.635625 0.010714 0.021250
2 0.740179 0.655312 0.007143 0.020000
2 0.572321 0.671250 0.010714 0.023750
2 0.581250 0.674375 0.010714 0.017500
2 0.589286 0.673125 0.008929 0.021250
2 0.598214 0.674375 0.008929 0.017500
2 0.607143 0.674375 0.008929 0.017500
2 0.616071 0.675000 0.008929 0.018750
2 0.623661 0.676250 0.010714 0.021250
2 0.632589 0.676562 0.010714 0.018750
2 0.644196 0.675312 0.007143 0.016250
2 0.657143 0.675938 0.010714 0.017500
2 0.668304 0.675625 0.010714 0.020000
2 0.678571 0.675938 0.008929 0.017500
2 0.690625 0.675000 0.010714 0.018750
2 0.705357 0.675312 0.008929 0.016250
2 0.720089 0.675000 0.007143 0.018750
2 0.726786 0.676875 0.007143 0.022500
2 0.994196 0.325625 0.010714 0.020000
2 0.990179 0.327188 0.016071 0.020000
2 0.979911 0.329375 0.017857 0.021250
2 0.969196 0.330313 0.023214 0.020000
2 0.961607 0.333750 0.021429 0.023750
2 0.950446 0.335625 0.021429 0.021250
2 0.966518 0.362500 0.017857 0.018750
2 0.975000 0.358438 0.012500 0.020000
2 0.982589 0.355313 0.014286 0.020000
2 0.992857 0.350625 0.012500 0.020000
2 0.954911 0.319062 0.012500 0.016250
2 0.953571 0.290313 0.014286 0.021250
2 0.963839 0.287500 0.012500 0.018750
2 0.970982 0.286562 0.017857 0.020000
2 0.979911 0.284375 0.017857 0.018750
2 0.993750 0.281875 0.014286 0.020000
2 0.942411 0.321250 0.014286 0.017500
2 0.959375 0.316875 0.012500 0.015000
2 0.966964 0.313750 0.014286 0.015000
2 0.975000 0.312812 0.012500 0.016250
2 0.983929 0.310625 0.012500 0.015000
2 0.995536 0.306562 0.008929 0.016250
2 0.995536 0.366250 0.008929 0.013750
2 0.989732 0.373125 0.019643 0.027500
2 0.981250 0.375625 0.016071 0.020000
2 0.969643 0.378125 0.019643 0.018750
2 0.967857 0.402500 0.016071 0.017500
2 0.978125 0.400938 0.014286 0.017500
2 0.989286 0.399375 0.014286 0.017500
2 0.991518 0.193750 0.014286 0.018750
2 0.981250 0.195938 0.016071 0.020000
2 0.971429 0.196563 0.014286 0.021250
2 0.962946 0.198437 0.010714 0.018750
2 0.995536 0.149063 0.008929 0.020000
2 0.986607 0.151250 0.017857 0.021250
2 0.976339 0.155000 0.019643 0.022500
2 0.966071 0.156250 0.012500 0.018750
2 0.951339 0.158438 0.014286 0.020000
2 0.952232 0.185000 0.016071 0.020000
2 0.962500 0.181563 0.014286 0.022500
2 0.973661 0.181250 0.014286 0.018750
2 0.985714 0.178125 0.016071 0.018750
2 0.993750 0.175000 0.014286 0.018750
2 0.916518 0.288438 0.016071 0.023750
2 0.925893 0.309063 0.021429 0.015000
2 0.920982 0.330313 0.016071 0.020000
2 0.929464 0.325937 0.019643 0.023750
2 0.939286 0.276562 0.012500 0.018750
2 0.943750 0.292500 0.012500 0.016250
2 0.948214 0.276562 0.012500 0.018750
2 0.955804 0.273750 0.014286 0.016250
2 0.966071 0.271250 0.012500 0.017500
2 0.976786 0.267813 0.016071 0.020000
2 0.989286 0.264688 0.014286 0.020000
2 0.992411 0.215937 0.016071 0.022500
2 0.984821 0.220938 0.014286 0.020000
2 0.977232 0.221875 0.012500 0.018750
2 0.969196 0.225000 0.014286 0.018750
2 0.883482 0.262500 0.012500 0.018750
2 0.893304 0.257500 0.014286 0.021250
2 0.903125 0.253750 0.016071 0.020000
2 0.911161 0.251250 0.014286 0.021250
2 0.922321 0.248438 0.014286 0.018750
2 0.935714 0.247500 0.014286 0.020000
2 0.942411 0.246563 0.014286 0.021250
2 0.951339 0.244062 0.014286 0.022500
2 0.958929 0.243125 0.016071 0.023750
2 0.975000 0.238750 0.012500 0.021250
2 0.983929 0.236875 0.012500 0.017500
2 0.990625 0.237188 0.012500 0.021250
2 0.996875 0.233125 0.007143 0.016250
2 0.572321 0.610625 0.010714 0.015000
2 0.563393 0.922500 0.019643 0.007500
2 0.602679 0.894375 0.017857 0.007500
2 0.604464 0.906875 0.021429 0.007500
2 0.603571 0.914062 0.019643 0.006250
2 0.602679 0.918750 0.017857 0.006250
2 0.605357 0.925313 0.023214 0.010000
2 0.560714 0.899062 0.023214 0.007500
2 0.565179 0.911562 0.023214 0.007500
2 0.563393 0.917188 0.019643 0.006250
2 0.564286 0.930937 0.021429 0.008750
2 0.627232 0.958125 0.008929 0.016250
2 0.618304 0.955000 0.008929 0.016250
2 0.608482 0.956875 0.007143 0.020000
2 0.599107 0.956875 0.010714 0.020000
2 0.591518 0.957500 0.008929 0.021250
2 0.580357 0.958437 0.008929 0.020000
2 0.570089 0.959062 0.010714 0.021250
2 0.624554 0.925000 0.021429 0.006250
2 0.622768 0.919375 0.017857 0.007500
2 0.623214 0.910000 0.023214 0.007500
2 0.623214 0.902187 0.023214 0.007500
2 0.687054 0.963438 0.021429 0.005000
2 0.691071 0.951562 0.016071 0.006250
2 0.685268 0.943125 0.017857 0.005000
2 0.687500 0.934688 0.017857 0.003750
2 0.686161 0.927812 0.019643 0.008750
2 0.685268 0.917188 0.017857 0.006250
2 0.683036 0.909375 0.017857 0.006250
2 0.685268 0.900625 0.017857 0.007500
2 0.685268 0.891875 0.017857 0.008750
2 0.685714 0.879687 0.014286 0.006250
2 0.682143 0.866563 0.016071 0.005000
2 0.684375 0.856875 0.016071 0.007500
2 0.662500 0.867188 0.021429 0.006250
2 0.666518 0.877188 0.025000 0.007500
2 0.665179 0.885938 0.017857 0.006250
2 0.664286 0.892813 0.016071 0.007500
2 0.665179 0.902187 0.017857 0.007500
2 0.664732 0.910937 0.012500 0.006250
2 0.666518 0.919375 0.016071 0.007500
2 0.667411 0.927812 0.017857 0.008750
2 0.665625 0.938750 0.014286 0.008750
2 0.667411 0.944688 0.017857 0.005000
2 0.670982 0.950625 0.016071 0.007500
2 0.618750 0.844688 0.023214 0.005000
2 0.596875 0.857500 0.019643 0.008750
2 0.620536 0.867812 0.017857 0.007500
2 0.620536 0.881875 0.017857 0.007500
2 0.620536 0.887500 0.017857 0.006250
2 0.621429 0.893750 0.019643 0.006250
2 0.624554 0.994688 0.021429 0.011250
2 0.691518 0.994375 0.021429 0.007500
2 0.668304 0.996250 0.019643 0.005000
2 0.859821 0.282813 0.014286 0.012500
2 0.724107 0.481250 0.010714 0.018750
2 0.708482 0.484687 0.010714 0.022500
2 0.752679 0.270937 0.014286 0.020000
2 0.759821 0.268750 0.010714 0.018750
2 0.770536 0.267188 0.014286 0.018750
2 0.780804 0.263750 0.021429 0.021250
2 0.789286 0.258437 0.016071 0.020000
2 0.800446 0.258437 0.016071 0.020000
2 0.810714 0.255625 0.023214 0.023750
2 0.825000 0.249375 0.016071 0.017500
2 0.833482 0.248750 0.019643 0.022500
2 0.853125 0.264375 0.023214 0.010000
2 0.854464 0.271875 0.021429 0.012500
2 0.858482 0.277500 0.016071 0.011250
2 0.863393 0.290625 0.021429 0.012500
2 0.705804 0.442188 0.014286 0.018750
2 0.867857 0.298750 0.021429 0.010000
2 0.870982 0.308125 0.023214 0.010000
2 0.870982 0.314375 0.023214 0.010000
2 0.875000 0.322187 0.026786 0.010000
2 0.879911 0.331875 0.023214 0.007500
2 0.883036 0.339688 0.025000 0.007500
2 0.890179 0.348750 0.021429 0.010000
2 0.893304 0.355000 0.023214 0.010000
2 0.893304 0.359687 0.023214 0.010000
2 0.898661 0.365937 0.025000 0.010000
2 0.898661 0.372812 0.025000 0.011250
2 0.904464 0.379688 0.023214 0.012500
2 0.908036 0.387813 0.021429 0.010000
2 0.762946 0.294375 0.021429 0.007500
2 0.713839 0.465000 0.012500 0.017500
2 0.692857 0.426563 0.010714 0.018750
2 0.824554 0.392188 0.010714 0.018750
2 0.668304 0.310625 0.010714 0.021250
2 0.581696 0.382188 0.007143 0.017500
2 0.592411 0.380000 0.010714 0.022500
2 0.603571 0.381562 0.010714 0.016250
2 0.618304 0.383750 0.008929 0.011250
2 0.636161 0.384063 0.008929 0.015000
2 0.648214 0.382188 0.010714 0.017500
2 0.655357 0.385000 0.007143 0.013750
2 0.667411 0.382500 0.008929 0.015000
2 0.683929 0.380938 0.010714 0.021250
2 0.694196 0.381250 0.008929 0.018750
2 0.672768 0.339375 0.010714 0.016250
2 0.677232 0.355938 0.010714 0.015000
2 0.662054 0.337188 0.007143 0.015000
2 0.636161 0.339375 0.008929 0.016250
2 0.626339 0.340000 0.007143 0.017500
2 0.599554 0.339375 0.007143 0.016250
2 0.590179 0.338750 0.010714 0.015000
2 0.590179 0.354375 0.010714 0.015000
2 0.597321 0.357500 0.007143 0.015000
2 0.608036 0.355000 0.010714 0.016250
2 0.619196 0.356250 0.010714 0.018750
2 0.626786 0.356563 0.012500 0.016250
2 0.635714 0.355000 0.012500 0.016250
2 0.645982 0.356563 0.010714 0.016250
2 0.657143 0.355313 0.010714 0.020000
2 0.665179 0.357187 0.008929 0.017500
2 0.822321 0.308750 0.010714 0.017500
2 0.809375 0.310312 0.007143 0.017500
2 0.800000 0.308125 0.010714 0.022500
2 0.755804 0.380625 0.007143 0.017500
2 0.885714 0.295312 0.021429 0.006250
2 0.890179 0.300625 0.021429 0.007500
2 0.891518 0.307500 0.019643 0.008750
2 0.895982 0.315937 0.019643 0.010000
2 0.897321 0.325625 0.017857 0.007500
2 0.908482 0.340000 0.017857 0.011250
2 0.912500 0.351875 0.021429 0.010000
2 0.916964 0.358125 0.021429 0.010000
2 0.919643 0.365937 0.017857 0.010000
2 0.922768 0.370625 0.019643 0.010000
2 0.925893 0.378437 0.021429 0.010000
2 0.732143 0.383750 0.008929 0.017500
2 0.741071 0.383750 0.008929 0.017500
2 0.747768 0.382500 0.008929 0.021250
2 0.764286 0.380625 0.010714 0.017500
2 0.792411 0.307500 0.008929 0.021250
2 0.776786 0.380000 0.008929 0.016250
2 0.784375 0.381875 0.010714 0.013750
2 0.791964 0.380000 0.012500 0.016250
2 0.802232 0.378125 0.010714 0.012500
2 0.812500 0.376250 0.008929 0.015000
2 0.820089 0.375937 0.010714 0.017500
2 0.829018 0.376250 0.010714 0.015000
2 0.839286 0.377812 0.008929 0.015000
2 0.845536 0.376563 0.012500 0.018750
2 0.859821 0.376250 0.014286 0.015000
2 0.868750 0.391250 0.005357 0.013750
2 0.860268 0.390937 0.010714 0.016250
2 0.850446 0.393750 0.008929 0.018750
2 0.843750 0.392813 0.008929 0.013750
2 0.882143 0.289375 0.023214 0.010000
2 0.878571 0.282500 0.016071 0.008750
2 0.878571 0.277188 0.016071 0.007500
2 0.875446 0.271250 0.014286 0.011250
2 0.783482 0.308125 0.008929 0.022500
2 0.775893 0.310000 0.007143 0.020000
2 0.766964 0.308125 0.007143 0.022500
2 0.758929 0.307188 0.008929 0.023750
2 0.749554 0.307812 0.012500 0.025000
2 0.740179 0.310625 0.007143 0.021250
2 0.729911 0.310625 0.008929 0.021250
2 0.732143 0.335625 0.008929 0.015000
2 0.731250 0.352187 0.007143 0.020000
2 0.739732 0.353125 0.010714 0.018750
2 0.746429 0.350938 0.010714 0.017500
2 0.755804 0.350938 0.007143 0.017500
2 0.762500 0.350312 0.007143 0.016250
2 0.769196 0.350625 0.007143 0.020000
2 0.777679 0.352187 0.010714 0.020000
2 0.791518 0.353750 0.007143 0.020000
2 0.803125 0.355000 0.012500 0.016250
2 0.813839 0.351562 0.007143 0.018750
2 0.822321 0.351875 0.010714 0.022500
2 0.831250 0.352187 0.010714 0.020000
2 0.839286 0.352187 0.008929 0.020000
2 0.846429 0.354687 0.014286 0.018750
2 0.754464 0.331562 0.008929 0.016250
2 0.764286 0.333125 0.010714 0.010000
2 0.778125 0.332500 0.007143 0.015000
2 0.787946 0.335000 0.008929 0.013750
2 0.804464 0.332500 0.010714 0.015000
2 0.815625 0.332187 0.010714 0.017500
2 0.829911 0.330937 0.012500 0.021250
2 0.635714 0.307500 0.012500 0.021250
2 0.834821 0.391875 0.008929 0.015000
2 0.816518 0.393125 0.012500 0.017500
2 0.788839 0.568125 0.010714 0.017500
2 0.941964 0.561875 0.008929 0.017500
2 0.929911 0.562500 0.007143 0.018750
2 0.920536 0.561875 0.010714 0.017500
2 0.912946 0.563438 0.008929 0.017500
2 0.904911 0.564688 0.010714 0.020000
2 0.896429 0.563125 0.007143 0.020000
2 0.887500 0.563125 0.007143 0.020000
2 0.875893 0.563750 0.010714 0.021250
2 0.860268 0.564688 0.010714 0.020000
2 0.845982 0.565625 0.008929 0.018750
2 0.836607 0.564688 0.012500 0.020000
2 0.823214 0.569375 0.012500 0.020000
2 0.810714 0.568750 0.014286 0.018750
2 0.797768 0.567500 0.010714 0.016250
2 0.777679 0.568438 0.010714 0.021250
2 0.922768 0.546875 0.010714 0.018750
2 0.816964 0.592500 0.008929 0.016250
2 0.826786 0.593125 0.010714 0.017500
2 0.837054 0.590938 0.008929 0.016250
2 0.841964 0.591250 0.014286 0.020000
2 0.852232 0.591250 0.012500 0.020000
2 0.861607 0.592812 0.008929 0.020000
2 0.871429 0.591875 0.010714 0.021250
2 0.881696 0.590000 0.008929 0.017500
2 0.891964 0.589063 0.007143 0.018750
2 0.899107 0.590625 0.012500 0.018750
2 0.909821 0.591875 0.007143 0.015000
2 0.915179 0.590625 0.008929 0.018750
2 0.921875 0.590625 0.008929 0.018750
2 0.932143 0.592187 0.007143 0.018750
2 0.940625 0.546563 0.010714 0.015000
2 0.912500 0.548125 0.012500 0.015000
2 0.807589 0.393125 0.012500 0.017500
2 0.724554 0.605312 0.007143 0.013750
2 0.723214 0.568750 0.008929 0.018750
2 0.729911 0.567812 0.008929 0.020000
2 0.741071 0.568750 0.008929 0.018750
2 0.741964 0.548438 0.010714 0.012500
2 0.730804 0.549375 0.010714 0.017500
2 0.716964 0.547187 0.014286 0.016250
2 0.741964 0.595000 0.010714 0.015000
2 0.731250 0.592500 0.007143 0.016250
2 0.722321 0.590625 0.007143 0.018750
2 0.714286 0.590938 0.008929 0.016250
2 0.707589 0.591562 0.008929 0.017500
2 0.696429 0.607500 0.008929 0.015000
2 0.706696 0.606875 0.007143 0.020000
2 0.714286 0.607812 0.008929 0.018750
2 0.733036 0.608750 0.010714 0.017500
2 0.903125 0.547500 0.007143 0.020000
2 0.779911 0.551875 0.010714 0.016250
2 0.787946 0.553438 0.008929 0.016250
2 0.800446 0.551250 0.007143 0.015000
2 0.808036 0.551562 0.008929 0.018750
2 0.816964 0.550312 0.008929 0.016250
2 0.826786 0.549375 0.010714 0.017500
2 0.833482 0.549375 0.010714 0.017500
2 0.841518 0.549375 0.008929 0.017500
2 0.849554 0.549375 0.007143 0.017500
2 0.860714 0.549063 0.007143 0.013750
2 0.869196 0.547500 0.010714 0.013750
2 0.878571 0.545000 0.007143 0.015000
2 0.887500 0.547187 0.007143 0.016250
2 0.896429 0.547187 0.007143 0.016250
2 0.941071 0.591875 0.007143 0.021250
2 0.953125 0.588750 0.008929 0.021250
2 0.961607 0.610313 0.012500 0.017500
2 0.863839 0.650000 0.008929 0.018750
2 0.839286 0.635625 0.008929 0.015000
2 0.831696 0.634375 0.007143 0.018750
2 0.821429 0.635938 0.008929 0.018750
2 0.812500 0.633437 0.008929 0.020000
2 0.802679 0.634687 0.007143 0.016250
2 0.794643 0.636250 0.008929 0.016250
2 0.776339 0.648750 0.012500 0.022500
2 0.784821 0.648438 0.007143 0.018750
2 0.795982 0.648750 0.007143 0.016250
2 0.812500 0.650000 0.008929 0.018750
2 0.821429 0.650000 0.008929 0.018750
2 0.834821 0.650000 0.008929 0.018750
2 0.842857 0.652813 0.007143 0.015000
2 0.852679 0.652500 0.008929 0.017500
2 0.871875 0.650000 0.007143 0.018750
2 0.948661 0.609063 0.008929 0.021250
2 0.882589 0.651875 0.010714 0.022500
2 0.892857 0.651563 0.008929 0.018750
2 0.901786 0.650938 0.008929 0.017500
2 0.913839 0.653750 0.010714 0.020000
2 0.927679 0.649687 0.016071 0.021250
2 0.935268 0.653438 0.017857 0.022500
2 0.944196 0.656250 0.017857 0.018750
2 0.845089 0.636875 0.007143 0.017500
2 0.855804 0.636250 0.010714 0.016250
2 0.866071 0.633437 0.008929 0.020000
2 0.872768 0.633750 0.008929 0.011250
2 0.941518 0.611563 0.003571 0.020000
2 0.930804 0.610313 0.008929 0.017500
2 0.920982 0.610313 0.007143 0.017500
2 0.914286 0.609375 0.007143 0.018750
2 0.906250 0.608437 0.008929 0.020000
2 0.895982 0.610000 0.010714 0.020000
2 0.887500 0.607500 0.007143 0.021250
2 0.870982 0.611563 0.014286 0.020000
2 0.854911 0.604375 0.008929 0.015000
2 0.847321 0.607500 0.007143 0.015000
2 0.838393 0.610625 0.007143 0.015000
2 0.829018 0.610938 0.010714 0.018750
2 0.821429 0.609687 0.008929 0.016250
2 0.809375 0.606563 0.007143 0.016250
2 0.737500 0.622812 0.019643 0.011250
2 0.996875 0.636875 0.007143 0.017500
2 0.987054 0.634375 0.005357 0.018750
2 0.976786 0.639375 0.007143 0.016250
2 0.967411 0.636875 0.010714 0.017500
2 0.959821 0.637188 0.008929 0.015000
2 0.951339 0.635938 0.005357 0.018750
2 0.940625 0.636250 0.010714 0.016250
2 0.930804 0.633750 0.008929 0.017500
2 0.921875 0.635625 0.008929 0.015000
2 0.912946 0.633437 0.008929 0.020000
2 0.907143 0.632188 0.010714 0.017500
2 0.899107 0.634375 0.012500 0.018750
2 0.889732 0.633750 0.007143 0.017500
2 0.879464 0.634687 0.008929 0.016250
2 0.714286 0.568438 0.008929 0.021250
2 0.703571 0.566563 0.005357 0.017500
2 0.998214 0.614062 0.005357 0.006250
2 0.879018 0.463438 0.012500 0.017500
2 0.888393 0.437500 0.008929 0.018750
2 0.758036 0.465938 0.007143 0.022500
2 0.766964 0.468125 0.007143 0.017500
2 0.776786 0.466563 0.008929 0.017500
2 0.785714 0.466875 0.008929 0.015000
2 0.794643 0.464375 0.008929 0.016250
2 0.804464 0.466875 0.010714 0.015000
2 0.813393 0.463750 0.010714 0.015000
2 0.822321 0.463438 0.010714 0.017500
2 0.831250 0.466250 0.010714 0.013750
2 0.841071 0.461875 0.012500 0.017500
2 0.848214 0.463438 0.008929 0.017500
2 0.859375 0.464062 0.008929 0.012500
2 0.870089 0.463438 0.012500 0.017500
2 0.889286 0.462500 0.010714 0.018750
2 0.774554 0.482812 0.008929 0.018750
2 0.901786 0.462500 0.008929 0.018750
2 0.904018 0.479063 0.008929 0.017500
2 0.894196 0.481875 0.007143 0.020000
2 0.887054 0.478750 0.010714 0.020000
2 0.877232 0.479687 0.008929 0.018750
2 0.867857 0.480312 0.012500 0.020000
2 0.859375 0.479375 0.008929 0.021250
2 0.853125 0.477813 0.014286 0.021250
2 0.840179 0.480938 0.010714 0.021250
2 0.832143 0.479375 0.012500 0.021250
2 0.820982 0.480625 0.012500 0.023750
2 0.811161 0.481875 0.010714 0.020000
2 0.801339 0.482188 0.008929 0.023750
2 0.794196 0.480312 0.012500 0.020000
2 0.878125 0.436875 0.010714 0.017500
2 0.871875 0.436562 0.007143 0.020000
2 0.861161 0.439687 0.012500 0.013750
2 0.852679 0.437188 0.008929 0.015000
2 0.800000 0.394375 0.010714 0.020000
2 0.788839 0.395313 0.010714 0.018750
2 0.781250 0.396875 0.008929 0.018750
2 0.772321 0.396563 0.008929 0.021250
2 0.762054 0.397500 0.010714 0.020000
2 0.748661 0.399062 0.010714 0.020000
2 0.741518 0.400000 0.014286 0.018750
2 0.761161 0.423125 0.008929 0.015000
2 0.770982 0.420312 0.010714 0.012500
2 0.779464 0.420937 0.014286 0.013750
2 0.789732 0.421875 0.012500 0.012500
2 0.799107 0.422500 0.008929 0.013750
2 0.815625 0.421875 0.010714 0.012500
2 0.825893 0.420937 0.008929 0.013750
2 0.838393 0.420000 0.007143 0.015000
2 0.852679 0.421563 0.008929 0.015000
2 0.862500 0.422187 0.010714 0.016250
2 0.877232 0.420312 0.008929 0.018750
2 0.759821 0.435937 0.010714 0.018750
2 0.766964 0.437500 0.007143 0.018750
2 0.774554 0.436562 0.008929 0.020000
2 0.784821 0.436875 0.007143 0.017500
2 0.792411 0.438125 0.008929 0.020000
2 0.801339 0.435937 0.008929 0.018750
2 0.808036 0.436250 0.008929 0.016250
2 0.818304 0.437500 0.007143 0.018750
2 0.824554 0.437500 0.010714 0.018750
2 0.831250 0.436250 0.010714 0.016250
2 0.839286 0.436562 0.008929 0.013750
2 0.784375 0.483750 0.010714 0.023750
2 0.765625 0.483125 0.008929 0.022500
2 0.994196 0.605625 0.010714 0.005000
2 0.952679 0.494688 0.021429 0.011250
2 0.801339 0.527187 0.008929 0.020000
2 0.792411 0.527500 0.008929 0.017500
2 0.921429 0.418125 0.021429 0.011250
2 0.923214 0.424375 0.025000 0.011250
2 0.925000 0.430000 0.019643 0.010000
2 0.925000 0.436562 0.019643 0.013750
2 0.930357 0.440937 0.021429 0.010000
2 0.932589 0.448750 0.021429 0.010000
2 0.934821 0.453125 0.021429 0.012500
2 0.937054 0.460313 0.021429 0.011250
2 0.939286 0.465000 0.021429 0.011250
2 0.944643 0.471875 0.023214 0.012500
2 0.946429 0.478750 0.026786 0.013750
2 0.952232 0.489063 0.025000 0.012500
2 0.955804 0.501875 0.023214 0.010000
2 0.713393 0.505625 0.007143 0.017500
2 0.960268 0.507500 0.023214 0.008750
2 0.961161 0.518750 0.025000 0.012500
2 0.964732 0.524687 0.023214 0.008750
2 0.970089 0.531875 0.025000 0.007500
2 0.972321 0.540000 0.025000 0.011250
2 0.973661 0.546563 0.023214 0.008750
2 0.979018 0.553125 0.025000 0.012500
2 0.980357 0.559063 0.023214 0.008750
2 0.981696 0.566563 0.021429 0.011250
2 0.986607 0.571562 0.026786 0.008750
2 0.989286 0.579063 0.023214 0.011250
2 0.992411 0.588125 0.016071 0.007500
2 0.992857 0.594375 0.012500 0.007500
2 0.992857 0.600625 0.012500 0.007500
2 0.808036 0.524687 0.008929 0.021250
2 0.818750 0.525000 0.012500 0.018750
2 0.826786 0.521250 0.010714 0.017500
2 0.837946 0.524687 0.010714 0.021250
2 0.704464 0.505625 0.007143 0.017500
2 0.695536 0.508125 0.007143 0.016250
2 0.731250 0.508125 0.007143 0.016250
2 0.731250 0.523750 0.007143 0.016250
2 0.724107 0.520937 0.010714 0.020000
2 0.712054 0.524375 0.008929 0.017500
2 0.703125 0.522500 0.008929 0.020000
2 0.793304 0.510625 0.010714 0.015000
2 0.801339 0.509687 0.008929 0.016250
2 0.810268 0.505625 0.008929 0.017500
2 0.819196 0.507500 0.008929 0.015000
2 0.825893 0.505938 0.008929 0.015000
2 0.834821 0.505625 0.008929 0.017500
2 0.844643 0.505625 0.010714 0.017500
2 0.853571 0.505000 0.010714 0.016250
2 0.863839 0.504063 0.008929 0.017500
2 0.873661 0.503437 0.010714 0.016250
2 0.883929 0.504375 0.008929 0.015000
2 0.891518 0.502500 0.010714 0.017500
2 0.924107 0.516875 0.008929 0.015000
2 0.913839 0.517188 0.010714 0.018750
2 0.906250 0.518750 0.008929 0.018750
2 0.899554 0.520625 0.008929 0.022500
2 0.889732 0.520625 0.007143 0.022500
2 0.880357 0.521250 0.010714 0.023750
2 0.869196 0.520000 0.010714 0.021250
2 0.859375 0.520937 0.008929 0.020000
2 0.851339 0.519375 0.010714 0.020000
2 0.845982 0.522188 0.008929 0.022500
2 0.971875 0.944375 0.019643 0.007500
2 0.987500 0.884375 0.019643 0.006250
2 0.988393 0.896875 0.021429 0.006250
2 0.966964 0.884062 0.023214 0.008750
2 0.966964 0.896562 0.023214 0.008750
2 0.970982 0.905000 0.017857 0.010000
2 0.987500 0.908438 0.019643 0.007500
2 0.988393 0.920000 0.021429 0.008750
2 0.988393 0.926250 0.021429 0.008750
2 0.989732 0.938750 0.019643 0.008750
2 0.989732 0.950000 0.019643 0.006250
2 0.992411 0.958437 0.016071 0.007500
2 0.968750 0.917812 0.017857 0.007500
2 0.970536 0.925625 0.021429 0.007500
2 0.970536 0.935000 0.021429 0.007500
2 0.971875 0.955000 0.019643 0.010000
2 0.964286 0.872500 0.026786 0.007500
2 0.969196 0.880625 0.023214 0.005000
2 0.961607 0.863125 0.021429 0.007500
2 0.923214 0.863750 0.016071 0.008750
2 0.946875 0.811250 0.014286 0.016250
2 0.956250 0.810937 0.010714 0.018750
2 0.965179 0.810312 0.010714 0.017500
2 0.975893 0.808437 0.014286 0.020000
2 0.987500 0.808125 0.010714 0.016250
2 0.998214 0.808750 0.005357 0.017500
2 0.849554 0.858750 0.025000 0.011250
2 0.847768 0.866250 0.021429 0.007500
2 0.863393 0.883437 0.021429 0.007500
2 0.903571 0.846562 0.021429 0.008750
2 0.904018 0.856250 0.017857 0.006250
2 0.923214 0.848125 0.016071 0.008750
2 0.903571 0.869688 0.021429 0.011250
2 0.985268 0.855937 0.019643 0.008750
2 0.925893 0.874062 0.021429 0.007500
2 0.904911 0.878750 0.019643 0.007500
2 0.925893 0.888750 0.021429 0.008750
2 0.925000 0.896562 0.019643 0.008750
2 0.926339 0.906250 0.017857 0.006250
2 0.929464 0.913125 0.019643 0.007500
2 0.928125 0.925000 0.021429 0.006250
2 0.929464 0.933125 0.019643 0.010000
2 0.933929 0.943125 0.019643 0.005000
2 0.960714 0.837813 0.019643 0.010000
2 0.980357 0.837813 0.023214 0.010000
2 0.963393 0.846562 0.025000 0.008750
2 0.980357 0.846250 0.023214 0.011250
2 0.961607 0.856875 0.021429 0.007500
2 0.993750 0.997812 0.014286 0.005000
2 0.993750 0.988750 0.014286 0.008750
2 0.975000 0.989375 0.021429 0.010000
2 0.937500 0.810312 0.008929 0.017500
2 0.928571 0.810312 0.008929 0.017500
2 0.917411 0.810625 0.008929 0.015000
2 0.910714 0.810312 0.008929 0.017500
2 0.898214 0.808437 0.010714 0.020000
