2 0.760268 0.778438 0.007143 0.010000
2 0.744643 0.777500 0.007143 0.011250
2 0.901786 0.779062 0.008929 0.011250
2 0.893750 0.833437 0.010714 0.013750
2 0.880357 0.803125 0.019643 0.006250
2 0.904018 0.748437 0.008929 0.012500
2 0.914286 0.749375 0.007143 0.011250
2 0.204911 0.506875 0.012500 0.026250
2 0.175446 0.515625 0.007143 0.012500
2 0.500000 0.312500 0.017857 0.006250
2 0.084375 0.228750 0.012500 0.013750
2 0.082143 0.262500 0.012500 0.012500
2 0.008482 0.269375 0.012500 0.007500
2 0.041071 0.263125 0.019643 0.007500
2 0.108929 0.271875 0.012500 0.012500
2 0.201786 0.327813 0.019643 0.008750
2 0.237054 0.328750 0.023214 0.007500
2 0.281696 0.323125 0.023214 0.008750
2 0.272768 0.315312 0.023214 0.008750
2 0.140179 0.404063 0.012500 0.011250
2 0.441518 0.312500 0.021429 0.006250
2 0.328571 0.313125 0.023214 0.007500
2 0.356250 0.328750 0.025000 0.007500
2 0.395089 0.312500 0.017857 0.006250
2 0.414732 0.312500 0.021429 0.006250
2 0.524107 0.312500 0.021429 0.006250
2 0.542411 0.312500 0.017857 0.006250
2 0.691964 0.310312 0.017857 0.005000
2 0.733036 0.315625 0.019643 0.006250
2 0.710714 0.310000 0.019643 0.007500
2 0.795089 0.312500 0.014286 0.012500
2 0.830357 0.310937 0.017857 0.006250
2 0.785714 0.292187 0.008929 0.012500
2 0.783036 0.279062 0.012500 0.011250
2 0.785714 0.246875 0.008929 0.012500
2 0.786607 0.232813 0.010714 0.012500
2 0.805804 0.243750 0.008929 0.012500
2 0.806696 0.229063 0.010714 0.011250
2 0.786607 0.218125 0.010714 0.011250
2 0.785714 0.204062 0.008929 0.011250
2 0.784821 0.190938 0.007143 0.010000
2 0.785714 0.178125 0.008929 0.012500
2 0.785714 0.164375 0.008929 0.010000
2 0.785714 0.151250 0.008929 0.008750
2 0.785714 0.125937 0.008929 0.011250
2 0.786607 0.108750 0.010714 0.011250
2 0.788839 0.096250 0.010714 0.011250
2 0.526339 0.135937 0.012500 0.012500
2 0.516518 0.135937 0.010714 0.012500
2 0.560268 0.121562 0.008929 0.015000
2 0.235268 0.306250 0.019643 0.006250
2 0.235714 0.300000 0.016071 0.006250
2 0.245536 0.315937 0.026786 0.010000
2 0.263393 0.290937 0.008929 0.010000
2 0.402679 0.075000 0.010714 0.012500
2 0.392857 0.074375 0.008929 0.011250
2 0.369643 0.074687 0.016071 0.008750
2 0.367411 0.068437 0.025000 0.008750
2 0.367857 0.062500 0.021429 0.006250
2 0.369196 0.056250 0.019643 0.006250
2 0.514286 0.050938 0.010714 0.011250
2 0.416071 0.067812 0.010714 0.013750
2 0.512946 0.039062 0.012500 0.012500
2 0.513839 0.024063 0.014286 0.013750
2 0.591518 0.055313 0.017857 0.007500
2 0.601786 0.039688 0.016071 0.007500
2 0.580804 0.040625 0.023214 0.006250
2 0.634821 0.056250 0.019643 0.006250
2 0.620536 0.042188 0.017857 0.006250
2 0.641518 0.042188 0.019643 0.006250
2 0.701786 0.044375 0.019643 0.007500
2 0.675893 0.056875 0.021429 0.007500
2 0.657143 0.056250 0.019643 0.006250
2 0.742857 0.043750 0.021429 0.006250
2 0.705357 0.072500 0.008929 0.013750
2 0.233036 0.168750 0.010714 0.012500
2 0.455357 0.076563 0.008929 0.012500
2 0.790179 0.014063 0.008929 0.012500
2 0.810268 0.038125 0.008929 0.013750
2 0.810268 0.050938 0.008929 0.011250
2 0.969643 0.319375 0.019643 0.007500
2 0.133929 0.446563 0.017857 0.008750
2 0.174554 0.466875 0.014286 0.015000
2 0.144196 0.417187 0.016071 0.012500
2 0.150893 0.431250 0.016071 0.012500
2 0.189286 0.463750 0.012500 0.015000
2 0.143750 0.595000 0.019643 0.008750
2 0.174554 0.580000 0.014286 0.016250
2 0.141964 0.601875 0.025000 0.010000
2 0.135714 0.612812 0.021429 0.010000
2 0.130357 0.620625 0.019643 0.010000
2 0.124554 0.635000 0.021429 0.007500
2 0.166964 0.891875 0.021429 0.008750
2 0.168304 0.875625 0.019643 0.007500
2 0.171875 0.869375 0.026786 0.007500
2 0.222768 0.796875 0.021429 0.006250
2 0.030804 0.840625 0.012500 0.012500
2 0.026786 0.776875 0.017857 0.010000
2 0.063393 0.721250 0.019643 0.011250
2 0.300893 0.750000 0.012500 0.012500
2 0.314286 0.749375 0.012500 0.011250
2 0.323214 0.749375 0.012500 0.011250
2 0.333482 0.747500 0.010714 0.013750
2 0.375446 0.752188 0.014286 0.013750
2 0.390179 0.751563 0.012500 0.012500
2 0.411607 0.750938 0.010714 0.011250
2 0.423661 0.750938 0.012500 0.011250
2 0.431250 0.750312 0.014286 0.010000
2 0.412500 0.763125 0.021429 0.007500
2 0.442857 0.764687 0.019643 0.007500
2 0.473214 0.746875 0.008929 0.012500
2 0.226339 0.805312 0.019643 0.007500
2 0.210714 0.827187 0.019643 0.007500
2 0.208482 0.837500 0.019643 0.006250
2 0.208482 0.856250 0.019643 0.006250
2 0.207589 0.868750 0.017857 0.006250
2 0.208482 0.878750 0.019643 0.007500
2 0.208482 0.886562 0.019643 0.007500
2 0.206250 0.904687 0.019643 0.006250
2 0.204911 0.914062 0.021429 0.006250
2 0.207143 0.932813 0.021429 0.006250
2 0.226339 0.817187 0.019643 0.006250
2 0.227679 0.856250 0.017857 0.006250
2 0.227679 0.868750 0.017857 0.006250
2 0.226786 0.880312 0.016071 0.007500
2 0.207143 0.962500 0.021429 0.006250
2 0.226339 0.920312 0.019643 0.006250
2 0.175893 0.761562 0.021429 0.007500
2 0.265625 0.795312 0.017857 0.006250
2 0.267857 0.801562 0.017857 0.006250
2 0.264286 0.807813 0.019643 0.006250
2 0.267411 0.814063 0.021429 0.006250
2 0.262946 0.837500 0.021429 0.006250
2 0.266071 0.849062 0.023214 0.007500
2 0.264286 0.860000 0.019643 0.007500
2 0.265179 0.900000 0.021429 0.006250
2 0.263393 0.942187 0.026786 0.006250
2 0.282143 0.978125 0.019643 0.006250
2 0.284375 0.806875 0.019643 0.007500
2 0.285268 0.826250 0.021429 0.008750
2 0.283036 0.843750 0.021429 0.006250
2 0.282143 0.853750 0.019643 0.007500
2 0.283036 0.868750 0.021429 0.006250
2 0.324554 0.777500 0.019643 0.005000
2 0.324554 0.784375 0.019643 0.006250
2 0.322321 0.796563 0.019643 0.008750
2 0.321429 0.806875 0.017857 0.007500
2 0.323661 0.824375 0.017857 0.005000
2 0.326786 0.830625 0.019643 0.005000
2 0.320982 0.837500 0.021429 0.006250
2 0.322321 0.843750 0.019643 0.006250
2 0.342411 0.954688 0.019643 0.006250
2 0.318750 0.860938 0.021429 0.006250
2 0.321875 0.871875 0.023214 0.006250
2 0.322321 0.889062 0.019643 0.006250
2 0.323661 0.901563 0.017857 0.006250
2 0.324554 0.906875 0.019643 0.007500
2 0.320982 0.925000 0.021429 0.006250
2 0.342411 0.913750 0.019643 0.008750
2 0.341071 0.885000 0.021429 0.007500
2 0.343750 0.871875 0.017857 0.006250
2 0.341518 0.861563 0.017857 0.007500
2 0.362054 0.852500 0.014286 0.011250
2 0.345536 0.846875 0.021429 0.006250
2 0.345536 0.818750 0.021429 0.006250
2 0.345982 0.800625 0.017857 0.007500
2 0.345536 0.793125 0.021429 0.005000
2 0.344643 0.782813 0.019643 0.006250
2 0.380357 0.792812 0.019643 0.007500
2 0.404018 0.782813 0.017857 0.006250
2 0.404911 0.800000 0.019643 0.006250
2 0.379911 0.803125 0.023214 0.006250
2 0.380357 0.856875 0.019643 0.007500
2 0.378571 0.868750 0.016071 0.006250
2 0.379018 0.873437 0.021429 0.006250
2 0.380357 0.885313 0.019643 0.005000
2 0.402679 0.831250 0.019643 0.006250
2 0.400446 0.873437 0.019643 0.006250
2 0.403571 0.806250 0.021429 0.006250
2 0.401786 0.812500 0.017857 0.006250
2 0.400446 0.825000 0.019643 0.006250
2 0.402679 0.836875 0.019643 0.005000
2 0.438393 0.831250 0.019643 0.006250
2 0.438393 0.826562 0.019643 0.006250
2 0.459821 0.823438 0.017857 0.006250
2 0.458482 0.837500 0.019643 0.006250
2 0.458482 0.850625 0.019643 0.007500
2 0.460714 0.798438 0.019643 0.006250
2 0.438393 0.803125 0.019643 0.006250
2 0.434821 0.812500 0.021429 0.006250
2 0.459375 0.789062 0.021429 0.006250
2 0.433929 0.891250 0.019643 0.007500
2 0.457589 0.908438 0.017857 0.007500
2 0.433929 0.908438 0.019643 0.007500
2 0.456250 0.867812 0.019643 0.007500
2 0.437500 0.873437 0.017857 0.006250
2 0.476339 0.924375 0.010714 0.011250
2 0.487500 0.882812 0.019643 0.006250
2 0.492411 0.867188 0.016071 0.006250
2 0.489732 0.850625 0.019643 0.007500
2 0.496429 0.814063 0.019643 0.006250
2 0.517857 0.811875 0.017857 0.005000
2 0.495089 0.802500 0.021429 0.005000
2 0.495536 0.767188 0.017857 0.006250
2 0.496429 0.760313 0.019643 0.005000
2 0.496429 0.791250 0.019643 0.007500
2 0.724107 0.749375 0.010714 0.011250
2 0.767857 0.994375 0.017857 0.007500
2 0.790179 0.987500 0.017857 0.006250
2 0.821429 0.980937 0.017857 0.008750
2 0.840625 0.975625 0.016071 0.007500
2 0.856250 0.972500 0.016071 0.007500
2 0.874107 0.967812 0.016071 0.007500
2 0.773214 0.949375 0.010714 0.011250
2 0.813393 0.937813 0.010714 0.010000
2 0.831696 0.940000 0.016071 0.011250
2 0.873661 0.850625 0.010714 0.013750
2 0.890625 0.962500 0.017857 0.006250
2 0.935268 0.950625 0.017857 0.007500
2 0.952232 0.946875 0.016071 0.006250
2 0.968750 0.943437 0.017857 0.008750
2 0.580357 0.903750 0.026786 0.007500
