2 0.430357 0.031563 0.021429 0.016250
2 0.422321 0.021563 0.014286 0.008750
2 0.410714 0.007500 0.017857 0.008750
2 0.334375 0.004063 0.012500 0.005000
2 0.351786 0.023125 0.016071 0.008750
2 0.358036 0.027500 0.019643 0.011250
2 0.361607 0.033750 0.017857 0.011250
2 0.378125 0.026875 0.019643 0.010000
2 0.386161 0.039375 0.017857 0.010000
2 0.375000 0.048750 0.017857 0.010000
2 0.340179 0.065938 0.019643 0.010000
2 0.325893 0.051875 0.017857 0.010000
2 0.321429 0.045625 0.017857 0.010000
2 0.303571 0.026875 0.017857 0.010000
2 0.291071 0.008750 0.019643 0.011250
2 0.229911 0.699688 0.008929 0.015000
2 0.701786 0.185938 0.019643 0.012500
2 0.717857 0.953125 0.016071 0.006250
2 0.679464 0.991563 0.019643 0.005000
2 0.678571 0.984375 0.017857 0.006250
2 0.717857 0.990625 0.016071 0.006250
2 0.718750 0.977500 0.017857 0.005000
2 0.717857 0.971250 0.016071 0.005000
2 0.718750 0.965625 0.017857 0.006250
2 0.678571 0.954375 0.008929 0.015000
2 0.718750 0.959375 0.017857 0.006250
2 0.646429 0.983750 0.016071 0.005000
2 0.647321 0.990000 0.017857 0.005000
2 0.645089 0.954375 0.008929 0.015000
2 0.635714 0.955313 0.012500 0.013750
2 0.628125 0.957812 0.010714 0.012500
2 0.619196 0.960313 0.010714 0.011250
2 0.610268 0.962500 0.010714 0.012500
2 0.602232 0.964687 0.012500 0.013750
2 0.595089 0.966250 0.016071 0.013750
2 0.584821 0.971250 0.017857 0.011250
2 0.579464 0.977187 0.016071 0.013750
2 0.571875 0.980625 0.014286 0.011250
2 0.561161 0.982812 0.019643 0.012500
2 0.861607 0.802187 0.008929 0.013750
2 0.840179 0.770312 0.010714 0.012500
2 0.857143 0.768750 0.008929 0.012500
2 0.866071 0.767188 0.008929 0.012500
2 0.875000 0.766250 0.008929 0.013750
2 0.891964 0.766250 0.007143 0.013750
2 0.877232 0.802187 0.008929 0.013750
2 0.897321 0.788750 0.017857 0.008750
2 0.929911 0.796250 0.016071 0.011250
2 0.940625 0.763125 0.019643 0.007500
