2 0.629911 0.131562 0.014286 0.003750
2 0.339732 0.115000 0.014286 0.005000
2 0.747321 0.070625 0.021429 0.003750
2 0.770536 0.082812 0.023214 0.006250
2 0.768750 0.078125 0.019643 0.006250
2 0.772321 0.071875 0.026786 0.006250
2 0.794643 0.075625 0.026786 0.007500
2 0.793304 0.073125 0.028571 0.008750
2 0.777679 0.066250 0.028571 0.007500
2 0.855804 0.107813 0.010714 0.012500
2 0.608929 0.356563 0.012500 0.003750
2 0.841071 0.386250 0.021429 0.010000
2 0.746429 0.074375 0.019643 0.005000
2 0.746429 0.080937 0.019643 0.008750
2 0.637054 0.120000 0.037500 0.008750
2 0.303571 0.117813 0.017857 0.007500
2 0.583929 0.093437 0.016071 0.008750
2 0.241518 0.120313 0.032143 0.006250
