2 0.977679 0.047500 0.008929 0.013750
2 0.991071 0.387500 0.017857 0.006250
2 0.993304 0.052187 0.008929 0.013750
2 0.966518 0.046875 0.008929 0.012500
2 0.992411 0.370312 0.016071 0.006250
2 0.974107 0.060000 0.019643 0.007500
2 0.971429 0.066250 0.023214 0.007500
2 0.969643 0.075625 0.019643 0.007500
2 0.991071 0.376563 0.017857 0.006250
2 0.993750 0.363125 0.014286 0.007500
2 0.889286 0.060000 0.019643 0.007500
2 0.966964 0.312188 0.014286 0.015000
2 0.983482 0.312812 0.016071 0.016250
2 0.992857 0.309688 0.012500 0.016250
2 0.880357 0.344375 0.019643 0.007500
2 0.950000 0.075000 0.016071 0.006250
2 0.966518 0.107813 0.017857 0.006250
2 0.969643 0.083437 0.019643 0.007500
2 0.970536 0.091250 0.021429 0.007500
2 0.948661 0.097500 0.017857 0.007500
2 0.948661 0.089688 0.017857 0.007500
2 0.949554 0.081875 0.019643 0.007500
2 0.946429 0.062500 0.017857 0.006250
2 0.946429 0.056250 0.017857 0.006250
2 0.945536 0.045312 0.007143 0.012500
2 0.890625 0.039688 0.017857 0.007500
2 0.910268 0.047500 0.021429 0.007500
2 0.911161 0.040313 0.023214 0.008750
2 0.891518 0.053750 0.019643 0.007500
2 0.967411 0.116250 0.019643 0.007500
2 0.962946 0.128750 0.019643 0.013750
2 0.992857 0.134375 0.012500 0.012500
2 0.994196 0.268437 0.010714 0.015000
2 0.811161 0.340000 0.019643 0.017500
2 0.786161 0.337812 0.014286 0.016250
2 0.658036 0.376875 0.021429 0.010000
2 0.606696 0.417812 0.021429 0.007500
2 0.712500 0.392500 0.023214 0.010000
2 0.712946 0.400000 0.019643 0.006250
2 0.710714 0.410000 0.019643 0.007500
2 0.679464 0.392813 0.019643 0.007500
2 0.657143 0.400625 0.019643 0.007500
2 0.670089 0.416250 0.023214 0.007500
2 0.649107 0.419375 0.021429 0.007500
2 0.607589 0.408437 0.023214 0.007500
2 0.773661 0.340313 0.016071 0.015000
2 0.613393 0.330937 0.012500 0.015000
2 0.568750 0.322500 0.012500 0.013750
2 0.581696 0.323125 0.016071 0.015000
2 0.624554 0.329375 0.012500 0.015000
2 0.610268 0.402187 0.019643 0.007500
2 0.634821 0.330937 0.010714 0.015000
2 0.661161 0.324688 0.014286 0.015000
2 0.676786 0.323125 0.014286 0.015000
2 0.690179 0.325313 0.014286 0.016250
2 0.739732 0.336250 0.019643 0.010000
2 0.761607 0.340625 0.014286 0.012500
2 0.620089 0.363125 0.021429 0.007500
2 0.615625 0.369375 0.021429 0.007500
2 0.613393 0.379688 0.021429 0.006250
2 0.611607 0.388125 0.017857 0.007500
2 0.912946 0.060937 0.017857 0.006250
2 0.889286 0.067187 0.019643 0.006250
2 0.962054 0.918125 0.008929 0.011250
2 0.994196 0.911562 0.010714 0.013750
2 0.986607 0.908438 0.008929 0.013750
2 0.974107 0.906875 0.010714 0.013750
2 0.956250 0.903750 0.010714 0.013750
2 0.956250 0.917188 0.010714 0.012500
2 0.970536 0.919375 0.012500 0.013750
2 0.981696 0.922500 0.012500 0.013750
2 0.989732 0.923438 0.010714 0.012500
2 0.900446 0.839687 0.019643 0.007500
2 0.883036 0.839063 0.016071 0.006250
2 0.889286 0.073438 0.019643 0.006250
2 0.971875 0.880312 0.010714 0.013750
2 0.974107 0.867812 0.010714 0.013750
2 0.962946 0.866250 0.010714 0.013750
2 0.961607 0.880312 0.012500 0.013750
2 0.983036 0.866250 0.010714 0.013750
2 0.981696 0.879687 0.012500 0.012500
2 0.994196 0.866250 0.010714 0.013750
2 0.990625 0.880312 0.012500 0.013750
2 0.849107 0.791250 0.010714 0.013750
2 0.859375 0.791250 0.008929 0.013750
2 0.850446 0.804063 0.008929 0.011250
2 0.692857 0.895312 0.019643 0.006250
2 0.662054 0.737812 0.016071 0.016250
2 0.841518 0.808750 0.008929 0.011250
2 0.867857 0.851562 0.021429 0.006250
2 0.888393 0.853125 0.017857 0.006250
2 0.875893 0.871875 0.010714 0.012500
2 0.921429 0.840625 0.021429 0.006250
2 0.793750 0.844375 0.025000 0.007500
2 0.817857 0.838125 0.019643 0.007500
2 0.799107 0.836562 0.017857 0.007500
2 0.803125 0.830937 0.021429 0.008750
2 0.822321 0.821875 0.010714 0.012500
2 0.823214 0.831250 0.021429 0.006250
2 0.833482 0.821875 0.010714 0.012500
2 0.840179 0.821875 0.010714 0.012500
2 0.849107 0.815625 0.010714 0.012500
2 0.859375 0.815625 0.008929 0.012500
2 0.866964 0.824375 0.010714 0.011250
2 0.866071 0.835938 0.017857 0.006250
2 0.858036 0.803125 0.010714 0.012500
2 0.852679 0.038125 0.017857 0.007500
2 0.854464 0.012500 0.021429 0.006250
2 0.964732 0.026250 0.023214 0.008750
2 0.851339 0.050938 0.019643 0.005000
2 0.848214 0.057813 0.017857 0.006250
2 0.854464 0.064062 0.021429 0.006250
2 0.852232 0.071563 0.021429 0.008750
2 0.852679 0.078750 0.017857 0.007500
2 0.846875 0.091250 0.019643 0.007500
2 0.845982 0.105313 0.017857 0.007500
2 0.819643 0.116875 0.023214 0.008750
2 0.905804 0.114688 0.021429 0.007500
2 0.904911 0.120313 0.019643 0.006250
2 0.918304 0.134063 0.019643 0.008750
2 0.885268 0.100000 0.016071 0.006250
2 0.906250 0.107813 0.017857 0.006250
2 0.905357 0.100000 0.016071 0.006250
2 0.906250 0.093750 0.017857 0.006250
2 0.906250 0.081875 0.017857 0.007500
2 0.906250 0.074063 0.017857 0.007500
2 0.589286 0.266875 0.008929 0.015000
2 0.623214 0.269062 0.014286 0.016250
2 0.586607 0.707500 0.021429 0.008750
2 0.600446 0.652813 0.017857 0.008750
2 0.634821 0.624062 0.010714 0.013750
2 0.594643 0.611563 0.010714 0.013750
2 0.576786 0.582500 0.019643 0.008750
