2 0.717857 0.021563 0.016071 0.015000
2 0.837500 0.069062 0.014286 0.016250
2 0.829464 0.099375 0.016071 0.017500
2 0.985714 0.400625 0.016071 0.020000
2 0.957143 0.323125 0.012500 0.015000
2 0.934821 0.494375 0.021429 0.007500
2 0.908036 0.503125 0.021429 0.012500
2 0.887500 0.508125 0.016071 0.010000
2 0.861607 0.514687 0.017857 0.013750
2 0.836607 0.519688 0.021429 0.011250
2 0.770982 0.533125 0.019643 0.010000
2 0.669643 0.556562 0.026786 0.010000
2 0.560714 0.880937 0.023214 0.008750
2 0.683482 0.136875 0.023214 0.011250
2 0.904911 0.317188 0.010714 0.012500
2 0.816518 0.380000 0.012500 0.016250
2 0.783036 0.347187 0.012500 0.016250
2 0.735268 0.560625 0.010714 0.015000
2 0.590625 0.542812 0.016071 0.013750
2 0.600893 0.592187 0.014286 0.012500
