2 0.987500 0.126250 0.019643 0.021250
2 0.791071 0.040313 0.028571 0.021250
2 0.645536 0.021250 0.023214 0.023750
2 0.843750 0.049375 0.026786 0.030000
2 0.610714 0.555937 0.051786 0.033750
2 0.600000 0.570625 0.030357 0.016250
2 0.499107 0.441250 0.033929 0.026250
2 0.547768 0.407500 0.046429 0.027500
2 0.404911 0.591250 0.037500 0.020000
2 0.431250 0.437500 0.041071 0.025000
2 0.589286 0.024375 0.017857 0.023750
2 0.499107 0.120938 0.033929 0.020000
2 0.800893 0.103125 0.021429 0.025000
2 0.569196 0.338125 0.026786 0.020000
2 0.434821 0.497500 0.039286 0.026250
2 0.442857 0.484375 0.037500 0.025000
2 0.385714 0.540937 0.048214 0.035000
2 0.385714 0.650625 0.030357 0.020000
2 0.133482 0.673438 0.030357 0.018750
2 0.227232 0.738750 0.030357 0.021250
2 0.155804 0.705313 0.030357 0.020000
2 0.246429 0.718750 0.028571 0.018750
2 0.132143 0.528438 0.041071 0.022500
2 0.298214 0.595625 0.033929 0.022500
2 0.270982 0.697187 0.037500 0.022500
2 0.283929 0.688750 0.032143 0.015000
2 0.294643 0.676875 0.035714 0.022500
2 0.308036 0.667188 0.035714 0.025000
2 0.321429 0.660625 0.026786 0.021250
2 0.339732 0.649062 0.032143 0.020000
2 0.451339 0.582500 0.032143 0.021250
2 0.479464 0.572187 0.030357 0.022500
2 0.464286 0.672813 0.026786 0.023750
2 0.448661 0.694063 0.035714 0.022500
2 0.458929 0.715000 0.033929 0.023750
2 0.400893 0.725313 0.033929 0.022500
2 0.364732 0.752188 0.037500 0.026250
2 0.325000 0.780938 0.033929 0.021250
2 0.380804 0.779375 0.025000 0.021250
2 0.391964 0.768437 0.025000 0.015000
2 0.316518 0.889687 0.039286 0.026250
2 0.368750 0.934062 0.032143 0.021250
2 0.392411 0.994688 0.021429 0.011250
2 0.189286 0.060937 0.030357 0.018750
2 0.201339 0.052187 0.032143 0.013750
2 0.213839 0.042500 0.030357 0.016250
2 0.250893 0.050625 0.028571 0.020000
2 0.264286 0.041875 0.037500 0.027500
2 0.233929 0.022812 0.030357 0.023750
2 0.885714 0.425625 0.030357 0.013750
2 0.977232 0.421563 0.021429 0.021250
2 0.972321 0.371563 0.025000 0.027500
2 0.894643 0.405312 0.021429 0.026250
2 0.421429 0.739375 0.030357 0.022500
2 0.935714 0.319062 0.023214 0.022500
2 0.628571 0.706875 0.025000 0.026250
2 0.753125 0.643437 0.028571 0.027500
2 0.655357 0.681250 0.025000 0.025000
2 0.714286 0.716250 0.026786 0.026250
2 0.968750 0.672500 0.026786 0.032500
2 0.759821 0.721875 0.019643 0.025000
2 0.826786 0.730938 0.019643 0.021250
2 0.951339 0.725313 0.023214 0.028750
2 0.862946 0.559063 0.016071 0.021250
2 0.880804 0.562188 0.025000 0.027500
2 0.931250 0.566875 0.023214 0.027500
2 0.955804 0.600313 0.023214 0.028750
2 0.941964 0.644688 0.026786 0.023750
2 0.826786 0.628437 0.019643 0.022500
2 0.851339 0.657813 0.028571 0.025000
2 0.868750 0.662188 0.023214 0.021250
2 0.934821 0.668750 0.021429 0.025000
2 0.803571 0.932500 0.026786 0.027500
2 0.558482 0.896875 0.023214 0.025000
2 0.554018 0.923750 0.023214 0.028750
2 0.604911 0.903438 0.017857 0.022500
2 0.622768 0.907188 0.017857 0.023750
2 0.639286 0.908750 0.019643 0.023750
2 0.672768 0.917812 0.019643 0.026250
2 0.691518 0.918750 0.021429 0.025000
2 0.719643 0.921562 0.019643 0.021250
2 0.737500 0.924687 0.019643 0.021250
2 0.752679 0.926875 0.023214 0.022500
2 0.770536 0.928125 0.023214 0.025000
2 0.789286 0.930000 0.025000 0.028750
2 0.837054 0.939688 0.026786 0.026250
2 0.564286 0.877188 0.030357 0.013750
2 0.855804 0.938438 0.019643 0.023750
2 0.863839 0.911250 0.035714 0.016250
2 0.878571 0.925625 0.033929 0.013750
2 0.870982 0.941250 0.023214 0.026250
2 0.887500 0.945312 0.025000 0.025000
2 0.904464 0.945625 0.023214 0.022500
2 0.923661 0.951250 0.021429 0.021250
2 0.957143 0.953125 0.021429 0.025000
2 0.988393 0.957188 0.021429 0.023750
2 0.534821 0.922188 0.025000 0.028750
2 0.854464 0.888750 0.021429 0.027500
2 0.869643 0.890625 0.016071 0.025000
2 0.885714 0.895000 0.021429 0.021250
2 0.901786 0.896250 0.026786 0.023750
2 0.917411 0.896250 0.026786 0.023750
2 0.935714 0.902187 0.023214 0.026250
2 0.954464 0.899687 0.025000 0.021250
2 0.972321 0.901875 0.025000 0.022500
2 0.651786 0.987500 0.017857 0.025000
2 0.553571 0.974687 0.026786 0.027500
2 0.603571 0.982500 0.019643 0.027500
2 0.669643 0.988750 0.017857 0.021250
2 0.684821 0.991563 0.021429 0.017500
2 0.718304 0.993750 0.021429 0.012500
2 0.750893 0.995625 0.019643 0.010000
2 0.766964 0.996875 0.016071 0.006250
2 0.782143 0.997812 0.019643 0.005000
2 0.800446 0.998750 0.016071 0.003750
2 0.699107 0.944063 0.023214 0.028750
2 0.634375 0.934062 0.023214 0.027500
2 0.651339 0.937813 0.021429 0.028750
2 0.681250 0.940625 0.023214 0.025000
2 0.717411 0.945000 0.019643 0.027500
2 0.779464 0.955937 0.014286 0.021250
2 0.796429 0.956563 0.021429 0.022500
2 0.811607 0.960625 0.025000 0.027500
2 0.828125 0.960625 0.026786 0.027500
2 0.862054 0.965625 0.023214 0.025000
2 0.881250 0.968125 0.021429 0.023750
2 0.895089 0.972500 0.026786 0.026250
2 0.917411 0.974062 0.026786 0.026250
2 0.932589 0.973750 0.021429 0.022500
2 0.946429 0.975313 0.026786 0.022500
2 0.964286 0.977500 0.026786 0.023750
2 0.982143 0.980312 0.026786 0.026250
2 0.758929 0.799375 0.026786 0.030000
2 0.841071 0.809688 0.030357 0.028750
2 0.887500 0.816563 0.025000 0.023750
2 0.921429 0.821875 0.021429 0.025000
2 0.916071 0.796875 0.019643 0.025000
2 0.930357 0.797500 0.021429 0.026250
2 0.963839 0.802500 0.021429 0.023750
2 0.937946 0.824062 0.023214 0.032500
2 0.958036 0.827500 0.023214 0.030000
2 0.616071 0.754687 0.017857 0.025000
2 0.625446 0.776250 0.023214 0.021250
2 0.675893 0.787813 0.021429 0.022500
2 0.790625 0.857187 0.023214 0.023750
2 0.825446 0.861250 0.021429 0.022500
2 0.800893 0.882188 0.021429 0.023750
2 0.818750 0.888125 0.021429 0.026250
2 0.833036 0.890625 0.023214 0.025000
2 0.841071 0.864375 0.021429 0.022500
2 0.855804 0.865625 0.019643 0.025000
2 0.892411 0.867500 0.021429 0.028750
2 0.911607 0.871875 0.019643 0.025000
2 0.962500 0.878750 0.023214 0.026250
2 0.981696 0.875625 0.021429 0.026250
2 0.784375 0.880937 0.019643 0.021250
2 0.766071 0.878750 0.023214 0.026250
2 0.739732 0.850938 0.019643 0.023750
2 0.555357 0.844375 0.021429 0.026250
2 0.576786 0.847500 0.019643 0.026250
2 0.592411 0.851562 0.019643 0.025000
2 0.621875 0.854063 0.025000 0.023750
2 0.656250 0.861563 0.017857 0.026250
2 0.672321 0.864375 0.023214 0.028750
2 0.698661 0.871250 0.017857 0.023750
2 0.717411 0.870625 0.019643 0.022500
2 0.733929 0.875000 0.021429 0.025000
