2 0.644643 0.263750 0.012500 0.015000
2 0.954018 0.041875 0.010714 0.015000
2 0.933929 0.044688 0.010714 0.011250
2 0.862054 0.133750 0.014286 0.017500
2 0.777679 0.561562 0.010714 0.013750
2 0.808036 0.565937 0.017857 0.016250
2 0.926339 0.090625 0.008929 0.012500
2 0.942857 0.109375 0.010714 0.012500
2 0.658036 0.460938 0.021429 0.012500
2 0.669643 0.405625 0.017857 0.011250
2 0.641964 0.496875 0.025000 0.012500
2 0.677679 0.370625 0.016071 0.010000
2 0.621875 0.254375 0.025000 0.008750
2 0.654018 0.468125 0.017857 0.005000
2 0.648214 0.475312 0.019643 0.010000
2 0.679464 0.447187 0.019643 0.010000
2 0.901339 0.121250 0.012500 0.017500
2 0.828571 0.139063 0.014286 0.018750
2 0.886607 0.412188 0.014286 0.015000
2 0.881250 0.433125 0.021429 0.010000
