2 0.908929 0.851250 0.023214 0.021250
2 0.929911 0.808750 0.016071 0.023750
2 0.583036 0.734063 0.023214 0.015000
2 0.632589 0.728750 0.028571 0.013750
2 0.659821 0.724062 0.025000 0.013750
2 0.691518 0.720625 0.030357 0.016250
2 0.718304 0.720625 0.030357 0.016250
2 0.746875 0.715000 0.025000 0.017500
2 0.610268 0.597813 0.028571 0.017500
2 0.647768 0.595625 0.032143 0.016250
2 0.664732 0.627500 0.030357 0.011250
2 0.684821 0.592812 0.030357 0.013750
2 0.716071 0.591562 0.030357 0.011250
2 0.757589 0.593125 0.028571 0.011250
2 0.846875 0.589063 0.028571 0.012500
2 0.879018 0.589063 0.030357 0.012500
2 0.925446 0.590313 0.033929 0.015000
2 0.968750 0.592500 0.026786 0.010000
2 0.856250 0.685625 0.033929 0.015000
2 0.875893 0.699375 0.028571 0.011250
2 0.911607 0.698438 0.028571 0.012500
2 0.979464 0.690000 0.030357 0.011250
2 0.781696 0.628125 0.032143 0.012500
2 0.881250 0.616250 0.021429 0.013750
2 0.987054 0.605312 0.023214 0.013750
