2 0.683036 0.660313 0.008929 0.011250
2 0.715179 0.655625 0.010714 0.017500
2 0.726339 0.655938 0.010714 0.015000
2 0.738393 0.655000 0.012500 0.016250
2 0.751786 0.640313 0.021429 0.008750
2 0.750000 0.655625 0.008929 0.017500
2 0.759821 0.654375 0.010714 0.015000
2 0.774554 0.655000 0.008929 0.016250
2 0.781250 0.653438 0.008929 0.016250
2 0.794643 0.653750 0.008929 0.013750
2 0.805804 0.649375 0.008929 0.017500
2 0.816964 0.650625 0.008929 0.020000
2 0.830357 0.649062 0.008929 0.013750
2 0.705357 0.657188 0.008929 0.017500
2 0.724107 0.677813 0.010714 0.015000
2 0.736607 0.678438 0.008929 0.016250
2 0.750000 0.676250 0.008929 0.015000
2 0.759821 0.676562 0.010714 0.012500
2 0.831696 0.688750 0.025000 0.008750
2 0.830804 0.701250 0.023214 0.008750
2 0.756250 0.704375 0.021429 0.008750
2 0.778571 0.703750 0.021429 0.007500
2 0.778571 0.717500 0.012500 0.016250
2 0.406250 0.844063 0.008929 0.016250
2 0.416518 0.840938 0.007143 0.016250
2 0.427232 0.837187 0.010714 0.015000
2 0.437500 0.834688 0.008929 0.016250
2 0.445536 0.817500 0.025000 0.010000
2 0.470982 0.822813 0.008929 0.017500
2 0.483036 0.822813 0.010714 0.017500
2 0.491964 0.818437 0.010714 0.015000
2 0.502232 0.818125 0.008929 0.017500
2 0.617857 0.766875 0.012500 0.015000
2 0.591964 0.728750 0.014286 0.013750
2 0.630804 0.822188 0.016071 0.010000
2 0.639732 0.828125 0.016071 0.012500
2 0.686607 0.803125 0.007143 0.012500
2 0.697321 0.802187 0.010714 0.013750
2 0.654911 0.722500 0.019643 0.007500
2 0.658036 0.731250 0.021429 0.006250
2 0.656250 0.737500 0.026786 0.006250
2 0.662500 0.745313 0.021429 0.006250
2 0.681250 0.731250 0.023214 0.006250
2 0.684375 0.738125 0.025000 0.007500
2 0.684821 0.747500 0.021429 0.007500
2 0.682589 0.756250 0.021429 0.006250
2 0.713393 0.741875 0.025000 0.008750
2 0.713393 0.750625 0.025000 0.007500
2 0.715179 0.763125 0.019643 0.007500
2 0.713839 0.778125 0.021429 0.006250
2 0.716964 0.787188 0.023214 0.008750
2 0.716964 0.796875 0.023214 0.006250
2 0.785268 0.738125 0.021429 0.007500
2 0.757589 0.725000 0.019643 0.006250
2 0.837500 0.736563 0.023214 0.007500
2 0.763839 0.769375 0.023214 0.007500
2 0.763393 0.776563 0.026786 0.006250
2 0.763839 0.783438 0.023214 0.007500
2 0.764286 0.800313 0.019643 0.010000
2 0.758482 0.814688 0.021429 0.007500
2 0.661607 0.840000 0.010714 0.017500
2 0.670982 0.840312 0.007143 0.015000
2 0.681696 0.840312 0.010714 0.015000
2 0.836607 0.781250 0.021429 0.006250
2 0.804464 0.782188 0.010714 0.017500
2 0.762946 0.755312 0.021429 0.007500
2 0.802232 0.749688 0.010714 0.015000
2 0.783929 0.746563 0.023214 0.008750
2 0.782143 0.754687 0.019643 0.006250
2 0.788839 0.775625 0.019643 0.007500
2 0.789732 0.782813 0.021429 0.006250
2 0.784375 0.792188 0.019643 0.006250
2 0.786161 0.800625 0.023214 0.007500
2 0.696429 0.838750 0.008929 0.015000
2 0.715179 0.840312 0.010714 0.015000
2 0.758929 0.836250 0.008929 0.016250
2 0.769643 0.835625 0.012500 0.015000
2 0.800000 0.836250 0.010714 0.016250
2 0.811161 0.834688 0.010714 0.016250
2 0.599107 0.765313 0.010714 0.015000
2 0.821429 0.833125 0.008929 0.016250
2 0.843304 0.830937 0.012500 0.015000
2 0.854911 0.830000 0.008929 0.016250
2 0.865625 0.832812 0.012500 0.018750
2 0.875893 0.832188 0.010714 0.017500
2 0.866964 0.795000 0.010714 0.015000
2 0.877232 0.794063 0.008929 0.016250
2 0.889286 0.793750 0.010714 0.018750
2 0.900446 0.793750 0.010714 0.018750
2 0.910714 0.793750 0.008929 0.018750
2 0.921875 0.794063 0.008929 0.016250
2 0.931696 0.793125 0.010714 0.017500
2 0.932589 0.827500 0.012500 0.017500
2 0.947321 0.826875 0.010714 0.016250
2 0.957589 0.826875 0.008929 0.016250
2 0.969643 0.827500 0.010714 0.017500
2 0.981696 0.827187 0.012500 0.020000
2 0.944196 0.792500 0.008929 0.016250
2 0.956250 0.792500 0.010714 0.016250
2 0.965625 0.792500 0.007143 0.016250
2 0.977679 0.790937 0.008929 0.016250
2 0.988839 0.790312 0.008929 0.015000
2 0.992857 0.828125 0.012500 0.018750
2 0.337054 0.992188 0.017857 0.006250
2 0.384821 0.978438 0.010714 0.016250
2 0.397321 0.989687 0.017857 0.007500
2 0.422768 0.975313 0.010714 0.016250
2 0.434821 0.975938 0.012500 0.017500
2 0.726339 0.837813 0.010714 0.016250
2 0.447321 0.975313 0.010714 0.016250
2 0.467411 0.973125 0.010714 0.015000
2 0.480804 0.973437 0.010714 0.018750
2 0.492857 0.973750 0.012500 0.016250
2 0.500893 0.973125 0.010714 0.015000
2 0.511161 0.972813 0.008929 0.017500
2 0.520982 0.970938 0.010714 0.013750
2 0.532143 0.969688 0.010714 0.017500
2 0.582589 0.968125 0.008929 0.017500
2 0.954464 0.965312 0.025000 0.008750
2 0.954018 0.988750 0.019643 0.008750
2 0.049554 0.947500 0.041071 0.013750
2 0.156250 0.995000 0.026786 0.008750
2 0.335714 0.975000 0.019643 0.006250
2 0.837054 0.751563 0.017857 0.006250
2 0.758482 0.711875 0.021429 0.005000
2 0.759821 0.731875 0.019643 0.007500
2 0.760714 0.739062 0.021429 0.006250
2 0.759375 0.747812 0.023214 0.005000
2 0.832589 0.831250 0.008929 0.018750
2 0.837500 0.774062 0.023214 0.007500
2 0.712500 0.756250 0.023214 0.006250
2 0.761607 0.762188 0.023214 0.008750
2 0.122321 0.926875 0.021429 0.010000
2 0.218750 0.926875 0.017857 0.010000
2 0.281250 0.917812 0.017857 0.007500
2 0.637500 0.892500 0.025000 0.010000
2 0.855357 0.921250 0.023214 0.011250
