2 0.460268 0.337812 0.023214 0.022500
2 0.366071 0.008438 0.035714 0.013750
2 0.325000 0.030937 0.033929 0.021250
2 0.380804 0.029375 0.025000 0.021250
2 0.391964 0.018438 0.025000 0.015000
2 0.316518 0.139688 0.039286 0.026250
2 0.368750 0.184062 0.032143 0.021250
2 0.395982 0.250312 0.028571 0.022500
2 0.223214 0.817812 0.026786 0.020000
2 0.176339 0.825625 0.035714 0.020000
2 0.182143 0.810000 0.051786 0.032500
2 0.464286 0.833437 0.035714 0.020000
2 0.364286 0.826250 0.041071 0.021250
2 0.337500 0.808750 0.041071 0.023750
2 0.151339 0.975313 0.039286 0.022500
2 0.160714 0.964063 0.035714 0.025000
2 0.208929 0.963438 0.033929 0.023750
2 0.054911 0.930312 0.033929 0.020000
2 0.075446 0.913750 0.030357 0.021250
2 0.125893 0.910937 0.028571 0.018750
2 0.118750 0.875625 0.032143 0.020000
2 0.281250 0.898438 0.035714 0.018750
2 0.289732 0.888750 0.039286 0.021250
2 0.287946 0.855625 0.035714 0.017500
2 0.297321 0.848125 0.032143 0.015000
2 0.305804 0.839063 0.035714 0.018750
2 0.314732 0.827812 0.035714 0.021250
2 0.916071 0.422813 0.019643 0.023750
2 0.929464 0.424375 0.019643 0.023750
2 0.944643 0.427500 0.023214 0.023750
2 0.960714 0.431562 0.019643 0.022500
2 0.978125 0.433750 0.023214 0.023750
2 0.674107 0.421875 0.017857 0.025000
2 0.691964 0.421250 0.017857 0.023750
2 0.710268 0.423438 0.023214 0.025000
2 0.725000 0.426875 0.021429 0.028750
2 0.740179 0.427813 0.025000 0.027500
2 0.757143 0.428750 0.023214 0.026250
2 0.771875 0.430938 0.021429 0.027500
2 0.864286 0.416250 0.023214 0.026250
2 0.899107 0.420937 0.021429 0.020000
2 0.849107 0.412812 0.019643 0.022500
2 0.982143 0.285625 0.026786 0.027500
2 0.595089 0.331250 0.025000 0.025000
2 0.625446 0.336562 0.023214 0.026250
2 0.643750 0.337812 0.028571 0.028750
2 0.516964 0.435000 0.042857 0.026250
2 0.966964 0.581250 0.032143 0.018750
2 0.718750 0.578125 0.035714 0.012500
2 0.500893 0.581875 0.037500 0.020000
2 0.662946 0.459375 0.035714 0.025000
2 0.675000 0.468750 0.028571 0.025000
2 0.690625 0.472813 0.028571 0.030000
2 0.703571 0.481875 0.032143 0.026250
2 0.731250 0.497500 0.033929 0.013750
2 0.797321 0.480000 0.023214 0.028750
2 0.827679 0.481875 0.021429 0.026250
2 0.844643 0.485000 0.019643 0.026250
2 0.879018 0.489375 0.021429 0.028750
2 0.959375 0.306250 0.021429 0.025000
2 0.978571 0.307500 0.019643 0.021250
2 0.861607 0.489063 0.017857 0.025000
2 0.911607 0.492500 0.028571 0.028750
2 0.831250 0.410938 0.028571 0.025000
2 0.858036 0.441250 0.028571 0.026250
2 0.858929 0.367812 0.021429 0.026250
2 0.812946 0.361563 0.023214 0.026250
2 0.796429 0.360000 0.021429 0.026250
2 0.775000 0.355000 0.023214 0.028750
2 0.757589 0.353437 0.019643 0.028750
2 0.741518 0.350938 0.023214 0.023750
2 0.726339 0.350000 0.019643 0.025000
2 0.936607 0.452500 0.025000 0.023750
2 0.925000 0.450313 0.019643 0.022500
2 0.907143 0.445625 0.019643 0.022500
2 0.889286 0.445312 0.019643 0.025000
2 0.873214 0.444375 0.023214 0.026250
2 0.839732 0.438750 0.023214 0.027500
2 0.964286 0.352813 0.026786 0.027500
2 0.824107 0.437188 0.023214 0.027500
2 0.805357 0.435000 0.021429 0.026250
2 0.790179 0.432812 0.017857 0.025000
2 0.634375 0.389375 0.014286 0.022500
2 0.647321 0.389375 0.017857 0.022500
2 0.666071 0.387813 0.019643 0.022500
2 0.695536 0.395625 0.016071 0.022500
2 0.746429 0.401250 0.028571 0.027500
2 0.764732 0.403125 0.025000 0.025000
2 0.782143 0.405625 0.019643 0.023750
2 0.797321 0.406875 0.023214 0.026250
2 0.812946 0.410000 0.023214 0.026250
2 0.839732 0.365625 0.023214 0.025000
2 0.960268 0.378750 0.023214 0.026250
2 0.937500 0.491875 0.026786 0.027500
2 0.953571 0.490625 0.023214 0.025000
2 0.976786 0.490000 0.016071 0.023750
2 0.981250 0.470000 0.033929 0.015000
2 0.975893 0.381875 0.023214 0.026250
2 0.981250 0.354375 0.025000 0.027500
2 0.676339 0.342500 0.017857 0.022500
2 0.693750 0.345000 0.021429 0.027500
2 0.710268 0.347812 0.023214 0.023750
2 0.964732 0.281562 0.023214 0.028750
2 0.947768 0.280625 0.025000 0.030000
2 0.851339 0.876250 0.046429 0.021250
2 0.803571 0.182500 0.026786 0.027500
2 0.558482 0.146875 0.023214 0.025000
2 0.554018 0.173750 0.023214 0.028750
2 0.604911 0.153438 0.017857 0.022500
2 0.622768 0.157187 0.017857 0.023750
2 0.639286 0.158750 0.019643 0.023750
2 0.672768 0.167813 0.019643 0.026250
2 0.691518 0.168750 0.021429 0.025000
2 0.719643 0.171563 0.019643 0.021250
2 0.737500 0.174687 0.019643 0.021250
2 0.752679 0.176875 0.023214 0.022500
2 0.770536 0.178125 0.023214 0.025000
2 0.789286 0.180000 0.025000 0.028750
2 0.837054 0.189688 0.026786 0.026250
2 0.564286 0.127188 0.030357 0.013750
2 0.855804 0.188437 0.019643 0.023750
2 0.863839 0.161250 0.035714 0.016250
2 0.878571 0.175625 0.033929 0.013750
2 0.870982 0.191250 0.023214 0.026250
2 0.887500 0.195312 0.025000 0.025000
2 0.904464 0.195625 0.023214 0.022500
2 0.923661 0.201250 0.021429 0.021250
2 0.957143 0.203125 0.021429 0.025000
2 0.988393 0.207187 0.021429 0.023750
2 0.534821 0.172187 0.025000 0.028750
2 0.854464 0.138750 0.021429 0.027500
2 0.869643 0.140625 0.016071 0.025000
2 0.885714 0.145000 0.021429 0.021250
2 0.901786 0.146250 0.026786 0.023750
2 0.917411 0.146250 0.026786 0.023750
2 0.935714 0.152188 0.023214 0.026250
2 0.954464 0.149688 0.025000 0.021250
2 0.972321 0.151875 0.025000 0.022500
2 0.651786 0.238750 0.017857 0.027500
2 0.553571 0.224688 0.026786 0.027500
2 0.603571 0.232500 0.019643 0.027500
2 0.669643 0.242500 0.017857 0.028750
2 0.684821 0.245312 0.021429 0.025000
2 0.715625 0.251250 0.025000 0.027500
2 0.749554 0.254375 0.021429 0.027500
2 0.764286 0.256250 0.019643 0.025000
2 0.783036 0.257812 0.021429 0.025000
2 0.798661 0.260625 0.021429 0.027500
2 0.819196 0.263750 0.026786 0.027500
2 0.847321 0.266562 0.025000 0.030000
2 0.866071 0.269687 0.017857 0.023750
2 0.882589 0.270313 0.019643 0.025000
2 0.899107 0.272500 0.021429 0.026250
2 0.917857 0.277500 0.023214 0.023750
2 0.699107 0.194062 0.023214 0.028750
2 0.634375 0.184062 0.023214 0.027500
2 0.651339 0.187812 0.021429 0.028750
2 0.681250 0.190625 0.023214 0.025000
2 0.717411 0.195000 0.019643 0.027500
2 0.779464 0.205938 0.014286 0.021250
2 0.796429 0.206562 0.021429 0.022500
2 0.811607 0.210625 0.025000 0.027500
2 0.828125 0.210625 0.026786 0.027500
2 0.862054 0.215625 0.023214 0.025000
2 0.881250 0.218125 0.021429 0.023750
2 0.895089 0.222500 0.026786 0.026250
2 0.917411 0.224062 0.026786 0.026250
2 0.932589 0.223750 0.021429 0.022500
2 0.946429 0.225312 0.026786 0.022500
2 0.964286 0.227500 0.026786 0.023750
2 0.982143 0.230313 0.026786 0.026250
2 0.758929 0.049375 0.026786 0.030000
2 0.841071 0.059688 0.030357 0.028750
2 0.887500 0.066562 0.025000 0.023750
2 0.921429 0.071875 0.021429 0.025000
2 0.916071 0.046875 0.019643 0.025000
2 0.930357 0.047500 0.021429 0.026250
2 0.963839 0.052500 0.021429 0.023750
2 0.937946 0.074063 0.023214 0.032500
2 0.958036 0.077500 0.023214 0.030000
2 0.615179 0.009687 0.016071 0.016250
2 0.625446 0.026250 0.023214 0.021250
2 0.675893 0.037812 0.021429 0.022500
2 0.790625 0.107187 0.023214 0.023750
2 0.825446 0.111250 0.021429 0.022500
2 0.800893 0.132187 0.021429 0.023750
2 0.818750 0.138125 0.021429 0.026250
2 0.833036 0.140625 0.023214 0.025000
2 0.841071 0.114375 0.021429 0.022500
2 0.855804 0.115625 0.019643 0.025000
2 0.892411 0.117500 0.021429 0.028750
2 0.911607 0.121875 0.019643 0.025000
2 0.962500 0.128750 0.023214 0.026250
2 0.981696 0.125625 0.021429 0.026250
2 0.784375 0.130937 0.019643 0.021250
2 0.766071 0.128750 0.023214 0.026250
2 0.739732 0.100937 0.019643 0.023750
2 0.555357 0.094375 0.021429 0.026250
2 0.576786 0.097500 0.019643 0.026250
2 0.592411 0.101562 0.019643 0.025000
2 0.621875 0.104062 0.025000 0.023750
2 0.656250 0.111563 0.017857 0.026250
2 0.672321 0.114375 0.023214 0.028750
2 0.698661 0.121250 0.017857 0.023750
2 0.717411 0.120625 0.019643 0.022500
2 0.733929 0.125000 0.021429 0.025000
