2 0.396875 0.085312 0.012500 0.017500
2 0.340179 0.513750 0.010714 0.040000
2 0.203571 0.265000 0.005357 0.011250
2 0.183482 0.265937 0.005357 0.010000
2 0.176339 0.266875 0.008929 0.008750
2 0.167857 0.264375 0.005357 0.010000
2 0.156250 0.255625 0.008929 0.011250
2 0.145982 0.263437 0.010714 0.011250
2 0.137500 0.265000 0.007143 0.011250
2 0.127232 0.263437 0.008929 0.011250
2 0.295982 0.303125 0.007143 0.012500
2 0.287054 0.301875 0.007143 0.010000
2 0.180357 0.324375 0.012500 0.011250
2 0.212500 0.326562 0.014286 0.012500
2 0.223661 0.328125 0.014286 0.012500
2 0.283036 0.325000 0.021429 0.006250
2 0.388393 0.344375 0.008929 0.013750
2 0.250000 0.338125 0.008929 0.013750
2 0.259375 0.339062 0.005357 0.012500
2 0.269196 0.339062 0.007143 0.012500
2 0.284375 0.340625 0.010714 0.012500
2 0.294643 0.343438 0.008929 0.015000
2 0.322321 0.357500 0.010714 0.015000
2 0.341518 0.375312 0.008929 0.016250
2 0.386161 0.430000 0.008929 0.016250
2 0.374107 0.508750 0.007143 0.011250
2 0.374107 0.563438 0.007143 0.011250
2 0.329464 0.564063 0.007143 0.012500
2 0.193304 0.265313 0.007143 0.008750
2 0.210268 0.264375 0.005357 0.010000
2 0.263393 0.393750 0.017857 0.006250
2 0.217857 0.266562 0.007143 0.011250
2 0.261607 0.190000 0.014286 0.005000
2 0.261607 0.197813 0.014286 0.005000
2 0.262500 0.210312 0.016071 0.005000
2 0.244643 0.243750 0.016071 0.006250
2 0.261607 0.229063 0.014286 0.005000
2 0.261607 0.234375 0.014286 0.006250
2 0.260714 0.242188 0.012500 0.006250
2 0.177679 0.226875 0.007143 0.010000
2 0.170982 0.226250 0.007143 0.008750
2 0.297321 0.165000 0.014286 0.011250
2 0.297321 0.170938 0.014286 0.007500
2 0.295089 0.180938 0.014286 0.008750
2 0.294643 0.191562 0.017857 0.005000
2 0.293750 0.200312 0.016071 0.010000
2 0.293750 0.210312 0.016071 0.011250
2 0.297321 0.220000 0.014286 0.008750
2 0.295982 0.226250 0.016071 0.008750
2 0.294643 0.233125 0.017857 0.010000
2 0.295089 0.241875 0.014286 0.008750
2 0.293750 0.252500 0.016071 0.011250
2 0.292857 0.261875 0.014286 0.011250
2 0.267857 0.268125 0.017857 0.011250
2 0.251339 0.265000 0.007143 0.011250
2 0.238839 0.265937 0.008929 0.010000
2 0.231250 0.266562 0.007143 0.011250
2 0.337054 0.703437 0.008929 0.016250
2 0.203571 0.357187 0.005357 0.011250
2 0.261607 0.179062 0.014286 0.005000
2 0.239286 0.749688 0.005357 0.008750
2 0.253571 0.751875 0.007143 0.010000
2 0.262500 0.750312 0.007143 0.010000
2 0.272768 0.751875 0.005357 0.010000
2 0.108929 0.789375 0.012500 0.003750
2 0.123214 0.802500 0.005357 0.011250
2 0.146429 0.802812 0.007143 0.008750
2 0.277679 0.815625 0.010714 0.012500
2 0.276786 0.846250 0.008929 0.011250
2 0.322768 0.946250 0.007143 0.011250
2 0.106250 0.896562 0.007143 0.008750
2 0.116518 0.896250 0.005357 0.011250
2 0.129018 0.897188 0.003571 0.010000
2 0.138839 0.896562 0.005357 0.008750
2 0.281250 0.909375 0.017857 0.006250
2 0.245982 0.750312 0.005357 0.010000
2 0.229464 0.750312 0.003571 0.010000
2 0.228571 0.401562 0.010714 0.031250
2 0.221429 0.749375 0.005357 0.011250
2 0.278125 0.446563 0.016071 0.008750
2 0.276339 0.468125 0.012500 0.005000
2 0.286161 0.500000 0.014286 0.006250
2 0.286161 0.505625 0.014286 0.005000
2 0.286607 0.512500 0.019643 0.006250
2 0.282589 0.525000 0.016071 0.006250
2 0.284821 0.567812 0.016071 0.007500
2 0.283482 0.581250 0.017857 0.006250
2 0.254911 0.656875 0.014286 0.007500
2 0.313839 0.740000 0.007143 0.011250
2 0.325000 0.792188 0.007143 0.012500
2 0.109821 0.621875 0.014286 0.012500
2 0.178571 0.721250 0.008929 0.011250
2 0.185268 0.722187 0.008929 0.010000
2 0.199554 0.722500 0.010714 0.013750
2 0.207589 0.721250 0.008929 0.011250
2 0.215179 0.721250 0.010714 0.011250
2 0.223214 0.720625 0.008929 0.010000
2 0.256696 0.691875 0.017857 0.008750
2 0.253571 0.717187 0.016071 0.006250
2 0.183036 0.749062 0.008929 0.013750
2 0.191071 0.750000 0.007143 0.012500
2 0.198661 0.748750 0.008929 0.010000
2 0.206696 0.750312 0.007143 0.010000
2 0.212500 0.749375 0.005357 0.011250
2 0.262500 0.183750 0.016071 0.005000
2 0.245536 0.225000 0.017857 0.006250
2 0.244196 0.217500 0.010714 0.003750
2 0.204464 0.115000 0.007143 0.011250
2 0.076339 0.151875 0.005357 0.010000
2 0.069643 0.151875 0.005357 0.010000
2 0.060268 0.165000 0.008929 0.011250
2 0.118750 0.186875 0.014286 0.005000
2 0.119643 0.216562 0.016071 0.005000
2 0.158929 0.132187 0.005357 0.011250
2 0.176786 0.133750 0.005357 0.011250
2 0.204018 0.132187 0.010714 0.011250
2 0.216964 0.130625 0.014286 0.011250
2 0.228571 0.129062 0.010714 0.011250
2 0.243750 0.131250 0.014286 0.012500
2 0.263839 0.130625 0.014286 0.011250
2 0.288393 0.148438 0.014286 0.012500
2 0.295089 0.157187 0.014286 0.011250
2 0.100893 0.156250 0.014286 0.006250
2 0.262500 0.165000 0.016071 0.011250
2 0.325000 0.190000 0.007143 0.011250
2 0.345089 0.221250 0.007143 0.011250
2 0.249107 0.171250 0.007143 0.011250
2 0.245982 0.179062 0.014286 0.005000
2 0.244196 0.186250 0.010714 0.003750
2 0.242857 0.191562 0.012500 0.005000
2 0.245536 0.197188 0.017857 0.003750
2 0.244643 0.205625 0.016071 0.005000
2 0.245536 0.210312 0.017857 0.005000
2 0.196429 0.115000 0.008929 0.011250
2 0.212500 0.116562 0.005357 0.011250
2 0.234375 0.117188 0.008929 0.012500
2 0.350893 0.013125 0.005357 0.013750
2 0.339286 0.013437 0.008929 0.011250
2 0.296429 0.072500 0.021429 0.013750
2 0.383036 0.140625 0.007143 0.012500
2 0.162054 0.015625 0.007143 0.012500
2 0.116518 0.085000 0.005357 0.013750
2 0.284821 0.117188 0.007143 0.012500
2 0.273661 0.116875 0.007143 0.015000
2 0.263393 0.115625 0.008929 0.012500
2 0.254464 0.116562 0.008929 0.011250
