2 0.990179 0.138125 0.007143 0.007500
2 0.998661 0.139688 0.001786 0.007500
2 0.982143 0.138125 0.008929 0.007500
2 0.973214 0.138125 0.008929 0.007500
2 0.964732 0.139375 0.005357 0.010000
2 0.954464 0.139375 0.007143 0.010000
2 0.992857 0.148750 0.012500 0.003750
2 0.925446 0.138750 0.007143 0.008750
2 0.914286 0.137813 0.007143 0.010000
2 0.901786 0.136875 0.008929 0.011250
2 0.875446 0.147812 0.014286 0.005000
2 0.889732 0.138125 0.007143 0.013750
2 0.880804 0.138437 0.007143 0.011250
2 0.872768 0.138750 0.008929 0.008750
2 0.860714 0.136875 0.007143 0.011250
2 0.954464 0.179062 0.007143 0.011250
2 0.943304 0.179375 0.007143 0.008750
2 0.929911 0.179375 0.007143 0.008750
2 0.889732 0.179688 0.007143 0.012500
2 0.850446 0.179062 0.008929 0.011250
2 0.822768 0.177500 0.007143 0.011250
2 0.810714 0.178125 0.005357 0.012500
2 0.803571 0.176250 0.008929 0.008750
2 0.739286 0.145625 0.014286 0.003750
2 0.766071 0.141250 0.005357 0.013750
2 0.775000 0.140625 0.005357 0.012500
2 0.790625 0.143125 0.005357 0.011250
2 0.798661 0.143125 0.003571 0.011250
2 0.807143 0.141562 0.007143 0.011250
2 0.816964 0.141250 0.008929 0.013750
2 0.901786 0.086875 0.008929 0.011250
2 0.892857 0.087813 0.008929 0.010000
2 0.925446 0.099375 0.016071 0.011250
2 0.854018 0.137813 0.007143 0.010000
2 0.830357 0.078750 0.008929 0.026250
2 0.676786 0.028125 0.014286 0.012500
2 0.661161 0.035625 0.014286 0.008750
2 0.646875 0.043125 0.012500 0.011250
