2 0.720536 0.851562 0.021429 0.012500
2 0.630357 0.603125 0.019643 0.012500
2 0.727679 0.655312 0.017857 0.013750
2 0.684821 0.631250 0.021429 0.012500
2 0.545089 0.640000 0.014286 0.011250
2 0.526786 0.631563 0.017857 0.010000
2 0.592857 0.671875 0.016071 0.012500
2 0.610268 0.678125 0.019643 0.012500
2 0.660268 0.698438 0.012500 0.012500
2 0.691964 0.721250 0.017857 0.017500
2 0.755804 0.671250 0.016071 0.011250
2 0.880804 0.746875 0.016071 0.012500
2 0.895536 0.847500 0.014286 0.013750
2 0.922321 0.860000 0.014286 0.013750
2 0.020982 0.750625 0.010714 0.013750
2 0.945536 0.880937 0.016071 0.015000
2 0.966964 0.896562 0.014286 0.015000
2 0.980804 0.903750 0.019643 0.013750
2 0.293304 0.712500 0.019643 0.012500
2 0.008482 0.754375 0.012500 0.015000
