2 0.600893 0.278125 0.014286 0.012500
2 0.554018 0.249375 0.014286 0.017500
2 0.547321 0.209375 0.014286 0.012500
2 0.567411 0.203750 0.014286 0.013750
2 0.584375 0.202500 0.012500 0.011250
2 0.690179 0.078750 0.014286 0.013750
2 0.667857 0.115000 0.014286 0.011250
2 0.584821 0.180938 0.017857 0.015000
2 0.611161 0.129062 0.012500 0.011250
2 0.672321 0.210000 0.014286 0.013750
2 0.654911 0.192812 0.010714 0.013750
2 0.683929 0.359375 0.019643 0.006250
2 0.698661 0.345313 0.017857 0.012500
2 0.709821 0.336875 0.017857 0.011250
2 0.650446 0.314063 0.010714 0.012500
2 0.651339 0.296875 0.012500 0.012500
2 0.627679 0.271250 0.014286 0.011250
2 0.624554 0.259375 0.012500 0.012500
2 0.350893 0.705313 0.014286 0.013750
2 0.282143 0.666875 0.019643 0.015000
2 0.418750 0.582812 0.016071 0.012500
2 0.420982 0.569688 0.016071 0.011250
2 0.345089 0.522813 0.016071 0.011250
2 0.370982 0.539062 0.014286 0.012500
2 0.341964 0.571875 0.014286 0.012500
2 0.383036 0.479375 0.016071 0.015000
2 0.440179 0.553125 0.014286 0.012500
2 0.496875 0.566250 0.016071 0.013750
2 0.491071 0.489063 0.017857 0.012500
2 0.450893 0.495937 0.017857 0.013750
2 0.539286 0.433437 0.016071 0.013750
2 0.578571 0.355938 0.014286 0.015000
2 0.534821 0.323125 0.016071 0.015000
2 0.502232 0.691250 0.017857 0.013750
2 0.640179 0.265625 0.012500 0.012500
2 0.624107 0.221250 0.016071 0.011250
2 0.743750 0.015313 0.014286 0.021250
2 0.655804 0.213750 0.012500 0.021250
2 0.865179 0.385000 0.016071 0.007500
2 0.894196 0.384687 0.016071 0.010000
2 0.882143 0.421250 0.014286 0.011250
2 0.798214 0.394062 0.016071 0.010000
2 0.917411 0.455000 0.008929 0.016250
2 0.897321 0.450938 0.008929 0.011250
2 0.612500 0.400000 0.010714 0.012500
2 0.616964 0.351562 0.010714 0.012500
2 0.171875 0.828750 0.017857 0.013750
2 0.146429 0.858437 0.016071 0.013750
2 0.063393 0.901563 0.010714 0.012500
2 0.058036 0.904687 0.008929 0.012500
2 0.045536 0.910937 0.010714 0.012500
2 0.030804 0.920625 0.012500 0.010000
2 0.737946 0.810000 0.016071 0.007500
2 0.831696 0.814063 0.016071 0.006250
