2 0.689286 0.980312 0.012500 0.013750
2 0.682143 0.995625 0.016071 0.010000
2 0.589286 0.104688 0.008929 0.012500
2 0.582143 0.107813 0.012500 0.012500
2 0.141071 0.154688 0.023214 0.012500
2 0.486607 0.272813 0.008929 0.011250
2 0.495536 0.289062 0.008929 0.012500
2 0.329911 0.420000 0.021429 0.008750
2 0.543304 0.507812 0.010714 0.012500
2 0.500893 0.534375 0.010714 0.012500
2 0.708036 0.560000 0.014286 0.013750
2 0.717857 0.563125 0.016071 0.013750
2 0.708929 0.591562 0.025000 0.011250
2 0.253571 0.615625 0.025000 0.006250
2 0.171429 0.764687 0.012500 0.013750
2 0.027679 0.732812 0.019643 0.012500
2 0.042411 0.735313 0.017857 0.011250
2 0.059821 0.740000 0.021429 0.011250
2 0.050000 0.750625 0.019643 0.013750
2 0.035268 0.749062 0.021429 0.013750
2 0.020982 0.746875 0.019643 0.012500
2 0.089732 0.887813 0.023214 0.010000
2 0.189286 0.911562 0.012500 0.013750
2 0.971429 0.116875 0.014286 0.015000
2 0.954018 0.113125 0.010714 0.013750
2 0.934821 0.110000 0.012500 0.013750
2 0.965179 0.085938 0.010714 0.012500
2 0.972768 0.066250 0.012500 0.013750
2 0.940625 0.765000 0.019643 0.011250
2 0.610268 0.090625 0.010714 0.012500
2 0.289732 0.399062 0.012500 0.013750
2 0.554911 0.446250 0.016071 0.011250
2 0.554464 0.351562 0.010714 0.012500
