2 0.037946 0.961562 0.017857 0.007500
2 0.085714 0.966250 0.019643 0.007500
2 0.113393 0.970000 0.021429 0.008750
2 0.140625 0.973750 0.017857 0.010000
2 0.614732 0.479375 0.019643 0.008750
2 0.578125 0.566250 0.008929 0.013750
2 0.599107 0.720313 0.010714 0.012500
2 0.595536 0.756250 0.012500 0.012500
2 0.573214 0.757500 0.012500 0.015000
2 0.658036 0.710625 0.012500 0.015000
2 0.616964 0.708437 0.010714 0.013750
2 0.589286 0.704375 0.008929 0.015000
2 0.588839 0.717812 0.012500 0.013750
2 0.612054 0.723750 0.014286 0.016250
2 0.667411 0.681250 0.008929 0.012500
2 0.624107 0.725625 0.007143 0.013750
2 0.633929 0.725000 0.008929 0.012500
2 0.642857 0.727187 0.008929 0.013750
2 0.661607 0.729063 0.010714 0.011250
2 0.674107 0.730312 0.008929 0.013750
2 0.738393 0.702187 0.021429 0.007500
2 0.613839 0.756875 0.008929 0.013750
2 0.623661 0.759375 0.010714 0.012500
2 0.632589 0.759375 0.010714 0.012500
2 0.642411 0.761562 0.012500 0.013750
2 0.625000 0.616250 0.008929 0.013750
2 0.635714 0.618437 0.012500 0.015000
2 0.601339 0.660000 0.010714 0.013750
2 0.897321 0.042500 0.062500 0.035000
2 0.672321 0.696250 0.023214 0.011250
2 0.643750 0.678750 0.010714 0.013750
2 0.627232 0.678125 0.008929 0.012500
2 0.887054 0.998750 0.010714 0.003750
2 0.849107 0.995000 0.019643 0.008750
2 0.850000 0.988125 0.021429 0.007500
2 0.854464 0.934375 0.021429 0.012500
2 0.866964 0.888125 0.019643 0.007500
2 0.888393 0.814063 0.017857 0.012500
2 0.931696 0.784375 0.010714 0.012500
2 0.931696 0.725000 0.010714 0.012500
2 0.531250 0.644375 0.017857 0.007500
2 0.536607 0.629375 0.019643 0.008750
2 0.570089 0.670937 0.010714 0.013750
2 0.590179 0.671875 0.010714 0.012500
2 0.608036 0.675625 0.010714 0.013750
2 0.087946 0.827187 0.019643 0.013750
2 0.112500 0.828750 0.019643 0.013750
2 0.102232 0.876563 0.021429 0.012500
2 0.103571 0.859375 0.019643 0.012500
2 0.103571 0.851562 0.019643 0.012500
2 0.110268 0.837500 0.019643 0.012500
2 0.088839 0.818125 0.021429 0.011250
2 0.085714 0.834375 0.019643 0.012500
2 0.249107 0.823750 0.016071 0.016250
2 0.085714 0.842187 0.019643 0.012500
2 0.084821 0.851875 0.017857 0.010000
2 0.084821 0.859375 0.017857 0.012500
2 0.079018 0.865625 0.019643 0.012500
2 0.076786 0.872500 0.019643 0.013750
2 0.078125 0.881875 0.017857 0.013750
2 0.112500 0.813438 0.019643 0.011250
2 0.114732 0.805625 0.019643 0.011250
2 0.158929 0.819063 0.023214 0.010000
2 0.161607 0.804063 0.019643 0.011250
2 0.152679 0.842500 0.019643 0.010000
2 0.148661 0.858437 0.016071 0.007500
2 0.148214 0.871562 0.019643 0.008750
2 0.143750 0.880312 0.019643 0.007500
2 0.143750 0.888125 0.019643 0.007500
2 0.140179 0.896562 0.021429 0.008750
2 0.188839 0.971875 0.007143 0.012500
2 0.223214 0.928125 0.017857 0.012500
2 0.248214 0.894063 0.014286 0.016250
2 0.268750 0.905937 0.010714 0.015000
2 0.256696 0.864687 0.008929 0.013750
2 0.277679 0.862500 0.010714 0.012500
2 0.077679 0.891250 0.021429 0.013750
2 0.242857 0.764062 0.066071 0.031250
2 0.202679 0.739687 0.021429 0.007500
2 0.125446 0.024063 0.014286 0.013750
2 0.137500 0.023125 0.016071 0.015000
2 0.148214 0.019375 0.019643 0.013750
2 0.161161 0.038750 0.023214 0.008750
2 0.160268 0.046875 0.021429 0.006250
2 0.024107 0.285312 0.021429 0.011250
2 0.357143 0.385937 0.008929 0.012500
2 0.331250 0.452813 0.010714 0.015000
2 0.359821 0.527500 0.014286 0.017500
2 0.071429 0.520937 0.017857 0.007500
2 0.150446 0.615625 0.019643 0.006250
2 0.122321 0.728750 0.021429 0.007500
2 0.131696 0.999062 0.008929 0.001250
2 0.121429 0.998750 0.010714 0.003750
2 0.109375 0.998750 0.008929 0.003750
2 0.099107 0.996875 0.010714 0.006250
2 0.088393 0.996875 0.007143 0.006250
2 0.293750 0.954688 0.025000 0.018750
2 0.375000 0.315000 0.062500 0.017500
2 0.284375 0.847813 0.010714 0.011250
2 0.286607 0.839063 0.010714 0.012500
2 0.262054 0.836562 0.010714 0.013750
2 0.268750 0.803750 0.010714 0.013750
2 0.410714 0.857812 0.008929 0.012500
2 0.497768 0.853125 0.008929 0.012500
2 0.482143 0.851250 0.008929 0.015000
2 0.464286 0.849062 0.008929 0.013750
2 0.438393 0.848125 0.010714 0.015000
2 0.429464 0.845938 0.010714 0.013750
2 0.420536 0.843437 0.010714 0.015000
2 0.401786 0.856250 0.008929 0.012500
2 0.400893 0.843750 0.007143 0.012500
2 0.375000 0.839687 0.008929 0.013750
2 0.366071 0.836562 0.008929 0.013750
2 0.350446 0.826250 0.017857 0.008750
2 0.353571 0.813750 0.019643 0.008750
2 0.278571 0.780312 0.012500 0.013750
2 0.506696 0.854063 0.008929 0.011250
2 0.524554 0.867188 0.017857 0.006250
2 0.522321 0.875625 0.017857 0.007500
2 0.404911 0.930312 0.019643 0.013750
2 0.425893 0.943750 0.021429 0.012500
2 0.553571 0.925000 0.008929 0.012500
2 0.572321 0.878125 0.010714 0.012500
2 0.593750 0.915625 0.008929 0.012500
2 0.583482 0.849687 0.010714 0.015000
2 0.621429 0.981875 0.019643 0.007500
2 0.439286 0.992812 0.021429 0.007500
2 0.335714 0.993750 0.019643 0.006250
2 0.697321 0.995000 0.010714 0.008750
2 0.722321 0.999062 0.007143 0.001250
2 0.947768 0.199063 0.016071 0.013750
