2 0.611607 0.958125 0.017857 0.010000
2 0.820982 0.862500 0.021429 0.006250
2 0.695536 0.857500 0.016071 0.008750
2 0.436607 0.876250 0.016071 0.008750
2 0.505357 0.902500 0.019643 0.011250
2 0.283482 0.829063 0.017857 0.011250
2 0.549107 0.970625 0.017857 0.010000
2 0.455357 0.932500 0.017857 0.008750
2 0.345089 0.895000 0.016071 0.008750
2 0.378571 0.894063 0.016071 0.010000
2 0.281250 0.867500 0.017857 0.010000
2 0.258482 0.870000 0.021429 0.008750
2 0.164732 0.848437 0.021429 0.012500
2 0.183929 0.844063 0.019643 0.010000
2 0.120536 0.839375 0.017857 0.010000
