2 0.253125 0.784687 0.037500 0.053750
2 0.525000 0.546875 0.076786 0.025000
2 0.546429 0.299687 0.030357 0.040000
2 0.467857 0.203125 0.033929 0.043750
2 0.446875 0.205000 0.032143 0.041250
2 0.818304 0.303125 0.025000 0.012500
2 0.791071 0.310937 0.019643 0.012500
2 0.762946 0.316875 0.021429 0.008750
2 0.749107 0.321563 0.025000 0.008750
2 0.536607 0.708125 0.010714 0.016250
2 0.444643 0.701562 0.023214 0.012500
2 0.834821 0.299375 0.026786 0.011250
2 0.731250 0.323125 0.025000 0.015000
2 0.710268 0.322813 0.023214 0.011250
2 0.659821 0.286875 0.025000 0.011250
2 0.424554 0.383750 0.014286 0.017500
2 0.432143 0.380000 0.016071 0.016250
2 0.445536 0.376875 0.016071 0.016250
2 0.454911 0.376250 0.012500 0.015000
2 0.460268 0.373125 0.014286 0.015000
2 0.470982 0.372188 0.017857 0.016250
2 0.483929 0.370938 0.012500 0.013750
2 0.496429 0.366250 0.010714 0.013750
2 0.550446 0.349062 0.016071 0.013750
2 0.497768 0.337500 0.017857 0.006250
2 0.496429 0.329375 0.019643 0.008750
2 0.491518 0.321563 0.023214 0.008750
2 0.702679 0.275938 0.021429 0.011250
2 0.689732 0.280313 0.026786 0.013750
2 0.675893 0.283125 0.021429 0.010000
2 0.124554 0.306250 0.021429 0.012500
2 0.113393 0.291875 0.021429 0.008750
2 0.103571 0.265000 0.019643 0.011250
2 0.076786 0.216250 0.028571 0.013750
2 0.468750 0.261875 0.017857 0.017500
2 0.478125 0.146250 0.014286 0.011250
2 0.495536 0.180313 0.017857 0.020000
2 0.529911 0.260937 0.028571 0.012500
2 0.479464 0.181875 0.039286 0.051250
2 0.491964 0.244062 0.019643 0.022500
2 0.480357 0.254688 0.023214 0.025000
2 0.527679 0.271250 0.028571 0.011250
2 0.407143 0.134375 0.028571 0.012500
2 0.469643 0.129688 0.019643 0.018750
2 0.417857 0.390000 0.023214 0.023750
2 0.322321 0.416250 0.064286 0.013750
2 0.459821 0.440000 0.026786 0.011250
2 0.398214 0.393750 0.019643 0.018750
2 0.360714 0.398125 0.016071 0.015000
2 0.178571 0.376563 0.026786 0.012500
2 0.462054 0.273125 0.017857 0.015000
2 0.442857 0.085938 0.019643 0.012500
2 0.043304 0.281250 0.028571 0.043750
