2 0.745089 0.383125 0.075000 0.022500
2 0.834375 0.704375 0.012500 0.021250
2 0.834375 0.876875 0.012500 0.022500
2 0.835268 0.848125 0.014286 0.015000
2 0.839732 0.683437 0.014286 0.020000
2 0.756696 0.421250 0.017857 0.023750
2 0.558482 0.454375 0.032143 0.015000
2 0.561607 0.425938 0.025000 0.011250
2 0.598661 0.411562 0.014286 0.020000
2 0.614732 0.408750 0.010714 0.017500
2 0.628571 0.407500 0.016071 0.021250
2 0.662500 0.416875 0.012500 0.021250
2 0.677679 0.429375 0.016071 0.027500
2 0.724554 0.415937 0.016071 0.022500
2 0.769196 0.430938 0.016071 0.021250
2 0.732143 0.363125 0.026786 0.013750
2 0.830357 0.435937 0.017857 0.025000
2 0.658482 0.047500 0.017857 0.026250
2 0.701339 0.356875 0.032143 0.013750
2 0.560268 0.916563 0.026786 0.023750
2 0.669196 0.351875 0.030357 0.016250
2 0.600893 0.445937 0.023214 0.020000
2 0.582143 0.410000 0.012500 0.020000
2 0.645982 0.414375 0.019643 0.022500
2 0.693304 0.422187 0.016071 0.022500
2 0.708929 0.419063 0.016071 0.022500
2 0.802679 0.434688 0.016071 0.022500
2 0.787946 0.433750 0.017857 0.023750
2 0.645982 0.901875 0.028571 0.010000
2 0.892411 0.650938 0.030357 0.011250
