2 0.245982 0.860000 0.023214 0.013750
2 0.262500 0.867188 0.016071 0.012500
2 0.407143 0.838438 0.019643 0.011250
2 0.819196 0.793438 0.017857 0.015000
2 0.701339 0.697813 0.014286 0.017500
2 0.710268 0.711562 0.014286 0.013750
2 0.885268 0.864375 0.025000 0.016250
2 0.958036 0.635625 0.014286 0.015000
2 0.011161 0.815625 0.017857 0.012500
2 0.104018 0.975625 0.016071 0.013750
2 0.110714 0.987500 0.016071 0.012500
2 0.190625 0.947188 0.019643 0.016250
2 0.187054 0.913750 0.021429 0.015000
2 0.329464 0.866563 0.016071 0.011250
2 0.443750 0.806563 0.021429 0.010000
2 0.608929 0.973750 0.012500 0.010000
