2 0.224107 0.383437 0.019643 0.013750
2 0.271429 0.517500 0.016071 0.010000
2 0.188839 0.608125 0.016071 0.010000
2 0.020089 0.705000 0.017857 0.010000
2 0.009375 0.727500 0.014286 0.011250
2 0.116071 0.731250 0.017857 0.012500
2 0.107589 0.741250 0.023214 0.013750
2 0.235714 0.600938 0.016071 0.011250
2 0.245536 0.591875 0.017857 0.008750
2 0.203125 0.595000 0.017857 0.008750
2 0.287054 0.547187 0.016071 0.010000
2 0.261607 0.526875 0.014286 0.010000
2 0.259375 0.533125 0.014286 0.010000
2 0.253571 0.537188 0.016071 0.008750
2 0.314732 0.515937 0.017857 0.010000
2 0.305804 0.527500 0.017857 0.011250
2 0.297321 0.535937 0.023214 0.012500
2 0.291071 0.541563 0.019643 0.011250
2 0.175000 0.543125 0.019643 0.011250
2 0.206696 0.587187 0.016071 0.008750
2 0.280804 0.552500 0.021429 0.011250
2 0.251339 0.585625 0.016071 0.008750
2 0.225446 0.566563 0.017857 0.011250
2 0.191071 0.572813 0.016071 0.011250
2 0.183929 0.583750 0.019643 0.011250
2 0.217411 0.577500 0.019643 0.011250
2 0.212500 0.583125 0.014286 0.010000
2 0.265625 0.521250 0.017857 0.011250
2 0.287054 0.501875 0.016071 0.010000
2 0.344643 0.082187 0.010714 0.011250
2 0.508929 0.067812 0.008929 0.013750
2 0.501339 0.067187 0.007143 0.012500
2 0.493304 0.066250 0.008929 0.013750
2 0.475446 0.064687 0.008929 0.013750
2 0.532589 0.354063 0.016071 0.011250
2 0.584821 0.360625 0.017857 0.008750
2 0.612500 0.369375 0.019643 0.007500
2 0.655357 0.388750 0.016071 0.008750
2 0.642857 0.386250 0.017857 0.010000
2 0.639286 0.404063 0.019643 0.011250
2 0.628125 0.427187 0.010714 0.013750
2 0.599107 0.483750 0.019643 0.011250
2 0.527679 0.070312 0.010714 0.012500
2 0.353571 0.081250 0.010714 0.012500
2 0.233929 0.528438 0.012500 0.010000
2 0.371429 0.084375 0.010714 0.012500
2 0.526786 0.098437 0.008929 0.012500
2 0.517857 0.098437 0.008929 0.012500
2 0.508929 0.096250 0.008929 0.011250
2 0.500000 0.096875 0.008929 0.012500
2 0.492411 0.096875 0.007143 0.012500
2 0.483482 0.096250 0.007143 0.011250
2 0.476786 0.096250 0.007143 0.011250
2 0.470089 0.095625 0.007143 0.010000
2 0.459821 0.091250 0.008929 0.013750
2 0.437500 0.092500 0.008929 0.010000
2 0.445536 0.091563 0.007143 0.011250
2 0.427232 0.090625 0.010714 0.012500
2 0.395982 0.085938 0.010714 0.012500
2 0.406250 0.088125 0.008929 0.013750
2 0.467857 0.064062 0.007143 0.012500
2 0.458929 0.064062 0.007143 0.012500
2 0.452232 0.062500 0.007143 0.012500
2 0.446429 0.062500 0.008929 0.012500
2 0.341071 0.049062 0.012500 0.013750
2 0.334375 0.047500 0.012500 0.013750
2 0.326786 0.047500 0.010714 0.013750
2 0.317857 0.046250 0.010714 0.011250
2 0.308929 0.044688 0.010714 0.011250
2 0.301786 0.043750 0.014286 0.012500
2 0.294196 0.041250 0.012500 0.013750
2 0.285268 0.040625 0.012500 0.012500
2 0.277232 0.037500 0.014286 0.012500
2 0.366071 0.420625 0.017857 0.010000
2 0.307589 0.371563 0.021429 0.008750
2 0.352679 0.358125 0.017857 0.010000
2 0.172768 0.357187 0.019643 0.011250
2 0.226786 0.249375 0.016071 0.011250
2 0.216964 0.246250 0.014286 0.011250
2 0.211161 0.241875 0.016071 0.015000
2 0.358036 0.053125 0.010714 0.012500
2 0.366071 0.052500 0.008929 0.011250
2 0.375000 0.055000 0.008929 0.010000
2 0.434375 0.060937 0.007143 0.012500
2 0.417411 0.059375 0.008929 0.012500
2 0.402679 0.057813 0.010714 0.012500
2 0.391964 0.055313 0.007143 0.013750
2 0.734821 0.097500 0.005357 0.013750
2 0.737946 0.431250 0.016071 0.012500
2 0.690625 0.375625 0.010714 0.013750
2 0.820536 0.103125 0.007143 0.012500
2 0.812500 0.101562 0.008929 0.012500
2 0.786607 0.098125 0.010714 0.015000
2 0.761161 0.096875 0.008929 0.012500
2 0.040179 0.290937 0.017857 0.010000
2 0.161607 0.325000 0.019643 0.012500
2 0.742411 0.097812 0.007143 0.011250
2 0.716518 0.097812 0.008929 0.011250
2 0.705357 0.096250 0.008929 0.011250
2 0.737054 0.068125 0.005357 0.011250
2 0.712054 0.067812 0.008929 0.013750
2 0.703125 0.068125 0.008929 0.011250
2 0.695536 0.068125 0.007143 0.011250
2 0.687500 0.068125 0.008929 0.011250
2 0.677679 0.067500 0.007143 0.010000
2 0.669643 0.067500 0.008929 0.010000
2 0.659821 0.067500 0.007143 0.010000
2 0.651786 0.068125 0.008929 0.011250
2 0.643750 0.068750 0.010714 0.012500
2 0.635268 0.067812 0.007143 0.013750
2 0.625000 0.068750 0.008929 0.012500
2 0.616964 0.067812 0.010714 0.013750
2 0.608482 0.068750 0.007143 0.012500
2 0.655357 0.009375 0.025000 0.006250
2 0.743304 0.068125 0.008929 0.011250
2 0.763393 0.081250 0.017857 0.006250
2 0.803571 0.071563 0.008929 0.015000
2 0.631696 0.098437 0.008929 0.012500
2 0.689732 0.099375 0.008929 0.011250
2 0.681696 0.099375 0.010714 0.011250
2 0.674107 0.100000 0.008929 0.012500
2 0.665179 0.097500 0.008929 0.013750
2 0.655357 0.098437 0.007143 0.012500
2 0.647321 0.097812 0.008929 0.011250
2 0.639732 0.098437 0.007143 0.012500
2 0.624107 0.098437 0.007143 0.012500
2 0.837054 0.075313 0.008929 0.010000
2 0.963393 0.021875 0.016071 0.006250
2 0.854464 0.075625 0.012500 0.013750
2 0.843750 0.074375 0.008929 0.011250
2 0.204464 0.239063 0.016071 0.012500
2 0.197768 0.235312 0.016071 0.011250
2 0.188839 0.234375 0.016071 0.012500
2 0.110714 0.454688 0.016071 0.012500
2 0.083929 0.408125 0.016071 0.010000
2 0.078571 0.413438 0.014286 0.011250
2 0.073661 0.418125 0.017857 0.011250
2 0.066964 0.421563 0.017857 0.008750
2 0.062500 0.426875 0.017857 0.010000
2 0.058929 0.432500 0.019643 0.008750
2 0.054911 0.437812 0.016071 0.010000
2 0.047321 0.440937 0.014286 0.010000
2 0.130804 0.401875 0.016071 0.010000
2 0.118750 0.414375 0.014286 0.010000
2 0.113839 0.418125 0.017857 0.011250
2 0.110714 0.421563 0.016071 0.008750
2 0.104911 0.425938 0.017857 0.011250
2 0.169196 0.392188 0.021429 0.012500
2 0.083036 0.454063 0.014286 0.011250
2 0.078571 0.458750 0.014286 0.011250
2 0.102679 0.468438 0.017857 0.008750
2 0.089286 0.404063 0.017857 0.011250
2 0.092857 0.400000 0.016071 0.012500
2 0.098214 0.395625 0.017857 0.010000
2 0.071429 0.389375 0.017857 0.010000
2 0.007589 0.413438 0.010714 0.011250
2 0.004911 0.418750 0.005357 0.006250
2 0.112500 0.345625 0.019643 0.010000
2 0.108482 0.349688 0.016071 0.008750
2 0.102679 0.354375 0.017857 0.008750
2 0.097321 0.358125 0.016071 0.010000
2 0.093750 0.364375 0.017857 0.010000
2 0.066071 0.393125 0.016071 0.011250
2 0.104911 0.386875 0.017857 0.011250
2 0.062054 0.400312 0.012500 0.010000
2 0.058036 0.404687 0.017857 0.012500
2 0.055804 0.409687 0.017857 0.010000
2 0.048214 0.414375 0.016071 0.010000
2 0.128571 0.363750 0.016071 0.008750
2 0.120536 0.369688 0.017857 0.011250
2 0.110714 0.380000 0.016071 0.010000
2 0.106250 0.461250 0.016071 0.010000
2 0.119643 0.446250 0.016071 0.011250
2 0.012500 0.401875 0.016071 0.010000
2 0.123661 0.442500 0.019643 0.010000
2 0.150000 0.461250 0.014286 0.010000
2 0.146429 0.465938 0.016071 0.010000
2 0.141071 0.470000 0.014286 0.008750
2 0.136607 0.475625 0.014286 0.007500
2 0.131696 0.479375 0.017857 0.008750
2 0.175000 0.465938 0.019643 0.010000
2 0.179464 0.460313 0.019643 0.011250
2 0.166071 0.475938 0.019643 0.011250
2 0.163393 0.481563 0.014286 0.010000
2 0.156250 0.484687 0.017857 0.010000
2 0.151339 0.489375 0.012500 0.010000
2 0.293750 0.414375 0.016071 0.010000
2 0.194196 0.490000 0.017857 0.011250
2 0.190179 0.495625 0.014286 0.010000
2 0.186607 0.500312 0.016071 0.010000
2 0.223214 0.494062 0.017857 0.010000
2 0.200893 0.513437 0.017857 0.011250
2 0.155357 0.457188 0.016071 0.011250
2 0.158482 0.450938 0.017857 0.011250
2 0.164286 0.445625 0.016071 0.010000
2 0.131250 0.437812 0.012500 0.010000
2 0.137500 0.426875 0.016071 0.010000
2 0.173214 0.435625 0.016071 0.008750
2 0.169643 0.438750 0.017857 0.008750
2 0.010268 0.407813 0.016071 0.012500
2 0.016518 0.398750 0.019643 0.010000
2 0.083482 0.183750 0.010714 0.011250
2 0.005804 0.306562 0.007143 0.010000
2 0.010268 0.298750 0.016071 0.010000
2 0.005804 0.265313 0.007143 0.008750
2 0.009375 0.255625 0.014286 0.011250
2 0.070089 0.227500 0.019643 0.011250
2 0.253125 0.352500 0.019643 0.011250
2 0.328125 0.345625 0.017857 0.010000
2 0.354018 0.399688 0.016071 0.008750
2 0.325000 0.387813 0.016071 0.010000
2 0.334821 0.376875 0.017857 0.010000
2 0.296875 0.340000 0.017857 0.011250
2 0.291071 0.345625 0.019643 0.010000
2 0.272321 0.362812 0.017857 0.010000
2 0.244643 0.314375 0.016071 0.010000
2 0.046875 0.258750 0.017857 0.011250
2 0.201786 0.326250 0.019643 0.008750
2 0.173214 0.311250 0.016071 0.010000
2 0.189732 0.301875 0.017857 0.010000
2 0.054911 0.283125 0.016071 0.010000
2 0.113839 0.296563 0.017857 0.008750
2 0.132589 0.282500 0.019643 0.008750
2 0.147321 0.261875 0.017857 0.011250
2 0.027232 0.388750 0.014286 0.008750
2 0.033482 0.300937 0.017857 0.011250
2 0.022321 0.366563 0.017857 0.011250
2 0.014732 0.371250 0.016071 0.011250
2 0.010268 0.375937 0.016071 0.011250
2 0.006696 0.386250 0.008929 0.010000
2 0.092857 0.321563 0.016071 0.008750
2 0.084821 0.324375 0.017857 0.011250
2 0.083929 0.333125 0.016071 0.010000
2 0.077232 0.336250 0.016071 0.010000
2 0.071429 0.342500 0.017857 0.010000
2 0.066964 0.345625 0.017857 0.010000
2 0.062500 0.350938 0.017857 0.011250
2 0.055357 0.359687 0.012500 0.010000
2 0.049107 0.365625 0.017857 0.012500
2 0.044643 0.370000 0.017857 0.008750
2 0.040179 0.375312 0.017857 0.010000
2 0.034821 0.378437 0.016071 0.010000
2 0.031250 0.383125 0.017857 0.010000
2 0.040179 0.340000 0.017857 0.011250
2 0.048214 0.336875 0.016071 0.011250
2 0.052679 0.333125 0.016071 0.010000
2 0.031250 0.307188 0.017857 0.011250
2 0.023661 0.311250 0.016071 0.010000
2 0.017857 0.315000 0.017857 0.011250
2 0.008482 0.330625 0.012500 0.011250
2 0.058036 0.326875 0.017857 0.010000
2 0.070089 0.311875 0.019643 0.011250
2 0.066964 0.315625 0.017857 0.012500
2 0.062500 0.321250 0.017857 0.011250
2 0.084821 0.761875 0.017857 0.011250
