2 0.033036 0.810625 0.030357 0.008750
2 0.035268 0.820000 0.030357 0.008750
2 0.424107 0.838750 0.026786 0.008750
2 0.042857 0.835938 0.032143 0.006250
2 0.112946 0.859375 0.016071 0.018750
2 0.333929 0.914062 0.025000 0.018750
2 0.302679 0.865938 0.025000 0.016250
2 0.321875 0.855625 0.023214 0.017500
2 0.429018 0.808125 0.032143 0.010000
2 0.427232 0.816250 0.028571 0.007500
2 0.428125 0.826250 0.030357 0.008750
2 0.422321 0.862813 0.032143 0.010000
2 0.268750 0.585000 0.046429 0.013750
2 0.046429 0.619688 0.039286 0.011250
2 0.712946 0.515625 0.019643 0.012500
2 0.763393 0.502188 0.017857 0.007500
2 0.168750 0.638125 0.016071 0.007500
2 0.522321 0.570937 0.017857 0.007500
2 0.450000 0.589063 0.016071 0.006250
2 0.459821 0.543438 0.017857 0.008750
2 0.432143 0.560000 0.016071 0.007500
2 0.857589 0.733125 0.014286 0.010000
2 0.400893 0.896250 0.016071 0.011250
2 0.417411 0.901250 0.017857 0.008750
2 0.221429 0.631250 0.014286 0.006250
2 0.925000 0.660000 0.010714 0.013750
2 0.264732 0.614687 0.016071 0.007500
2 0.350000 0.561875 0.012500 0.005000
2 0.640625 0.879375 0.017857 0.015000
2 0.752232 0.813438 0.017857 0.011250
2 0.787054 0.801875 0.016071 0.010000
2 0.812946 0.779687 0.014286 0.012500
2 0.927232 0.695625 0.010714 0.010000
2 0.911607 0.683125 0.010714 0.010000
2 0.968750 0.637188 0.008929 0.008750
2 0.954018 0.599688 0.010714 0.015000
2 0.967411 0.566563 0.010714 0.011250
2 0.992411 0.570312 0.007143 0.012500
2 0.987500 0.526563 0.010714 0.012500
2 0.881696 0.515313 0.017857 0.008750
2 0.242411 0.580625 0.016071 0.005000
2 0.202232 0.588125 0.016071 0.007500
2 0.218750 0.595000 0.017857 0.008750
2 0.154464 0.612500 0.014286 0.006250
2 0.742857 0.100000 0.030357 0.006250
2 0.841964 0.122188 0.032143 0.010000
2 0.842857 0.140937 0.033929 0.010000
2 0.054018 0.609063 0.023214 0.008750
2 0.741071 0.799687 0.026786 0.021250
