2 0.013393 0.606875 0.026786 0.020000
2 0.008482 0.597500 0.012500 0.020000
2 0.027679 0.612812 0.028571 0.022500
2 0.140625 0.660000 0.026786 0.026250
2 0.044643 0.619375 0.026786 0.026250
2 0.125446 0.653750 0.023214 0.026250
2 0.108482 0.646563 0.025000 0.021250
2 0.098214 0.641875 0.026786 0.021250
2 0.086161 0.632500 0.025000 0.021250
2 0.068750 0.631875 0.021429 0.020000
2 0.053571 0.625625 0.026786 0.020000
2 0.706250 0.871250 0.028571 0.023750
2 0.783929 0.907813 0.032143 0.025000
2 0.769643 0.900938 0.030357 0.023750
2 0.745982 0.891250 0.032143 0.026250
2 0.731696 0.883125 0.030357 0.022500
2 0.716964 0.878438 0.023214 0.022500
2 0.691964 0.864375 0.026786 0.022500
2 0.677679 0.858437 0.025000 0.020000
2 0.663393 0.851250 0.023214 0.021250
2 0.649107 0.851250 0.021429 0.021250
2 0.491964 0.903125 0.028571 0.018750
2 0.482143 0.795625 0.026786 0.022500
2 0.462500 0.795625 0.023214 0.022500
2 0.447768 0.791250 0.025000 0.020000
2 0.465625 0.773125 0.025000 0.021250
