2 0.699554 0.056875 0.019643 0.007500
2 0.702679 0.047500 0.021429 0.007500
2 0.704911 0.020938 0.021429 0.007500
2 0.708482 0.012500 0.019643 0.006250
2 0.708482 0.004063 0.019643 0.005000
2 0.654464 0.058750 0.014286 0.017500
2 0.899107 0.077187 0.021429 0.007500
2 0.908036 0.081875 0.021429 0.007500
2 0.880357 0.208437 0.019643 0.007500
2 0.027679 0.151250 0.019643 0.008750
2 0.108929 0.175000 0.021429 0.006250
2 0.129464 0.170313 0.017857 0.006250
2 0.136161 0.178125 0.017857 0.006250
2 0.175893 0.182812 0.021429 0.006250
2 0.338839 0.185938 0.021429 0.006250
2 0.405357 0.187500 0.016071 0.006250
2 0.391964 0.208750 0.033929 0.011250
2 0.472768 0.217188 0.021429 0.006250
2 0.658036 0.237500 0.021429 0.006250
2 0.016518 0.266250 0.010714 0.013750
2 0.061161 0.219375 0.010714 0.013750
2 0.056696 0.232813 0.010714 0.012500
2 0.032143 0.335000 0.010714 0.013750
2 0.148661 0.196875 0.016071 0.012500
2 0.202679 0.202500 0.012500 0.011250
2 0.214732 0.201875 0.014286 0.010000
2 0.224554 0.204062 0.016071 0.011250
2 0.234821 0.204062 0.014286 0.011250
2 0.245536 0.207187 0.017857 0.011250
2 0.268750 0.207813 0.019643 0.012500
2 0.457143 0.250312 0.012500 0.010000
2 0.453125 0.253750 0.017857 0.013750
2 0.450446 0.263437 0.012500 0.011250
2 0.444196 0.285625 0.017857 0.008750
2 0.441964 0.289687 0.017857 0.007500
2 0.441071 0.308750 0.016071 0.011250
2 0.398214 0.290313 0.019643 0.008750
2 0.362500 0.314063 0.010714 0.012500
2 0.381696 0.317188 0.008929 0.012500
2 0.391518 0.318438 0.010714 0.015000
2 0.400446 0.321875 0.010714 0.012500
2 0.409821 0.322813 0.007143 0.011250
2 0.134821 0.282500 0.010714 0.015000
2 0.204018 0.287188 0.010714 0.015000
2 0.278125 0.283750 0.007143 0.011250
2 0.371875 0.235625 0.016071 0.008750
2 0.286607 0.285625 0.010714 0.015000
2 0.086161 0.395313 0.016071 0.006250
2 0.077232 0.406250 0.016071 0.006250
2 0.121429 0.400625 0.019643 0.007500
2 0.116964 0.411562 0.019643 0.007500
2 0.143750 0.402187 0.019643 0.007500
2 0.161607 0.447500 0.010714 0.013750
2 0.191964 0.420000 0.017857 0.008750
2 0.221429 0.418750 0.014286 0.006250
2 0.212946 0.424687 0.019643 0.008750
2 0.250000 0.414062 0.017857 0.006250
2 0.410714 0.427187 0.017857 0.007500
2 0.533482 0.497813 0.008929 0.011250
2 0.520982 0.544687 0.010714 0.011250
2 0.518750 0.563125 0.010714 0.013750
2 0.222768 0.512500 0.012500 0.012500
2 0.373661 0.611563 0.010714 0.013750
2 0.307589 0.605000 0.012500 0.016250
2 0.532143 0.578125 0.010714 0.012500
2 0.273214 0.810000 0.019643 0.007500
2 0.478571 0.800625 0.010714 0.013750
2 0.442857 0.872500 0.010714 0.013750
2 0.216518 0.888125 0.017857 0.007500
2 0.391518 0.930312 0.010714 0.013750
2 0.792411 0.832188 0.008929 0.011250
2 0.837946 0.712187 0.010714 0.015000
2 0.561161 0.282813 0.010714 0.012500
2 0.593750 0.310937 0.008929 0.012500
2 0.581250 0.360000 0.010714 0.013750
2 0.751786 0.238750 0.021429 0.008750
2 0.829911 0.258437 0.021429 0.007500
2 0.876339 0.243438 0.025000 0.008750
2 0.881250 0.252812 0.021429 0.008750
2 0.911161 0.316875 0.014286 0.015000
2 0.920089 0.348438 0.014286 0.012500
2 0.944643 0.252812 0.023214 0.008750
2 0.918304 0.371875 0.010714 0.012500
2 0.899554 0.372500 0.008929 0.013750
