2 0.563393 0.945937 0.010714 0.013750
2 0.505804 0.883125 0.016071 0.010000
2 0.522321 0.888437 0.017857 0.005000
2 0.612500 0.898125 0.010714 0.015000
2 0.462946 0.887500 0.019643 0.006250
2 0.466071 0.894688 0.021429 0.005000
2 0.467411 0.902500 0.019643 0.005000
2 0.548214 0.942500 0.007143 0.016250
2 0.555804 0.945000 0.008929 0.015000
2 0.584821 0.948750 0.008929 0.016250
2 0.603125 0.705313 0.005357 0.013750
2 0.506696 0.956250 0.017857 0.012500
2 0.492411 0.953750 0.016071 0.013750
2 0.478125 0.953750 0.014286 0.013750
2 0.471429 0.951562 0.014286 0.012500
2 0.238393 0.994375 0.021429 0.007500
2 0.298214 0.998750 0.007143 0.003750
2 0.683036 0.919687 0.008929 0.011250
2 0.651339 0.907500 0.021429 0.008750
2 0.696429 0.884375 0.008929 0.012500
2 0.200893 0.953125 0.017857 0.006250
2 0.343750 0.676875 0.008929 0.010000
2 0.345982 0.688438 0.008929 0.011250
2 0.347321 0.704063 0.007143 0.011250
2 0.351786 0.732812 0.007143 0.012500
2 0.607143 0.741250 0.008929 0.013750
2 0.621875 0.751875 0.007143 0.016250
2 0.613839 0.778125 0.008929 0.012500
2 0.666071 0.793125 0.019643 0.005000
2 0.334821 0.849687 0.017857 0.008750
2 0.427679 0.836250 0.016071 0.003750
2 0.468750 0.821250 0.008929 0.011250
2 0.481696 0.865625 0.021429 0.006250
2 0.625000 0.871875 0.008929 0.012500
2 0.254464 0.903750 0.008929 0.013750
2 0.294643 0.935000 0.008929 0.013750
2 0.261161 0.970000 0.008929 0.015000
2 0.298214 0.968750 0.007143 0.012500
2 0.489286 0.963125 0.023214 0.007500
2 0.471875 0.973125 0.010714 0.015000
2 0.480804 0.975000 0.010714 0.012500
2 0.491071 0.978125 0.008929 0.012500
2 0.500893 0.978125 0.010714 0.012500
2 0.636161 0.941250 0.008929 0.013750
2 0.608036 0.966250 0.010714 0.013750
2 0.621875 0.967187 0.007143 0.012500
2 0.640179 0.980000 0.012500 0.016250
2 0.651786 0.972813 0.008929 0.011250
2 0.726339 0.981875 0.010714 0.013750
2 0.615179 0.998125 0.007143 0.002500
2 0.341518 0.660937 0.008929 0.012500
2 0.543750 0.704375 0.007143 0.015000
2 0.475446 0.005938 0.008929 0.008750
2 0.499107 0.019375 0.007143 0.013750
2 0.533929 0.704688 0.005357 0.012500
2 0.523214 0.079375 0.010714 0.015000
2 0.712054 0.053750 0.008929 0.013750
2 0.722321 0.045937 0.007143 0.013750
2 0.692857 0.086563 0.010714 0.013750
2 0.072321 0.116250 0.019643 0.007500
2 0.264286 0.125000 0.019643 0.006250
2 0.197321 0.144375 0.019643 0.007500
2 0.218750 0.148438 0.017857 0.006250
2 0.384821 0.137500 0.019643 0.006250
2 0.353125 0.136563 0.023214 0.007500
2 0.443304 0.169687 0.016071 0.005000
2 0.587054 0.535937 0.008929 0.012500
2 0.348661 0.577500 0.005357 0.011250
2 0.320536 0.586875 0.016071 0.005000
2 0.623661 0.558750 0.019643 0.005000
2 0.528571 0.565625 0.021429 0.006250
2 0.570089 0.581250 0.010714 0.012500
2 0.557143 0.591562 0.007143 0.011250
2 0.561607 0.621875 0.007143 0.012500
2 0.043750 0.525938 0.007143 0.011250
2 0.041518 0.540000 0.007143 0.011250
2 0.035714 0.556250 0.008929 0.012500
2 0.033482 0.570937 0.008929 0.013750
2 0.356250 0.636250 0.007143 0.016250
2 0.541071 0.635000 0.010714 0.013750
2 0.579464 0.665937 0.007143 0.010000
2 0.611607 0.668750 0.008929 0.012500
2 0.607143 0.635938 0.008929 0.012500
2 0.518304 0.703125 0.005357 0.012500
2 0.328125 0.547500 0.008929 0.013750
2 0.758929 0.458125 0.017857 0.010000
2 0.425893 0.167187 0.021429 0.006250
2 0.724107 0.459375 0.019643 0.012500
2 0.353571 0.160938 0.019643 0.006250
2 0.529911 0.142187 0.010714 0.012500
2 0.508929 0.154062 0.008929 0.017500
2 0.588393 0.156250 0.016071 0.006250
2 0.105804 0.231875 0.010714 0.013750
2 0.123661 0.241875 0.010714 0.015000
2 0.120536 0.258750 0.008929 0.011250
2 0.087500 0.321875 0.014286 0.012500
2 0.529018 0.293750 0.008929 0.012500
2 0.544643 0.275625 0.008929 0.013750
2 0.542857 0.247500 0.005357 0.013750
2 0.718750 0.266562 0.008929 0.017500
2 0.651786 0.306250 0.017857 0.006250
2 0.325893 0.390937 0.008929 0.016250
2 0.060714 0.445312 0.014286 0.012500
2 0.553571 0.472500 0.008929 0.013750
2 0.640179 0.487500 0.021429 0.006250
2 0.918750 0.672500 0.007143 0.013750
2 0.934821 0.568750 0.012500 0.012500
2 0.927232 0.596875 0.010714 0.012500
2 0.976339 0.515625 0.010714 0.012500
2 0.942857 0.696562 0.010714 0.015000
2 0.879464 0.975000 0.008929 0.012500
2 0.877232 0.990625 0.008929 0.012500
2 0.894196 0.825625 0.007143 0.013750
2 0.898661 0.795312 0.007143 0.012500
2 0.551786 0.852187 0.041071 0.013750
2 0.591071 0.618750 0.012500 0.031250
2 0.565625 0.436875 0.010714 0.017500
2 0.050000 0.582812 0.010714 0.012500
2 0.352679 0.746875 0.008929 0.012500
2 0.191964 0.812187 0.017857 0.008750
2 0.591071 0.749062 0.012500 0.013750
2 0.524107 0.666875 0.021429 0.008750
2 0.721429 0.030000 0.014286 0.016250
