2 0.306696 0.821875 0.046429 0.012500
2 0.361607 0.818750 0.044643 0.012500
2 0.456250 0.802500 0.046429 0.011250
2 0.461161 0.818750 0.051786 0.012500
2 0.460268 0.845313 0.050000 0.012500
2 0.575893 0.871562 0.044643 0.008750
2 0.470536 0.885313 0.048214 0.011250
2 0.577679 0.883750 0.039286 0.011250
2 0.470536 0.900000 0.048214 0.012500
2 0.373214 0.915000 0.041071 0.011250
2 0.474554 0.927500 0.042857 0.011250
2 0.373661 0.928438 0.046429 0.010000
2 0.481696 0.940000 0.039286 0.011250
2 0.380804 0.945312 0.042857 0.012500
2 0.471429 0.955000 0.041071 0.010000
2 0.382143 0.958750 0.041071 0.011250
2 0.329018 0.958750 0.046429 0.011250
2 0.903571 0.983750 0.039286 0.011250
2 0.887500 0.314063 0.016071 0.018750
2 0.824107 0.416250 0.041071 0.007500
2 0.165179 0.390000 0.017857 0.023750
2 0.493750 0.095312 0.050000 0.012500
2 0.704464 0.238750 0.042857 0.008750
