2 0.107143 0.891250 0.008929 0.013750
2 0.088393 0.900000 0.016071 0.006250
2 0.088393 0.908438 0.016071 0.007500
2 0.087500 0.913438 0.014286 0.005000
2 0.116071 0.932188 0.008929 0.011250
2 0.106250 0.932813 0.007143 0.012500
2 0.454464 0.667812 0.007143 0.013750
2 0.428125 0.732812 0.012500 0.006250
2 0.558929 0.959062 0.019643 0.008750
2 0.609375 0.985625 0.017857 0.015000
2 0.610714 0.992812 0.016071 0.013750
2 0.395089 0.977500 0.008929 0.011250
2 0.090625 0.888437 0.016071 0.005000
2 0.127679 0.911875 0.014286 0.005000
2 0.128571 0.905625 0.016071 0.005000
2 0.465179 0.708125 0.010714 0.010000
2 0.594643 0.726562 0.019643 0.006250
2 0.571429 0.743750 0.017857 0.006250
2 0.549107 0.740625 0.017857 0.006250
2 0.529464 0.741250 0.014286 0.007500
2 0.413839 0.762500 0.019643 0.006250
2 0.419643 0.756250 0.017857 0.006250
2 0.425446 0.749375 0.016071 0.005000
2 0.657589 0.545625 0.016071 0.010000
2 0.665625 0.540937 0.014286 0.010000
2 0.367411 0.777500 0.007143 0.011250
2 0.262500 0.836875 0.016071 0.005000
2 0.226786 0.846875 0.016071 0.006250
2 0.226786 0.859375 0.016071 0.006250
2 0.244643 0.879687 0.016071 0.012500
2 0.223214 0.960938 0.017857 0.006250
2 0.220982 0.973437 0.017857 0.006250
2 0.263393 0.967187 0.017857 0.006250
2 0.263839 0.974375 0.014286 0.005000
2 0.263839 0.979063 0.014286 0.005000
2 0.264732 0.987500 0.016071 0.006250
2 0.155357 0.924375 0.016071 0.005000
2 0.153571 0.930000 0.012500 0.003750
2 0.129464 0.893750 0.017857 0.006250
2 0.128571 0.899375 0.016071 0.005000
2 0.449107 0.711875 0.014286 0.005000
2 0.395089 0.720000 0.017857 0.008750
2 0.408929 0.709063 0.014286 0.008750
2 0.406250 0.673438 0.008929 0.012500
2 0.972768 0.444375 0.030357 0.020000
2 0.964286 0.449062 0.026786 0.020000
2 0.239286 0.002812 0.005357 0.002500
2 0.253571 0.004063 0.007143 0.005000
2 0.262500 0.003438 0.007143 0.003750
2 0.271875 0.004063 0.003571 0.005000
2 0.108929 0.039375 0.012500 0.003750
2 0.123214 0.052500 0.005357 0.011250
2 0.146429 0.052812 0.007143 0.008750
2 0.277679 0.065625 0.010714 0.012500
2 0.276786 0.096250 0.008929 0.011250
2 0.322768 0.196250 0.007143 0.011250
2 0.106250 0.146562 0.007143 0.008750
2 0.116518 0.146250 0.005357 0.011250
2 0.129018 0.147187 0.003571 0.010000
2 0.138839 0.146562 0.005357 0.008750
2 0.281250 0.159375 0.017857 0.006250
2 0.090625 0.321875 0.007143 0.012500
2 0.327232 0.585625 0.007143 0.015000
2 0.222321 0.640000 0.007143 0.011250
2 0.240179 0.641563 0.007143 0.011250
2 0.124107 0.700313 0.007143 0.010000
2 0.064732 0.729688 0.017857 0.006250
2 0.119196 0.737187 0.019643 0.008750
2 0.374107 0.615625 0.007143 0.012500
2 0.409821 0.592500 0.016071 0.010000
2 0.409375 0.608125 0.019643 0.010000
2 0.462946 0.636875 0.010714 0.011250
2 0.245982 0.003438 0.005357 0.003750
2 0.229464 0.003438 0.003571 0.003750
2 0.221429 0.003438 0.005357 0.003750
2 0.325000 0.042188 0.007143 0.012500
2 0.182143 0.004063 0.007143 0.005000
2 0.190179 0.004063 0.005357 0.005000
2 0.197768 0.002812 0.007143 0.002500
2 0.205804 0.003438 0.005357 0.003750
2 0.212500 0.003438 0.005357 0.003750
