2 0.860714 0.683750 0.016071 0.011250
2 0.833929 0.683437 0.016071 0.013750
2 0.875893 0.696562 0.010714 0.008750
2 0.878571 0.721875 0.016071 0.012500
2 0.935714 0.731875 0.014286 0.007500
2 0.988839 0.700313 0.017857 0.010000
2 0.948214 0.723125 0.012500 0.008750
2 0.849554 0.758125 0.016071 0.010000
2 0.826339 0.771563 0.014286 0.008750
2 0.812500 0.779375 0.017857 0.008750
2 0.782589 0.795000 0.016071 0.008750
2 0.766071 0.803438 0.014286 0.010000
2 0.750446 0.812813 0.014286 0.010000
2 0.735714 0.820625 0.016071 0.010000
2 0.719196 0.826250 0.014286 0.008750
2 0.691964 0.844688 0.017857 0.011250
2 0.694643 0.900938 0.014286 0.011250
2 0.560268 0.902500 0.017857 0.011250
2 0.531250 0.915000 0.017857 0.011250
2 0.458929 0.946562 0.016071 0.008750
2 0.376339 0.978750 0.016071 0.007500
2 0.358482 0.983437 0.016071 0.007500
2 0.390625 0.973437 0.017857 0.006250
2 0.436161 0.954375 0.019643 0.008750
