2 0.170089 0.331562 0.032143 0.016250
2 0.070536 0.288125 0.033929 0.013750
2 0.065179 0.315000 0.032143 0.011250
2 0.062946 0.327500 0.032143 0.011250
2 0.058929 0.338438 0.037500 0.011250
2 0.058036 0.351250 0.035714 0.015000
2 0.055804 0.377812 0.035714 0.015000
2 0.057143 0.391250 0.042857 0.013750
2 0.047321 0.403750 0.032143 0.013750
2 0.045536 0.417500 0.037500 0.016250
2 0.047321 0.428750 0.041071 0.013750
2 0.140625 0.470625 0.035714 0.010000
2 0.144643 0.445937 0.039286 0.020000
2 0.147768 0.433437 0.032143 0.013750
2 0.148214 0.417187 0.037500 0.012500
2 0.153125 0.408750 0.033929 0.011250
2 0.152679 0.394375 0.037500 0.013750
2 0.155357 0.382500 0.033929 0.015000
2 0.163393 0.371250 0.032143 0.011250
2 0.166071 0.358438 0.037500 0.013750
2 0.075893 0.274062 0.035714 0.013750
2 0.077232 0.263125 0.033929 0.013750
2 0.079018 0.252188 0.037500 0.013750
2 0.084375 0.240000 0.039286 0.011250
2 0.063393 0.301250 0.037500 0.015000
2 0.216964 0.073438 0.032143 0.012500
2 0.083929 0.223750 0.033929 0.016250
2 0.166518 0.345313 0.033929 0.012500
2 0.168750 0.318125 0.033929 0.011250
2 0.173214 0.305938 0.033929 0.015000
2 0.347768 0.048125 0.048214 0.027500
2 0.354911 0.066875 0.044643 0.027500
2 0.196875 0.190938 0.032143 0.010000
2 0.173214 0.292187 0.033929 0.012500
2 0.175893 0.280313 0.030357 0.013750
2 0.181250 0.268750 0.032143 0.012500
2 0.183036 0.255625 0.035714 0.011250
2 0.185268 0.243438 0.035714 0.015000
2 0.190179 0.229375 0.032143 0.008750
2 0.191071 0.217500 0.033929 0.016250
2 0.195982 0.204062 0.030357 0.011250
2 0.196875 0.176563 0.032143 0.012500
2 0.353571 0.086250 0.046429 0.028750
2 0.199107 0.165000 0.032143 0.011250
2 0.200893 0.150625 0.035714 0.013750
2 0.200893 0.139688 0.035714 0.013750
2 0.202232 0.125625 0.033929 0.013750
2 0.206250 0.113437 0.028571 0.011250
2 0.215179 0.101562 0.028571 0.012500
2 0.209821 0.088438 0.035714 0.011250
2 0.355804 0.106563 0.046429 0.028750
2 0.035714 0.452813 0.035714 0.015000
2 0.040179 0.505625 0.035714 0.017500
