2 0.560268 0.806563 0.017857 0.022500
2 0.284821 0.076875 0.025000 0.041250
2 0.332143 0.805000 0.012500 0.016250
2 0.059821 0.945937 0.012500 0.013750
2 0.468304 0.828750 0.012500 0.020000
2 0.458036 0.917500 0.014286 0.022500
2 0.600000 0.900625 0.012500 0.020000
2 0.617857 0.899375 0.012500 0.017500
2 0.189286 0.951250 0.012500 0.021250
2 0.679464 0.795000 0.010714 0.015000
2 0.787500 0.881250 0.012500 0.018750
2 0.810714 0.898750 0.014286 0.022500
2 0.654464 0.839375 0.023214 0.010000
2 0.650893 0.828438 0.025000 0.010000
2 0.748214 0.784375 0.014286 0.012500
2 0.886161 0.233750 0.026786 0.011250
2 0.507143 0.811875 0.014286 0.017500
