2 0.915179 0.719688 0.017857 0.005000
2 0.731250 0.648750 0.007143 0.010000
2 0.731250 0.671563 0.007143 0.015000
2 0.739286 0.674375 0.005357 0.017500
2 0.754464 0.667188 0.017857 0.012500
2 0.726786 0.603125 0.007143 0.012500
2 0.775893 0.600313 0.007143 0.016250
2 0.771429 0.625938 0.007143 0.011250
2 0.793304 0.613125 0.010714 0.013750
2 0.803571 0.615625 0.008929 0.012500
2 0.810714 0.606250 0.005357 0.012500
2 0.779464 0.670625 0.014286 0.010000
2 0.823661 0.590625 0.008929 0.012500
2 0.830357 0.578750 0.017857 0.007500
