2 0.907143 0.269375 0.082143 0.032500
2 0.820536 0.145937 0.016071 0.020000
2 0.635268 0.083437 0.025000 0.013750
2 0.668750 0.012188 0.025000 0.008750
2 0.668750 0.020000 0.025000 0.008750
2 0.673661 0.026250 0.021429 0.008750
2 0.675893 0.033125 0.021429 0.010000
2 0.629911 0.064375 0.023214 0.010000
2 0.676786 0.048750 0.023214 0.010000
2 0.632589 0.074687 0.019643 0.008750
2 0.639286 0.090312 0.019643 0.008750
2 0.643750 0.100312 0.019643 0.003750
2 0.641071 0.109375 0.023214 0.012500
2 0.645982 0.117188 0.019643 0.006250
2 0.644643 0.125000 0.021429 0.006250
2 0.801786 0.113750 0.014286 0.015000
2 0.816071 0.108125 0.016071 0.016250
2 0.768304 0.156875 0.014286 0.013750
2 0.661607 0.003438 0.028571 0.003750
2 0.616518 0.025625 0.023214 0.007500
2 0.615179 0.018438 0.025000 0.008750
2 0.612500 0.007500 0.019643 0.008750
2 0.779464 0.156250 0.023214 0.018750
2 0.845982 0.138750 0.017857 0.015000
2 0.371429 0.135000 0.010714 0.013750
2 0.344196 0.469375 0.023214 0.007500
2 0.318750 0.476875 0.021429 0.010000
2 0.650893 0.805312 0.016071 0.020000
2 0.368750 0.464375 0.023214 0.010000
2 0.395089 0.444062 0.017857 0.016250
2 0.363393 0.419375 0.021429 0.013750
2 0.403125 0.427813 0.016071 0.015000
2 0.375893 0.155000 0.010714 0.016250
2 0.383482 0.177500 0.012500 0.017500
2 0.395089 0.219062 0.017857 0.016250
2 0.402232 0.239375 0.014286 0.016250
2 0.402679 0.256250 0.010714 0.012500
2 0.411161 0.274688 0.014286 0.015000
2 0.416964 0.291875 0.012500 0.015000
2 0.420536 0.304688 0.010714 0.012500
2 0.394643 0.299063 0.012500 0.020000
2 0.424554 0.322187 0.014286 0.016250
2 0.430357 0.337812 0.012500 0.016250
2 0.428125 0.354375 0.012500 0.015000
2 0.428571 0.375312 0.017857 0.016250
2 0.419643 0.398750 0.017857 0.016250
2 0.410714 0.412812 0.017857 0.016250
2 0.964732 0.716875 0.023214 0.008750
2 0.963393 0.724375 0.025000 0.005000
2 0.965625 0.707500 0.025000 0.008750
2 0.971875 0.693125 0.019643 0.005000
2 0.975000 0.685000 0.021429 0.007500
2 0.980804 0.671875 0.019643 0.006250
2 0.982143 0.750625 0.008929 0.013750
