2 0.661607 0.979375 0.019643 0.008750
2 0.658929 0.996875 0.023214 0.006250
2 0.664732 0.967187 0.021429 0.006250
2 0.665179 0.958437 0.017857 0.007500
2 0.683929 0.922500 0.019643 0.007500
2 0.684821 0.914687 0.021429 0.007500
2 0.705357 0.017188 0.008929 0.012500
2 0.697321 0.041250 0.010714 0.013750
2 0.693750 0.877812 0.021429 0.008750
2 0.692857 0.894375 0.019643 0.007500
2 0.689286 0.908438 0.021429 0.007500
2 0.741071 0.759375 0.008929 0.012500
2 0.816964 0.718438 0.017857 0.008750
2 0.799107 0.716250 0.017857 0.007500
2 0.787500 0.609063 0.021429 0.008750
2 0.837946 0.700625 0.010714 0.013750
2 0.731250 0.708750 0.016071 0.005000
2 0.712054 0.706875 0.017857 0.007500
2 0.692857 0.705937 0.019643 0.008750
2 0.617411 0.697813 0.016071 0.005000
2 0.721875 0.756875 0.010714 0.013750
2 0.701786 0.750625 0.010714 0.013750
2 0.690625 0.748125 0.010714 0.015000
2 0.681696 0.747500 0.010714 0.013750
2 0.675000 0.743437 0.010714 0.015000
2 0.665625 0.742188 0.005357 0.012500
2 0.654911 0.738750 0.010714 0.015000
2 0.654018 0.768437 0.008929 0.015000
2 0.663839 0.771875 0.010714 0.012500
2 0.844643 0.720313 0.010714 0.012500
2 0.869196 0.723437 0.019643 0.006250
2 0.897321 0.726562 0.017857 0.006250
2 0.936607 0.732500 0.016071 0.008750
2 0.957143 0.733437 0.021429 0.007500
2 0.677232 0.771875 0.010714 0.012500
2 0.690625 0.785625 0.010714 0.015000
2 0.701339 0.786250 0.014286 0.016250
2 0.710268 0.789687 0.014286 0.013750
2 0.718304 0.792188 0.012500 0.012500
2 0.731696 0.792812 0.012500 0.013750
2 0.729464 0.823125 0.012500 0.015000
2 0.682143 0.785000 0.007143 0.013750
2 0.678571 0.140000 0.008929 0.011250
2 0.653571 0.164375 0.012500 0.016250
2 0.672768 0.164688 0.010714 0.013750
2 0.669643 0.178750 0.008929 0.013750
2 0.664732 0.200312 0.012500 0.016250
2 0.645982 0.193125 0.010714 0.011250
2 0.648214 0.181250 0.010714 0.012500
2 0.946429 0.418125 0.017857 0.005000
2 0.978571 0.493750 0.019643 0.006250
2 0.996875 0.494688 0.007143 0.005000
2 0.894643 0.366250 0.012500 0.013750
2 0.996875 0.266562 0.007143 0.005000
2 0.979911 0.265625 0.017857 0.006250
2 0.570089 0.222500 0.019643 0.007500
2 0.589732 0.238750 0.023214 0.008750
2 0.739732 0.239063 0.019643 0.006250
2 0.716071 0.261875 0.021429 0.005000
2 0.736607 0.262500 0.017857 0.006250
2 0.654018 0.295938 0.008929 0.013750
2 0.627679 0.321563 0.014286 0.015000
2 0.646429 0.326562 0.007143 0.012500
2 0.612500 0.387500 0.010714 0.012500
2 0.809821 0.245938 0.021429 0.007500
2 0.858036 0.266875 0.019643 0.008750
2 0.843750 0.275000 0.017857 0.006250
2 0.862500 0.275000 0.019643 0.006250
2 0.959821 0.263125 0.017857 0.007500
2 0.633929 0.375000 0.008929 0.012500
2 0.691964 0.068750 0.008929 0.012500
