2 0.854911 0.213438 0.008929 0.011250
2 0.383929 0.815000 0.017857 0.017500
2 0.370982 0.771875 0.014286 0.012500
2 0.782143 0.391875 0.010714 0.015000
2 0.141964 0.255000 0.007143 0.010000
2 0.832143 0.299063 0.012500 0.013750
2 0.677232 0.303750 0.019643 0.007500
2 0.677232 0.294687 0.019643 0.005000
2 0.750000 0.266250 0.008929 0.013750
2 0.740179 0.265625 0.007143 0.012500
2 0.727232 0.267500 0.012500 0.016250
2 0.717411 0.269375 0.010714 0.013750
2 0.118304 0.145313 0.008929 0.012500
2 0.142857 0.130625 0.008929 0.011250
2 0.121875 0.089375 0.007143 0.016250
2 0.122768 0.026875 0.008929 0.016250
