2 0.313393 0.196875 0.010714 0.012500
2 0.399107 0.521875 0.012500 0.012500
2 0.388393 0.468750 0.008929 0.012500
2 0.345536 0.423125 0.012500 0.015000
2 0.375893 0.364063 0.010714 0.012500
2 0.336607 0.352187 0.012500 0.013750
2 0.375893 0.285000 0.010714 0.013750
2 0.358036 0.252188 0.010714 0.013750
2 0.287500 0.010937 0.012500 0.012500
2 0.285714 0.103438 0.017857 0.022500
2 0.419643 0.568125 0.008929 0.011250
2 0.412500 0.636562 0.012500 0.013750
2 0.380357 0.649687 0.010714 0.015000
2 0.440179 0.745000 0.014286 0.021250
2 0.473214 0.978438 0.008929 0.016250
2 0.408036 0.983125 0.012500 0.016250
2 0.454018 0.928750 0.010714 0.013750
2 0.455357 0.861250 0.017857 0.022500
2 0.439732 0.847500 0.008929 0.013750
2 0.429464 0.760938 0.010714 0.012500
