2 0.972768 0.495000 0.021429 0.015000
2 0.997321 0.342813 0.003571 0.007500
2 0.996875 0.335000 0.007143 0.007500
2 0.994196 0.320000 0.010714 0.008750
2 0.991071 0.302813 0.017857 0.008750
2 0.992857 0.312812 0.012500 0.010000
2 0.873214 0.098750 0.032143 0.016250
2 0.994196 0.106875 0.010714 0.007500
2 0.673661 0.246250 0.021429 0.011250
2 0.634821 0.216562 0.019643 0.011250
2 0.921875 0.291563 0.008929 0.011250
2 0.913839 0.336562 0.010714 0.013750
2 0.756696 0.529375 0.017857 0.015000
2 0.750893 0.596562 0.010714 0.015000
2 0.807143 0.460313 0.016071 0.011250
2 0.865179 0.387500 0.025000 0.018750
2 0.857143 0.420000 0.026786 0.021250
2 0.796875 0.517813 0.026786 0.013750
2 0.616964 0.003438 0.010714 0.003750
2 0.820536 0.054062 0.007143 0.011250
2 0.768304 0.056250 0.014286 0.012500
2 0.775000 0.134688 0.014286 0.016250
2 0.922321 0.111875 0.014286 0.005000
2 0.851786 0.083125 0.016071 0.010000
2 0.833036 0.065625 0.014286 0.012500
2 0.901786 0.263750 0.017857 0.015000
2 0.720982 0.227500 0.017857 0.011250
2 0.926339 0.910625 0.017857 0.008750
2 0.751786 0.876875 0.021429 0.010000
2 0.708036 0.852812 0.014286 0.008750
2 0.789286 0.886562 0.016071 0.007500
2 0.858036 0.902187 0.019643 0.007500
2 0.960268 0.882188 0.014286 0.011250
2 0.987500 0.757500 0.019643 0.008750
2 0.882143 0.903750 0.014286 0.007500
2 0.902232 0.906563 0.014286 0.010000
2 0.866964 0.885000 0.019643 0.007500
2 0.997321 0.775000 0.003571 0.006250
2 0.992411 0.294375 0.016071 0.007500
2 0.823214 0.894063 0.021429 0.010000
2 0.806250 0.888125 0.014286 0.007500
2 0.766518 0.002812 0.010714 0.002500
2 0.803125 0.051250 0.012500 0.015000
2 0.989732 0.287188 0.019643 0.008750
2 0.944643 0.289062 0.005357 0.012500
2 0.758929 0.867812 0.017857 0.007500
