2 0.680357 0.914375 0.021429 0.010000
2 0.517411 0.872812 0.021429 0.011250
2 0.451786 0.857500 0.019643 0.008750
2 0.372321 0.850938 0.021429 0.011250
2 0.058036 0.789375 0.026786 0.010000
2 0.722768 0.728125 0.012500 0.012500
2 0.733036 0.696250 0.010714 0.011250
2 0.748661 0.659375 0.010714 0.012500
2 0.826339 0.592500 0.023214 0.010000
2 0.928125 0.565000 0.021429 0.011250
2 0.958482 0.556250 0.019643 0.012500
2 0.823214 0.279687 0.012500 0.012500
2 0.841071 0.273438 0.012500 0.012500
2 0.757143 0.236563 0.014286 0.007500
2 0.857589 0.234375 0.014286 0.012500
2 0.848214 0.196875 0.017857 0.012500
2 0.869643 0.191250 0.016071 0.013750
2 0.889732 0.186875 0.016071 0.011250
2 0.762500 0.217188 0.016071 0.012500
2 0.738393 0.202813 0.021429 0.008750
2 0.785714 0.189688 0.017857 0.007500
2 0.760268 0.172187 0.016071 0.010000
2 0.903571 0.157500 0.021429 0.008750
2 0.941071 0.120625 0.016071 0.010000
2 0.397321 0.231875 0.017857 0.007500
2 0.486607 0.220000 0.017857 0.008750
2 0.373214 0.233438 0.023214 0.007500
2 0.416964 0.229375 0.021429 0.008750
2 0.515625 0.138125 0.017857 0.007500
2 0.590179 0.171250 0.019643 0.011250
2 0.779911 0.165938 0.019643 0.010000
2 0.301786 0.839687 0.014286 0.013750
