2 0.987500 0.186250 0.019643 0.016250
2 0.939732 0.216250 0.017857 0.013750
2 0.957589 0.224375 0.017857 0.017500
2 0.980804 0.230938 0.019643 0.015000
2 0.967857 0.228437 0.016071 0.016250
2 0.952232 0.217813 0.016071 0.013750
2 0.895536 0.139063 0.023214 0.012500
2 0.903125 0.130312 0.025000 0.013750
2 0.914286 0.113750 0.025000 0.015000
2 0.808036 0.068750 0.017857 0.018750
2 0.707589 0.205625 0.017857 0.011250
2 0.799107 0.013437 0.026786 0.011250
2 0.765625 0.128438 0.017857 0.016250
2 0.666964 0.262813 0.021429 0.016250
2 0.641518 0.290937 0.019643 0.016250
2 0.666964 0.311250 0.021429 0.016250
2 0.656250 0.326250 0.017857 0.015000
2 0.585268 0.366875 0.014286 0.015000
2 0.553571 0.396875 0.017857 0.012500
2 0.639732 0.345625 0.016071 0.016250
2 0.627232 0.362187 0.017857 0.015000
2 0.611607 0.384375 0.017857 0.012500
2 0.596429 0.403750 0.023214 0.013750
2 0.579911 0.423125 0.021429 0.015000
2 0.770089 0.309375 0.026786 0.012500
2 0.732589 0.291250 0.032143 0.013750
2 0.716518 0.309375 0.026786 0.012500
2 0.753125 0.324688 0.028571 0.015000
2 0.762054 0.316250 0.028571 0.013750
2 0.708482 0.316562 0.028571 0.011250
2 0.750893 0.334375 0.028571 0.012500
2 0.704911 0.325937 0.030357 0.011250
2 0.696875 0.332813 0.032143 0.012500
2 0.747321 0.340625 0.030357 0.012500
2 0.695089 0.340625 0.028571 0.012500
2 0.741964 0.350625 0.028571 0.013750
2 0.685714 0.346250 0.023214 0.011250
2 0.734375 0.358750 0.026786 0.011250
2 0.728125 0.367188 0.023214 0.012500
2 0.678571 0.357187 0.026786 0.011250
2 0.671875 0.364063 0.026786 0.012500
2 0.722321 0.377500 0.025000 0.011250
2 0.716518 0.383750 0.026786 0.011250
2 0.664732 0.375937 0.021429 0.011250
2 0.704464 0.391875 0.025000 0.015000
2 0.661161 0.383750 0.032143 0.011250
2 0.658036 0.392188 0.030357 0.012500
2 0.701786 0.402500 0.028571 0.011250
2 0.650446 0.401562 0.028571 0.012500
2 0.689732 0.409375 0.026786 0.012500
2 0.643750 0.408750 0.028571 0.011250
2 0.688393 0.418750 0.028571 0.012500
2 0.680357 0.424062 0.030357 0.013750
2 0.676786 0.433437 0.032143 0.013750
2 0.669643 0.443125 0.026786 0.011250
2 0.637946 0.417500 0.021429 0.010000
2 0.631696 0.428125 0.026786 0.012500
2 0.623661 0.434688 0.019643 0.010000
2 0.617857 0.443750 0.030357 0.012500
2 0.610714 0.459063 0.033929 0.015000
2 0.523661 0.523750 0.025000 0.016250
2 0.684821 0.535313 0.030357 0.017500
2 0.529911 0.466250 0.019643 0.013750
2 0.442857 0.478125 0.019643 0.012500
2 0.487946 0.452187 0.025000 0.013750
2 0.511161 0.478750 0.017857 0.013750
2 0.490625 0.491875 0.021429 0.015000
2 0.469196 0.503750 0.023214 0.013750
2 0.408036 0.495312 0.021429 0.012500
2 0.451786 0.516250 0.019643 0.013750
2 0.361161 0.515937 0.021429 0.010000
2 0.426786 0.527500 0.023214 0.011250
2 0.399107 0.538438 0.021429 0.011250
2 0.373661 0.547187 0.019643 0.010000
2 0.313839 0.532188 0.025000 0.011250
2 0.352679 0.556250 0.017857 0.012500
2 0.260714 0.545000 0.030357 0.008750
2 0.326339 0.565000 0.023214 0.011250
2 0.215179 0.552813 0.019643 0.008750
2 0.228571 0.563125 0.028571 0.007500
2 0.300446 0.571875 0.025000 0.012500
2 0.270089 0.579063 0.026786 0.011250
2 0.238839 0.584688 0.026786 0.010000
2 0.164286 0.562812 0.025000 0.010000
2 0.190179 0.591875 0.023214 0.008750
2 0.164286 0.596250 0.025000 0.011250
2 0.142857 0.972813 0.026786 0.011250
2 0.172768 0.973750 0.028571 0.010000
2 0.201786 0.992812 0.019643 0.013750
2 0.262946 0.992500 0.021429 0.010000
2 0.247321 0.979375 0.021429 0.015000
2 0.230357 0.961875 0.023214 0.017500
2 0.215179 0.945000 0.019643 0.015000
2 0.095536 0.965625 0.021429 0.012500
2 0.114286 0.954688 0.023214 0.012500
2 0.206250 0.928750 0.028571 0.020000
2 0.188393 0.905625 0.019643 0.017500
2 0.181696 0.889687 0.019643 0.013750
2 0.170536 0.869688 0.019643 0.017500
2 0.165179 0.851562 0.017857 0.018750
2 0.145982 0.796875 0.019643 0.018750
2 0.139286 0.773750 0.019643 0.016250
2 0.082143 0.756563 0.012500 0.016250
2 0.064286 0.703125 0.012500 0.012500
2 0.151339 0.814375 0.021429 0.016250
2 0.158036 0.834375 0.021429 0.012500
2 0.134375 0.755000 0.023214 0.016250
2 0.128125 0.731563 0.019643 0.016250
2 0.120536 0.710938 0.017857 0.012500
2 0.112500 0.693125 0.019643 0.017500
2 0.106696 0.672813 0.021429 0.017500
2 0.102232 0.652500 0.021429 0.017500
2 0.037500 0.528125 0.021429 0.012500
2 0.020536 0.387188 0.023214 0.015000
2 0.072321 0.353437 0.028571 0.016250
2 0.130357 0.311875 0.028571 0.017500
2 0.117411 0.292813 0.025000 0.013750
2 0.037500 0.345313 0.021429 0.012500
2 0.142411 0.272500 0.021429 0.013750
2 0.011161 0.360625 0.017857 0.015000
2 0.166071 0.235937 0.019643 0.012500
2 0.193750 0.239063 0.021429 0.012500
2 0.247321 0.238125 0.021429 0.013750
2 0.248214 0.203750 0.023214 0.013750
2 0.299554 0.204375 0.023214 0.015000
2 0.317411 0.190938 0.023214 0.016250
2 0.358929 0.165000 0.021429 0.011250
2 0.328571 0.151250 0.023214 0.015000
2 0.355357 0.132812 0.023214 0.012500
2 0.382589 0.115625 0.019643 0.012500
2 0.435268 0.115000 0.026786 0.017500
2 0.527679 0.049688 0.019643 0.015000
2 0.025000 0.055000 0.023214 0.016250
2 0.031250 0.487187 0.017857 0.015000
2 0.120536 0.608437 0.026786 0.013750
2 0.140179 0.601250 0.021429 0.008750
2 0.715179 0.542188 0.028571 0.012500
2 0.682143 0.292813 0.016071 0.013750
2 0.692411 0.278125 0.014286 0.012500
2 0.708929 0.253125 0.016071 0.018750
2 0.744196 0.155313 0.019643 0.020000
2 0.557589 0.022500 0.021429 0.013750
