2 0.209821 0.610938 0.017857 0.031250
2 0.229911 0.610938 0.017857 0.031250
2 0.257143 0.613125 0.023214 0.032500
2 0.284821 0.612500 0.016071 0.031250
2 0.303571 0.614062 0.017857 0.031250
2 0.326786 0.613125 0.019643 0.038750
2 0.352232 0.614375 0.021429 0.035000
2 0.399554 0.595625 0.053571 0.010000
2 0.400446 0.614375 0.037500 0.010000
2 0.396429 0.632188 0.042857 0.011250
2 0.398661 0.650312 0.042857 0.010000
2 0.393304 0.665937 0.041071 0.010000
2 0.392857 0.681250 0.044643 0.006250
2 0.391071 0.700313 0.041071 0.010000
2 0.389286 0.715000 0.046429 0.011250
2 0.389286 0.733125 0.037500 0.010000
2 0.393750 0.750625 0.046429 0.013750
2 0.389286 0.765625 0.037500 0.012500
2 0.388839 0.782500 0.041071 0.008750
2 0.388393 0.801250 0.044643 0.008750
2 0.391071 0.814688 0.041071 0.007500
2 0.391964 0.831563 0.042857 0.010000
2 0.391964 0.847813 0.042857 0.011250
2 0.391964 0.865625 0.042857 0.006250
2 0.390179 0.880312 0.039286 0.013750
2 0.391964 0.898125 0.042857 0.008750
2 0.389732 0.915312 0.042857 0.008750
2 0.388393 0.930625 0.035714 0.011250
2 0.389286 0.948750 0.037500 0.010000
2 0.387054 0.965938 0.037500 0.010000
2 0.387500 0.981875 0.042857 0.007500
2 0.388393 0.995313 0.035714 0.006250
2 0.143750 0.737500 0.055357 0.012500
2 0.139732 0.755938 0.051786 0.008750
2 0.145982 0.771563 0.046429 0.015000
2 0.141518 0.789375 0.046429 0.010000
2 0.135268 0.805312 0.051786 0.013750
2 0.262500 0.823750 0.069643 0.060000
2 0.256250 0.895625 0.066071 0.060000
2 0.249554 0.926562 0.066071 0.062500
2 0.255804 0.965625 0.078571 0.062500
2 0.237500 0.982500 0.055357 0.033750
2 0.448214 0.943750 0.039286 0.012500
