2 0.333929 0.150000 0.016071 0.025000
2 0.498214 0.135625 0.023214 0.027500
2 0.444196 0.127812 0.017857 0.021250
2 0.407589 0.129375 0.016071 0.021250
2 0.337946 0.120313 0.019643 0.025000
2 0.299107 0.142187 0.017857 0.025000
2 0.263839 0.140000 0.023214 0.023750
2 0.227679 0.138125 0.017857 0.020000
2 0.285268 0.208437 0.021429 0.026250
2 0.358482 0.213438 0.016071 0.023750
2 0.341518 0.215313 0.017857 0.021250
2 0.324107 0.213438 0.014286 0.023750
2 0.306696 0.210938 0.019643 0.025000
2 0.505357 0.071875 0.019643 0.031250
2 0.388393 0.127500 0.017857 0.023750
2 0.316964 0.146875 0.017857 0.025000
2 0.458482 0.154062 0.019643 0.023750
2 0.281250 0.147187 0.017857 0.022500
2 0.204911 0.139375 0.021429 0.022500
2 0.422768 0.154375 0.019643 0.021250
2 0.477679 0.158125 0.017857 0.022500
2 0.506250 0.042812 0.021429 0.026250
2 0.393304 0.738750 0.014286 0.021250
2 0.479911 0.776250 0.017857 0.021250
2 0.459821 0.775938 0.017857 0.023750
2 0.441964 0.770000 0.017857 0.021250
2 0.423214 0.771250 0.016071 0.017500
2 0.391964 0.765313 0.016071 0.021250
2 0.373661 0.210625 0.019643 0.027500
2 0.974107 0.183438 0.019643 0.026250
2 0.983482 0.250312 0.016071 0.022500
2 0.965179 0.248438 0.019643 0.025000
2 0.930357 0.245625 0.021429 0.022500
2 0.893750 0.242500 0.019643 0.022500
2 0.601786 0.163437 0.016071 0.023750
2 0.582589 0.162500 0.017857 0.025000
2 0.564732 0.161875 0.017857 0.023750
2 0.546875 0.160000 0.017857 0.026250
2 0.526786 0.155938 0.026786 0.027500
2 0.409375 0.215000 0.019643 0.023750
2 0.279911 0.119687 0.019643 0.023750
2 0.351786 0.148750 0.016071 0.022500
