2 0.991518 0.079375 0.014286 0.021250
2 0.780804 0.884062 0.021429 0.008750
2 0.598661 0.971250 0.032143 0.017500
2 0.603125 0.985000 0.023214 0.013750
2 0.643304 0.935937 0.023214 0.012500
2 0.659821 0.973437 0.025000 0.012500
2 0.629018 0.995625 0.021429 0.010000
2 0.559375 0.987500 0.025000 0.012500
2 0.560714 0.996875 0.023214 0.006250
2 0.633036 0.891250 0.016071 0.020000
2 0.654911 0.886562 0.019643 0.020000
2 0.707143 0.882188 0.021429 0.017500
2 0.699554 0.886250 0.019643 0.016250
2 0.687054 0.888750 0.021429 0.021250
2 0.676786 0.893125 0.023214 0.017500
2 0.717411 0.876875 0.019643 0.016250
2 0.733036 0.874375 0.019643 0.017500
2 0.754911 0.901250 0.023214 0.015000
2 0.734375 0.911562 0.017857 0.020000
2 0.805357 0.844375 0.012500 0.020000
2 0.819643 0.855312 0.014286 0.020000
2 0.994196 0.861563 0.010714 0.013750
2 0.991071 0.867812 0.017857 0.020000
2 0.584375 0.949062 0.030357 0.013750
2 0.633482 0.911562 0.021429 0.013750
2 0.981250 0.129688 0.016071 0.018750
2 0.992857 0.124687 0.012500 0.015000
2 0.969196 0.108750 0.014286 0.017500
2 0.981250 0.110000 0.016071 0.020000
2 0.996875 0.102500 0.007143 0.017500
2 0.975000 0.082812 0.012500 0.018750
2 0.961607 0.087188 0.012500 0.021250
2 0.929018 0.094375 0.014286 0.020000
2 0.918750 0.098125 0.016071 0.021250
2 0.909821 0.100625 0.016071 0.020000
2 0.898214 0.101562 0.019643 0.018750
2 0.938839 0.120313 0.016071 0.018750
2 0.921429 0.127500 0.012500 0.017500
2 0.896429 0.132500 0.016071 0.021250
2 0.885714 0.136563 0.012500 0.020000
2 0.724554 0.487812 0.016071 0.022500
2 0.952679 0.045000 0.021429 0.008750
2 0.804911 0.063125 0.033929 0.007500
2 0.649107 0.101875 0.021429 0.010000
2 0.804464 0.126562 0.010714 0.018750
2 0.606250 0.394062 0.025000 0.010000
2 0.587500 0.258750 0.023214 0.011250
2 0.592857 0.267500 0.025000 0.010000
2 0.598214 0.274688 0.026786 0.015000
2 0.599554 0.280313 0.025000 0.013750
2 0.605357 0.290313 0.023214 0.008750
2 0.608036 0.304375 0.028571 0.015000
2 0.612054 0.310625 0.023214 0.015000
2 0.624107 0.340625 0.025000 0.012500
2 0.632589 0.353750 0.028571 0.013750
2 0.634375 0.364687 0.023214 0.013750
2 0.642857 0.374375 0.026786 0.011250
2 0.645536 0.383750 0.023214 0.011250
2 0.652679 0.391250 0.019643 0.013750
2 0.657143 0.400312 0.019643 0.016250
2 0.605357 0.399688 0.023214 0.008750
2 0.796429 0.130625 0.012500 0.017500
2 0.610714 0.406250 0.025000 0.012500
2 0.611607 0.414062 0.017857 0.012500
2 0.615625 0.420312 0.021429 0.012500
2 0.622321 0.428125 0.021429 0.012500
2 0.625893 0.435000 0.019643 0.013750
2 0.629464 0.442812 0.017857 0.007500
2 0.669196 0.427500 0.021429 0.011250
2 0.670089 0.435625 0.023214 0.008750
2 0.675446 0.444062 0.025000 0.010000
2 0.680357 0.451250 0.021429 0.015000
2 0.686607 0.461250 0.025000 0.016250
2 0.688839 0.469375 0.025000 0.013750
2 0.693304 0.477500 0.025000 0.011250
2 0.708036 0.491875 0.014286 0.021250
2 0.602679 0.383125 0.017857 0.010000
2 0.593750 0.376875 0.017857 0.010000
2 0.591518 0.370000 0.017857 0.008750
2 0.591518 0.363125 0.017857 0.007500
2 0.787500 0.133750 0.012500 0.017500
2 0.763393 0.138750 0.017857 0.021250
2 0.745982 0.143437 0.014286 0.021250
2 0.729464 0.145313 0.012500 0.018750
2 0.719643 0.149688 0.010714 0.021250
2 0.695982 0.155625 0.012500 0.017500
2 0.570982 0.180938 0.012500 0.021250
2 0.562500 0.304688 0.026786 0.012500
2 0.564286 0.310937 0.021429 0.012500
2 0.575446 0.329375 0.021429 0.015000
2 0.579911 0.336562 0.021429 0.013750
2 0.586607 0.348438 0.021429 0.012500
2 0.591518 0.357187 0.017857 0.011250
2 0.714286 0.489375 0.017857 0.022500
2 0.735714 0.487187 0.016071 0.021250
2 0.638839 0.465313 0.023214 0.015000
2 0.883482 0.700625 0.021429 0.013750
2 0.986161 0.636250 0.012500 0.016250
2 0.976786 0.640000 0.016071 0.017500
2 0.966964 0.642813 0.014286 0.020000
2 0.958929 0.645625 0.016071 0.022500
2 0.950000 0.646875 0.016071 0.018750
2 0.927679 0.651250 0.016071 0.021250
2 0.920089 0.653750 0.014286 0.020000
2 0.908036 0.657500 0.012500 0.021250
2 0.898661 0.660625 0.016071 0.021250
2 0.885268 0.665000 0.016071 0.023750
2 0.873661 0.678750 0.019643 0.013750
2 0.876339 0.687500 0.025000 0.012500
2 0.881250 0.693750 0.021429 0.012500
2 0.890179 0.709375 0.021429 0.012500
2 0.958036 0.715938 0.014286 0.010000
2 0.891071 0.714375 0.023214 0.010000
2 0.898661 0.720625 0.025000 0.010000
2 0.900000 0.730625 0.023214 0.011250
2 0.904464 0.740313 0.023214 0.008750
2 0.916964 0.683437 0.021429 0.013750
2 0.941518 0.676875 0.021429 0.010000
2 0.919643 0.691250 0.026786 0.013750
2 0.940625 0.685312 0.019643 0.011250
2 0.926786 0.698750 0.023214 0.010000
2 0.945536 0.694375 0.016071 0.007500
2 0.928125 0.703750 0.021429 0.013750
2 0.948661 0.700313 0.017857 0.010000
2 0.934821 0.713750 0.021429 0.008750
2 0.955357 0.708125 0.017857 0.010000
2 0.644196 0.471875 0.025000 0.012500
2 0.645536 0.478125 0.023214 0.012500
2 0.649107 0.489063 0.021429 0.012500
2 0.652679 0.496563 0.019643 0.008750
2 0.659375 0.503437 0.019643 0.016250
2 0.663839 0.512188 0.019643 0.015000
2 0.667857 0.523125 0.023214 0.021250
2 0.675893 0.544687 0.021429 0.011250
2 0.680357 0.552500 0.021429 0.011250
2 0.683482 0.560937 0.023214 0.012500
2 0.683929 0.568438 0.019643 0.008750
2 0.691518 0.576875 0.021429 0.010000
2 0.662500 0.565937 0.012500 0.016250
2 0.668304 0.581250 0.010714 0.018750
2 0.681696 0.604375 0.010714 0.021250
2 0.686607 0.620937 0.016071 0.020000
2 0.717857 0.541875 0.016071 0.021250
2 0.730357 0.538125 0.014286 0.020000
2 0.738393 0.534375 0.012500 0.018750
2 0.710714 0.522500 0.019643 0.020000
2 0.720982 0.520000 0.017857 0.021250
2 0.738839 0.513125 0.017857 0.020000
2 0.756250 0.514375 0.021429 0.022500
2 0.762500 0.563125 0.016071 0.020000
2 0.769643 0.560000 0.012500 0.020000
2 0.780357 0.560000 0.016071 0.020000
2 0.748214 0.565625 0.014286 0.025000
2 0.733036 0.566875 0.019643 0.021250
2 0.860714 0.615000 0.025000 0.017500
2 0.936607 0.723125 0.025000 0.015000
2 0.942857 0.730938 0.019643 0.008750
2 0.998214 0.731875 0.005357 0.007500
2 0.997321 0.737500 0.003571 0.006250
2 0.998661 0.744375 0.001786 0.007500
2 0.947321 0.740000 0.019643 0.011250
2 0.921429 0.788438 0.021429 0.011250
2 0.928571 0.795000 0.017857 0.008750
2 0.933036 0.802812 0.017857 0.008750
2 0.933036 0.808125 0.017857 0.010000
2 0.938393 0.816563 0.019643 0.011250
2 0.941964 0.824062 0.017857 0.007500
2 0.950446 0.832188 0.021429 0.011250
2 0.952679 0.840938 0.021429 0.010000
2 0.955357 0.846250 0.017857 0.011250
2 0.994196 0.725625 0.010714 0.007500
2 0.993750 0.719062 0.014286 0.010000
2 0.991071 0.712812 0.017857 0.010000
2 0.989732 0.706875 0.019643 0.007500
2 0.951786 0.749375 0.019643 0.011250
2 0.955357 0.758125 0.017857 0.010000
2 0.956250 0.765000 0.019643 0.011250
2 0.961607 0.775000 0.021429 0.012500
2 0.961161 0.727500 0.016071 0.011250
2 0.966071 0.740625 0.021429 0.012500
2 0.970536 0.748125 0.021429 0.015000
2 0.976339 0.755938 0.019643 0.008750
2 0.978125 0.764062 0.023214 0.012500
2 0.980804 0.769375 0.019643 0.013750
2 0.984375 0.780000 0.017857 0.016250
2 0.967411 0.783125 0.019643 0.016250
2 0.976339 0.793438 0.019643 0.015000
2 0.991071 0.787500 0.017857 0.012500
2 0.993750 0.795000 0.014286 0.008750
2 0.976786 0.801562 0.016071 0.012500
2 0.983482 0.808125 0.016071 0.010000
2 0.996875 0.805937 0.007143 0.008750
2 0.989286 0.819063 0.023214 0.010000
2 0.989732 0.827500 0.019643 0.011250
2 0.975000 0.669687 0.021429 0.011250
2 0.993750 0.664375 0.014286 0.010000
2 0.977679 0.677187 0.017857 0.007500
2 0.982143 0.685000 0.026786 0.013750
2 0.996875 0.680312 0.007143 0.007500
2 0.987946 0.695625 0.025000 0.010000
2 0.577679 0.857812 0.021429 0.012500
