2 0.409821 0.827500 0.016071 0.023750
2 0.389732 0.829063 0.025000 0.023750
2 0.972321 0.896875 0.042857 0.012500
2 0.975000 0.883125 0.030357 0.010000
2 0.977679 0.871875 0.035714 0.012500
2 0.976339 0.835938 0.037500 0.012500
2 0.892857 0.669375 0.035714 0.013750
2 0.891071 0.603125 0.032143 0.012500
2 0.890179 0.616250 0.030357 0.013750
2 0.890625 0.628125 0.035714 0.012500
2 0.890625 0.657813 0.035714 0.012500
2 0.891964 0.681875 0.033929 0.013750
2 0.891071 0.693125 0.032143 0.011250
2 0.891518 0.707188 0.037500 0.011250
2 0.895982 0.785937 0.037500 0.012500
2 0.892411 0.797813 0.039286 0.011250
2 0.891964 0.812500 0.033929 0.012500
2 0.894196 0.823750 0.033929 0.010000
2 0.895089 0.846875 0.035714 0.012500
2 0.896429 0.860000 0.033929 0.013750
2 0.893750 0.871250 0.037500 0.011250
2 0.893750 0.883750 0.037500 0.011250
2 0.890625 0.897500 0.035714 0.013750
2 0.957143 0.849375 0.030357 0.011250
2 0.971429 0.813438 0.032143 0.011250
2 0.681696 0.128750 0.019643 0.026250
2 0.701786 0.131562 0.019643 0.022500
2 0.717411 0.130625 0.019643 0.023750
2 0.737500 0.131875 0.019643 0.026250
2 0.767411 0.132187 0.021429 0.030000
2 0.785714 0.132187 0.017857 0.023750
2 0.802679 0.132500 0.016071 0.027500
2 0.835268 0.130937 0.014286 0.021250
2 0.893750 0.103750 0.037500 0.013750
2 0.889732 0.114688 0.033929 0.013750
2 0.887946 0.078125 0.039286 0.012500
2 0.712946 0.187812 0.019643 0.022500
2 0.694196 0.187812 0.017857 0.022500
2 0.765625 0.187500 0.017857 0.031250
2 0.972768 0.800313 0.030357 0.010000
2 0.975446 0.645937 0.035714 0.013750
2 0.976786 0.789687 0.033929 0.013750
2 0.973661 0.777500 0.032143 0.011250
2 0.969643 0.765625 0.037500 0.012500
2 0.970982 0.751563 0.035714 0.012500
2 0.973661 0.740000 0.032143 0.011250
2 0.974554 0.727500 0.033929 0.011250
2 0.975000 0.715000 0.030357 0.011250
2 0.975000 0.702500 0.030357 0.011250
2 0.974554 0.693750 0.033929 0.012500
2 0.970982 0.680937 0.035714 0.015000
2 0.972768 0.657188 0.030357 0.011250
2 0.975446 0.632188 0.035714 0.011250
2 0.798214 0.189375 0.016071 0.022500
2 0.973661 0.620625 0.032143 0.010000
2 0.975000 0.608437 0.030357 0.013750
2 0.970536 0.580000 0.039286 0.016250
2 0.968750 0.546875 0.035714 0.012500
2 0.966071 0.534687 0.030357 0.010000
2 0.913839 0.542500 0.019643 0.028750
2 0.892857 0.487500 0.035714 0.012500
2 0.970089 0.510938 0.033929 0.012500
2 0.975000 0.487500 0.030357 0.012500
2 0.890625 0.465625 0.035714 0.012500
2 0.834821 0.188750 0.017857 0.021250
2 0.891964 0.578125 0.033929 0.012500
2 0.891071 0.590000 0.032143 0.011250
