2 0.286607 0.024063 0.010714 0.013750
2 0.282143 0.138125 0.010714 0.013750
2 0.303571 0.146875 0.008929 0.012500
2 0.271429 0.386563 0.016071 0.007500
2 0.488839 0.504687 0.008929 0.012500
2 0.174107 0.532813 0.008929 0.012500
2 0.173214 0.546875 0.007143 0.012500
2 0.151786 0.675938 0.008929 0.011250
2 0.194196 0.705313 0.017857 0.007500
2 0.137054 0.832812 0.010714 0.012500
2 0.455357 0.640625 0.008929 0.012500
2 0.501786 0.690312 0.012500 0.008750
2 0.488839 0.735000 0.008929 0.013750
2 0.488839 0.556562 0.008929 0.016250
2 0.562500 0.600625 0.026786 0.007500
2 0.509821 0.473125 0.010714 0.015000
2 0.560268 0.462188 0.017857 0.008750
2 0.581250 0.115312 0.010714 0.015000
2 0.648214 0.101875 0.019643 0.010000
2 0.871429 0.547500 0.019643 0.007500
2 0.918304 0.753437 0.019643 0.010000
2 0.688393 0.827500 0.010714 0.011250
2 0.745982 0.827812 0.014286 0.008750
2 0.490179 0.957812 0.007143 0.012500
2 0.923214 0.821875 0.016071 0.006250
2 0.968750 0.913125 0.008929 0.013750
2 0.944196 0.940625 0.008929 0.012500
2 0.965625 0.850938 0.007143 0.011250
2 0.858929 0.583750 0.012500 0.011250
2 0.957589 0.557500 0.017857 0.008750
2 0.983929 0.561562 0.021429 0.007500
2 0.875893 0.395000 0.019643 0.008750
2 0.840179 0.214688 0.010714 0.013750
2 0.885268 0.238125 0.016071 0.007500
2 0.949107 0.126562 0.014286 0.006250
2 0.924554 0.037500 0.014286 0.006250
