2 0.195089 0.967812 0.010714 0.013750
2 0.309375 0.971250 0.007143 0.011250
2 0.285714 0.976562 0.008929 0.012500
2 0.276786 0.961875 0.008929 0.011250
2 0.288839 0.960000 0.010714 0.013750
2 0.299107 0.958437 0.008929 0.013750
2 0.330804 0.931250 0.014286 0.006250
2 0.329018 0.943750 0.019643 0.006250
2 0.177232 0.986250 0.010714 0.016250
2 0.166071 0.986875 0.010714 0.017500
2 0.310268 0.960000 0.008929 0.013750
2 0.832143 0.918437 0.012500 0.015000
2 0.824554 0.888125 0.010714 0.013750
2 0.468750 0.875625 0.017857 0.007500
2 0.097768 0.021563 0.021429 0.008750
2 0.033036 0.087188 0.021429 0.008750
2 0.066071 0.046875 0.016071 0.012500
2 0.063393 0.036562 0.019643 0.013750
2 0.060714 0.029375 0.023214 0.015000
2 0.058036 0.021875 0.017857 0.012500
2 0.055804 0.014688 0.017857 0.013750
2 0.095536 0.013750 0.021429 0.008750
2 0.101339 0.028125 0.019643 0.006250
2 0.098214 0.992188 0.008929 0.012500
2 0.101339 0.035625 0.019643 0.008750
2 0.104464 0.043125 0.021429 0.005000
2 0.095536 0.007500 0.021429 0.008750
2 0.029464 0.073125 0.023214 0.008750
2 0.024107 0.064687 0.021429 0.007500
2 0.022768 0.057500 0.023214 0.008750
2 0.019196 0.044375 0.025000 0.007500
2 0.087946 0.993750 0.010714 0.012500
2 0.164286 0.937500 0.007143 0.012500
2 0.174107 0.936562 0.008929 0.013750
2 0.183036 0.935937 0.008929 0.012500
2 0.212054 0.932813 0.008929 0.012500
2 0.222321 0.931250 0.007143 0.012500
2 0.245536 0.927500 0.008929 0.011250
2 0.254464 0.928125 0.008929 0.012500
2 0.265625 0.927812 0.008929 0.015000
2 0.290179 0.926562 0.008929 0.012500
2 0.300000 0.924687 0.010714 0.015000
2 0.128571 0.374063 0.016071 0.013750
2 0.024554 0.344062 0.008929 0.010000
2 0.011161 0.185938 0.017857 0.012500
2 0.038839 0.118438 0.028571 0.008750
2 0.055804 0.007812 0.026786 0.012500
2 0.196429 0.983437 0.008929 0.013750
2 0.188393 0.984062 0.010714 0.015000
2 0.333036 0.921562 0.023214 0.008750
