2 0.738839 0.385937 0.017857 0.006250
2 0.718304 0.386563 0.021429 0.007500
2 0.633929 0.391250 0.017857 0.007500
2 0.591071 0.393750 0.021429 0.006250
2 0.291964 0.074063 0.021429 0.007500
2 0.320982 0.572500 0.012500 0.013750
2 0.358036 0.620000 0.019643 0.008750
2 0.361607 0.634062 0.017857 0.008750
2 0.132589 0.753750 0.010714 0.013750
2 0.225000 0.752812 0.021429 0.008750
2 0.199107 0.742500 0.014286 0.016250
2 0.190179 0.745000 0.014286 0.015000
2 0.182589 0.747500 0.012500 0.013750
2 0.173661 0.749062 0.012500 0.013750
2 0.164732 0.749688 0.012500 0.015000
2 0.206250 0.782813 0.019643 0.006250
2 0.183929 0.788750 0.019643 0.008750
2 0.142411 0.754375 0.012500 0.015000
2 0.122321 0.756875 0.012500 0.013750
2 0.369643 0.648125 0.016071 0.008750
2 0.088839 0.764687 0.012500 0.013750
2 0.161161 0.790937 0.023214 0.010000
2 0.379464 0.683125 0.017857 0.010000
2 0.378125 0.676250 0.019643 0.008750
2 0.378571 0.668750 0.016071 0.006250
2 0.375446 0.663125 0.014286 0.007500
2 0.371429 0.653438 0.019643 0.010000
2 0.341071 0.703750 0.012500 0.013750
2 0.331250 0.668750 0.010714 0.012500
2 0.226339 0.759062 0.019643 0.008750
2 0.244643 0.753750 0.016071 0.007500
2 0.260714 0.741250 0.012500 0.013750
2 0.983036 0.995937 0.010714 0.007500
2 0.969643 0.972188 0.019643 0.010000
2 0.942411 0.977500 0.023214 0.011250
2 0.829911 0.954688 0.021429 0.006250
2 0.888393 0.917812 0.017857 0.007500
2 0.911607 0.913125 0.019643 0.007500
2 0.865179 0.922500 0.016071 0.007500
2 0.270982 0.739062 0.010714 0.012500
2 0.311161 0.781875 0.010714 0.013750
2 0.443750 0.756875 0.012500 0.013750
2 0.460714 0.719375 0.019643 0.007500
2 0.415179 0.726250 0.017857 0.008750
2 0.398214 0.726875 0.019643 0.010000
2 0.340179 0.678750 0.010714 0.013750
2 0.269643 0.789687 0.012500 0.013750
2 0.278571 0.786562 0.012500 0.013750
2 0.289732 0.786250 0.012500 0.016250
2 0.302232 0.783438 0.010714 0.013750
2 0.320089 0.778125 0.010714 0.012500
2 0.464732 0.753437 0.014286 0.016250
2 0.332143 0.780000 0.012500 0.016250
2 0.341071 0.778750 0.012500 0.013750
2 0.352232 0.777187 0.012500 0.013750
2 0.360268 0.758125 0.019643 0.010000
2 0.341964 0.728750 0.014286 0.013750
2 0.318750 0.733437 0.012500 0.013750
2 0.308482 0.735625 0.014286 0.015000
2 0.289732 0.735000 0.012500 0.013750
2 0.280804 0.735625 0.012500 0.015000
2 0.454018 0.754375 0.010714 0.015000
2 0.474107 0.752812 0.010714 0.015000
2 0.843750 0.925625 0.017857 0.007500
2 0.416071 0.586250 0.019643 0.010000
2 0.821429 0.929375 0.017857 0.008750
2 0.796429 0.932500 0.021429 0.008750
2 0.632589 0.958125 0.019643 0.010000
2 0.613839 0.960625 0.017857 0.008750
2 0.590179 0.963750 0.019643 0.008750
2 0.548214 0.972500 0.016071 0.007500
2 0.395536 0.588750 0.023214 0.008750
2 0.505357 0.727812 0.019643 0.008750
2 0.478125 0.676875 0.014286 0.016250
2 0.492857 0.679375 0.012500 0.015000
2 0.500893 0.690000 0.010714 0.011250
2 0.558036 0.740625 0.008929 0.012500
2 0.547768 0.737187 0.010714 0.015000
2 0.536607 0.737187 0.010714 0.015000
2 0.526339 0.736563 0.012500 0.013750
2 0.567857 0.719375 0.019643 0.007500
2 0.532143 0.706875 0.019643 0.007500
2 0.956696 0.640937 0.025000 0.010000
2 0.962946 0.658125 0.019643 0.010000
2 0.825893 0.783438 0.017857 0.007500
2 0.860268 0.720938 0.019643 0.007500
2 0.881696 0.777813 0.017857 0.008750
2 0.830357 0.802187 0.017857 0.007500
2 0.966964 0.673125 0.014286 0.015000
2 0.957589 0.675000 0.008929 0.012500
2 0.979464 0.673125 0.012500 0.015000
2 0.985714 0.622812 0.016071 0.017500
2 0.931250 0.626875 0.014286 0.016250
2 0.787500 0.294063 0.012500 0.016250
