2 0.562500 0.987500 0.026786 0.025000
2 0.641964 0.931875 0.033929 0.013750
2 0.637054 0.895625 0.037500 0.016250
2 0.603125 0.847813 0.014286 0.005000
2 0.605357 0.855312 0.014286 0.007500
2 0.639286 0.905000 0.037500 0.016250
2 0.645089 0.941875 0.035714 0.015000
2 0.648214 0.957500 0.037500 0.015000
2 0.652679 0.994688 0.037500 0.011250
2 0.647768 0.987500 0.023214 0.012500
2 0.652679 0.978125 0.028571 0.012500
2 0.652232 0.972500 0.032143 0.013750
2 0.662500 0.233438 0.012500 0.026250
2 0.666518 0.312812 0.007143 0.010000
2 0.721429 0.239375 0.005357 0.010000
2 0.641071 0.727812 0.014286 0.015000
2 0.625000 0.497500 0.008929 0.013750
2 0.605804 0.494688 0.010714 0.011250
2 0.591518 0.491875 0.008929 0.008750
2 0.592857 0.479375 0.007143 0.008750
2 0.675446 0.526875 0.016071 0.010000
2 0.649554 0.531562 0.017857 0.010000
2 0.611607 0.507500 0.017857 0.008750
2 0.669643 0.299375 0.008929 0.011250
2 0.713393 0.201875 0.007143 0.010000
2 0.706696 0.211250 0.007143 0.010000
2 0.727679 0.214375 0.008929 0.010000
2 0.723661 0.178437 0.005357 0.010000
2 0.630357 0.305000 0.010714 0.010000
2 0.637054 0.291563 0.010714 0.011250
2 0.642857 0.279375 0.008929 0.008750
2 0.645089 0.265000 0.008929 0.011250
2 0.676339 0.217500 0.008929 0.010000
2 0.666518 0.210312 0.007143 0.011250
2 0.571429 0.830000 0.008929 0.010000
2 0.893304 0.218438 0.014286 0.015000
2 0.899107 0.225937 0.012500 0.011250
2 0.913393 0.230625 0.014286 0.011250
2 0.921429 0.233125 0.012500 0.010000
2 0.934821 0.236875 0.012500 0.011250
2 0.945982 0.240000 0.012500 0.011250
2 0.954911 0.242500 0.012500 0.010000
2 0.912500 0.215000 0.012500 0.011250
2 0.920536 0.216562 0.010714 0.011250
2 0.940179 0.223438 0.014286 0.012500
2 0.969643 0.231250 0.010714 0.012500
2 0.800893 0.383750 0.012500 0.011250
2 0.769643 0.379062 0.012500 0.011250
2 0.740179 0.365625 0.016071 0.012500
2 0.768750 0.328125 0.010714 0.012500
2 0.957143 0.227500 0.012500 0.011250
2 0.949554 0.195625 0.010714 0.010000
2 0.956250 0.196250 0.010714 0.011250
2 0.986161 0.205625 0.012500 0.011250
2 0.991071 0.208750 0.008929 0.011250
2 0.998214 0.209687 0.005357 0.010000
2 0.920536 0.187812 0.010714 0.010000
2 0.912946 0.183750 0.008929 0.011250
2 0.966518 0.184062 0.008929 0.008750
2 0.954018 0.181563 0.010714 0.010000
2 0.946429 0.178437 0.008929 0.010000
2 0.940625 0.176875 0.010714 0.010000
2 0.933929 0.174687 0.010714 0.008750
2 0.979911 0.059062 0.017857 0.008750
2 0.735714 0.489687 0.016071 0.007500
2 0.929911 0.516250 0.016071 0.007500
2 0.762946 0.347187 0.012500 0.010000
2 0.926786 0.416250 0.014286 0.007500
2 0.907589 0.413125 0.016071 0.007500
2 0.988393 0.433750 0.021429 0.011250
2 0.958482 0.424687 0.037500 0.015000
2 0.850893 0.382500 0.014286 0.008750
2 0.815179 0.655000 0.014286 0.028750
2 0.796429 0.849687 0.012500 0.027500
2 0.804464 0.886562 0.010714 0.013750
2 0.787500 0.637188 0.012500 0.015000
2 0.796875 0.640625 0.008929 0.012500
2 0.900446 0.595938 0.019643 0.007500
