2 0.269196 0.410000 0.025000 0.007500
2 0.175446 0.420937 0.025000 0.007500
2 0.506250 0.409375 0.021429 0.006250
2 0.531250 0.407813 0.017857 0.006250
2 0.693750 0.401875 0.021429 0.010000
2 0.716518 0.399375 0.017857 0.005000
2 0.988393 0.575000 0.012500 0.012500
2 0.624107 0.725625 0.025000 0.007500
2 0.470536 0.930937 0.021429 0.008750
2 0.499107 0.928438 0.025000 0.010000
2 0.702232 0.924063 0.033929 0.007500
2 0.794643 0.919375 0.044643 0.013750
2 0.031696 0.680937 0.023214 0.008750
2 0.125000 0.676250 0.026786 0.008750
2 0.261161 0.673125 0.026786 0.008750
2 0.358929 0.669375 0.030357 0.007500
2 0.022768 0.073438 0.023214 0.006250
2 0.315625 0.076250 0.019643 0.008750
2 0.136607 0.241250 0.014286 0.013750
2 0.146429 0.291875 0.016071 0.015000
2 0.121429 0.270937 0.019643 0.007500
2 0.137946 0.353437 0.021429 0.010000
2 0.087500 0.218750 0.023214 0.006250
2 0.210268 0.441250 0.014286 0.013750
2 0.400446 0.441875 0.019643 0.008750
2 0.183929 0.675625 0.019643 0.007500
2 0.301339 0.651250 0.026786 0.008750
2 0.037946 0.636250 0.008929 0.016250
2 0.521429 0.956250 0.016071 0.012500
2 0.987946 0.846875 0.016071 0.025000
2 0.866071 0.712187 0.008929 0.015000
2 0.886161 0.710938 0.008929 0.012500
2 0.798214 0.704063 0.007143 0.011250
