2 0.773661 0.395937 0.016071 0.013750
2 0.705357 0.355938 0.017857 0.008750
2 0.970536 0.472187 0.021429 0.010000
2 0.892857 0.835313 0.008929 0.011250
2 0.774107 0.018750 0.012500 0.012500
2 0.777679 0.050625 0.019643 0.007500
2 0.724554 0.108750 0.025000 0.011250
2 0.677232 0.115937 0.019643 0.010000
2 0.850893 0.634687 0.014286 0.016250
2 0.817857 0.494375 0.019643 0.013750
2 0.770982 0.459375 0.019643 0.012500
2 0.736161 0.402500 0.021429 0.011250
2 0.687946 0.307188 0.014286 0.011250
2 0.645089 0.293750 0.017857 0.012500
2 0.651786 0.119063 0.017857 0.010000
2 0.621429 0.258750 0.019643 0.011250
2 0.604911 0.239375 0.017857 0.010000
2 0.573661 0.213750 0.017857 0.008750
2 0.571429 0.201250 0.017857 0.008750
2 0.564732 0.191875 0.017857 0.008750
