2 0.607589 0.287812 0.023214 0.028750
2 0.698661 0.287500 0.017857 0.025000
2 0.752232 0.289687 0.017857 0.026250
2 0.716964 0.289687 0.014286 0.026250
2 0.812500 0.290000 0.017857 0.023750
2 0.833929 0.285312 0.016071 0.023750
2 0.868750 0.291250 0.014286 0.026250
2 0.006696 0.277813 0.008929 0.027500
2 0.022321 0.278750 0.017857 0.026250
2 0.095982 0.278438 0.017857 0.022500
2 0.074107 0.278125 0.014286 0.025000
2 0.057143 0.279375 0.016071 0.027500
2 0.259821 0.283750 0.019643 0.023750
2 0.277232 0.283438 0.014286 0.026250
2 0.295982 0.283438 0.016071 0.026250
2 0.316518 0.281562 0.021429 0.022500
2 0.015179 0.522188 0.021429 0.028750
2 0.058929 0.524062 0.019643 0.026250
2 0.077679 0.525625 0.021429 0.026250
2 0.004018 0.464375 0.003571 0.022500
2 0.016071 0.464375 0.014286 0.022500
2 0.032589 0.462188 0.016071 0.021250
2 0.040179 0.522188 0.017857 0.028750
2 0.054018 0.588750 0.041071 0.027500
2 0.005804 0.369375 0.007143 0.020000
2 0.016964 0.370625 0.016071 0.022500
2 0.035714 0.372500 0.017857 0.026250
2 0.039286 0.340938 0.016071 0.028750
2 0.022321 0.340313 0.017857 0.027500
2 0.007589 0.339688 0.010714 0.026250
2 0.005804 0.434375 0.007143 0.025000
2 0.018750 0.431562 0.019643 0.028750
2 0.834821 0.354063 0.017857 0.030000
2 0.308482 0.340938 0.014286 0.022500
2 0.327679 0.345313 0.012500 0.025000
2 0.951786 0.537500 0.019643 0.031250
2 0.929464 0.537500 0.019643 0.031250
2 0.889732 0.536250 0.016071 0.028750
2 0.833036 0.946250 0.014286 0.023750
2 0.801786 0.946875 0.014286 0.025000
2 0.780357 0.947188 0.016071 0.022500
2 0.762500 0.946250 0.016071 0.023750
2 0.743750 0.950625 0.014286 0.026250
2 0.729018 0.945625 0.016071 0.022500
2 0.933929 0.998125 0.010714 0.002500
2 0.796429 0.998125 0.012500 0.002500
2 0.779464 0.998750 0.014286 0.003750
2 0.742857 0.998125 0.012500 0.002500
2 0.724554 0.998750 0.016071 0.003750
2 0.706250 0.999062 0.010714 0.001250
2 0.818750 0.946875 0.012500 0.025000
2 0.853125 0.947500 0.014286 0.026250
2 0.453571 0.376250 0.014286 0.021250
2 0.416518 0.377500 0.016071 0.023750
2 0.397768 0.377500 0.014286 0.023750
2 0.383036 0.377500 0.016071 0.023750
2 0.362500 0.378125 0.019643 0.025000
2 0.343750 0.376875 0.017857 0.022500
2 0.328571 0.374375 0.014286 0.023750
2 0.309375 0.377500 0.016071 0.023750
2 0.906250 0.356250 0.017857 0.025000
2 0.937946 0.351875 0.023214 0.028750
2 0.305357 0.441875 0.012500 0.021250
2 0.325893 0.439375 0.017857 0.022500
2 0.343750 0.440625 0.017857 0.025000
2 0.362946 0.440312 0.016071 0.027500
2 0.379911 0.439063 0.014286 0.025000
2 0.395536 0.437812 0.014286 0.028750
2 0.414286 0.439375 0.016071 0.022500
2 0.433929 0.439687 0.019643 0.026250
2 0.451339 0.438750 0.014286 0.027500
2 0.468750 0.440000 0.017857 0.023750
2 0.486607 0.438125 0.017857 0.026250
2 0.510268 0.439375 0.016071 0.022500
2 0.472321 0.376875 0.016071 0.022500
2 0.489286 0.379375 0.014286 0.021250
2 0.506696 0.378437 0.017857 0.022500
2 0.530357 0.380000 0.016071 0.022500
2 0.924107 0.291875 0.017857 0.021250
2 0.971875 0.291875 0.019643 0.021250
2 0.571429 0.350000 0.017857 0.025000
2 0.511607 0.346875 0.014286 0.025000
2 0.456696 0.345938 0.016071 0.026250
2 0.436607 0.345000 0.016071 0.021250
2 0.400893 0.345313 0.016071 0.025000
2 0.382589 0.341875 0.010714 0.027500
2 0.366518 0.345000 0.014286 0.021250
2 0.349554 0.345313 0.016071 0.025000
2 0.733482 0.353125 0.016071 0.025000
2 0.731250 0.383125 0.016071 0.022500
2 0.713393 0.383437 0.016071 0.026250
2 0.695536 0.382188 0.016071 0.023750
2 0.675000 0.384687 0.019643 0.028750
2 0.641071 0.382188 0.014286 0.023750
2 0.623214 0.381562 0.014286 0.022500
2 0.583929 0.382188 0.016071 0.023750
2 0.569196 0.381875 0.017857 0.026250
2 0.548661 0.379375 0.012500 0.021250
2 0.530357 0.438125 0.016071 0.026250
2 0.549554 0.440000 0.014286 0.023750
2 0.570536 0.441250 0.016071 0.026250
2 0.328571 0.470625 0.014286 0.022500
2 0.847321 0.384375 0.016071 0.025000
2 0.863839 0.384375 0.017857 0.025000
2 0.899107 0.386563 0.021429 0.026250
2 0.829464 0.445312 0.016071 0.025000
2 0.845089 0.446563 0.016071 0.027500
2 0.863839 0.443438 0.017857 0.027500
2 0.917411 0.450000 0.017857 0.025000
2 0.977679 0.446250 0.017857 0.023750
2 0.829911 0.478125 0.012500 0.025000
2 0.845089 0.477500 0.016071 0.023750
2 0.864732 0.478125 0.019643 0.025000
2 0.881250 0.477187 0.012500 0.026250
2 0.897321 0.481250 0.017857 0.025000
2 0.916518 0.480000 0.016071 0.022500
2 0.307143 0.469688 0.016071 0.023750
2 0.342857 0.472500 0.016071 0.026250
2 0.585268 0.440000 0.014286 0.023750
2 0.360714 0.472500 0.016071 0.026250
2 0.600893 0.443125 0.014286 0.023750
2 0.619643 0.440625 0.016071 0.025000
2 0.638839 0.444375 0.014286 0.026250
2 0.656696 0.441875 0.014286 0.027500
2 0.674107 0.444375 0.017857 0.026250
2 0.692857 0.443438 0.019643 0.027500
2 0.708929 0.446563 0.016071 0.027500
2 0.727679 0.478750 0.017857 0.026250
2 0.709821 0.475312 0.017857 0.022500
2 0.691964 0.475312 0.017857 0.028750
2 0.671875 0.477500 0.017857 0.023750
2 0.658036 0.474375 0.021429 0.023750
2 0.639286 0.475000 0.019643 0.025000
2 0.621429 0.475625 0.019643 0.026250
2 0.602679 0.470937 0.017857 0.020000
2 0.583929 0.475000 0.016071 0.025000
2 0.566071 0.476875 0.016071 0.022500
2 0.549554 0.472500 0.023214 0.026250
2 0.531696 0.467500 0.014286 0.022500
2 0.505357 0.473750 0.019643 0.022500
2 0.486607 0.474062 0.017857 0.026250
2 0.467411 0.471250 0.019643 0.023750
2 0.451339 0.470625 0.014286 0.022500
2 0.431250 0.471562 0.014286 0.027500
2 0.414286 0.470625 0.016071 0.022500
2 0.398661 0.470000 0.016071 0.021250
2 0.378571 0.468438 0.016071 0.021250
2 0.121875 0.867188 0.033929 0.012500
