2 0.860714 0.045312 0.016071 0.018750
2 0.739286 0.256250 0.014286 0.031250
2 0.772321 0.363750 0.008929 0.021250
2 0.774554 0.407500 0.008929 0.015000
2 0.738393 0.405625 0.012500 0.017500
2 0.733929 0.722500 0.012500 0.032500
2 0.776339 0.710625 0.012500 0.021250
2 0.780804 0.602500 0.012500 0.023750
2 0.726339 0.776563 0.010714 0.031250
2 0.765179 0.753125 0.012500 0.018750
2 0.774107 0.770000 0.012500 0.015000
2 0.761161 0.815312 0.008929 0.015000
2 0.774107 0.883750 0.012500 0.023750
2 0.725000 0.917500 0.012500 0.022500
2 0.725893 0.829688 0.014286 0.025000
2 0.730804 0.879375 0.010714 0.027500
2 0.780804 0.966562 0.012500 0.030000
2 0.654018 0.826875 0.008929 0.022500
2 0.657143 0.926875 0.010714 0.022500
2 0.607143 0.851562 0.017857 0.062500
2 0.654911 0.898125 0.010714 0.008750
2 0.768750 0.666875 0.010714 0.015000
2 0.603571 0.215000 0.010714 0.011250
2 0.629464 0.211875 0.008929 0.023750
2 0.793304 0.234063 0.010714 0.015000
