2 0.963839 0.031875 0.012500 0.020000
2 0.710268 0.558750 0.023214 0.023750
2 0.618304 0.058750 0.035714 0.011250
2 0.650893 0.060313 0.025000 0.011250
2 0.684375 0.066250 0.033929 0.013750
2 0.770536 0.015000 0.032143 0.011250
2 0.859821 0.057813 0.032143 0.012500
2 0.679911 0.008438 0.033929 0.013750
2 0.808036 0.053125 0.035714 0.012500
2 0.813393 0.243750 0.019643 0.018750
2 0.895536 0.003438 0.014286 0.003750
2 0.923214 0.023750 0.016071 0.022500
2 0.955357 0.099687 0.017857 0.021250
2 0.658482 0.797500 0.017857 0.026250
2 0.658482 0.588750 0.017857 0.021250
2 0.748661 0.641250 0.019643 0.020000
2 0.860714 0.592812 0.033929 0.013750
2 0.839286 0.641875 0.026786 0.015000
2 0.828125 0.651875 0.035714 0.016250
2 0.917857 0.644375 0.032143 0.013750
2 0.911607 0.664062 0.028571 0.012500
2 0.915625 0.652187 0.032143 0.013750
2 0.897321 0.697500 0.035714 0.013750
2 0.913839 0.089688 0.019643 0.020000
2 0.887054 0.335938 0.019643 0.018750
2 0.596875 0.433750 0.019643 0.023750
2 0.660268 0.445000 0.021429 0.021250
2 0.952232 0.384063 0.033929 0.015000
2 0.939732 0.414687 0.026786 0.013750
2 0.935268 0.436250 0.026786 0.016250
2 0.925446 0.445312 0.025000 0.012500
2 0.566071 0.366875 0.033929 0.015000
2 0.921429 0.455000 0.030357 0.016250
2 0.920089 0.463438 0.032143 0.017500
2 0.912500 0.476562 0.030357 0.012500
2 0.908482 0.485938 0.026786 0.012500
2 0.987946 0.469375 0.025000 0.013750
2 0.987946 0.480312 0.025000 0.013750
2 0.983929 0.491563 0.030357 0.011250
2 0.827232 0.211875 0.016071 0.017500
2 0.836161 0.193750 0.016071 0.018750
2 0.894643 0.133750 0.021429 0.023750
2 0.565625 0.381250 0.037500 0.018750
2 0.658036 0.376875 0.021429 0.022500
2 0.926786 0.620937 0.032143 0.013750
2 0.624554 0.305625 0.021429 0.023750
2 0.921875 0.633750 0.035714 0.017500
2 0.884375 0.716875 0.032143 0.015000
2 0.825000 0.665625 0.033929 0.012500
2 0.819196 0.676250 0.035714 0.015000
2 0.814732 0.685937 0.035714 0.012500
2 0.979464 0.502188 0.030357 0.013750
2 0.956250 0.371250 0.028571 0.011250
2 0.963393 0.360625 0.033929 0.015000
2 0.862054 0.385937 0.023214 0.018750
2 0.875000 0.354063 0.017857 0.017500
2 0.658036 0.309688 0.021429 0.022500
2 0.720982 0.346875 0.026786 0.012500
2 0.570089 0.355938 0.037500 0.015000
2 0.560714 0.389688 0.032143 0.013750
2 0.616518 0.389688 0.023214 0.020000
2 0.625446 0.369688 0.023214 0.023750
2 0.615179 0.435313 0.016071 0.017500
2 0.585268 0.328125 0.032143 0.018750
2 0.684821 0.311250 0.021429 0.022500
2 0.727232 0.336250 0.030357 0.016250
2 0.651786 0.510313 0.017857 0.023750
