2 0.474107 0.651875 0.019643 0.010000
2 0.006696 0.446250 0.008929 0.011250
2 0.135268 0.514375 0.016071 0.010000
2 0.087500 0.444062 0.014286 0.010000
2 0.067411 0.421875 0.014286 0.012500
2 0.035268 0.379062 0.012500 0.011250
2 0.572768 0.184688 0.016071 0.010000
2 0.385268 0.137500 0.016071 0.006250
2 0.555804 0.623125 0.017857 0.008750
2 0.006696 0.692812 0.008929 0.013750
2 0.346429 0.685312 0.014286 0.005000
2 0.547321 0.890625 0.014286 0.012500
2 0.489732 0.907813 0.019643 0.012500
2 0.246429 0.945625 0.019643 0.010000
2 0.164286 0.897813 0.016071 0.011250
2 0.041071 0.770312 0.010714 0.012500
2 0.136607 0.842812 0.014286 0.013750
2 0.745536 0.081250 0.017857 0.006250
2 0.644196 0.638125 0.016071 0.007500
2 0.716964 0.700625 0.014286 0.007500
2 0.842857 0.706562 0.016071 0.003750
2 0.759375 0.654375 0.014286 0.008750
2 0.770536 0.599062 0.014286 0.013750
2 0.804464 0.557813 0.010714 0.012500
2 0.829911 0.596875 0.012500 0.012500
2 0.854464 0.550000 0.012500 0.012500
2 0.849107 0.272187 0.019643 0.016250
2 0.880357 0.326562 0.019643 0.031250
2 0.634821 0.810312 0.028571 0.023750
2 0.875000 0.490625 0.017857 0.025000
2 0.780804 0.603125 0.021429 0.025000
2 0.683482 0.721250 0.014286 0.011250
2 0.780357 0.706250 0.016071 0.006250
2 0.700893 0.915625 0.017857 0.012500
2 0.877232 0.840938 0.017857 0.010000
2 0.609821 0.205000 0.014286 0.010000
2 0.090179 0.944688 0.010714 0.011250
2 0.457143 0.976250 0.012500 0.008750
