2 0.984821 0.650000 0.014286 0.018750
2 0.992857 0.649375 0.012500 0.017500
2 0.984821 0.633750 0.014286 0.017500
2 0.975000 0.648438 0.012500 0.018750
2 0.965179 0.648750 0.010714 0.016250
2 0.965179 0.633125 0.010714 0.016250
2 0.850000 0.643125 0.012500 0.017500
2 0.862500 0.641875 0.010714 0.015000
2 0.873661 0.638750 0.010714 0.015000
2 0.882589 0.639062 0.010714 0.018750
2 0.891964 0.638125 0.007143 0.020000
2 0.900446 0.640000 0.010714 0.017500
2 0.905804 0.639062 0.012500 0.018750
2 0.921429 0.636250 0.012500 0.016250
2 0.929464 0.638750 0.010714 0.021250
2 0.937500 0.639062 0.017857 0.018750
2 0.938839 0.655625 0.007143 0.017500
2 0.929464 0.655625 0.010714 0.017500
2 0.919196 0.655312 0.012500 0.020000
2 0.910268 0.655938 0.012500 0.015000
2 0.903571 0.656562 0.012500 0.016250
2 0.893750 0.657188 0.010714 0.017500
2 0.883036 0.658750 0.007143 0.017500
2 0.873661 0.658750 0.010714 0.017500
2 0.864286 0.656875 0.014286 0.020000
2 0.872768 0.688125 0.008929 0.020000
2 0.888393 0.687500 0.008929 0.018750
2 0.895089 0.686875 0.008929 0.017500
2 0.905357 0.685937 0.007143 0.018750
2 0.937500 0.693750 0.008929 0.018750
2 0.947321 0.675000 0.010714 0.012500
2 0.946429 0.689375 0.008929 0.016250
2 0.945982 0.722813 0.012500 0.017500
2 0.953125 0.722813 0.008929 0.017500
2 0.962946 0.723125 0.010714 0.021250
2 0.973214 0.719062 0.008929 0.022500
2 0.982143 0.721875 0.008929 0.018750
2 0.991071 0.721875 0.008929 0.018750
2 0.991964 0.690937 0.010714 0.016250
2 0.981696 0.690625 0.012500 0.018750
2 0.970982 0.689688 0.008929 0.020000
2 0.955357 0.673125 0.008929 0.015000
2 0.955357 0.692500 0.008929 0.016250
2 0.964286 0.690000 0.008929 0.017500
2 0.965179 0.672187 0.010714 0.016250
2 0.975000 0.674063 0.012500 0.020000
2 0.981696 0.675000 0.012500 0.018750
2 0.991964 0.675000 0.010714 0.018750
2 0.974107 0.610313 0.010714 0.017500
2 0.964286 0.612500 0.008929 0.018750
2 0.966964 0.861563 0.023214 0.007500
2 0.968304 0.869375 0.021429 0.007500
2 0.972321 0.875625 0.025000 0.007500
2 0.988393 0.882500 0.021429 0.008750
2 0.969196 0.903125 0.023214 0.006250
2 0.971875 0.911250 0.019643 0.010000
2 0.975000 0.960313 0.012500 0.023750
2 0.968750 0.932500 0.017857 0.008750
2 0.927679 0.913125 0.025000 0.007500
2 0.925893 0.920937 0.021429 0.007500
2 0.927679 0.931250 0.025000 0.006250
2 0.880357 0.940000 0.019643 0.011250
2 0.882143 0.945937 0.023214 0.013750
2 0.887054 0.954375 0.019643 0.015000
2 0.986161 0.959062 0.012500 0.027500
2 0.965179 0.962187 0.010714 0.021250
2 0.949554 0.962813 0.010714 0.022500
2 0.931696 0.963125 0.010714 0.026250
2 0.825000 0.823125 0.016071 0.021250
2 0.867411 0.785000 0.025000 0.020000
2 0.901786 0.766250 0.026786 0.013750
2 0.154464 0.576250 0.023214 0.008750
2 0.133482 0.650625 0.021429 0.007500
2 0.136161 0.640000 0.026786 0.011250
2 0.202679 0.458750 0.021429 0.011250
2 0.197321 0.465000 0.019643 0.011250
2 0.194643 0.478125 0.023214 0.012500
2 0.191071 0.485313 0.025000 0.011250
2 0.187946 0.498750 0.023214 0.010000
2 0.186607 0.505000 0.025000 0.010000
2 0.179911 0.515937 0.025000 0.016250
2 0.171429 0.537188 0.021429 0.008750
2 0.168304 0.544375 0.019643 0.007500
2 0.165179 0.550625 0.017857 0.007500
2 0.162500 0.560000 0.021429 0.007500
2 0.158929 0.565937 0.023214 0.010000
2 0.152232 0.583437 0.023214 0.007500
2 0.099107 0.620625 0.019643 0.010000
2 0.150893 0.590625 0.025000 0.006250
2 0.150893 0.598750 0.025000 0.003750
2 0.150446 0.606250 0.019643 0.012500
2 0.143304 0.615000 0.023214 0.011250
2 0.138393 0.623750 0.017857 0.010000
2 0.139732 0.633750 0.025000 0.011250
2 0.050446 0.676562 0.025000 0.012500
2 0.045089 0.680937 0.023214 0.015000
2 0.074107 0.680937 0.023214 0.008750
2 0.065625 0.687500 0.019643 0.012500
2 0.067857 0.669375 0.019643 0.007500
2 0.072321 0.659375 0.028571 0.012500
2 0.101786 0.706562 0.016071 0.010000
2 0.116071 0.713438 0.017857 0.017500
2 0.094643 0.626250 0.019643 0.008750
2 0.102232 0.611250 0.021429 0.010000
2 0.205804 0.451562 0.023214 0.012500
2 0.098661 0.561250 0.023214 0.010000
2 0.096875 0.569688 0.019643 0.011250
2 0.087500 0.575937 0.023214 0.011250
2 0.084375 0.585938 0.021429 0.012500
2 0.085714 0.591562 0.019643 0.011250
2 0.083482 0.600625 0.019643 0.007500
2 0.080804 0.606250 0.023214 0.006250
2 0.077679 0.613125 0.021429 0.007500
2 0.076339 0.620625 0.023214 0.010000
2 0.071875 0.627500 0.023214 0.011250
2 0.067857 0.633750 0.019643 0.011250
2 0.087500 0.638437 0.023214 0.011250
2 0.153125 0.463125 0.025000 0.013750
2 0.209821 0.446250 0.017857 0.011250
2 0.152232 0.470625 0.023214 0.010000
2 0.105357 0.600000 0.023214 0.012500
2 0.150000 0.478125 0.023214 0.012500
2 0.146875 0.484687 0.021429 0.010000
2 0.143750 0.492500 0.019643 0.010000
2 0.141071 0.500312 0.023214 0.010000
2 0.139286 0.509375 0.019643 0.012500
2 0.130357 0.529375 0.019643 0.008750
2 0.128125 0.539062 0.019643 0.012500
2 0.123661 0.546563 0.019643 0.008750
2 0.122321 0.554063 0.021429 0.011250
2 0.122321 0.560312 0.021429 0.011250
2 0.116071 0.570000 0.017857 0.008750
2 0.112500 0.578437 0.019643 0.010000
2 0.110268 0.584063 0.019643 0.008750
2 0.104464 0.591250 0.021429 0.013750
2 0.150893 0.750000 0.025000 0.018750
2 0.033929 0.730000 0.023214 0.010000
2 0.025893 0.737187 0.025000 0.008750
2 0.029911 0.742812 0.019643 0.013750
2 0.026339 0.750312 0.021429 0.010000
2 0.020536 0.780625 0.014286 0.017500
2 0.034375 0.789375 0.019643 0.010000
2 0.078571 0.786250 0.014286 0.016250
2 0.091518 0.764062 0.017857 0.018750
2 0.105804 0.730938 0.019643 0.021250
2 0.058036 0.798750 0.017857 0.016250
2 0.128125 0.774687 0.019643 0.008750
2 0.114286 0.805000 0.014286 0.016250
2 0.102232 0.810312 0.012500 0.017500
2 0.094643 0.810937 0.010714 0.018750
2 0.086161 0.810312 0.007143 0.017500
2 0.078125 0.811875 0.008929 0.017500
2 0.069643 0.815625 0.014286 0.018750
2 0.057143 0.818437 0.016071 0.021250
2 0.049554 0.821250 0.014286 0.017500
2 0.037946 0.825937 0.017857 0.017500
2 0.139732 0.768750 0.025000 0.018750
2 0.097768 0.553125 0.021429 0.012500
2 0.103571 0.548125 0.028571 0.015000
2 0.105357 0.537188 0.023214 0.008750
2 0.108929 0.533125 0.021429 0.010000
2 0.035714 0.533125 0.026786 0.010000
2 0.067411 0.467187 0.023214 0.012500
2 0.060714 0.484375 0.023214 0.012500
2 0.057589 0.490313 0.021429 0.008750
2 0.052232 0.495000 0.019643 0.008750
2 0.051786 0.502500 0.023214 0.011250
2 0.048661 0.510938 0.021429 0.012500
2 0.043750 0.519688 0.025000 0.011250
2 0.043304 0.525625 0.028571 0.013750
2 0.032589 0.540625 0.025000 0.012500
2 0.028125 0.545937 0.025000 0.013750
2 0.024554 0.553125 0.026786 0.012500
2 0.022321 0.560312 0.026786 0.011250
2 0.017857 0.568438 0.026786 0.015000
2 0.012946 0.575937 0.021429 0.011250
2 0.158036 0.456250 0.021429 0.012500
2 0.133036 0.467187 0.016071 0.012500
2 0.129018 0.475000 0.021429 0.012500
2 0.125893 0.480000 0.019643 0.010000
2 0.122321 0.486875 0.021429 0.011250
2 0.120982 0.495625 0.023214 0.010000
2 0.116071 0.503125 0.026786 0.012500
2 0.114732 0.513437 0.019643 0.011250
2 0.107589 0.525312 0.023214 0.010000
2 0.641964 0.951875 0.016071 0.016250
2 0.681696 0.950313 0.010714 0.016250
2 0.689732 0.951562 0.008929 0.018750
2 0.699107 0.954688 0.014286 0.018750
2 0.714732 0.957812 0.014286 0.018750
2 0.720982 0.960313 0.017857 0.017500
2 0.733036 0.962813 0.010714 0.016250
2 0.741071 0.965312 0.008929 0.015000
2 0.746875 0.966562 0.016071 0.017500
2 0.759375 0.968125 0.014286 0.017500
2 0.556250 0.940625 0.014286 0.018750
2 0.560714 0.943750 0.014286 0.018750
2 0.573214 0.944688 0.012500 0.011250
2 0.587054 0.949375 0.017857 0.017500
2 0.647768 0.960000 0.014286 0.020000
2 0.663393 0.948750 0.014286 0.016250
2 0.655804 0.961250 0.012500 0.016250
2 0.666071 0.961875 0.010714 0.017500
2 0.681250 0.966562 0.014286 0.017500
2 0.692411 0.968750 0.014286 0.018750
2 0.718304 0.974375 0.012500 0.017500
2 0.727679 0.976250 0.008929 0.015000
2 0.737054 0.980000 0.014286 0.016250
2 0.752679 0.983750 0.014286 0.017500
2 0.775893 0.982500 0.016071 0.021250
2 0.533929 0.969375 0.014286 0.020000
2 0.562054 0.970938 0.012500 0.020000
2 0.578125 0.971875 0.017857 0.018750
2 0.583036 0.991563 0.014286 0.017500
2 0.594643 0.980312 0.010714 0.020000
2 0.671429 0.950000 0.012500 0.018750
2 0.636607 0.943125 0.014286 0.017500
2 0.627679 0.942812 0.014286 0.020000
2 0.560714 0.924375 0.014286 0.017500
2 0.570536 0.925938 0.016071 0.017500
2 0.579464 0.929688 0.016071 0.018750
2 0.588393 0.931875 0.016071 0.020000
2 0.601786 0.934375 0.016071 0.018750
2 0.612500 0.937813 0.010714 0.016250
2 0.620536 0.941250 0.017857 0.020000
2 0.604464 0.981250 0.012500 0.018750
2 0.614732 0.984375 0.010714 0.018750
2 0.624107 0.986250 0.016071 0.016250
2 0.632589 0.995937 0.010714 0.007500
2 0.848661 0.987813 0.014286 0.022500
2 0.847321 0.961562 0.016071 0.020000
2 0.826786 0.915938 0.019643 0.022500
2 0.815625 0.888750 0.010714 0.021250
2 0.652679 0.998125 0.010714 0.002500
2 0.663839 0.991875 0.010714 0.015000
2 0.656696 0.986250 0.014286 0.016250
2 0.672768 0.994688 0.010714 0.011250
2 0.681696 0.994688 0.010714 0.011250
2 0.698214 0.995625 0.012500 0.010000
2 0.707589 0.995000 0.008929 0.008750
2 0.718750 0.995937 0.008929 0.007500
2 0.727679 0.998125 0.008929 0.002500
2 0.638839 0.988438 0.014286 0.017500
2 0.564286 0.164062 0.021429 0.018750
2 0.558482 0.026562 0.023214 0.012500
2 0.567411 0.047500 0.023214 0.013750
2 0.619196 0.038125 0.019643 0.007500
2 0.621429 0.045000 0.019643 0.008750
2 0.622321 0.051875 0.021429 0.010000
2 0.632143 0.067187 0.023214 0.012500
2 0.580357 0.127500 0.026786 0.011250
2 0.590625 0.140625 0.025000 0.012500
2 0.598214 0.161250 0.026786 0.010000
2 0.605357 0.173750 0.023214 0.010000
2 0.624107 0.212188 0.025000 0.008750
2 0.558929 0.149063 0.019643 0.020000
2 0.566964 0.168125 0.017857 0.017500
2 0.360268 0.902812 0.019643 0.008750
2 0.575893 0.175313 0.017857 0.016250
2 0.575893 0.182500 0.017857 0.015000
2 0.550000 0.130000 0.019643 0.016250
2 0.539732 0.106875 0.021429 0.020000
2 0.309375 0.807813 0.025000 0.018750
2 0.354464 0.858437 0.021429 0.013750
2 0.376786 0.865625 0.021429 0.012500
2 0.302679 0.879375 0.025000 0.008750
2 0.302679 0.887187 0.025000 0.008750
2 0.298661 0.894063 0.021429 0.010000
2 0.344643 0.884688 0.019643 0.010000
2 0.343304 0.889375 0.021429 0.010000
2 0.341518 0.897813 0.017857 0.011250
2 0.363393 0.889375 0.021429 0.010000
2 0.362500 0.895312 0.019643 0.012500
2 0.356250 0.908125 0.025000 0.010000
2 0.555357 0.893125 0.012500 0.017500
2 0.563839 0.894688 0.016071 0.017500
2 0.574107 0.897813 0.014286 0.017500
2 0.605357 0.901563 0.014286 0.018750
2 0.615625 0.907813 0.012500 0.018750
2 0.691964 0.921875 0.017857 0.018750
2 0.726786 0.928750 0.016071 0.020000
2 0.735714 0.929063 0.016071 0.017500
2 0.751786 0.933750 0.012500 0.017500
2 0.761607 0.936250 0.014286 0.016250
2 0.768304 0.937813 0.014286 0.016250
2 0.780357 0.940625 0.016071 0.018750
2 0.791518 0.954688 0.016071 0.018750
2 0.800000 0.972813 0.019643 0.011250
2 0.529018 0.906563 0.017857 0.010000
2 0.354018 0.915000 0.025000 0.011250
2 0.521429 0.911250 0.025000 0.010000
2 0.522768 0.918437 0.023214 0.008750
2 0.520536 0.925625 0.023214 0.007500
2 0.512946 0.934375 0.021429 0.012500
2 0.509821 0.942500 0.019643 0.010000
2 0.508482 0.948125 0.021429 0.008750
2 0.506250 0.955000 0.021429 0.010000
2 0.501786 0.964375 0.021429 0.010000
2 0.498214 0.973125 0.023214 0.008750
2 0.496875 0.978438 0.025000 0.010000
2 0.491518 0.987500 0.023214 0.012500
2 0.468304 0.908125 0.021429 0.010000
2 0.470536 0.903750 0.021429 0.007500
2 0.470536 0.896562 0.021429 0.008750
2 0.471429 0.890625 0.023214 0.012500
2 0.353125 0.921562 0.023214 0.008750
2 0.406696 0.896250 0.023214 0.011250
2 0.424107 0.901875 0.017857 0.010000
2 0.405357 0.903438 0.025000 0.010000
2 0.400446 0.909375 0.019643 0.012500
2 0.399107 0.916563 0.021429 0.011250
2 0.398214 0.923750 0.019643 0.010000
2 0.395089 0.927500 0.026786 0.011250
2 0.392411 0.934062 0.021429 0.008750
2 0.390179 0.938125 0.021429 0.007500
2 0.386607 0.945000 0.023214 0.008750
2 0.408929 0.944375 0.023214 0.013750
2 0.406696 0.950625 0.023214 0.013750
2 0.401786 0.956875 0.026786 0.013750
2 0.435714 0.989375 0.023214 0.010000
2 0.429911 0.995000 0.025000 0.008750
2 0.447321 0.961562 0.028571 0.013750
2 0.448214 0.951562 0.021429 0.012500
2 0.455804 0.940625 0.023214 0.012500
2 0.457143 0.931875 0.021429 0.007500
2 0.459821 0.927187 0.017857 0.007500
2 0.462500 0.921250 0.023214 0.011250
2 0.464732 0.914375 0.023214 0.010000
2 0.482589 0.870313 0.023214 0.012500
2 0.476339 0.883750 0.019643 0.011250
2 0.956696 0.610938 0.007143 0.018750
2 0.964286 0.383750 0.008929 0.017500
2 0.976339 0.383125 0.010714 0.016250
2 0.985268 0.381250 0.010714 0.018750
2 0.994196 0.381562 0.010714 0.016250
2 0.956696 0.386875 0.007143 0.017500
2 0.965179 0.354375 0.010714 0.021250
2 0.954464 0.353437 0.007143 0.022500
2 0.858482 0.612812 0.007143 0.016250
2 0.875893 0.613438 0.010714 0.017500
2 0.883929 0.612812 0.008929 0.016250
2 0.901786 0.612812 0.008929 0.016250
2 0.912946 0.612500 0.008929 0.018750
2 0.929464 0.611250 0.010714 0.016250
2 0.947768 0.611250 0.007143 0.016250
2 0.230804 0.462188 0.010714 0.015000
