2 0.929018 0.653438 0.014286 0.022500
2 0.952679 0.655625 0.012500 0.017500
2 0.976339 0.626250 0.010714 0.021250
2 0.815625 0.556250 0.010714 0.018750
2 0.862054 0.560000 0.014286 0.026250
2 0.886607 0.558437 0.014286 0.026250
2 0.910268 0.558437 0.012500 0.020000
2 0.816964 0.479375 0.017857 0.027500
2 0.928125 0.462500 0.012500 0.025000
2 0.965625 0.468125 0.016071 0.030000
2 0.867857 0.655625 0.012500 0.017500
2 0.890625 0.654062 0.008929 0.017500
2 0.849107 0.650938 0.010714 0.017500
2 0.439286 0.435313 0.012500 0.017500
2 0.122768 0.814375 0.035714 0.010000
2 0.133929 0.796250 0.035714 0.011250
2 0.134375 0.756563 0.032143 0.010000
2 0.362054 0.675625 0.014286 0.020000
2 0.348214 0.519375 0.026786 0.020000
2 0.366518 0.511562 0.023214 0.020000
2 0.384821 0.506563 0.019643 0.022500
2 0.401339 0.499688 0.021429 0.021250
2 0.421875 0.495625 0.026786 0.022500
2 0.325893 0.538750 0.026786 0.008750
2 0.464286 0.504375 0.035714 0.008750
2 0.299107 0.430625 0.008929 0.017500
2 0.314286 0.429375 0.012500 0.015000
2 0.333929 0.430312 0.016071 0.020000
2 0.354464 0.431250 0.012500 0.018750
2 0.377679 0.431250 0.014286 0.018750
2 0.395982 0.431875 0.010714 0.020000
2 0.418750 0.432500 0.016071 0.021250
2 0.494643 0.433437 0.016071 0.020000
2 0.832143 0.650625 0.012500 0.020000
2 0.548214 0.436875 0.016071 0.017500
2 0.900446 0.953125 0.010714 0.025000
2 0.925446 0.875625 0.016071 0.020000
2 0.921429 0.950313 0.012500 0.022500
2 0.624554 0.715000 0.012500 0.023750
2 0.691071 0.717500 0.016071 0.022500
2 0.798214 0.693438 0.016071 0.021250
2 0.842857 0.695312 0.016071 0.025000
2 0.876339 0.696875 0.016071 0.025000
2 0.905804 0.696562 0.012500 0.021250
2 0.607589 0.638437 0.014286 0.023750
2 0.628571 0.632812 0.016071 0.025000
2 0.651339 0.637813 0.012500 0.022500
2 0.672321 0.640000 0.014286 0.023750
2 0.690179 0.641563 0.014286 0.023750
2 0.709375 0.645937 0.012500 0.020000
2 0.732143 0.640313 0.008929 0.021250
2 0.755804 0.644375 0.016071 0.020000
2 0.795536 0.646250 0.010714 0.017500
2 0.812500 0.649375 0.008929 0.017500
2 0.793304 0.998125 0.010714 0.002500
2 0.776786 0.996875 0.008929 0.006250
2 0.735268 0.995000 0.010714 0.008750
2 0.492857 0.893125 0.012500 0.017500
2 0.418750 0.346875 0.025000 0.012500
2 0.475000 0.345000 0.030357 0.008750
2 0.008482 0.985625 0.012500 0.021250
2 0.074107 0.985313 0.014286 0.023750
2 0.122768 0.986875 0.017857 0.023750
2 0.297768 0.845625 0.028571 0.010000
2 0.291964 0.864062 0.030357 0.012500
2 0.633036 0.857500 0.016071 0.021250
2 0.612500 0.838125 0.010714 0.020000
2 0.583929 0.848125 0.016071 0.027500
2 0.528571 0.845625 0.012500 0.022500
2 0.491518 0.918750 0.014286 0.018750
2 0.700893 0.995625 0.008929 0.010000
2 0.563393 0.920312 0.010714 0.018750
2 0.553125 0.985000 0.012500 0.020000
2 0.586161 0.988750 0.016071 0.021250
2 0.619643 0.931250 0.016071 0.018750
2 0.655804 0.930000 0.012500 0.022500
2 0.801786 0.944063 0.014286 0.022500
2 0.723661 0.863438 0.014286 0.023750
2 0.845536 0.908125 0.012500 0.022500
2 0.837946 0.943125 0.010714 0.017500
2 0.680357 0.991875 0.012500 0.015000
2 0.551339 0.894375 0.017857 0.026250
2 0.568304 0.634687 0.016071 0.022500
2 0.586607 0.637813 0.012500 0.022500
2 0.984821 0.665000 0.014286 0.023750
