2 0.199107 0.751563 0.032143 0.012500
2 0.251786 0.701875 0.030357 0.010000
2 0.351339 0.985000 0.028571 0.013750
2 0.329464 0.968437 0.025000 0.008750
2 0.304911 0.895000 0.016071 0.021250
2 0.206250 0.776875 0.037500 0.010000
2 0.192857 0.738438 0.028571 0.011250
2 0.206696 0.726875 0.033929 0.010000
2 0.304018 0.555000 0.023214 0.028750
2 0.336607 0.560312 0.012500 0.023750
2 0.217857 0.875313 0.033929 0.010000
2 0.900000 0.950937 0.023214 0.023750
2 0.927679 0.933750 0.016071 0.023750
2 0.939732 0.960000 0.017857 0.020000
