2 0.314286 0.127500 0.075000 0.023750
2 0.420982 0.112813 0.069643 0.028750
2 0.189286 0.146875 0.066071 0.025000
2 0.192857 0.155313 0.073214 0.026250
2 0.198214 0.165938 0.066071 0.022500
2 0.290179 0.069375 0.044643 0.020000
2 0.346429 0.091875 0.076786 0.027500
2 0.191518 0.672813 0.075000 0.030000
2 0.467857 0.953125 0.033929 0.043750
2 0.450446 0.953750 0.039286 0.045000
2 0.076786 0.966250 0.028571 0.013750
2 0.322321 0.081250 0.010714 0.018750
2 0.338393 0.079063 0.016071 0.017500
2 0.348661 0.075000 0.014286 0.018750
2 0.361607 0.074375 0.017857 0.017500
2 0.373214 0.069687 0.014286 0.017500
2 0.324554 0.047813 0.019643 0.017500
2 0.344643 0.044062 0.019643 0.016250
2 0.356696 0.040000 0.012500 0.017500
2 0.369643 0.036875 0.016071 0.017500
2 0.478125 0.896250 0.014286 0.011250
2 0.495536 0.930312 0.017857 0.020000
2 0.480357 0.931875 0.041071 0.051250
2 0.491071 0.991563 0.017857 0.017500
2 0.475893 0.995937 0.014286 0.007500
2 0.407143 0.884375 0.028571 0.012500
2 0.469643 0.879687 0.019643 0.018750
2 0.379464 0.035313 0.017857 0.017500
2 0.395089 0.031875 0.017857 0.020000
2 0.680357 0.004063 0.012500 0.005000
2 0.664286 0.005312 0.016071 0.007500
2 0.641964 0.007812 0.016071 0.012500
2 0.629464 0.009687 0.017857 0.016250
2 0.617411 0.011250 0.016071 0.016250
2 0.442857 0.835938 0.019643 0.012500
