2 0.788393 0.943750 0.023214 0.006250
2 0.837054 0.939688 0.017857 0.007500
2 0.590625 0.932813 0.025000 0.006250
2 0.564286 0.946875 0.021429 0.006250
2 0.717857 0.617500 0.016071 0.016250
2 0.983929 0.641250 0.012500 0.013750
2 0.708929 0.133750 0.016071 0.011250
2 0.712500 0.151875 0.023214 0.010000
2 0.589286 0.197813 0.017857 0.011250
2 0.629018 0.177500 0.021429 0.011250
2 0.649554 0.165625 0.017857 0.012500
2 0.823661 0.034375 0.017857 0.012500
2 0.650000 0.139375 0.014286 0.016250
2 0.701786 0.096250 0.019643 0.011250
2 0.793750 0.885938 0.007143 0.012500
2 0.731696 0.703125 0.012500 0.012500
