2 0.475000 0.034375 0.012500 0.018750
2 0.474107 0.054375 0.010714 0.015000
2 0.465179 0.086563 0.010714 0.020000
2 0.214732 0.675625 0.014286 0.020000
2 0.233036 0.650000 0.010714 0.018750
2 0.259821 0.661875 0.010714 0.017500
2 0.252232 0.678750 0.008929 0.013750
2 0.253125 0.700313 0.010714 0.016250
2 0.309821 0.788438 0.021429 0.017500
2 0.333036 0.656250 0.014286 0.018750
2 0.341964 0.693750 0.014286 0.018750
2 0.509375 0.641250 0.032143 0.013750
2 0.255804 0.737812 0.016071 0.016250
2 0.285268 0.743125 0.021429 0.017500
2 0.366518 0.912500 0.014286 0.018750
2 0.368750 0.935000 0.014286 0.013750
2 0.396429 0.987500 0.016071 0.018750
2 0.045982 0.616875 0.016071 0.015000
2 0.008482 0.960625 0.012500 0.015000
2 0.024554 0.947813 0.017857 0.017500
2 0.045982 0.932188 0.025000 0.017500
2 0.066071 0.920000 0.016071 0.015000
2 0.458036 0.107187 0.014286 0.017500
2 0.456250 0.130937 0.010714 0.021250
2 0.576786 0.148750 0.010714 0.016250
2 0.305357 0.173125 0.012500 0.015000
2 0.004911 0.395625 0.005357 0.010000
2 0.512500 0.343438 0.016071 0.015000
2 0.536161 0.649062 0.014286 0.013750
2 0.306250 0.760313 0.014286 0.017500
2 0.271429 0.755312 0.016071 0.013750
2 0.327679 0.804063 0.021429 0.017500
2 0.379911 0.953438 0.014286 0.016250
2 0.363393 0.748125 0.012500 0.015000
2 0.357589 0.728750 0.014286 0.013750
2 0.368750 0.765000 0.014286 0.017500
2 0.567857 0.515625 0.028571 0.012500
