2 0.016875 0.4034375 0.015 0.028749999999999998
2 0.0303125 0.3415625 0.013750000000000002 0.02375
2 0.1365625 0.0984375 0.013750000000000002 0.025
2 0.16375 0.231875 0.021249999999999998 0.013750000000000002
2 0.0040625 0.2046875 0.005 0.0125
2 0.07062500000000001 0.221875 0.0225 0.0125
2 0.9859375 0.40374999999999994 0.025 0.013750000000000002
2 0.2925 0.9112500000000001 0.01625 0.034999999999999996
2 0.9315625000000001 0.3703125 0.028749999999999998 0.01875
2 0.8634375000000001 0.33999999999999997 0.02375 0.017499999999999998
2 0.6903125 0.28312499999999996 0.027500000000000004 0.01625
2 0.6599999999999999 0.29031250000000003 0.026250000000000002 0.015
2 0.556875 0.2734375 0.026250000000000002 0.0125
2 0.484375 0.2515625 0.025 0.0125
2 0.44718749999999996 0.2640625 0.0225 0.0125
2 0.4178125 0.24562499999999998 0.02 0.01
2 0.3625 0.238125 0.025 0.013750000000000002
2 0.368125 0.25406249999999997 0.02375 0.01125
2 0.27937500000000004 0.244375 0.027500000000000004 0.013750000000000002
