2 0.784375 0.9675 0.025 0.01625
2 0.7771874999999999 0.2875 0.02 0.01875
2 0.881875 0.8265625 0.013750000000000002 0.025
2 0.9653124999999999 0.0059375 0.015 0.008749999999999999
2 0.9746874999999999 0.0090625 0.021249999999999998 0.015
2 0.9828125 0.013750000000000002 0.01875 0.021249999999999998
2 0.9915625 0.020624999999999998 0.017499999999999998 0.0225
2 0.784375 0.9675 0.025 0.01625
2 0.7771874999999999 0.2875 0.02 0.01875
2 0.881875 0.8265625 0.013750000000000002 0.025
2 0.9653124999999999 0.0059375 0.015 0.008749999999999999
2 0.9746874999999999 0.0090625 0.021249999999999998 0.015
2 0.9828125 0.013750000000000002 0.01875 0.021249999999999998
2 0.9915625 0.020624999999999998 0.017499999999999998 0.0225
