2 0.3821875 0.0053124999999999995 0.017499999999999998 0.0075
2 0.40499999999999997 0.0090625 0.0225 0.015
2 0.3859375 0.0140625 0.01875 0.0125
2 0.41312499999999996 0.01625 0.02 0.013750000000000002
2 0.3934375 0.023125 0.021249999999999998 0.015
2 0.4146875 0.0415625 0.02 0.01125
2 0.4175 0.053125 0.0225 0.0125
2 0.395 0.045625 0.021249999999999998 0.01625
2 0.395625 0.058750000000000004 0.0225 0.017499999999999998
2 0.403125 0.06937499999999999 0.01875 0.013750000000000002
2 0.42093749999999996 0.0646875 0.02 0.013750000000000002
2 0.40812499999999996 0.080625 0.0225 0.017499999999999998
2 0.17124999999999999 0.0625 0.02375 0.01875
2 0.30625 0.0325 0.01875 0.015
2 0.2584375 0.018437500000000002 0.02 0.015
2 0.2528125 0.0071874999999999994 0.021249999999999998 0.01125
2 0.1734375 0.010312499999999999 0.025 0.017499999999999998
2 0.183125 0.0328125 0.0225 0.0125
2 0.16312500000000002 0.0384375 0.02 0.01125
2 0.1903125 0.041875 0.021249999999999998 0.015
2 0.19437500000000002 0.05437499999999999 0.02 0.015
2 0.195 0.0653125 0.021249999999999998 0.015
2 0.2 0.0753125 0.01875 0.01625
2 0.16593750000000002 0.0503125 0.0225 0.01625
2 0.18125 0.0975 0.01875 0.013750000000000002
2 0.27156250000000004 0.0678125 0.015 0.013750000000000002
2 0.26749999999999996 0.05437499999999999 0.01625 0.015
2 0.2646875 0.041249999999999995 0.02 0.013750000000000002
2 0.238125 0.03 0.02 0.01625
2 0.36343749999999997 0.11687499999999999 0.02375 0.015
2 0.37 0.135625 0.021249999999999998 0.015
2 0.3759375 0.1521875 0.017499999999999998 0.013750000000000002
2 0.3771875 0.1653125 0.02 0.015
2 0.383125 0.179375 0.01625 0.015
2 0.38687499999999997 0.1921875 0.02375 0.01875
2 0.3909375 0.20375000000000001 0.01625 0.013750000000000002
2 0.33968750000000003 0.028749999999999998 0.013750000000000002 0.013750000000000002
2 0.313125 0.05437499999999999 0.02 0.015
2 0.4325 0.073125 0.021249999999999998 0.015
2 0.484375 0.2621875 0.025 0.015
2 0.43218750000000006 0.08562499999999999 0.017499999999999998 0.015
2 0.4134375 0.090625 0.017499999999999998 0.0125
2 0.4378125 0.10500000000000001 0.0225 0.01625
2 0.41500000000000004 0.100625 0.017499999999999998 0.013750000000000002
2 0.418125 0.11156250000000001 0.017499999999999998 0.013750000000000002
2 0.44437499999999996 0.13 0.02 0.01625
2 0.42000000000000004 0.123125 0.021249999999999998 0.015
2 0.4215625 0.1371875 0.021249999999999998 0.015
2 0.5090625 0.1690625 0.021249999999999998 0.01625
2 0.5131249999999999 0.18125 0.02 0.0125
2 0.51625 0.19125 0.02 0.013750000000000002
2 0.5209374999999999 0.20437500000000003 0.02 0.015
2 0.4809375 0.25187499999999996 0.021249999999999998 0.01625
2 0.47625 0.24125000000000002 0.021249999999999998 0.013750000000000002
2 0.47000000000000003 0.216875 0.021249999999999998 0.015
2 0.456875 0.174375 0.02 0.017499999999999998
2 0.43562500000000004 0.1809375 0.021249999999999998 0.015
2 0.4603125 0.1846875 0.017499999999999998 0.01625
2 0.43968749999999995 0.1925 0.02 0.01625
2 0.83625 0.480625 0.0225 0.017499999999999998
2 0.779375 0.01625 0.027500000000000004 0.02
2 0.44343750000000004 0.20437500000000003 0.021249999999999998 0.015
2 0.46187500000000004 0.195625 0.017499999999999998 0.01625
2 0.39437500000000003 0.216875 0.02 0.015
2 0.4671875 0.20812499999999998 0.01875 0.01625
2 0.45125000000000004 0.23718750000000002 0.021249999999999998 0.015
2 0.45062499999999994 0.22562500000000002 0.02 0.013750000000000002
2 0.4546875 0.2475 0.01875 0.013750000000000002
2 0.46187500000000004 0.270625 0.017499999999999998 0.01625
2 0.46875 0.27875 0.01875 0.013750000000000002
2 0.10687500000000001 0.027500000000000004 0.02 0.017499999999999998
2 0.0084375 0.16312500000000002 0.013750000000000002 0.013750000000000002
2 0.24874999999999997 0.074375 0.0225 0.017499999999999998
2 0.20437500000000003 0.091875 0.021249999999999998 0.015
2 0.41375 0.028749999999999998 0.021249999999999998 0.013750000000000002
2 0.8128125 0.048125 0.028749999999999998 0.021249999999999998
2 0.40125 0.22562500000000002 0.021249999999999998 0.013750000000000002
2 0.40062499999999995 0.24125000000000002 0.02 0.013750000000000002
2 0.89375 0.6746875 0.01875 0.015
2 0.361875 0.1078125 0.017499999999999998 0.0125
