2 0.040625 0.9915625 0.0125 0.017499999999999998
2 0.027187499999999996 0.9928125 0.013750000000000002 0.013750000000000002
2 0.3546875 0.515 0.0375 0.03
2 0.70875 0.47843749999999996 0.03625 0.034999999999999996
2 0.6925 0.48250000000000004 0.028749999999999998 0.03375
2 0.6728125 0.48687500000000006 0.03 0.03
2 0.390625 0.7684375 0.025 0.04
2 0.5134375 0.8690625000000001 0.03 0.0225
2 0.16999999999999998 0.650625 0.027500000000000004 0.026250000000000002
2 0.3103125 0.9481249999999999 0.01125 0.027500000000000004
2 0.1975 0.9643750000000001 0.013750000000000002 0.0225
2 0.1821875 0.9625 0.017499999999999998 0.025
2 0.16218749999999998 0.9578125 0.008749999999999999 0.025
2 0.15031250000000002 0.9574999999999999 0.01625 0.021249999999999998
2 0.01625 0.7059375 0.013750000000000002 0.021249999999999998
2 0.058750000000000004 0.9028124999999999 0.01125 0.021249999999999998
2 0.0396875 0.89625 0.013750000000000002 0.02375
2 0.0846875 0.906875 0.01625 0.02
2 0.06343750000000001 0.838125 0.01125 0.02
2 0.17250000000000001 0.860625 0.013750000000000002 0.021249999999999998
2 0.15531250000000002 0.859375 0.013750000000000002 0.01875
2 0.1446875 0.8540625000000001 0.01125 0.017499999999999998
2 0.133125 0.8515625 0.01625 0.025
2 0.11687499999999999 0.8487500000000001 0.015 0.0225
2 0.10375000000000001 0.85125 0.013750000000000002 0.027500000000000004
2 0.090625 0.844375 0.0125 0.02
2 0.07875 0.8418749999999999 0.013750000000000002 0.021249999999999998
2 0.0390625 0.8359375 0.01875 0.025
2 0.09281249999999999 0.909375 0.013750000000000002 0.01875
2 0.0209375 0.8324999999999999 0.013750000000000002 0.021249999999999998
2 0.20249999999999999 0.9334374999999999 0.01125 0.02
2 0.17875000000000002 0.9240625 0.013750000000000002 0.02
2 0.166875 0.9203125 0.015 0.025
2 0.14125000000000001 0.9159375000000001 0.013750000000000002 0.0225
2 0.12625 0.9125 0.015 0.025
2 0.11281250000000001 0.91375 0.01625 0.021249999999999998
2 0.8143750000000001 0.5725 0.034999999999999996 0.06375
2 0.8012499999999999 0.671875 0.07125000000000001 0.0375
2 0.724375 0.759375 0.0675 0.03125
2 0.5775 0.5571875000000001 0.04875 0.0675
2 0.4828125 0.5296875 0.075 0.04375
2 0.8731249999999999 0.923125 0.03375 0.052500000000000005
2 0.2896875 0.7103125 0.0325 0.042499999999999996
2 0.160625 0.8890625 0.027500000000000004 0.025
2 0.0084375 0.9884375000000001 0.013750000000000002 0.02375
2 0.135625 0.9506249999999999 0.015 0.026250000000000002
2 0.45562500000000006 0.9193749999999999 0.03 0.02
2 0.48375 0.9353125 0.017499999999999998 0.017499999999999998
2 0.496875 0.9340624999999999 0.0125 0.021249999999999998
2 0.5065625 0.931875 0.01625 0.026250000000000002
2 0.50625 0.9571875000000001 0.01875 0.02375
2 0.5259375000000001 0.9528125 0.017499999999999998 0.021249999999999998
2 0.49124999999999996 0.9646874999999999 0.026250000000000002 0.03875
2 0.505 0.8159375000000001 0.01625 0.0225
2 0.4875 0.81875 0.01875 0.025
2 0.44281249999999994 0.898125 0.026250000000000002 0.021249999999999998
2 0.44875 0.9087500000000001 0.0225 0.017499999999999998
2 0.44000000000000006 0.8846875000000001 0.02375 0.01625
2 0.6496875 0.803125 0.03375 0.025
2 0.7731250000000001 0.3821875 0.015 0.02375
2 0.653125 0.4171875 0.03125 0.01875
2 0.1 0.6071875 0.01875 0.017499999999999998
2 0.2290625 0.7275 0.017499999999999998 0.02375
2 0.315625 0.883125 0.0125 0.0225
2 0.3403125 0.9271874999999999 0.015 0.02
2 0.34562499999999996 0.728125 0.0225 0.025
2 0.52 0.8128125 0.015 0.0225
2 0.5525 0.8400000000000001 0.03625 0.02375
2 0.190625 0.9315625000000001 0.0125 0.0225
