2 0.9493750000000001 0.990625 0.017499999999999998 0.01875
2 0.9246874999999999 0.9328125 0.021249999999999998 0.025
2 0.936875 0.969375 0.017499999999999998 0.02
2 0.91625 0.909375 0.02 0.025
2 0.954375 0.943125 0.015 0.02375
2 0.9525 0.49437499999999995 0.017499999999999998 0.026250000000000002
2 0.715625 0.6165625 0.0125 0.02375
2 0.944375 0.9175000000000001 0.02 0.028749999999999998
2 0.7681250000000001 0.0709375 0.01125 0.02
2 0.858125 0.17906249999999999 0.01 0.02375
2 0.9196875 0.4871875 0.017499999999999998 0.021249999999999998
2 0.9862500000000001 0.4953125 0.028749999999999998 0.04375
2 0.14781249999999999 0.4375 0.02375 0.01875
2 0.3915625 0.694375 0.02375 0.0325
2 0.8646874999999999 0.9778125 0.013750000000000002 0.021249999999999998
2 0.9053125 0.37 0.013750000000000002 0.021249999999999998
