2 0.1 0.52625 0.01875 0.015
2 0.3325 0.49812500000000004 0.021249999999999998 0.015
2 0.319375 0.546875 0.02 0.0125
2 0.24281250000000001 0.45187499999999997 0.02 0.01625
2 0.138125 0.47874999999999995 0.02 0.013750000000000002
2 0.140625 0.49312500000000004 0.025 0.017499999999999998
2 0.15 0.510625 0.01875 0.015
2 0.1540625 0.5231250000000001 0.017499999999999998 0.015
2 0.10187500000000001 0.5403125 0.0225 0.015
2 0.15625 0.548125 0.01875 0.015
2 0.10625 0.55125 0.01875 0.015
2 0.0809375 0.558125 0.021249999999999998 0.01625
2 0.3078125 0.66875 0.025 0.01875
2 0.09125 0.5165625 0.02 0.017499999999999998
2 0.3603125 0.5934375000000001 0.02375 0.015
2 0.3225 0.718125 0.02 0.017499999999999998
2 0.38125 0.500625 0.03125 0.02
2 0.38125 0.7521875 0.01875 0.013750000000000002
2 0.40499999999999997 0.7581249999999999 0.0225 0.01625
2 0.3859375 0.7640625 0.01875 0.0125
2 0.41312499999999996 0.76625 0.02 0.013750000000000002
2 0.3934375 0.7731250000000001 0.021249999999999998 0.015
2 0.445625 0.7034374999999999 0.0225 0.01625
2 0.4146875 0.7915625000000001 0.02 0.01125
2 0.4175 0.803125 0.0225 0.0125
2 0.395 0.795625 0.021249999999999998 0.01625
2 0.395625 0.8087500000000001 0.0225 0.017499999999999998
2 0.221875 0.5037499999999999 0.01875 0.013750000000000002
2 0.35750000000000004 0.57875 0.021249999999999998 0.013750000000000002
2 0.403125 0.819375 0.01875 0.013750000000000002
2 0.41531250000000003 0.61375 0.021249999999999998 0.015
2 0.3334375 0.3271875 0.02 0.013750000000000002
2 0.3603125 0.4178125 0.017499999999999998 0.013750000000000002
2 0.36375 0.44000000000000006 0.015 0.01125
2 0.368125 0.45375 0.017499999999999998 0.013750000000000002
2 0.37625000000000003 0.473125 0.021249999999999998 0.015
2 0.39718749999999997 0.545 0.0225 0.015
2 0.40062499999999995 0.566875 0.02 0.015
2 0.4109375 0.593125 0.01875 0.01125
2 0.41500000000000004 0.6025 0.017499999999999998 0.01125
2 0.42093749999999996 0.8146875 0.02 0.013750000000000002
2 0.40812499999999996 0.8306250000000001 0.0225 0.017499999999999998
2 0.17124999999999999 0.8125 0.02375 0.01875
2 0.30625 0.7825 0.01875 0.015
2 0.2584375 0.7684375 0.02 0.015
2 0.2528125 0.7571875 0.021249999999999998 0.01125
2 0.24906250000000002 0.74125 0.02 0.013750000000000002
2 0.1734375 0.759375 0.025 0.01875
2 0.183125 0.7828125 0.0225 0.0125
2 0.16312500000000002 0.7884375 0.02 0.01125
2 0.1903125 0.791875 0.021249999999999998 0.015
2 0.19437500000000002 0.804375 0.02 0.015
2 0.195 0.8153124999999999 0.021249999999999998 0.015
2 0.2 0.8253125000000001 0.01875 0.01625
2 0.16593750000000002 0.8003125000000001 0.0225 0.01625
2 0.18125 0.8474999999999999 0.01875 0.013750000000000002
2 0.38656250000000003 0.51375 0.02 0.015
2 0.27156250000000004 0.8178124999999999 0.015 0.013750000000000002
2 0.26749999999999996 0.804375 0.01625 0.015
2 0.2646875 0.79125 0.02 0.013750000000000002
2 0.238125 0.78 0.02 0.01625
2 0.36343749999999997 0.866875 0.02375 0.015
2 0.37 0.8856249999999999 0.021249999999999998 0.015
2 0.3759375 0.9021874999999999 0.017499999999999998 0.013750000000000002
2 0.3771875 0.9153125 0.02 0.015
2 0.383125 0.929375 0.01625 0.015
2 0.38687499999999997 0.9421875 0.02375 0.01875
2 0.3909375 0.95375 0.01625 0.013750000000000002
2 0.33968750000000003 0.7787499999999999 0.013750000000000002 0.013750000000000002
2 0.313125 0.804375 0.02 0.015
2 0.4178125 0.525 0.02 0.01875
2 0.4325 0.8231249999999999 0.021249999999999998 0.015
2 0.43218750000000006 0.835625 0.017499999999999998 0.015
2 0.4134375 0.840625 0.017499999999999998 0.0125
2 0.4378125 0.8550000000000001 0.0225 0.01625
2 0.41500000000000004 0.850625 0.017499999999999998 0.013750000000000002
2 0.418125 0.8615625 0.017499999999999998 0.013750000000000002
2 0.44437499999999996 0.8800000000000001 0.02 0.01625
2 0.42000000000000004 0.8731249999999999 0.021249999999999998 0.015
2 0.4215625 0.8871874999999999 0.021249999999999998 0.015
2 0.5090625 0.9190625000000001 0.021249999999999998 0.01625
2 0.5131249999999999 0.93125 0.02 0.0125
2 0.51625 0.9412499999999999 0.02 0.013750000000000002
2 0.5209374999999999 0.954375 0.02 0.015
2 0.47625 0.99125 0.021249999999999998 0.013750000000000002
2 0.47000000000000003 0.9668749999999999 0.021249999999999998 0.015
2 0.456875 0.9243750000000001 0.02 0.017499999999999998
2 0.43562500000000004 0.9309375 0.021249999999999998 0.015
2 0.4603125 0.9346875000000001 0.017499999999999998 0.01625
2 0.43968749999999995 0.9425000000000001 0.02 0.01625
2 0.0821875 0.5446875 0.02375 0.017499999999999998
2 0.77 0.7096875 0.021249999999999998 0.01625
2 0.42843749999999997 0.5575 0.0225 0.021249999999999998
2 0.77 0.7212500000000001 0.021249999999999998 0.01125
2 0.779375 0.76625 0.027500000000000004 0.02
2 0.44343750000000004 0.954375 0.021249999999999998 0.015
2 0.46187500000000004 0.945625 0.017499999999999998 0.01625
2 0.39437500000000003 0.9662499999999999 0.02 0.013750000000000002
2 0.4671875 0.9581250000000001 0.01875 0.01625
2 0.45125000000000004 0.9871874999999999 0.021249999999999998 0.015
2 0.45062499999999994 0.975625 0.02 0.013750000000000002
2 0.4546875 0.9956250000000001 0.01875 0.01
2 0.10687500000000001 0.7775000000000001 0.02 0.017499999999999998
2 0.0084375 0.913125 0.013750000000000002 0.013750000000000002
2 0.24874999999999997 0.8243750000000001 0.0225 0.017499999999999998
2 0.20437500000000003 0.8418749999999999 0.021249999999999998 0.015
2 0.41375 0.7787499999999999 0.021249999999999998 0.013750000000000002
2 0.4034375 0.7434375 0.0225 0.015
2 0.9834375 0.52625 0.0325 0.027500000000000004
2 0.8128125 0.798125 0.028749999999999998 0.021249999999999998
2 0.361875 0.85875 0.02375 0.01125
2 0.40031249999999996 0.9778125 0.0225 0.015
2 0.40062499999999995 0.990625 0.02 0.0125
