2 0.65 0.8896875 0.01875 0.026250000000000002
2 0.673125 0.903125 0.021249999999999998 0.025
2 0.6825 0.914375 0.021249999999999998 0.0225
2 0.68875 0.9225 0.021249999999999998 0.02
2 0.694375 0.9359375 0.02 0.0125
2 0.6965625 0.9506249999999999 0.021249999999999998 0.013750000000000002
2 0.6996875 0.9640625 0.021249999999999998 0.0125
2 0.6971875 0.974375 0.0225 0.01125
2 0.694375 0.9878125000000001 0.02 0.01625
2 0.6940625 0.996875 0.0225 0.00625
2 0.8434375 0.6734375 0.021249999999999998 0.01875
2 0.9090624999999999 0.73875 0.021249999999999998 0.021249999999999998
2 0.8590625 0.7053125 0.021249999999999998 0.02
2 0.9225 0.71875 0.02 0.01875
2 0.8425 0.5284375 0.028749999999999998 0.0225
2 0.95875 0.595625 0.02375 0.0225
2 0.9396875 0.6971875 0.026250000000000002 0.0225
2 0.9487500000000001 0.68875 0.0225 0.015
2 0.95625 0.676875 0.025 0.0225
2 0.965625 0.6671875 0.025 0.025
2 0.975 0.660625 0.01875 0.021249999999999998
2 0.9878125000000001 0.6490625 0.0225 0.02
2 0.9775 0.7809375000000001 0.02375 0.021249999999999998
2 0.9715624999999999 0.8896875 0.027500000000000004 0.026250000000000002
2 0.5662499999999999 0.33875 0.013750000000000002 0.021249999999999998
2 0.573125 0.4371875 0.015 0.021249999999999998
2 0.7150000000000001 0.575 0.02375 0.025
2 0.1859375 0.8724999999999999 0.01875 0.013750000000000002
2 0.16312500000000002 0.8771875 0.026250000000000002 0.013750000000000002
2 0.2125 0.5384375 0.01875 0.02375
2 0.3359375 0.9378125 0.01875 0.01
2 0.3096875 0.9471875000000001 0.01625 0.01
2 0.41125 0.9484375 0.01625 0.0125
2 0.6174999999999999 0.5309375000000001 0.01625 0.021249999999999998
2 0.409375 0.936875 0.01875 0.01125
2 0.10406249999999999 0.5909375 0.02375 0.0225
2 0.045 0.556875 0.015 0.02
2 0.25906250000000003 0.70625 0.027500000000000004 0.01875
2 0.1715625 0.7815624999999999 0.021249999999999998 0.0225
2 0.42374999999999996 0.791875 0.0225 0.015
2 0.4996875 0.2703125 0.015 0.025
2 0.8825 0.0609375 0.021249999999999998 0.01875
2 0.8909375 0.0521875 0.0225 0.013750000000000002
2 0.8996875 0.042499999999999996 0.021249999999999998 0.01625
2 0.9256249999999999 0.050624999999999996 0.02 0.02
2 0.9349999999999999 0.041875 0.026250000000000002 0.027500000000000004
2 0.91375 0.0228125 0.021249999999999998 0.02375
2 0.48656249999999995 0.040625 0.02 0.0125
2 0.473125 0.3003125 0.021249999999999998 0.028749999999999998
2 0.434375 0.600625 0.025 0.02
2 0.273125 0.021562500000000002 0.021249999999999998 0.015
2 0.13374999999999998 0.26375000000000004 0.03 0.04625
2 0.289375 0.140625 0.06625 0.025
2 0.37687499999999996 0.22562500000000002 0.06 0.026250000000000002
2 0.38125 0.3146875 0.025 0.045
2 0.5706249999999999 0.71 0.0225 0.02
2 0.6278125 0.8256249999999999 0.021249999999999998 0.013750000000000002
2 0.094375 0.9621875 0.02 0.015
2 0.6334375 0.615 0.02 0.02375
2 0.665625 0.659375 0.01875 0.025
2 0.6115625 0.6012500000000001 0.02 0.021249999999999998
2 0.6075 0.5559375 0.021249999999999998 0.027500000000000004
2 0.661875 0.896875 0.017499999999999998 0.025
2 0.6425 0.8840625 0.01625 0.021249999999999998
2 0.16375 0.8699999999999999 0.021249999999999998 0.008749999999999999
2 0.236875 0.9012499999999999 0.017499999999999998 0.008749999999999999
2 0.256875 0.903125 0.02 0.0125
2 0.3125 0.923125 0.01875 0.008749999999999999
2 0.30843750000000003 0.9349999999999999 0.02 0.013750000000000002
2 0.330625 0.9253125000000001 0.017499999999999998 0.01
2 0.3328125 0.9481249999999999 0.01875 0.008749999999999999
2 0.33125 0.95875 0.01875 0.01125
2 0.3290625 0.9706250000000001 0.017499999999999998 0.01
2 0.32687499999999997 0.985625 0.0225 0.015
2 0.5096875 0.8800000000000001 0.01 0.0225
2 0.4846875 0.9581250000000001 0.0225 0.01
2 0.4840625 0.9706250000000001 0.021249999999999998 0.01
2 0.48375 0.9824999999999999 0.017499999999999998 0.008749999999999999
2 0.480625 0.993125 0.017499999999999998 0.01125
2 0.4065625 0.9712500000000001 0.0225 0.01125
2 0.465 0.9428124999999999 0.017499999999999998 0.013750000000000002
2 0.45999999999999996 0.9571875000000001 0.02 0.01125
2 0.4640625 0.9671875 0.01875 0.0125
2 0.46218750000000003 0.9784375000000001 0.021249999999999998 0.01
2 0.45968749999999997 0.99 0.0225 0.01125
2 0.4578125 0.9981249999999999 0.01875 0.0025
2 0.4871875 0.94625 0.021249999999999998 0.01125
2 0.406875 0.984375 0.02 0.0125
2 0.4046875 0.9990625 0.01875 0.00125
2 0.3834375 0.9925 0.02 0.01
2 0.385625 0.9675 0.021249999999999998 0.01
2 0.3853125 0.959375 0.02375 0.0125
2 0.3871875 0.9378125 0.027500000000000004 0.01
2 0.1578125 0.890625 0.01875 0.0125
2 0.485 0.8796875 0.013750000000000002 0.01875
2 0.630625 0.880625 0.017499999999999998 0.02375
2 0.47625 0.8793749999999999 0.008749999999999999 0.021249999999999998
2 0.2484375 0.8324999999999999 0.01875 0.021249999999999998
2 0.27999999999999997 0.8471875000000001 0.01625 0.0225
2 0.31375000000000003 0.860625 0.015 0.027500000000000004
2 0.334375 0.8653124999999999 0.0125 0.021249999999999998
2 0.36 0.8706250000000001 0.013750000000000002 0.0225
2 0.3715625 0.874375 0.015 0.02375
2 0.385 0.8740625 0.013750000000000002 0.02
2 0.39625 0.875 0.01125 0.025
2 0.40625 0.8768750000000001 0.0125 0.0225
2 0.4290625 0.8778124999999999 0.01125 0.021249999999999998
2 0.440625 0.8790625000000001 0.0125 0.02375
2 0.45437500000000003 0.8809374999999999 0.008749999999999999 0.021249999999999998
2 0.46687500000000004 0.8775000000000001 0.015 0.02375
2 0.0096875 0.9603125 0.01625 0.01125
2 0.0096875 0.9487500000000001 0.01625 0.01
2 0.010312499999999999 0.936875 0.017499999999999998 0.01125
2 0.0078125 0.98375 0.0125 0.01125
2 0.0059375 0.9949999999999999 0.008749999999999999 0.008749999999999999
2 0.621875 0.9534375 0.01875 0.01
2 0.6246875000000001 0.9646874999999999 0.021249999999999998 0.013750000000000002
2 0.618125 0.9978125 0.017499999999999998 0.005
2 0.56375 0.9571875000000001 0.021249999999999998 0.01125
2 0.5590625 0.99375 0.021249999999999998 0.0125
2 0.6178125 0.878125 0.013750000000000002 0.025
2 0.6381249999999999 0.99875 0.02 0.00375
2 0.6403125000000001 0.9800000000000001 0.021249999999999998 0.01
2 0.6403125000000001 0.9909375 0.021249999999999998 0.01
2 0.620625 0.9778125 0.0225 0.015
2 0.6168750000000001 0.9893750000000001 0.021249999999999998 0.01
2 0.54 0.94375 0.02375 0.0125
2 0.5625 0.945625 0.01875 0.01
2 0.5403125 0.9550000000000001 0.021249999999999998 0.01
2 0.5415625000000001 0.9650000000000001 0.017499999999999998 0.01125
2 0.5387500000000001 0.9759375 0.021249999999999998 0.01125
2 0.5375 0.9884375000000001 0.01875 0.01125
2 0.538125 0.99875 0.02 0.00375
2 0.34781249999999997 0.8699999999999999 0.01125 0.021249999999999998
