2 0.9359375 0.8724999999999999 0.01875 0.013750000000000002
2 0.913125 0.8771875 0.026250000000000002 0.013750000000000002
2 0.9625 0.5384375 0.01875 0.02375
2 0.0915625 0.9509375 0.05500000000000001 0.02375
2 0.490625 0.9815625000000001 0.04375 0.0225
2 0.5059375 0.943125 0.027500000000000004 0.017499999999999998
2 0.8540625000000001 0.5909375 0.02375 0.0225
2 0.795 0.556875 0.015 0.02
2 0.9215625 0.7815624999999999 0.021249999999999998 0.0225
2 0.88375 0.26375000000000004 0.03 0.04625
2 0.844375 0.9621875 0.02 0.015
2 0.913125 0.8671875 0.02 0.0125
2 0.9868750000000001 0.9012499999999999 0.017499999999999998 0.008749999999999999
2 0.9078125 0.890625 0.01875 0.0125
2 0.5578125 0.2328125 0.01875 0.0125
2 0.576875 0.15812500000000002 0.01625 0.01
2 0.5756249999999999 0.1675 0.02 0.01
2 0.5706249999999999 0.1775 0.0225 0.017499999999999998
2 0.5540625 0.255 0.017499999999999998 0.01
2 0.538125 0.321875 0.02 0.0125
2 0.5890625 0.320625 0.0125 0.0225
2 0.58875 0.27 0.021249999999999998 0.015
2 0.56875 0.18937500000000002 0.01875 0.01
2 0.583125 0.1953125 0.01 0.01875
2 0.565625 0.20249999999999999 0.01875 0.01125
2 0.561875 0.2134375 0.017499999999999998 0.01125
2 0.5609375 0.2225 0.01875 0.013750000000000002
2 0.555625 0.24562499999999998 0.017499999999999998 0.01
2 0.579375 0.13125 0.021249999999999998 0.0125
2 0.5506249999999999 0.2659375 0.02 0.01
2 0.5484375 0.2778125 0.025 0.015
2 0.546875 0.2890625 0.01875 0.0125
2 0.5428124999999999 0.3025 0.02 0.01125
2 0.615 0.32 0.01125 0.021249999999999998
2 0.6034375 0.32218749999999996 0.01 0.01625
2 0.6034375 0.22374999999999998 0.0225 0.01625
2 0.6012500000000001 0.2125 0.021249999999999998 0.0125
2 0.5990624999999999 0.93625 0.013750000000000002 0.0225
2 0.5131249999999999 0.9084375 0.02 0.013750000000000002
2 0.5125 0.8809374999999999 0.01875 0.015
2 0.579375 0.1428125 0.021249999999999998 0.013750000000000002
2 0.58125 0.121875 0.01875 0.0125
2 0.536875 0.8153124999999999 0.017499999999999998 0.015
2 0.5846875 0.1109375 0.01625 0.0125
2 0.5940624999999999 0.07375000000000001 0.01625 0.01
2 0.595625 0.06218749999999999 0.01625 0.008749999999999999
2 0.590625 0.08562499999999999 0.01875 0.015
2 0.58875 0.100625 0.021249999999999998 0.013750000000000002
2 0.51875 0.8665625 0.01875 0.017499999999999998
2 0.72375 0.928125 0.01625 0.025
2 0.9946875000000001 0.8324999999999999 0.01125 0.021249999999999998
2 0.7575000000000001 0.9609375 0.021249999999999998 0.0125
2 0.7575000000000001 0.9487500000000001 0.021249999999999998 0.01
2 0.7584375 0.936875 0.02 0.01125
2 0.7546875 0.98375 0.01875 0.01125
2 0.75 0.9949999999999999 0.01875 0.008749999999999999
2 0.5534375 0.4184375 0.01 0.021249999999999998
2 0.28250000000000003 0.3596875 0.021249999999999998 0.01625
2 0.5209374999999999 0.8474999999999999 0.02 0.013750000000000002
2 0.5315624999999999 0.803125 0.01625 0.0125
