2 0.456875 0.8768750000000001 0.02 0.0225
2 0.95875 0.179375 0.01125 0.021249999999999998
2 0.93125 0.24656250000000002 0.0125 0.027500000000000004
2 0.8778124999999999 0.37374999999999997 0.015 0.028749999999999998
2 0.5971875 0.665 0.01625 0.02375
2 0.81875 0.5287499999999999 0.0125 0.026250000000000002
2 0.8793749999999999 0.5428124999999999 0.015 0.0325
2 0.8490624999999999 0.5696875 0.013750000000000002 0.02375
2 0.8474999999999999 0.6431250000000001 0.013750000000000002 0.02375
2 0.859375 0.7015625 0.0125 0.025
2 0.8400000000000001 0.7268749999999999 0.01125 0.0225
2 0.871875 0.8765625 0.0125 0.025
2 0.8724999999999999 0.7721875 0.013750000000000002 0.028749999999999998
2 0.3934375 0.9634375000000001 0.021249999999999998 0.02375
2 0.8525 0.965625 0.017499999999999998 0.0375
