2 0.121875 0.1265625 0.0125 0.025
2 0.12250000000000001 0.0221875 0.013750000000000002 0.028749999999999998
2 0.1025 0.215625 0.017499999999999998 0.0375
2 0.15375 0.2840625 0.013750000000000002 0.021249999999999998
2 0.096875 0.458125 0.0125 0.0225
2 0.07906250000000001 0.35531250000000003 0.01125 0.02
2 0.1540625 0.45999999999999996 0.01125 0.026250000000000002
2 0.0703125 0.5575 0.0125 0.021249999999999998
2 0.1365625 0.8484375 0.013750000000000002 0.025
2 0.16375 0.9818749999999999 0.021249999999999998 0.013750000000000002
2 0.07062500000000001 0.971875 0.0225 0.0125
2 0.48375 0.9978125 0.02375 0.005
2 0.4178125 0.9956250000000001 0.02 0.01
2 0.3625 0.9881249999999999 0.025 0.013750000000000002
2 0.27875 0.99375 0.026250000000000002 0.0125
