2 0.9359375 0.12250000000000001 0.01875 0.013750000000000002
2 0.913125 0.1271875 0.026250000000000002 0.013750000000000002
2 0.8625 0.51875 0.025 0.01875
2 0.875 0.42874999999999996 0.01875 0.013750000000000002
2 0.9706250000000001 0.26968749999999997 0.0225 0.01125
2 0.991875 0.2784375 0.015 0.01
2 0.9925 0.28875 0.01625 0.008749999999999999
2 0.0915625 0.2009375 0.05500000000000001 0.02375
2 0.490625 0.23156249999999998 0.04375 0.0225
2 0.5059375 0.193125 0.027500000000000004 0.017499999999999998
2 0.9215625 0.0315625 0.021249999999999998 0.0225
2 0.844375 0.21218750000000003 0.02 0.015
2 0.9981249999999999 0.6325000000000001 0.0025 0.008749999999999999
2 0.9534375 0.6253124999999999 0.0225 0.01
2 0.99875 0.6559375000000001 0.00375 0.008749999999999999
2 0.9978125 0.6643749999999999 0.005 0.01
2 0.996875 0.676875 0.00625 0.01
2 0.9959374999999999 0.6900000000000001 0.0075 0.01125
2 0.9496874999999999 0.6481250000000001 0.021249999999999998 0.015
2 0.9512499999999999 0.6353125000000001 0.021249999999999998 0.01125
2 0.9565625000000001 0.614375 0.01625 0.01
2 0.9490624999999999 0.48375 0.02 0.01125
2 0.91375 0.12 0.021249999999999998 0.008749999999999999
2 0.9868750000000001 0.15125 0.017499999999999998 0.008749999999999999
2 0.9665625 0.5096875 0.017499999999999998 0.01
2 0.9324999999999999 0.6221875 0.021249999999999998 0.01
2 0.945 0.5290625 0.021249999999999998 0.01125
2 0.91875 0.5425 0.0125 0.0225
2 0.88125 0.5349999999999999 0.025 0.013750000000000002
2 0.880625 0.546875 0.02375 0.0125
2 0.8809374999999999 0.558125 0.021249999999999998 0.01
2 0.960625 0.5553125 0.021249999999999998 0.013750000000000002
2 0.940625 0.5625 0.01875 0.0125
2 0.963125 0.5690625 0.02 0.01
2 0.93875 0.575 0.021249999999999998 0.0125
2 0.936875 0.5875 0.017499999999999998 0.0125
2 0.9340624999999999 0.599375 0.021249999999999998 0.01125
2 0.934375 0.61125 0.025 0.01
2 0.9078125 0.140625 0.01875 0.0125
2 0.5990624999999999 0.18625 0.013750000000000002 0.0225
2 0.5131249999999999 0.1584375 0.02 0.013750000000000002
2 0.5125 0.13093749999999998 0.01875 0.015
2 0.536875 0.0653125 0.017499999999999998 0.015
2 0.51875 0.11656249999999999 0.01875 0.017499999999999998
2 0.72375 0.178125 0.01625 0.025
2 0.9896874999999999 0.32875 0.02 0.013750000000000002
2 0.93875 0.72375 0.021249999999999998 0.0225
2 0.9484375 0.73125 0.01875 0.01875
2 0.9568749999999999 0.739375 0.02 0.0225
2 0.9678125 0.74875 0.02 0.0225
2 0.9746874999999999 0.75625 0.021249999999999998 0.01875
2 0.9828125 0.76375 0.01875 0.021249999999999998
2 0.9915625 0.770625 0.017499999999999998 0.0225
2 0.9896874999999999 0.3046875 0.02 0.0125
2 0.9887499999999999 0.339375 0.021249999999999998 0.01
2 0.9946875000000001 0.08249999999999999 0.01125 0.021249999999999998
2 0.9234375 0.709375 0.01875 0.01875
2 0.930625 0.7162499999999999 0.017499999999999998 0.02
2 0.905625 0.6940625 0.02375 0.0225
2 0.7575000000000001 0.2109375 0.021249999999999998 0.0125
2 0.775625 0.47874999999999995 0.02 0.013750000000000002
2 0.7575000000000001 0.19875 0.021249999999999998 0.01
2 0.7584375 0.18687499999999999 0.02 0.01125
2 0.7546875 0.23374999999999999 0.01875 0.01125
2 0.75 0.24625 0.01875 0.01125
2 0.75 0.25875 0.01875 0.01125
2 0.7496875000000001 0.27125 0.021249999999999998 0.01125
2 0.7484375 0.28250000000000003 0.01875 0.008749999999999999
2 0.7490625 0.29375 0.02 0.0125
2 0.7621875 0.43375 0.021249999999999998 0.017499999999999998
2 0.76375 0.44749999999999995 0.021249999999999998 0.013750000000000002
2 0.7675 0.45968749999999997 0.0225 0.01625
2 0.77 0.46968750000000004 0.021249999999999998 0.017499999999999998
2 0.7778125 0.490625 0.021249999999999998 0.01875
2 0.8996875 0.681875 0.021249999999999998 0.02
2 0.783125 0.5025000000000001 0.0225 0.017499999999999998
2 0.795 0.53625 0.021249999999999998 0.01625
2 0.805625 0.5615625 0.02375 0.02
2 0.8178124999999999 0.4103125 0.02 0.01125
2 0.8196875 0.3978125 0.02375 0.01125
2 0.8209375 0.38656250000000003 0.02 0.013750000000000002
2 0.8446875 0.620625 0.02375 0.0225
2 0.8515625 0.63125 0.01875 0.01875
2 0.86625 0.6475 0.02 0.02
2 0.8734375 0.6553125 0.01875 0.02
2 0.880625 0.665 0.02375 0.02375
2 0.8887499999999999 0.6743750000000001 0.021249999999999998 0.017499999999999998
2 0.9625 0.5809375 0.01875 0.015
2 0.9071875 0.32875 0.02375 0.013750000000000002
2 0.965625 0.32218749999999996 0.025 0.01625
