2 0.32218749999999996 0.33781249999999996 0.01625 0.0225
2 0.25625 0.0084375 0.025 0.013750000000000002
2 0.22749999999999998 0.0309375 0.02375 0.021249999999999998
2 0.2665625 0.029375000000000002 0.017499999999999998 0.021249999999999998
2 0.274375 0.018437500000000002 0.017499999999999998 0.015
2 0.22156250000000002 0.13968750000000002 0.027500000000000004 0.026250000000000002
2 0.258125 0.1840625 0.0225 0.021249999999999998
2 0.27718750000000003 0.2503125 0.02 0.0225
2 0.15625 0.8178124999999999 0.01875 0.02
2 0.1234375 0.8256249999999999 0.025 0.02
2 0.1275 0.8099999999999999 0.03625 0.0325
2 0.325 0.8334374999999999 0.025 0.02
2 0.255 0.8262499999999999 0.028749999999999998 0.021249999999999998
2 0.23625 0.8087500000000001 0.028749999999999998 0.02375
2 0.10593749999999999 0.9753125 0.027500000000000004 0.0225
2 0.1125 0.9640625 0.025 0.025
2 0.14625 0.9634375000000001 0.02375 0.02375
2 0.0384375 0.9303125 0.02375 0.02
2 0.0528125 0.91375 0.021249999999999998 0.021249999999999998
2 0.088125 0.9109375 0.02 0.01875
2 0.083125 0.875625 0.0225 0.02
2 0.196875 0.8984375 0.025 0.01875
2 0.2028125 0.8887499999999999 0.027500000000000004 0.021249999999999998
2 0.2015625 0.8556250000000001 0.025 0.017499999999999998
2 0.20812499999999998 0.8481249999999999 0.0225 0.015
2 0.2140625 0.8390625 0.025 0.01875
2 0.2203125 0.8278125 0.025 0.021249999999999998
2 0.64125 0.42281250000000004 0.013750000000000002 0.02375
2 0.650625 0.42437500000000006 0.013750000000000002 0.02375
2 0.66125 0.42750000000000005 0.01625 0.02375
2 0.6725 0.43156249999999996 0.013750000000000002 0.0225
2 0.6846875 0.43375 0.01625 0.02375
2 0.471875 0.421875 0.0125 0.025
2 0.484375 0.42125 0.0125 0.02375
2 0.4971875 0.4234375 0.01625 0.025
2 0.5075000000000001 0.426875 0.015 0.028749999999999998
2 0.5181250000000001 0.42781250000000004 0.017499999999999998 0.027500000000000004
2 0.53 0.42874999999999996 0.01625 0.026250000000000002
2 0.5403125 0.43093750000000003 0.015 0.027500000000000004
2 0.605 0.41624999999999995 0.01625 0.026250000000000002
2 0.629375 0.42093749999999996 0.015 0.02
2 0.594375 0.41281249999999997 0.013750000000000002 0.0225
2 0.6875 0.285625 0.01875 0.027500000000000004
2 0.9046875 0.59375 0.025 0.0125
2 0.8121875 0.33125 0.015 0.025
2 0.8231249999999999 0.335 0.015 0.026250000000000002
2 0.835 0.33375 0.013750000000000002 0.02375
2 0.8465624999999999 0.33968750000000003 0.015 0.026250000000000002
2 0.8690625000000001 0.34750000000000003 0.01625 0.026250000000000002
2 0.41656250000000006 0.33125 0.017499999999999998 0.025
2 0.4378125 0.3365625 0.01625 0.026250000000000002
2 0.45062499999999994 0.33781249999999996 0.02 0.028749999999999998
2 0.361875 0.43499999999999994 0.03 0.026250000000000002
2 0.8418749999999999 0.665625 0.027500000000000004 0.0125
2 0.89625 0.604375 0.02375 0.015
2 0.7884375 0.5578125 0.02375 0.01875
2 0.7884375 0.32437499999999997 0.017499999999999998 0.02375
2 0.8065625000000001 0.5284375 0.0225 0.01625
2 0.676875 0.58125 0.0225 0.01875
2 0.503125 0.578125 0.025 0.0125
2 0.350625 0.5818749999999999 0.026250000000000002 0.02
2 0.4640625 0.459375 0.025 0.025
2 0.4725 0.46875 0.02 0.025
2 0.48343749999999996 0.4728125 0.02 0.03
2 0.4925 0.48187499999999994 0.0225 0.026250000000000002
2 0.5118750000000001 0.49749999999999994 0.02375 0.013750000000000002
2 0.558125 0.48 0.01625 0.028749999999999998
2 0.579375 0.48187499999999994 0.015 0.026250000000000002
2 0.5912499999999999 0.485 0.013750000000000002 0.026250000000000002
2 0.8021874999999999 0.3271875 0.013750000000000002 0.026250000000000002
2 0.7784375 0.3234375 0.01625 0.025
2 0.6153125 0.489375 0.015 0.028749999999999998
2 0.851875 0.31 0.01625 0.026250000000000002
2 0.7109375 0.28718750000000004 0.0125 0.027500000000000004
2 0.72375 0.2875 0.01625 0.025
2 0.735625 0.28875 0.015 0.021249999999999998
2 0.7453125 0.2915625 0.0125 0.02375
2 0.7590625 0.29312499999999997 0.015 0.02375
2 0.7690625 0.296875 0.01625 0.025
2 0.7821875 0.296875 0.017499999999999998 0.025
2 0.7928124999999999 0.30125 0.013750000000000002 0.027500000000000004
2 0.80625 0.3021875 0.01875 0.026250000000000002
2 0.8168749999999999 0.30843750000000003 0.015 0.026250000000000002
2 0.8300000000000001 0.31062500000000004 0.01625 0.027500000000000004
2 0.840625 0.309375 0.0125 0.025
2 0.8637499999999999 0.313125 0.015 0.026250000000000002
2 0.7665625 0.3196875 0.017499999999999998 0.02375
2 0.6715625000000001 0.30625 0.015 0.025
2 0.6849999999999999 0.3075 0.013750000000000002 0.021249999999999998
2 0.8868750000000001 0.3171875 0.01125 0.025
2 0.945 0.35281250000000003 0.021249999999999998 0.027500000000000004
2 0.95375 0.3296875 0.02 0.025
2 0.9428124999999999 0.42874999999999996 0.026250000000000002 0.026250000000000002
2 0.6956249999999999 0.3075 0.01625 0.027500000000000004
2 0.7075 0.3128125 0.015 0.0225
2 0.7212500000000001 0.3125 0.017499999999999998 0.025
2 0.73 0.315625 0.01625 0.025
2 0.743125 0.316875 0.017499999999999998 0.027500000000000004
2 0.755 0.31875 0.01625 0.025
2 0.603125 0.4890625 0.0125 0.025
2 0.6381249999999999 0.4925 0.02 0.028749999999999998
2 0.5818749999999999 0.4109375 0.02 0.025
2 0.600625 0.44125 0.02 0.026250000000000002
2 0.6012500000000001 0.3678125 0.015 0.026250000000000002
2 0.5690625 0.3615625 0.01625 0.026250000000000002
2 0.5575 0.36 0.015 0.026250000000000002
2 0.5425 0.355 0.01625 0.028749999999999998
2 0.5303125 0.35343749999999996 0.013750000000000002 0.028749999999999998
2 0.5190625 0.3509375 0.01625 0.02375
2 0.5084375 0.35 0.013750000000000002 0.025
2 0.655625 0.4525 0.017499999999999998 0.02375
2 0.6475 0.4503125 0.013750000000000002 0.0225
2 0.635 0.445625 0.013750000000000002 0.0225
2 0.6224999999999999 0.4453125 0.013750000000000002 0.025
2 0.61125 0.44437499999999996 0.01625 0.026250000000000002
2 0.5878125 0.43875000000000003 0.01625 0.027500000000000004
2 0.675 0.35281250000000003 0.01875 0.027500000000000004
2 0.576875 0.4371875 0.01625 0.027500000000000004
2 0.56375 0.43499999999999994 0.015 0.026250000000000002
2 0.553125 0.4328125 0.0125 0.025
2 0.44406249999999997 0.38937499999999997 0.01 0.0225
2 0.453125 0.38937499999999997 0.0125 0.0225
2 0.46624999999999994 0.3878125 0.013750000000000002 0.0225
2 0.48687500000000006 0.395625 0.01125 0.0225
2 0.5225 0.40125 0.02 0.027500000000000004
2 0.5353125000000001 0.403125 0.017499999999999998 0.025
2 0.5475 0.405625 0.013750000000000002 0.02375
2 0.558125 0.406875 0.01625 0.026250000000000002
2 0.5690625 0.41 0.01625 0.026250000000000002
2 0.5878125 0.365625 0.01625 0.025
2 0.6721874999999999 0.37875000000000003 0.01625 0.026250000000000002
2 0.65625 0.491875 0.01875 0.027500000000000004
2 0.7915625000000001 0.379375 0.017499999999999998 0.027500000000000004
2 0.6675 0.490625 0.01625 0.025
2 0.6837500000000001 0.49000000000000005 0.01125 0.02375
2 0.686875 0.47000000000000003 0.02375 0.015
2 0.7534375 0.4409375 0.01625 0.028749999999999998
2 0.7659374999999999 0.445625 0.01625 0.028749999999999998
2 0.8196875 0.414375 0.017499999999999998 0.028749999999999998
2 0.796875 0.40875000000000006 0.01875 0.03
2 0.7640625 0.40125 0.0125 0.021249999999999998
2 0.8628125000000001 0.3915625 0.01 0.02375
2 0.85125 0.390625 0.015 0.025
2 0.8256249999999999 0.38156249999999997 0.013750000000000002 0.028749999999999998
2 0.80375 0.3796875 0.013750000000000002 0.025
2 0.7790625 0.3775 0.017499999999999998 0.02375
2 0.683125 0.381875 0.01625 0.026250000000000002
2 0.766875 0.3759375 0.015 0.02375
2 0.7559375 0.3734375 0.015 0.025
2 0.7474999999999999 0.371875 0.013750000000000002 0.025
2 0.7318749999999999 0.3671875 0.02 0.025
2 0.72375 0.365625 0.01625 0.025
2 0.7106250000000001 0.3625 0.015 0.025
2 0.69875 0.356875 0.01625 0.026250000000000002
2 0.686875 0.354375 0.017499999999999998 0.027500000000000004
2 0.4734375 0.34249999999999997 0.0125 0.0225
2 0.48562500000000003 0.34500000000000003 0.015 0.027500000000000004
2 0.4971875 0.34781249999999997 0.01625 0.02375
2 0.70375 0.3875 0.013750000000000002 0.025
2 0.9199999999999999 0.39 0.021249999999999998 0.02375
2 0.7006249999999999 0.28375 0.013750000000000002 0.02375
2 0.6753125 0.2815625 0.01625 0.028749999999999998
2 0.7228125000000001 0.0134375 0.017499999999999998 0.02375
2 0.6956249999999999 0.010312499999999999 0.01625 0.017499999999999998
2 0.7478125 0.0034375000000000005 0.01125 0.00375
2 0.7603125000000001 0.0046875 0.01125 0.00625
2 0.7943749999999999 0.006562500000000001 0.013750000000000002 0.01
2 0.8053125 0.0078125 0.013750000000000002 0.0125
2 0.818125 0.010312499999999999 0.017499999999999998 0.017499999999999998
2 0.8434375 0.0115625 0.015 0.02
2 0.6634375 0.280625 0.017499999999999998 0.03
2 0.5959375 0.87625 0.0325 0.021249999999999998
2 0.8556250000000001 0.0134375 0.017499999999999998 0.02375
2 0.86625 0.0125 0.013750000000000002 0.01875
2 0.8809374999999999 0.014687500000000001 0.015 0.026250000000000002
2 0.5625 0.1825 0.01875 0.027500000000000004
2 0.3909375 0.146875 0.01625 0.025
2 0.3878125 0.17375000000000002 0.01625 0.028749999999999998
2 0.4234375 0.1534375 0.0125 0.0225
2 0.4359375 0.15718749999999998 0.0125 0.02375
2 0.44749999999999995 0.15875 0.013750000000000002 0.02375
2 0.47093749999999995 0.1678125 0.013750000000000002 0.026250000000000002
2 0.4840625 0.16875 0.015 0.025
2 0.5037499999999999 0.1715625 0.013750000000000002 0.021249999999999998
2 0.51625 0.1746875 0.013750000000000002 0.021249999999999998
2 0.526875 0.176875 0.01625 0.0225
2 0.5393749999999999 0.178125 0.01625 0.025
2 0.5525 0.18 0.017499999999999998 0.028749999999999998
2 0.5859375 0.1896875 0.01875 0.026250000000000002
2 0.395 0.1271875 0.021249999999999998 0.013750000000000002
2 0.5990624999999999 0.18843749999999998 0.013750000000000002 0.02375
2 0.6046875 0.16125 0.025 0.01625
2 0.615 0.175625 0.02375 0.013750000000000002
2 0.6096874999999999 0.19125 0.01625 0.026250000000000002
2 0.6212500000000001 0.1953125 0.017499999999999998 0.025
2 0.6331249999999999 0.195625 0.01625 0.0225
2 0.6465625 0.20125 0.015 0.021249999999999998
2 0.67 0.203125 0.015 0.025
2 0.691875 0.2071875 0.015 0.02375
2 0.705 0.2084375 0.01625 0.026250000000000002
2 0.7162499999999999 0.20875 0.013750000000000002 0.02375
2 0.728125 0.21437499999999998 0.0125 0.0225
2 0.374375 0.1721875 0.017499999999999998 0.028749999999999998
2 0.9193749999999999 0.20249999999999999 0.02 0.02375
2 0.7490625 0.21625 0.013750000000000002 0.026250000000000002
2 0.7390625 0.164375 0.0125 0.0225
2 0.598125 0.13874999999999998 0.015 0.027500000000000004
2 0.60875 0.140625 0.01125 0.025
2 0.62 0.145 0.015 0.021249999999999998
2 0.63125 0.14625 0.01875 0.02375
2 0.6421875 0.14625 0.01875 0.02375
2 0.655 0.1521875 0.01625 0.026250000000000002
2 0.6681250000000001 0.1496875 0.017499999999999998 0.021249999999999998
2 0.680625 0.151875 0.017499999999999998 0.0225
2 0.6900000000000001 0.1565625 0.02375 0.028749999999999998
2 0.703125 0.15875 0.0125 0.02375
2 0.7153125 0.159375 0.015 0.025
2 0.7278125 0.16343749999999999 0.015 0.02375
2 0.74875 0.1678125 0.01625 0.026250000000000002
2 0.89875 0.19875 0.01625 0.028749999999999998
2 0.760625 0.17093750000000002 0.015 0.026250000000000002
2 0.7740625 0.17375000000000002 0.02 0.028749999999999998
2 0.78625 0.176875 0.01625 0.028749999999999998
2 0.7934375 0.1784375 0.015 0.0225
2 0.805 0.18 0.01625 0.028749999999999998
2 0.8196875 0.1834375 0.01125 0.026250000000000002
2 0.82875 0.18562499999999998 0.013750000000000002 0.027500000000000004
2 0.840625 0.18625 0.0125 0.028749999999999998
2 0.85375 0.1878125 0.013750000000000002 0.028749999999999998
2 0.8640625 0.191875 0.0125 0.027500000000000004
2 0.8753125 0.19125 0.01625 0.026250000000000002
2 0.8878125000000001 0.1975 0.01625 0.026250000000000002
2 0.74 0.2165625 0.01125 0.02375
2 0.760625 0.21937500000000001 0.015 0.026250000000000002
2 0.891875 0.015625 0.015 0.025
2 0.45625 0.23875000000000002 0.0125 0.027500000000000004
2 0.748125 0.2421875 0.015 0.025
2 0.7584375 0.2459375 0.013750000000000002 0.026250000000000002
2 0.7675 0.246875 0.01625 0.025
2 0.776875 0.2496875 0.01625 0.027500000000000004
2 0.791875 0.254375 0.015 0.027500000000000004
2 0.804375 0.255625 0.015 0.03
2 0.8128125 0.25593750000000004 0.01625 0.021249999999999998
2 0.8365625 0.26 0.013750000000000002 0.026250000000000002
2 0.8484375 0.2621875 0.0125 0.021249999999999998
2 0.8618750000000001 0.2665625 0.017499999999999998 0.03
2 0.3875 0.2246875 0.01875 0.027500000000000004
2 0.4225 0.2325 0.013750000000000002 0.027500000000000004
2 0.46875 0.2425 0.0125 0.028749999999999998
2 0.7212500000000001 0.23875000000000002 0.017499999999999998 0.027500000000000004
2 0.479375 0.2453125 0.015 0.025
2 0.5009375 0.25125000000000003 0.017499999999999998 0.027500000000000004
2 0.5246875 0.254375 0.015 0.027500000000000004
2 0.5349999999999999 0.25625 0.013750000000000002 0.025
2 0.548125 0.2578125 0.015 0.025
2 0.5590625 0.260625 0.015 0.027500000000000004
2 0.5734375 0.26375000000000004 0.01875 0.027500000000000004
2 0.593125 0.2665625 0.017499999999999998 0.03
2 0.60625 0.26968749999999997 0.0125 0.02375
2 0.6178125 0.2703125 0.013750000000000002 0.025
2 0.629375 0.2725 0.015 0.026250000000000002
2 0.6425 0.27749999999999997 0.01625 0.02375
2 0.735 0.2390625 0.013750000000000002 0.025
2 0.7112499999999999 0.23500000000000001 0.01625 0.026250000000000002
2 0.7725 0.2203125 0.013750000000000002 0.025
2 0.489375 0.1940625 0.01625 0.028749999999999998
2 0.7834375 0.22531249999999997 0.013750000000000002 0.0225
2 0.7934375 0.22562500000000002 0.015 0.026250000000000002
2 0.806875 0.2284375 0.013750000000000002 0.028749999999999998
2 0.8168749999999999 0.231875 0.015 0.026250000000000002
2 0.82875 0.23500000000000001 0.013750000000000002 0.026250000000000002
2 0.8421875 0.2359375 0.0125 0.025
2 0.8553124999999999 0.2384375 0.013750000000000002 0.02375
2 0.8659375 0.2403125 0.01625 0.027500000000000004
2 0.8778124999999999 0.24281250000000001 0.015 0.026250000000000002
2 0.44406249999999997 0.1840625 0.01625 0.027500000000000004
2 0.4559375 0.1878125 0.015 0.028749999999999998
2 0.476875 0.190625 0.01625 0.025
2 0.5021875 0.195 0.013750000000000002 0.027500000000000004
2 0.6993750000000001 0.2325 0.017499999999999998 0.021249999999999998
2 0.545625 0.20593750000000002 0.01 0.021249999999999998
2 0.5575 0.20656249999999998 0.015 0.0225
2 0.568125 0.210625 0.017499999999999998 0.027500000000000004
2 0.5796875 0.210625 0.01875 0.027500000000000004
2 0.6034375 0.215625 0.01625 0.025
2 0.6168750000000001 0.21812499999999999 0.015 0.02375
2 0.6265625 0.2225 0.01875 0.026250000000000002
2 0.6421875 0.2240625 0.01875 0.026250000000000002
2 0.6528125 0.22374999999999998 0.015 0.0225
2 0.6625 0.22531249999999997 0.01875 0.0225
2 0.675 0.22749999999999998 0.01875 0.02375
2 0.6875 0.2303125 0.01875 0.026250000000000002
2 0.9034375000000001 0.1753125 0.01625 0.028749999999999998
2 0.891875 0.17124999999999999 0.015 0.02375
2 0.8809374999999999 0.16875 0.015 0.025
2 0.7115625 0.057499999999999996 0.013750000000000002 0.021249999999999998
2 0.53125 0.049375 0.01875 0.03
2 0.58875 0.059687500000000004 0.021249999999999998 0.028749999999999998
2 0.6212500000000001 0.0665625 0.017499999999999998 0.02375
2 0.645 0.071875 0.015 0.025
2 0.64125 0.046875 0.013750000000000002 0.025
2 0.65125 0.0475 0.015 0.026250000000000002
2 0.6746875 0.052500000000000005 0.015 0.02375
2 0.698125 0.0553125 0.015 0.026250000000000002
2 0.6565624999999999 0.0740625 0.01625 0.0325
2 0.670625 0.0775 0.01625 0.03
2 0.6934375 0.080625 0.015 0.02375
2 0.705 0.081875 0.01625 0.026250000000000002
2 0.724375 0.058750000000000004 0.017499999999999998 0.02375
2 0.934375 0.049375 0.0125 0.02375
2 0.7368750000000001 0.060625 0.017499999999999998 0.021249999999999998
2 0.7465625 0.063125 0.015 0.02
2 0.7596875 0.0653125 0.01625 0.021249999999999998
2 0.7815624999999999 0.0715625 0.01625 0.027500000000000004
2 0.791875 0.07375000000000001 0.015 0.028749999999999998
2 0.8046875 0.0759375 0.01875 0.02375
2 0.8143750000000001 0.07875 0.01625 0.026250000000000002
2 0.826875 0.08 0.01625 0.028749999999999998
2 0.8390625 0.08375 0.01875 0.02375
2 0.8631249999999999 0.0890625 0.013750000000000002 0.025
2 0.8740625 0.0909375 0.02 0.028749999999999998
2 0.8875 0.0921875 0.01875 0.025
2 0.945 0.049375 0.015 0.02375
2 0.9193749999999999 0.045625 0.013750000000000002 0.0225
2 0.86875 0.1665625 0.01875 0.02375
2 0.43062500000000004 0.0096875 0.01125 0.01625
2 0.9256249999999999 0.025312499999999998 0.013750000000000002 0.0225
2 0.9878125000000001 0.0409375 0.01625 0.0225
2 0.9887499999999999 0.0653125 0.015 0.021249999999999998
2 0.991875 0.08875 0.015 0.021249999999999998
2 0.9915625 0.11125 0.017499999999999998 0.0225
2 0.99375 0.13625 0.0125 0.0225
2 0.9921875 0.16343749999999999 0.0125 0.02375
2 0.991875 0.19125 0.015 0.026250000000000002
2 0.9896874999999999 0.2165625 0.013750000000000002 0.02375
2 0.985625 0.24093749999999997 0.015 0.0225
2 0.4378125 0.026250000000000002 0.01625 0.021249999999999998
2 0.9078125 0.044375 0.0125 0.026250000000000002
2 0.473125 0.0378125 0.015 0.0225
2 0.8034375 0.024375 0.01625 0.02375
2 0.8153124999999999 0.026875 0.015 0.0225
2 0.828125 0.0296875 0.01875 0.025
2 0.8487500000000001 0.0340625 0.01625 0.027500000000000004
2 0.8618750000000001 0.0384375 0.017499999999999998 0.02375
2 0.8724999999999999 0.0403125 0.013750000000000002 0.027500000000000004
2 0.8890625 0.043437500000000004 0.0125 0.021249999999999998
2 0.8984375 0.096875 0.01875 0.025
2 0.9184374999999999 0.0975 0.015 0.026250000000000002
2 0.9309375 0.10093749999999999 0.015 0.03
2 0.7106250000000001 0.13374999999999998 0.015 0.02375
2 0.5534375 0.10718749999999999 0.01625 0.02375
2 0.5778125000000001 0.11125 0.015 0.0225
2 0.560625 0.13218749999999999 0.015 0.02375
2 0.573125 0.138125 0.015 0.026250000000000002
2 0.583125 0.140625 0.01625 0.025
2 0.58875 0.114375 0.015 0.0225
2 0.5990624999999999 0.115625 0.013750000000000002 0.025
2 0.6246875000000001 0.11750000000000001 0.015 0.028749999999999998
2 0.6381249999999999 0.121875 0.013750000000000002 0.025
2 0.67375 0.12875 0.01625 0.026250000000000002
2 0.6871875000000001 0.12562500000000001 0.015 0.026250000000000002
2 0.696875 0.13218749999999999 0.0125 0.02375
2 0.7209375 0.13374999999999998 0.013750000000000002 0.02375
2 0.9737500000000001 0.1053125 0.01 0.026250000000000002
2 0.7334375 0.1371875 0.013750000000000002 0.027500000000000004
2 0.745625 0.140625 0.01 0.025
2 0.7559375 0.1421875 0.015 0.025
2 0.7675 0.1453125 0.01625 0.025
2 0.778125 0.14625 0.0125 0.02375
2 0.7878125 0.14906250000000001 0.01625 0.026250000000000002
2 0.8003125000000001 0.1509375 0.01625 0.02375
2 0.8134375 0.15562499999999999 0.017499999999999998 0.03
2 0.8243750000000001 0.15875 0.01125 0.02375
2 0.834375 0.15875 0.0125 0.02375
2 0.846875 0.16 0.0125 0.026250000000000002
2 0.8571875 0.16218749999999998 0.017499999999999998 0.027500000000000004
2 0.5490625 0.13093749999999998 0.013750000000000002 0.021249999999999998
2 0.53625 0.12875 0.01625 0.026250000000000002
2 0.9428124999999999 0.2084375 0.013750000000000002 0.026250000000000002
2 0.9506249999999999 0.1328125 0.013750000000000002 0.025
2 0.5178125 0.10093749999999999 0.013750000000000002 0.02375
2 0.38875000000000004 0.094375 0.015 0.026250000000000002
2 0.40374999999999994 0.0975 0.013750000000000002 0.026250000000000002
2 0.4146875 0.1015625 0.013750000000000002 0.025
2 0.43531250000000005 0.10406249999999999 0.017499999999999998 0.02375
2 0.459375 0.11156250000000001 0.0125 0.026250000000000002
2 0.47062499999999996 0.114375 0.01625 0.028749999999999998
2 0.4890625 0.12125 0.0125 0.02375
2 0.5021875 0.12062500000000001 0.013750000000000002 0.0225
2 0.51375 0.125 0.015 0.025
2 0.716875 0.0846875 0.015 0.028749999999999998
2 0.73125 0.0859375 0.01875 0.025
2 0.7428125 0.0871875 0.013750000000000002 0.027500000000000004
2 0.765 0.09406250000000001 0.017499999999999998 0.028749999999999998
2 0.7871875 0.1 0.015 0.025
2 0.7990625 0.1028125 0.013750000000000002 0.027500000000000004
2 0.8099999999999999 0.10375000000000001 0.013750000000000002 0.026250000000000002
2 0.8228125000000001 0.10593749999999999 0.017499999999999998 0.027500000000000004
2 0.83375 0.10687500000000001 0.017499999999999998 0.026250000000000002
2 0.8481249999999999 0.10906249999999999 0.015 0.027500000000000004
2 0.8574999999999999 0.11156250000000001 0.015 0.026250000000000002
2 0.869375 0.11468750000000001 0.02 0.026250000000000002
2 0.8800000000000001 0.1159375 0.01625 0.0225
2 0.89375 0.12062500000000001 0.01875 0.0225
2 0.9253125000000001 0.1303125 0.01625 0.026250000000000002
