2 0.85 0.52625 0.01875 0.015
2 0.9915625 0.4528125 0.017499999999999998 0.015
2 0.8881249999999999 0.47874999999999995 0.02 0.013750000000000002
2 0.890625 0.49312500000000004 0.025 0.017499999999999998
2 0.9 0.510625 0.01875 0.015
2 0.9040625 0.5231250000000001 0.017499999999999998 0.015
2 0.851875 0.5403125 0.0225 0.015
2 0.90625 0.548125 0.01875 0.015
2 0.85625 0.55125 0.01875 0.015
2 0.8309374999999999 0.558125 0.021249999999999998 0.01625
2 0.8412499999999999 0.5153125000000001 0.02 0.015
2 0.971875 0.5037499999999999 0.01875 0.013750000000000002
2 0.26187499999999997 0.13093749999999998 0.042499999999999996 0.07125000000000001
2 0.92125 0.8125 0.02375 0.01875
2 0.9959374999999999 0.7581249999999999 0.0075 0.01
2 0.9946875000000001 0.7421875 0.01125 0.0125
2 0.9234375 0.759375 0.025 0.01875
2 0.9331250000000001 0.7828125 0.0225 0.0125
2 0.913125 0.7884375 0.02 0.01125
2 0.9403124999999999 0.791875 0.021249999999999998 0.015
2 0.944375 0.804375 0.02 0.015
2 0.945 0.8153124999999999 0.021249999999999998 0.015
2 0.94625 0.8253125000000001 0.02375 0.01625
2 0.9159375000000001 0.8003125000000001 0.0225 0.01625
2 0.93125 0.8474999999999999 0.01875 0.013750000000000002
2 0.9881249999999999 0.78 0.02 0.01625
2 0.8321875000000001 0.5446875 0.02375 0.017499999999999998
2 0.20187499999999997 0.34249999999999997 0.01625 0.0225
2 0.24343750000000003 0.1028125 0.015 0.021249999999999998
2 0.06875 0.6303124999999999 0.01875 0.026250000000000002
2 0.018125 0.8209375 0.01125 0.02
2 0.108125 0.9290625 0.01 0.02375
2 0.146875 0.6496875 0.01875 0.027500000000000004
2 0.8568749999999999 0.7775000000000001 0.02 0.017499999999999998
2 0.7521875 0.913125 0.02 0.013750000000000002
2 0.99375 0.8246874999999999 0.0125 0.015
2 0.954375 0.8418749999999999 0.021249999999999998 0.015
2 0.589375 0.7003125 0.034999999999999996 0.0225
2 0.744375 0.9028124999999999 0.02 0.015
2 0.85 0.52625 0.01875 0.015
2 0.9915625 0.4528125 0.017499999999999998 0.015
2 0.8881249999999999 0.47874999999999995 0.02 0.013750000000000002
2 0.890625 0.49312500000000004 0.025 0.017499999999999998
2 0.9 0.510625 0.01875 0.015
2 0.9040625 0.5231250000000001 0.017499999999999998 0.015
2 0.851875 0.5403125 0.0225 0.015
2 0.90625 0.548125 0.01875 0.015
2 0.85625 0.55125 0.01875 0.015
2 0.8309374999999999 0.558125 0.021249999999999998 0.01625
2 0.8412499999999999 0.5153125000000001 0.02 0.015
2 0.971875 0.5037499999999999 0.01875 0.013750000000000002
2 0.26187499999999997 0.13093749999999998 0.042499999999999996 0.07125000000000001
2 0.92125 0.8125 0.02375 0.01875
2 0.9959374999999999 0.7581249999999999 0.0075 0.01
2 0.9946875000000001 0.7421875 0.01125 0.0125
2 0.9234375 0.759375 0.025 0.01875
2 0.9331250000000001 0.7828125 0.0225 0.0125
2 0.913125 0.7884375 0.02 0.01125
2 0.9403124999999999 0.791875 0.021249999999999998 0.015
2 0.944375 0.804375 0.02 0.015
2 0.945 0.8153124999999999 0.021249999999999998 0.015
2 0.94625 0.8253125000000001 0.02375 0.01625
2 0.9159375000000001 0.8003125000000001 0.0225 0.01625
2 0.93125 0.8474999999999999 0.01875 0.013750000000000002
2 0.9881249999999999 0.78 0.02 0.01625
2 0.8321875000000001 0.5446875 0.02375 0.017499999999999998
2 0.20187499999999997 0.34249999999999997 0.01625 0.0225
2 0.24343750000000003 0.1028125 0.015 0.021249999999999998
2 0.06875 0.6303124999999999 0.01875 0.026250000000000002
2 0.018125 0.8209375 0.01125 0.02
2 0.108125 0.9290625 0.01 0.02375
2 0.146875 0.6496875 0.01875 0.027500000000000004
2 0.8568749999999999 0.7775000000000001 0.02 0.017499999999999998
2 0.7521875 0.913125 0.02 0.013750000000000002
2 0.99375 0.8246874999999999 0.0125 0.015
2 0.954375 0.8418749999999999 0.021249999999999998 0.015
2 0.589375 0.7003125 0.034999999999999996 0.0225
2 0.744375 0.9028124999999999 0.02 0.015
