2 0.7896875 0.24656250000000002 0.013750000000000002 0.027500000000000004
2 0.9534375 0.285625 0.01625 0.027500000000000004
2 0.943125 0.27999999999999997 0.01125 0.028749999999999998
2 0.9199999999999999 0.276875 0.008749999999999999 0.0225
2 0.9059375 0.275625 0.015 0.026250000000000002
2 0.89375 0.270625 0.0125 0.0225
2 0.7771874999999999 0.2459375 0.013750000000000002 0.02
2 0.720625 0.2340625 0.01 0.021249999999999998
2 0.73625 0.27625 0.01 0.021249999999999998
2 0.8543749999999999 0.30125 0.015 0.027500000000000004
2 0.6912499999999999 0.12625 0.013750000000000002 0.021249999999999998
2 0.9475 0.21437499999999998 0.013750000000000002 0.0225
2 0.9321875000000001 0.2125 0.017499999999999998 0.025
2 0.9121874999999999 0.2078125 0.008749999999999999 0.025
2 0.9003125000000001 0.20750000000000002 0.01625 0.021249999999999998
2 0.55375 0.0403125 0.02 0.021249999999999998
2 0.45187499999999997 0.021249999999999998 0.01625 0.02375
2 0.8087500000000001 0.1528125 0.01125 0.021249999999999998
2 0.7896875 0.14625 0.013750000000000002 0.02375
2 0.8346875 0.15687500000000001 0.01625 0.02
2 0.8134375 0.088125 0.01125 0.02
2 0.9225 0.110625 0.013750000000000002 0.021249999999999998
2 0.9053125 0.109375 0.013750000000000002 0.01875
2 0.8946875000000001 0.10406249999999999 0.01125 0.017499999999999998
2 0.883125 0.1015625 0.01625 0.025
2 0.866875 0.09875 0.015 0.0225
2 0.85375 0.10124999999999999 0.013750000000000002 0.027500000000000004
2 0.840625 0.094375 0.0125 0.02
2 0.82875 0.091875 0.013750000000000002 0.021249999999999998
2 0.7890625 0.0859375 0.01875 0.025
2 0.8428125 0.159375 0.013750000000000002 0.01875
2 0.7709374999999999 0.08249999999999999 0.013750000000000002 0.021249999999999998
2 0.7474999999999999 0.074375 0.013750000000000002 0.02375
2 0.728125 0.06875 0.0125 0.025
2 0.7112499999999999 0.0703125 0.01625 0.025
2 0.9525 0.1834375 0.01125 0.02
2 0.92875 0.1740625 0.013750000000000002 0.02
2 0.9168749999999999 0.1703125 0.015 0.025
2 0.590625 0.049375 0.01875 0.03
2 0.7006249999999999 0.10874999999999999 0.02 0.01125
2 0.89125 0.16593750000000002 0.013750000000000002 0.0225
2 0.87625 0.1625 0.015 0.025
2 0.8628125000000001 0.16375 0.01625 0.021249999999999998
2 0.42750000000000005 0.5559375 0.03625 0.03375
2 0.42000000000000004 0.5706249999999999 0.021249999999999998 0.01625
2 0.349375 0.44125 0.02375 0.026250000000000002
2 0.3834375 0.40750000000000003 0.0325 0.027500000000000004
2 0.2834375 0.5912499999999999 0.026250000000000002 0.02
2 0.301875 0.4375 0.028749999999999998 0.025
2 0.4125 0.024375 0.0125 0.02375
2 0.349375 0.1209375 0.02375 0.02
2 0.560625 0.103125 0.015 0.025
2 0.3984375 0.338125 0.01875 0.02
2 0.304375 0.49749999999999994 0.027500000000000004 0.026250000000000002
2 0.31 0.484375 0.026250000000000002 0.025
2 0.27 0.5409375 0.03375 0.034999999999999996
2 0.27 0.650625 0.021249999999999998 0.02
2 0.09343749999999999 0.6734375 0.021249999999999998 0.01875
2 0.1590625 0.73875 0.021249999999999998 0.021249999999999998
2 0.10906249999999999 0.7053125 0.021249999999999998 0.02
2 0.17250000000000001 0.71875 0.02 0.01875
2 0.0925 0.5284375 0.028749999999999998 0.0225
2 0.20875 0.595625 0.02375 0.0225
2 0.1896875 0.6971875 0.026250000000000002 0.0225
2 0.19875 0.68875 0.0225 0.015
2 0.20625 0.676875 0.025 0.0225
2 0.215625 0.6671875 0.025 0.025
2 0.225 0.660625 0.01875 0.021249999999999998
2 0.23781249999999998 0.6490625 0.0225 0.02
2 0.3159375 0.5825 0.0225 0.021249999999999998
2 0.335625 0.5721875 0.021249999999999998 0.0225
2 0.325 0.6728125 0.01875 0.02375
2 0.3140625 0.6940625 0.025 0.0225
2 0.32125 0.7150000000000001 0.02375 0.02375
2 0.280625 0.7253125 0.02375 0.0225
2 0.2553125 0.7521875 0.026250000000000002 0.026250000000000002
2 0.22749999999999998 0.7809375000000001 0.02375 0.021249999999999998
2 0.2665625 0.779375 0.017499999999999998 0.021249999999999998
2 0.274375 0.7684375 0.017499999999999998 0.015
2 0.22156250000000002 0.8896875 0.027500000000000004 0.026250000000000002
2 0.258125 0.9340624999999999 0.0225 0.021249999999999998
2 0.27468750000000003 0.9946875000000001 0.015 0.01125
2 0.1325 0.0609375 0.021249999999999998 0.01875
2 0.1409375 0.0521875 0.0225 0.013750000000000002
2 0.1496875 0.042499999999999996 0.021249999999999998 0.01625
2 0.175625 0.050624999999999996 0.02 0.02
2 0.185 0.041875 0.026250000000000002 0.027500000000000004
2 0.16375 0.0228125 0.021249999999999998 0.02375
2 0.906875 0.468125 0.013750000000000002 0.02375
2 0.62 0.425625 0.021249999999999998 0.013750000000000002
2 0.6840625 0.4215625 0.015 0.021249999999999998
2 0.7015625 0.440625 0.01875 0.0125
2 0.7075 0.42406249999999995 0.015 0.026250000000000002
2 0.7528125 0.436875 0.015 0.02375
2 0.7978125 0.44406249999999997 0.017499999999999998 0.028749999999999998
2 0.821875 0.4525 0.0125 0.02375
2 0.8446875 0.45437500000000003 0.01125 0.021249999999999998
2 0.8546875 0.45875000000000005 0.0125 0.02375
2 0.866875 0.45875000000000005 0.015 0.02375
2 0.8787499999999999 0.464375 0.013750000000000002 0.0225
2 0.8871874999999999 0.46875 0.015 0.025
2 0.9065625 0.4890625 0.01 0.01875
2 0.680625 0.3715625 0.017499999999999998 0.027500000000000004
2 0.896875 0.49031250000000004 0.0125 0.021249999999999998
2 0.87375 0.4846875 0.01625 0.0225
2 0.8515625 0.4828125 0.0125 0.025
2 0.7925 0.47062499999999996 0.01625 0.0225
2 0.7787499999999999 0.465 0.013750000000000002 0.02375
2 0.75875 0.46218750000000003 0.01125 0.021249999999999998
2 0.8740625 0.53625 0.013750000000000002 0.0225
2 0.8631249999999999 0.535625 0.013750000000000002 0.021249999999999998
2 0.8528125 0.533125 0.015 0.0225
2 0.8393750000000001 0.5287499999999999 0.01625 0.026250000000000002
2 0.7934375 0.5196875000000001 0.015 0.02375
2 0.7825 0.516875 0.015 0.027500000000000004
2 0.62625 0.40531249999999996 0.015 0.026250000000000002
2 0.8678125 0.3878125 0.026250000000000002 0.01625
2 0.7565625 0.5359375 0.01625 0.025
2 0.8550000000000001 0.3640625 0.01625 0.025
2 0.29500000000000004 0.739375 0.021249999999999998 0.0225
2 0.9106249999999999 0.1390625 0.027500000000000004 0.025
2 0.79875 0.2865625 0.01625 0.026250000000000002
2 0.821875 0.2953125 0.01875 0.025
2 0.8800000000000001 0.303125 0.01625 0.025
2 0.91625 0.31 0.013750000000000002 0.026250000000000002
2 0.930625 0.3153125 0.017499999999999998 0.027500000000000004
2 0.9487500000000001 0.3209375 0.01625 0.026250000000000002
2 0.9221875 0.37374999999999997 0.01625 0.028749999999999998
2 0.8956250000000001 0.37093750000000003 0.01625 0.026250000000000002
2 0.8309374999999999 0.3571875 0.015 0.02375
2 0.846875 0.406875 0.0125 0.026250000000000002
2 0.7565625 0.2384375 0.01625 0.02375
2 0.76 0.33999999999999997 0.013750000000000002 0.02375
2 0.775625 0.340625 0.013750000000000002 0.025
2 0.8168749999999999 0.35531250000000003 0.015 0.02
2 0.655 0.31906249999999997 0.01625 0.0225
2 0.8856249999999999 0.200625 0.015 0.026250000000000002
2 0.8800000000000001 0.36875 0.01625 0.01875
2 0.9121874999999999 0.41593749999999996 0.015 0.028749999999999998
2 0.8996875 0.41218750000000004 0.015 0.027500000000000004
2 0.8881249999999999 0.41187500000000005 0.013750000000000002 0.03
2 0.8712500000000001 0.4103125 0.01125 0.02375
2 0.760625 0.514375 0.015 0.0225
2 0.780625 0.540625 0.017499999999999998 0.025
2 0.44000000000000006 0.7068749999999999 0.017499999999999998 0.026250000000000002
2 0.7146874999999999 0.6809375 0.013750000000000002 0.027500000000000004
2 0.715625 0.6565624999999999 0.0125 0.0225
2 0.755 0.6643749999999999 0.01625 0.0225
2 0.73625 0.6846875 0.01625 0.0225
2 0.798125 0.6734375 0.015 0.025
2 0.8175000000000001 0.7009375 0.01625 0.02375
2 0.82875 0.703125 0.013750000000000002 0.025
2 0.8425 0.7068749999999999 0.01625 0.026250000000000002
2 0.85375 0.708125 0.02 0.028749999999999998
2 0.8793749999999999 0.7128125 0.015 0.028749999999999998
2 0.5271874999999999 0.6434375 0.02 0.027500000000000004
2 0.45875000000000005 0.68125 0.017499999999999998 0.025
2 0.5 0.7162499999999999 0.01875 0.026250000000000002
2 0.678125 0.6725 0.01875 0.0325
2 0.531875 0.721875 0.013750000000000002 0.025
2 0.57875 0.7309375 0.013750000000000002 0.021249999999999998
2 0.6659375 0.7253125 0.01625 0.028749999999999998
2 0.7228125000000001 0.760625 0.017499999999999998 0.027500000000000004
2 0.696875 0.75625 0.01875 0.025
2 0.716875 0.7346874999999999 0.015 0.028749999999999998
2 0.7503124999999999 0.7409375 0.01625 0.028749999999999998
2 0.7621875 0.7434375 0.015 0.027500000000000004
2 0.795625 0.7484375 0.01625 0.025
2 0.8071875000000001 0.7496875000000001 0.017499999999999998 0.027500000000000004
2 0.81875 0.755 0.01875 0.028749999999999998
2 0.8440625 0.759375 0.01625 0.025
2 0.7006249999999999 0.6775 0.013750000000000002 0.02375
2 0.6953125 0.6515625 0.01875 0.025
2 0.79875 0.55 0.01625 0.025
2 0.8721875000000001 0.6125 0.01625 0.03125
2 0.835625 0.55375 0.015 0.026250000000000002
2 0.8699999999999999 0.5596875 0.015 0.028749999999999998
2 0.89625 0.564375 0.01125 0.0225
2 0.6040625000000001 0.5590625 0.01125 0.021249999999999998
2 0.6165625 0.5621875000000001 0.017499999999999998 0.027500000000000004
2 0.651875 0.566875 0.01625 0.027500000000000004
2 0.735 0.5859375 0.013750000000000002 0.025
2 0.6690625 0.6003125 0.01625 0.028749999999999998
2 0.725625 0.61 0.013750000000000002 0.02
2 0.813125 0.6040625000000001 0.013750000000000002 0.02375
2 0.8371875 0.608125 0.015 0.0225
2 0.8612500000000001 0.610625 0.01625 0.027500000000000004
2 0.8940625000000001 0.6168750000000001 0.01625 0.027500000000000004
2 0.659375 0.6446875000000001 0.01875 0.02375
2 0.8331250000000001 0.6315625 0.01625 0.0225
2 0.846875 0.630625 0.01875 0.02375
2 0.8568749999999999 0.6331249999999999 0.013750000000000002 0.0225
2 0.774375 0.6196875000000001 0.017499999999999998 0.02375
2 0.8471875000000001 0.68125 0.01625 0.025
2 0.86 0.6849999999999999 0.013750000000000002 0.026250000000000002
2 0.8706250000000001 0.6859375 0.01625 0.025
2 0.9256249999999999 0.72 0.013750000000000002 0.021249999999999998
2 0.57875 0.6284375 0.013750000000000002 0.0225
2 0.5959375 0.6578125 0.02 0.025
2 0.608125 0.6621875 0.01625 0.021249999999999998
2 0.654375 0.66875 0.015 0.025
2 0.8556250000000001 0.7615624999999999 0.017499999999999998 0.026250000000000002
2 0.86625 0.7625 0.013750000000000002 0.01875
2 0.8809374999999999 0.7646875 0.015 0.026250000000000002
2 0.5625 0.9324999999999999 0.01875 0.027500000000000004
2 0.3909375 0.896875 0.01625 0.025
2 0.3878125 0.9237500000000001 0.01625 0.028749999999999998
2 0.4234375 0.9034375000000001 0.0125 0.0225
2 0.4359375 0.9071875 0.0125 0.02375
2 0.44749999999999995 0.9087500000000001 0.013750000000000002 0.02375
2 0.47093749999999995 0.9178124999999999 0.013750000000000002 0.026250000000000002
2 0.4840625 0.91875 0.015 0.025
2 0.5037499999999999 0.9215625 0.013750000000000002 0.021249999999999998
2 0.51625 0.9246874999999999 0.013750000000000002 0.021249999999999998
2 0.526875 0.9268750000000001 0.01625 0.0225
2 0.5393749999999999 0.928125 0.01625 0.025
2 0.5525 0.93 0.017499999999999998 0.028749999999999998
2 0.5859375 0.9396875 0.01875 0.026250000000000002
2 0.395 0.8771875 0.021249999999999998 0.013750000000000002
2 0.5990624999999999 0.9384375 0.013750000000000002 0.02375
2 0.6046875 0.9112500000000001 0.025 0.01625
2 0.615 0.9256249999999999 0.02375 0.013750000000000002
2 0.6096874999999999 0.9412499999999999 0.01625 0.026250000000000002
2 0.6212500000000001 0.9453125 0.017499999999999998 0.025
2 0.6331249999999999 0.945625 0.01625 0.0225
2 0.6465625 0.9512499999999999 0.015 0.021249999999999998
2 0.67 0.953125 0.015 0.025
2 0.691875 0.9571875000000001 0.015 0.02375
2 0.705 0.9584374999999999 0.01625 0.026250000000000002
2 0.7162499999999999 0.95875 0.013750000000000002 0.02375
2 0.728125 0.9643750000000001 0.0125 0.0225
2 0.374375 0.9221875 0.017499999999999998 0.028749999999999998
2 0.9209375 0.9525 0.013750000000000002 0.02375
2 0.7490625 0.9662499999999999 0.013750000000000002 0.026250000000000002
2 0.7390625 0.914375 0.0125 0.0225
2 0.598125 0.8887499999999999 0.015 0.027500000000000004
2 0.60875 0.890625 0.01125 0.025
2 0.62 0.8949999999999999 0.015 0.021249999999999998
2 0.63125 0.89625 0.01875 0.02375
2 0.6421875 0.89625 0.01875 0.02375
2 0.655 0.9021874999999999 0.01625 0.026250000000000002
2 0.6681250000000001 0.8996875 0.017499999999999998 0.021249999999999998
2 0.680625 0.9018750000000001 0.017499999999999998 0.0225
2 0.6900000000000001 0.9065625 0.02375 0.028749999999999998
2 0.703125 0.9087500000000001 0.0125 0.02375
2 0.7153125 0.909375 0.015 0.025
2 0.7278125 0.9134375 0.015 0.02375
2 0.74875 0.9178124999999999 0.01625 0.026250000000000002
2 0.89875 0.9487500000000001 0.01625 0.028749999999999998
2 0.760625 0.9209375 0.015 0.026250000000000002
2 0.7740625 0.9237500000000001 0.02 0.028749999999999998
2 0.78625 0.9268750000000001 0.01625 0.028749999999999998
2 0.7934375 0.9284375 0.015 0.0225
2 0.805 0.93 0.01625 0.028749999999999998
2 0.8196875 0.9334374999999999 0.01125 0.026250000000000002
2 0.82875 0.9356249999999999 0.013750000000000002 0.027500000000000004
2 0.840625 0.93625 0.0125 0.028749999999999998
2 0.85375 0.9378125 0.013750000000000002 0.028749999999999998
2 0.8640625 0.9418749999999999 0.0125 0.027500000000000004
2 0.8753125 0.9412499999999999 0.01625 0.026250000000000002
2 0.8878125000000001 0.9475 0.01625 0.026250000000000002
2 0.74 0.9665625 0.01125 0.02375
2 0.760625 0.969375 0.015 0.026250000000000002
2 0.891875 0.765625 0.015 0.025
2 0.45625 0.9875 0.0125 0.025
2 0.748125 0.9896874999999999 0.015 0.02
2 0.7584375 0.9915625 0.013750000000000002 0.017499999999999998
2 0.7684375 0.991875 0.015 0.015
2 0.7787499999999999 0.9928125 0.013750000000000002 0.013750000000000002
2 0.7928124999999999 0.9956250000000001 0.013750000000000002 0.01
2 0.80375 0.9956250000000001 0.013750000000000002 0.01
2 0.815625 0.9978125 0.0125 0.005
2 0.8393750000000001 0.99875 0.01 0.00375
2 0.3875 0.9746874999999999 0.01875 0.027500000000000004
2 0.4225 0.9824999999999999 0.013750000000000002 0.027500000000000004
2 0.46875 0.9887499999999999 0.0125 0.021249999999999998
2 0.7221875 0.9875 0.01625 0.025
2 0.479375 0.9915625 0.015 0.017499999999999998
2 0.5028125 0.99375 0.015 0.0125
2 0.525625 0.9956250000000001 0.013750000000000002 0.01
2 0.536875 0.996875 0.01125 0.00625
2 0.5475 0.9978125 0.013750000000000002 0.005
2 0.5603125 0.99875 0.01125 0.00375
2 0.735 0.9884375000000001 0.013750000000000002 0.02375
2 0.7112499999999999 0.985 0.01625 0.026250000000000002
2 0.7725 0.9703125 0.013750000000000002 0.025
2 0.489375 0.9440625 0.01625 0.028749999999999998
2 0.7834375 0.9753125 0.013750000000000002 0.0225
2 0.7934375 0.975625 0.015 0.026250000000000002
2 0.806875 0.9784375000000001 0.013750000000000002 0.028749999999999998
2 0.8168749999999999 0.9818749999999999 0.015 0.026250000000000002
2 0.82875 0.985 0.013750000000000002 0.026250000000000002
2 0.8421875 0.9859375 0.0125 0.025
2 0.8553124999999999 0.9884375000000001 0.013750000000000002 0.02375
2 0.8659375 0.9884375000000001 0.01625 0.02375
2 0.8778124999999999 0.9896874999999999 0.015 0.02
2 0.44406249999999997 0.9340624999999999 0.01625 0.027500000000000004
2 0.4559375 0.9378125 0.015 0.028749999999999998
2 0.476875 0.940625 0.01625 0.025
2 0.5021875 0.945 0.013750000000000002 0.027500000000000004
2 0.6993750000000001 0.9824999999999999 0.017499999999999998 0.021249999999999998
2 0.545625 0.9559374999999999 0.01 0.021249999999999998
2 0.5575 0.9565625000000001 0.015 0.0225
2 0.568125 0.960625 0.017499999999999998 0.027500000000000004
2 0.5796875 0.960625 0.01875 0.027500000000000004
2 0.6034375 0.965625 0.01625 0.025
2 0.6168750000000001 0.968125 0.015 0.02375
2 0.6265625 0.9724999999999999 0.01875 0.026250000000000002
2 0.6421875 0.9740624999999999 0.01875 0.026250000000000002
2 0.6528125 0.9737500000000001 0.015 0.0225
2 0.6625 0.9753125 0.01875 0.0225
2 0.675 0.9775 0.01875 0.02375
2 0.6875 0.9803124999999999 0.01875 0.026250000000000002
2 0.9034375000000001 0.9253125000000001 0.01625 0.028749999999999998
2 0.891875 0.92125 0.015 0.02375
2 0.8809374999999999 0.91875 0.015 0.025
2 0.7115625 0.8074999999999999 0.013750000000000002 0.021249999999999998
2 0.53125 0.7993750000000001 0.01875 0.03
2 0.58875 0.8096875000000001 0.021249999999999998 0.028749999999999998
2 0.6212500000000001 0.8165625000000001 0.017499999999999998 0.02375
2 0.645 0.821875 0.015 0.025
2 0.64125 0.796875 0.013750000000000002 0.025
2 0.65125 0.7975 0.015 0.026250000000000002
2 0.6746875 0.8025 0.015 0.02375
2 0.698125 0.8053125 0.015 0.026250000000000002
2 0.6565624999999999 0.8240624999999999 0.01625 0.0325
2 0.670625 0.8275 0.01625 0.03
2 0.6934375 0.8306250000000001 0.015 0.02375
2 0.705 0.8318749999999999 0.01625 0.026250000000000002
2 0.724375 0.8087500000000001 0.017499999999999998 0.02375
2 0.934375 0.7993750000000001 0.0125 0.02375
2 0.7368750000000001 0.8106249999999999 0.017499999999999998 0.021249999999999998
2 0.7465625 0.813125 0.015 0.02
2 0.7596875 0.8153124999999999 0.01625 0.021249999999999998
2 0.7815624999999999 0.8215625 0.01625 0.027500000000000004
2 0.791875 0.8237500000000001 0.015 0.028749999999999998
2 0.8046875 0.8259375 0.01875 0.02375
2 0.8143750000000001 0.82875 0.01625 0.026250000000000002
2 0.826875 0.8300000000000001 0.01625 0.028749999999999998
2 0.8390625 0.83375 0.01875 0.02375
2 0.8631249999999999 0.8390625 0.013750000000000002 0.025
2 0.8740625 0.8409375000000001 0.02 0.028749999999999998
2 0.8875 0.8421875 0.01875 0.025
2 0.945 0.7993750000000001 0.015 0.02375
2 0.9193749999999999 0.795625 0.013750000000000002 0.0225
2 0.86875 0.9165625000000001 0.01875 0.02375
2 0.43125 0.7546875 0.0125 0.025
2 0.9256249999999999 0.7753125 0.013750000000000002 0.0225
2 0.9703125 0.7162499999999999 0.01875 0.02
2 0.9803124999999999 0.7396874999999999 0.013750000000000002 0.02
2 0.9878125000000001 0.7909375 0.01625 0.0225
2 0.9887499999999999 0.8153124999999999 0.015 0.021249999999999998
2 0.991875 0.8387499999999999 0.015 0.021249999999999998
2 0.9915625 0.8612500000000001 0.017499999999999998 0.0225
2 0.99375 0.8862500000000001 0.0125 0.0225
2 0.9921875 0.9134375 0.0125 0.02375
2 0.991875 0.9412499999999999 0.015 0.026250000000000002
2 0.9896874999999999 0.9665625 0.013750000000000002 0.02375
2 0.985625 0.9896874999999999 0.015 0.02
2 0.4378125 0.77625 0.01625 0.021249999999999998
2 0.9078125 0.7943749999999999 0.0125 0.026250000000000002
2 0.473125 0.7878125 0.015 0.0225
2 0.8034375 0.774375 0.01625 0.02375
2 0.8153124999999999 0.776875 0.015 0.0225
2 0.828125 0.7796875 0.01875 0.025
2 0.8487500000000001 0.7840625 0.01625 0.027500000000000004
2 0.8618750000000001 0.7884375 0.017499999999999998 0.02375
2 0.8724999999999999 0.7903125 0.013750000000000002 0.027500000000000004
2 0.8890625 0.7934375 0.0125 0.021249999999999998
2 0.8984375 0.846875 0.01875 0.025
2 0.9184374999999999 0.8474999999999999 0.015 0.026250000000000002
2 0.9309375 0.8509375 0.015 0.03
2 0.7106250000000001 0.88375 0.015 0.02375
2 0.5534375 0.8571875 0.01625 0.02375
2 0.5778125000000001 0.8612500000000001 0.015 0.0225
2 0.560625 0.8821875 0.015 0.02375
2 0.573125 0.8881249999999999 0.015 0.026250000000000002
2 0.583125 0.890625 0.01625 0.025
2 0.58875 0.8643750000000001 0.015 0.0225
2 0.5990624999999999 0.865625 0.013750000000000002 0.025
2 0.6246875000000001 0.8675 0.015 0.028749999999999998
2 0.6381249999999999 0.871875 0.013750000000000002 0.025
2 0.67375 0.8787499999999999 0.01625 0.026250000000000002
2 0.6871875000000001 0.875625 0.015 0.026250000000000002
2 0.696875 0.8821875 0.0125 0.02375
2 0.7209375 0.88375 0.013750000000000002 0.02375
2 0.9737500000000001 0.8553124999999999 0.01 0.026250000000000002
2 0.7334375 0.8871874999999999 0.013750000000000002 0.027500000000000004
2 0.745625 0.890625 0.01 0.025
2 0.7559375 0.8921875 0.015 0.025
2 0.7675 0.8953125 0.01625 0.025
2 0.778125 0.89625 0.0125 0.02375
2 0.7878125 0.8990625 0.01625 0.026250000000000002
2 0.8003125000000001 0.9009375000000001 0.01625 0.02375
2 0.8134375 0.905625 0.017499999999999998 0.03
2 0.8243750000000001 0.9087500000000001 0.01125 0.02375
2 0.834375 0.9087500000000001 0.0125 0.02375
2 0.846875 0.9099999999999999 0.0125 0.026250000000000002
2 0.8571875 0.9121874999999999 0.017499999999999998 0.027500000000000004
2 0.5490625 0.8809374999999999 0.013750000000000002 0.021249999999999998
2 0.53625 0.8787499999999999 0.01625 0.026250000000000002
2 0.9428124999999999 0.9584374999999999 0.013750000000000002 0.026250000000000002
2 0.9506249999999999 0.8828125 0.013750000000000002 0.025
2 0.5178125 0.8509375 0.013750000000000002 0.02375
2 0.38875000000000004 0.844375 0.015 0.026250000000000002
2 0.40374999999999994 0.8474999999999999 0.013750000000000002 0.026250000000000002
2 0.4146875 0.8515625 0.013750000000000002 0.025
2 0.43531250000000005 0.8540625000000001 0.017499999999999998 0.02375
2 0.459375 0.8615625 0.0125 0.026250000000000002
2 0.47062499999999996 0.8643750000000001 0.01625 0.028749999999999998
2 0.4890625 0.8712500000000001 0.0125 0.02375
2 0.5021875 0.8706250000000001 0.013750000000000002 0.0225
2 0.51375 0.875 0.015 0.025
2 0.716875 0.8346875 0.015 0.028749999999999998
2 0.73125 0.8359375 0.01875 0.025
2 0.7428125 0.8371875 0.013750000000000002 0.027500000000000004
2 0.765 0.8440625 0.017499999999999998 0.028749999999999998
2 0.7871875 0.85 0.015 0.025
2 0.7990625 0.8528125 0.013750000000000002 0.027500000000000004
2 0.8099999999999999 0.85375 0.013750000000000002 0.026250000000000002
2 0.8228125000000001 0.8559374999999999 0.017499999999999998 0.027500000000000004
2 0.83375 0.8568749999999999 0.017499999999999998 0.026250000000000002
2 0.8481249999999999 0.8590625 0.015 0.027500000000000004
2 0.8574999999999999 0.8615625 0.015 0.026250000000000002
2 0.869375 0.8646874999999999 0.02 0.026250000000000002
2 0.8800000000000001 0.8659375 0.01625 0.0225
2 0.89375 0.8706250000000001 0.01875 0.0225
2 0.9253125000000001 0.8803124999999999 0.01625 0.026250000000000002
