2 0.039375 0.061875 0.01 0.005
2 0.1575 0.046875 0.008749999999999999 0.0125
2 0.1678125 0.0396875 0.0075 0.013750000000000002
2 0.16375 0.0553125 0.008749999999999999 0.013750000000000002
2 0.0709375 0.14250000000000002 0.0075 0.01625
2 0.031875 0.1609375 0.0075 0.0125
2 0.050624999999999996 0.16343749999999999 0.0075 0.01125
2 0.088125 0.14375 0.0075 0.0125
2 0.1159375 0.1428125 0.01 0.013750000000000002
2 0.019375 0.1903125 0.0075 0.015
2 0.05 0.195 0.00625 0.015
2 0.08625000000000001 0.190625 0.01 0.0125
2 0.065 0.2290625 0.01125 0.01125
2 0.055625 0.2546875 0.01125 0.0125
2 0.02 0.21218750000000003 0.008749999999999999 0.015
2 0.027187499999999996 0.215625 0.0075 0.0125
2 0.031875 0.1909375 0.0075 0.01625
2 0.01625 0.3046875 0.013750000000000002 0.0125
2 0.06 0.29312499999999997 0.02 0.02375
2 0.0321875 0.3725 0.01125 0.013750000000000002
2 0.021249999999999998 0.383125 0.01125 0.01
2 0.0096875 0.396875 0.01 0.0125
2 0.03875 0.38375 0.008749999999999999 0.01125
2 0.0290625 0.3975 0.01125 0.013750000000000002
2 0.046875 0.440625 0.00625 0.0125
2 0.0396875 0.43968749999999995 0.0075 0.013750000000000002
2 0.0115625 0.5115624999999999 0.013750000000000002 0.0075
2 0.04625 0.510625 0.01125 0.008749999999999999
2 0.065625 0.5131249999999999 0.0125 0.0075
2 0.0965625 0.516875 0.015 0.008749999999999999
2 0.1 0.5278125 0.01875 0.008749999999999999
2 0.06999999999999999 0.52625 0.015 0.008749999999999999
2 0.053125 0.5396875 0.0125 0.0075
2 0.090625 0.86625 0.00625 0.013750000000000002
2 0.084375 0.86625 0.00625 0.013750000000000002
2 0.033437499999999995 0.8584375 0.0075 0.013750000000000002
2 0.0084375 0.85375 0.0075 0.013750000000000002
2 0.0046875 0.9574999999999999 0.00625 0.015
2 0.0125 0.96 0.00625 0.013750000000000002
2 0.109375 0.7368750000000001 0.00625 0.01125
2 0.1140625 0.7384375000000001 0.00625 0.01125
2 0.11968749999999999 0.74 0.005 0.01125
2 0.130625 0.740625 0.005 0.0125
2 0.1546875 0.575 0.0125 0.00625
2 0.08249999999999999 0.566875 0.008749999999999999 0.015
2 0.1365625 0.5153125000000001 0.013750000000000002 0.008749999999999999
2 0.16625 0.5131249999999999 0.013750000000000002 0.0075
2 0.2940625 0.0365625 0.01 0.0075
2 0.3265625 0.034375 0.0125 0.00625
2 0.3175 0.059375 0.01 0.00625
2 0.21375000000000002 0.15531250000000002 0.008749999999999999 0.013750000000000002
2 0.21968749999999998 0.190625 0.005 0.0125
2 0.2265625 0.19 0.00625 0.01125
2 0.24906250000000002 0.1953125 0.0075 0.0125
2 0.206875 0.51 0.0075 0.013750000000000002
2 0.2225 0.5459375 0.013750000000000002 0.0075
2 0.5371875 0.05437499999999999 0.008749999999999999 0.008749999999999999
2 0.5493750000000001 0.0528125 0.01125 0.008749999999999999
2 0.5525 0.0571875 0.01125 0.01125
2 0.588125 0.061875 0.0075 0.01125
2 0.5996875 0.06343750000000001 0.008749999999999999 0.01125
2 0.6075 0.065 0.008749999999999999 0.01125
2 0.614375 0.065 0.01 0.01125
2 0.620625 0.068125 0.01 0.01125
2 0.6275000000000001 0.068125 0.01125 0.01125
2 0.6709375 0.046875 0.0075 0.0125
2 0.6815625 0.013125000000000001 0.01625 0.0075
2 0.6609375 0.046875 0.00625 0.0125
2 0.64 0.07062500000000001 0.01125 0.01
2 0.6525000000000001 0.0725 0.01125 0.013750000000000002
2 0.6603125000000001 0.071875 0.01125 0.0125
2 0.670625 0.074375 0.01 0.01125
2 0.6784375 0.0775 0.01 0.01125
2 0.683125 0.07843750000000001 0.01 0.01
2 0.6912499999999999 0.080625 0.0075 0.01125
2 0.6971875 0.0796875 0.01 0.0125
2 0.704375 0.083125 0.008749999999999999 0.01
2 0.7175 0.08375 0.01 0.01125
2 0.681875 0.0496875 0.0075 0.015
2 0.6896875 0.053125 0.0075 0.0125
2 0.6959375 0.05375 0.0075 0.013750000000000002
2 0.703125 0.0546875 0.00625 0.0125
2 0.766875 0.091875 0.008749999999999999 0.015
2 0.8921875 0.00625 0.0125 0.00625
2 0.806875 0.0421875 0.013750000000000002 0.00625
2 0.9256249999999999 0.063125 0.013750000000000002 0.0075
2 0.7809375000000001 0.09375 0.008749999999999999 0.0125
2 0.7796875 0.1078125 0.0125 0.0125
2 0.7871875 0.1103125 0.008749999999999999 0.01125
2 0.795625 0.1134375 0.01 0.01125
2 0.4846875 0.294375 0.01625 0.0075
2 0.5118750000000001 0.2990625 0.01125 0.0075
2 0.48562500000000003 0.30062500000000003 0.015 0.0075
2 0.5103125000000001 0.30625 0.01125 0.00625
2 0.509375 0.3125 0.0125 0.00625
2 0.5081249999999999 0.32 0.01 0.008749999999999999
2 0.43968749999999995 0.375625 0.0075 0.013750000000000002
2 0.4340625 0.37312500000000004 0.008749999999999999 0.015
2 0.42000000000000004 0.37312500000000004 0.008749999999999999 0.015
2 0.406875 0.371875 0.0075 0.0125
2 0.40031249999999996 0.3728125 0.01 0.01125
2 0.388125 0.3765625 0.0075 0.0125
2 0.39656250000000004 0.37625000000000003 0.008749999999999999 0.015
2 0.1353125 0.468125 0.01125 0.017499999999999998
2 0.23875000000000002 0.5490625 0.015 0.0075
2 0.2453125 0.585 0.0125 0.0075
2 0.2446875 0.591875 0.01125 0.008749999999999999
2 0.27875 0.591875 0.013750000000000002 0.008749999999999999
2 0.265625 0.6046875 0.00625 0.0125
2 0.2578125 0.6053124999999999 0.00625 0.013750000000000002
2 0.26 0.5521874999999999 0.013750000000000002 0.0075
2 0.3109375 0.5515625 0.0125 0.00625
2 0.346875 0.5590625 0.0125 0.008749999999999999
2 0.3465625 0.55 0.015 0.00625
2 0.3465625 0.54375 0.015 0.00625
2 0.35625 0.53125 0.0125 0.00625
2 0.409375 0.4334375 0.00625 0.013750000000000002
2 0.409375 0.45625 0.0125 0.00625
2 0.409375 0.46312499999999995 0.0125 0.0075
2 0.40750000000000003 0.46875 0.008749999999999999 0.00625
2 0.405625 0.475 0.01125 0.00625
2 0.405625 0.48187499999999994 0.01125 0.0075
2 0.40406250000000005 0.4875 0.01125 0.00625
2 0.4025 0.49437499999999995 0.01125 0.0075
2 0.401875 0.5 0.01 0.00625
2 0.401875 0.50625 0.01 0.00625
2 0.4015625 0.5131249999999999 0.0125 0.0075
2 0.399375 0.51875 0.01125 0.00625
2 0.396875 0.530625 0.0125 0.005
2 0.42750000000000005 0.536875 0.01125 0.005
2 0.43125 0.5115624999999999 0.0125 0.0075
2 0.433125 0.50625 0.01 0.00625
2 0.3828125 0.5446875 0.0125 0.005
2 0.384375 0.5662499999999999 0.0125 0.0075
2 0.39437500000000003 0.578125 0.013750000000000002 0.00625
2 0.4415625 0.5478125 0.01125 0.01125
2 0.46656250000000005 0.5525 0.01125 0.01125
2 0.48187499999999994 0.5543750000000001 0.0075 0.015
2 0.333125 0.6565624999999999 0.01625 0.01
2 0.335 0.6496875 0.013750000000000002 0.008749999999999999
2 0.335 0.6434375 0.013750000000000002 0.008749999999999999
2 0.384375 0.594375 0.0125 0.0075
2 0.4 0.6215625 0.00625 0.015
2 0.434375 0.6271875 0.0125 0.0075
2 0.4375 0.61875 0.0125 0.00625
2 0.4446875 0.6059375 0.017499999999999998 0.008749999999999999
2 0.458125 0.6075 0.01 0.008749999999999999
2 0.4765625 0.6090625000000001 0.0125 0.008749999999999999
2 0.52125 0.5671875 0.005 0.0125
2 0.49124999999999996 0.6115625 0.013750000000000002 0.0075
2 0.5178125 0.6475 0.0075 0.013750000000000002
2 0.321875 0.7115625 0.0125 0.0075
2 0.3225 0.71875 0.013750000000000002 0.00625
2 0.31625000000000003 0.735 0.013750000000000002 0.0075
2 0.5553125 0.5825 0.0075 0.015
2 0.5971875 0.5859375 0.01 0.00625
2 0.595625 0.59375 0.01 0.00625
2 0.5915625 0.6068749999999999 0.017499999999999998 0.0075
2 0.6109375 0.61 0.0125 0.0075
2 0.6275000000000001 0.6125 0.01125 0.00625
2 0.7215625 0.629375 0.015 0.008749999999999999
2 0.693125 0.624375 0.01125 0.005
2 0.651875 0.6571875 0.01 0.01125
2 0.645 0.7125 0.008749999999999999 0.0125
2 0.6396875 0.75125 0.0075 0.015
2 0.6756249999999999 0.685625 0.0075 0.015
2 0.6834374999999999 0.684375 0.0075 0.0125
2 0.6171875 0.764375 0.00625 0.01625
2 0.593125 0.7778125 0.017499999999999998 0.008749999999999999
2 0.621875 0.7825 0.00625 0.015
2 0.66625 0.7621875 0.0075 0.015
2 0.68125 0.7640625 0.00625 0.0125
2 0.6459374999999999 0.7896875 0.0075 0.013750000000000002
2 0.6515625 0.8168749999999999 0.0125 0.008749999999999999
2 0.6381249999999999 0.7959375 0.0075 0.013750000000000002
2 0.63125 0.8015625 0.00625 0.0125
2 0.66875 0.7953125 0.00625 0.0125
2 0.68125 0.7975 0.00625 0.013750000000000002
2 0.60375 0.8390625 0.0075 0.0125
2 0.625625 0.8318749999999999 0.0075 0.013750000000000002
2 0.6240625 0.846875 0.0075 0.0125
2 0.6215625 0.86 0.008749999999999999 0.013750000000000002
2 0.6475 0.8640625 0.0075 0.0125
2 0.6415625 0.8671875 0.005 0.0125
2 0.569375 0.8690625000000001 0.0075 0.01
2 0.55625 0.8678125 0.00625 0.013750000000000002
2 0.5625 0.8709374999999999 0.00625 0.013750000000000002
2 0.5431250000000001 0.9053125 0.005 0.013750000000000002
2 0.6921875 0.900625 0.0125 0.0075
2 0.69625 0.8881249999999999 0.01125 0.0075
2 0.684375 0.8881249999999999 0.0125 0.0075
2 0.6743750000000001 0.8865624999999999 0.01125 0.0075
2 0.6140625 0.899375 0.00625 0.01125
2 0.6131249999999999 0.9134375 0.0075 0.01125
2 0.61 0.925 0.0075 0.0125
2 0.65 0.9103125000000001 0.00625 0.01125
2 0.6375 0.9359375 0.00625 0.0125
2 0.56375 0.9412499999999999 0.008749999999999999 0.013750000000000002
2 0.545 0.9646874999999999 0.008749999999999999 0.013750000000000002
2 0.64125 0.9859375 0.0075 0.0125
2 0.653125 0.965625 0.00625 0.0125
2 0.64625 0.9662499999999999 0.005 0.013750000000000002
2 0.5834374999999999 0.9650000000000001 0.0075 0.01125
2 0.595625 0.9496874999999999 0.01 0.015
2 0.5856250000000001 0.9475 0.008749999999999999 0.013750000000000002
2 0.634375 0.9646874999999999 0.00625 0.013750000000000002
2 0.64 0.965625 0.005 0.0125
2 0.7678125 0.6375 0.013750000000000002 0.00625
2 0.7828125 0.63875 0.0125 0.008749999999999999
2 0.8106249999999999 0.64375 0.015 0.00625
2 0.8265625 0.6443749999999999 0.0125 0.0075
2 0.8703125 0.6546875 0.0125 0.00625
2 0.884375 0.6559375000000001 0.0125 0.008749999999999999
2 0.9321875000000001 0.6646875 0.01125 0.0075
2 0.775 0.6584375 0.0125 0.0075
2 0.803125 0.663125 0.0125 0.0075
2 0.828125 0.6675 0.0125 0.01
2 0.8771875 0.7028125000000001 0.0075 0.015
2 0.8412499999999999 0.6693749999999999 0.013750000000000002 0.0075
