2 0.48968749999999994 0.056874999999999995 0.013750000000000002 0.0075
2 0.491875 0.0475 0.015 0.0075
2 0.49343750000000003 0.0209375 0.015 0.0075
2 0.4959375 0.0125 0.013750000000000002 0.00625
2 0.4959375 0.0040625 0.013750000000000002 0.005
2 0.458125 0.058750000000000004 0.01 0.017499999999999998
2 0.629375 0.07718749999999999 0.015 0.0075
2 0.635625 0.081875 0.015 0.0075
2 0.61625 0.2084375 0.013750000000000002 0.0075
2 0.019375 0.15125 0.013750000000000002 0.008749999999999999
2 0.07625 0.175 0.015 0.00625
2 0.090625 0.1703125 0.0125 0.00625
2 0.0953125 0.178125 0.0125 0.00625
2 0.123125 0.1828125 0.015 0.00625
2 0.23718750000000002 0.1859375 0.015 0.00625
2 0.28375 0.1875 0.01125 0.00625
2 0.274375 0.20875 0.02375 0.01125
2 0.3309375 0.2171875 0.015 0.00625
2 0.460625 0.2375 0.015 0.00625
2 0.0115625 0.26625 0.0075 0.013750000000000002
2 0.042812499999999996 0.21937500000000001 0.0075 0.013750000000000002
2 0.0396875 0.2328125 0.0075 0.0125
2 0.0225 0.335 0.0075 0.013750000000000002
2 0.10406249999999999 0.196875 0.01125 0.0125
2 0.141875 0.20249999999999999 0.008749999999999999 0.01125
2 0.15031250000000002 0.20187499999999997 0.01 0.01
2 0.15718749999999998 0.20406249999999998 0.01125 0.01125
2 0.164375 0.20406249999999998 0.01 0.01125
2 0.171875 0.2071875 0.0125 0.01125
2 0.18812500000000001 0.2078125 0.013750000000000002 0.0125
2 0.32 0.2503125 0.008749999999999999 0.01
2 0.3171875 0.25375000000000003 0.0125 0.013750000000000002
2 0.3153125 0.2634375 0.008749999999999999 0.01125
2 0.3109375 0.285625 0.0125 0.008749999999999999
2 0.309375 0.2896875 0.0125 0.0075
2 0.30874999999999997 0.30874999999999997 0.01125 0.01125
2 0.27875 0.29031250000000003 0.013750000000000002 0.008749999999999999
2 0.25375000000000003 0.3140625 0.0075 0.0125
2 0.2671875 0.3171875 0.00625 0.0125
2 0.2740625 0.31843750000000004 0.0075 0.015
2 0.2803125 0.321875 0.0075 0.0125
2 0.286875 0.3228125 0.005 0.01125
2 0.094375 0.28250000000000003 0.0075 0.015
2 0.1428125 0.28718750000000004 0.0075 0.015
2 0.19468749999999999 0.28375 0.005 0.01125
2 0.2603125 0.23562500000000003 0.01125 0.008749999999999999
2 0.200625 0.285625 0.0075 0.015
2 0.060312500000000005 0.3953125 0.01125 0.00625
2 0.0540625 0.40625 0.01125 0.00625
2 0.08499999999999999 0.40062499999999995 0.013750000000000002 0.0075
2 0.081875 0.41156249999999994 0.013750000000000002 0.0075
2 0.100625 0.4021875 0.013750000000000002 0.0075
2 0.113125 0.44749999999999995 0.0075 0.013750000000000002
2 0.134375 0.42000000000000004 0.0125 0.008749999999999999
2 0.155 0.41875 0.01 0.00625
2 0.14906250000000001 0.4246875 0.013750000000000002 0.008749999999999999
2 0.175 0.4140625 0.0125 0.00625
2 0.2875 0.42718749999999994 0.0125 0.0075
2 0.3734375 0.49781250000000005 0.00625 0.01125
2 0.3646875 0.5446875 0.0075 0.01125
2 0.36312500000000003 0.563125 0.0075 0.013750000000000002
2 0.1559375 0.5125 0.008749999999999999 0.0125
2 0.26156250000000003 0.6115625 0.0075 0.013750000000000002
2 0.21531250000000002 0.605 0.008749999999999999 0.01625
2 0.3725 0.578125 0.0075 0.0125
2 0.19125 0.8099999999999999 0.013750000000000002 0.0075
2 0.335 0.8006249999999999 0.0075 0.013750000000000002
2 0.31 0.8724999999999999 0.0075 0.013750000000000002
2 0.1515625 0.8881249999999999 0.0125 0.0075
2 0.2740625 0.9303125 0.0075 0.013750000000000002
2 0.5546875 0.8321875000000001 0.00625 0.01125
2 0.5865625 0.7121875 0.0075 0.015
2 0.3928125 0.2828125 0.0075 0.0125
2 0.415625 0.3109375 0.00625 0.0125
2 0.406875 0.36 0.0075 0.013750000000000002
2 0.52625 0.23875000000000002 0.015 0.008749999999999999
2 0.5809375 0.2584375 0.015 0.0075
2 0.6134375000000001 0.24343750000000003 0.017499999999999998 0.008749999999999999
2 0.6168750000000001 0.2528125 0.015 0.008749999999999999
2 0.6378125 0.316875 0.01 0.015
2 0.6440625 0.3484375 0.01 0.0125
2 0.66125 0.2528125 0.01625 0.008749999999999999
2 0.70875 0.2625 0.01125 0.00625
2 0.6996875 0.25 0.008749999999999999 0.00625
2 0.7474999999999999 0.2709375 0.013750000000000002 0.0075
2 0.790625 0.27875 0.0125 0.0075
2 0.83125 0.2865625 0.0125 0.0075
2 0.8528125 0.30343749999999997 0.015 0.01
2 0.6428125 0.371875 0.0075 0.0125
2 0.6296875 0.3725 0.00625 0.013750000000000002
2 0.7803125 0.9059375 0.0075 0.015
2 0.775 0.828125 0.00625 0.0125
2 0.765 0.8365625 0.005 0.013750000000000002
2 0.775 0.8403124999999999 0.00625 0.008749999999999999
2 0.82875 0.8109375 0.013750000000000002 0.00625
2 0.8275 0.8259375 0.01125 0.01125
2 0.8099999999999999 0.7284375 0.0075 0.01
2 0.7737499999999999 0.6496875 0.01625 0.008749999999999999
2 0.8574999999999999 0.6587500000000001 0.008749999999999999 0.01125
2 0.8771875 0.294375 0.013750000000000002 0.0075
2 0.8975 0.2828125 0.013750000000000002 0.00625
2 0.8940625000000001 0.2896875 0.01625 0.0075
2 0.9778125 0.31 0.015 0.0075
2 0.9946875000000001 0.3271875 0.01125 0.0075
2 0.845 0.515 0.008749999999999999 0.017499999999999998
