2 0.1715625 0.046875 0.008749999999999999 0.0125
2 0.38125 0.0234375 0.0125 0.00625
2 0.40062499999999995 0.099375 0.0075 0.02375
2 0.39437500000000003 0.13625 0.0075 0.01625
2 0.39437500000000003 0.150625 0.0075 0.013750000000000002
2 0.3896875 0.17281249999999998 0.0075 0.01125
2 0.388125 0.18656250000000002 0.0075 0.013750000000000002
2 0.3875 0.2084375 0.00625 0.013750000000000002
2 0.38687499999999997 0.2234375 0.005 0.0125
2 0.38687499999999997 0.24093749999999997 0.005 0.01
2 0.34125 0.304375 0.0075 0.015
2 0.353125 0.31 0.00625 0.013750000000000002
2 0.35625 0.2934375 0.00625 0.015
2 0.446875 0.3725 0.0125 0.0075
2 0.3740625 0.4303125 0.0075 0.013750000000000002
2 0.33999999999999997 0.43624999999999997 0.01125 0.01
2 0.7040625 0.33187500000000003 0.01125 0.0075
2 0.663125 0.4609375 0.0075 0.0125
2 0.7034374999999999 0.33875 0.01 0.008749999999999999
2 0.6965625 0.375 0.015 0.00625
2 0.694375 0.381875 0.013750000000000002 0.0075
2 0.6934375 0.388125 0.015 0.0075
2 0.6921875 0.39375 0.0125 0.00625
2 0.725 0.396875 0.00625 0.0125
2 0.7321875 0.3975 0.005 0.013750000000000002
2 0.7390625 0.39968750000000003 0.00625 0.015
2 0.75 0.40125 0.00625 0.015
2 0.756875 0.4021875 0.0075 0.013750000000000002
2 0.7631249999999999 0.40374999999999994 0.0075 0.013750000000000002
2 0.7696875000000001 0.40437500000000004 0.005 0.015
2 0.775625 0.4059375 0.0075 0.015
2 0.780625 0.40875000000000006 0.005 0.01125
2 0.788125 0.40843749999999995 0.0075 0.013750000000000002
2 0.819375 0.409375 0.0075 0.0125
2 0.6078125 0.0046875 0.00625 0.00625
2 0.6703125 0.006875000000000001 0.0125 0.0075
2 0.6903125 0.0125 0.015 0.00625
2 0.6890625 0.025625 0.0125 0.0075
2 0.6900000000000001 0.0328125 0.01125 0.00625
2 0.7775000000000001 0.023125 0.017499999999999998 0.008749999999999999
2 0.728125 0.713125 0.0125 0.0075
2 0.7453125 0.716875 0.0125 0.008749999999999999
2 0.8415625 0.719375 0.01125 0.0075
2 0.8553124999999999 0.7203125 0.013750000000000002 0.00625
2 0.9037499999999999 0.74125 0.013750000000000002 0.0075
2 0.82 0.9643750000000001 0.008749999999999999 0.01
2 0.256875 0.9515625 0.0075 0.0125
2 0.288125 0.9637499999999999 0.0075 0.015
2 0.3125 0.8087500000000001 0.00625 0.017499999999999998
2 0.32687499999999997 0.645625 0.01 0.01625
2 0.3984375 0.645 0.0125 0.008749999999999999
2 0.2709375 0.8359375 0.0075 0.0125
2 0.2690625 0.8487500000000001 0.01 0.01
2 0.4078125 0.9650000000000001 0.00625 0.01125
2 0.503125 0.945 0.0125 0.008749999999999999
2 0.6325000000000001 0.7521875 0.008749999999999999 0.013750000000000002
