2 0.14375 0.0046875 0.00625 0.00625
2 0.1565625 0.0515625 0.01 0.00625
2 0.13968750000000002 0.0609375 0.0075 0.0125
2 0.09281249999999999 0.12250000000000001 0.0075 0.013750000000000002
2 0.013125000000000001 0.1740625 0.0075 0.013750000000000002
2 0.07625 0.384375 0.008749999999999999 0.0125
2 0.0846875 0.4653125 0.01 0.015
2 0.0109375 0.46125 0.00625 0.01
2 0.1440625 0.5409375 0.01 0.01625
2 0.17781249999999998 0.496875 0.008749999999999999 0.0125
2 0.1984375 0.501875 0.0125 0.01
2 0.19343749999999998 0.5340625 0.008749999999999999 0.015
2 0.178125 0.585 0.00625 0.013750000000000002
2 0.21000000000000002 0.665625 0.0075 0.0125
2 0.2 0.6865625 0.00625 0.013750000000000002
2 0.23562500000000003 0.725625 0.008749999999999999 0.013750000000000002
2 0.2653125 0.7162499999999999 0.008749999999999999 0.013750000000000002
2 0.2575 0.7787499999999999 0.015 0.026250000000000002
2 0.28250000000000003 0.9171875 0.008749999999999999 0.0125
2 0.30125 0.9115624999999999 0.008749999999999999 0.013750000000000002
2 0.31062500000000004 0.915 0.008749999999999999 0.01125
2 0.296875 0.945 0.0125 0.008749999999999999
2 0.3275 0.9459375 0.01125 0.0075
2 0.33375 0.9506249999999999 0.01125 0.0075
2 0.48687500000000006 0.8984375 0.01125 0.00625
2 0.546875 0.8465624999999999 0.0125 0.008749999999999999
2 0.5818749999999999 0.8324999999999999 0.013750000000000002 0.008749999999999999
2 0.5971875 0.850625 0.01 0.0075
2 0.6146874999999999 0.7359375 0.0075 0.0125
2 0.3959375 0.3740625 0.0075 0.013750000000000002
2 0.42125 0.34750000000000003 0.01125 0.0075
2 0.48187499999999994 0.39125 0.0075 0.013750000000000002
2 0.5375 0.42437500000000006 0.00625 0.01125
2 0.8959374999999999 0.795 0.013750000000000002 0.008749999999999999
2 0.9384375 0.46875 0.01125 0.00625
2 0.923125 0.46312499999999995 0.008749999999999999 0.013750000000000002
2 0.9553125 0.43499999999999994 0.013750000000000002 0.0075
2 0.91875 0.3546875 0.00625 0.0125
2 0.9546875 0.240625 0.0125 0.00625
2 0.9484375 0.21937500000000001 0.00625 0.013750000000000002
2 0.953125 0.1953125 0.00625 0.0125
2 0.8474999999999999 0.244375 0.0075 0.013750000000000002
2 0.8578125 0.20375000000000001 0.00625 0.013750000000000002
2 0.9828125 0.1078125 0.00625 0.0125
2 0.985 0.0953125 0.0075 0.0125
2 0.728125 0.1046875 0.00625 0.0125
2 0.8393750000000001 0.11781250000000001 0.01 0.0075
2 0.26968749999999997 0.0640625 0.01125 0.00625
2 0.4640625 0.0890625 0.0125 0.00625
2 0.44281249999999994 0.09343749999999999 0.013750000000000002 0.008749999999999999
2 0.900625 0.1615625 0.013750000000000002 0.0075
2 0.9384375 0.18562499999999998 0.005 0.015
