2 0.13999999999999999 0.01625 0.005 0.013750000000000002
2 0.15625 0.006875000000000001 0.0125 0.0075
2 0.013125000000000001 0.12875 0.0075 0.013750000000000002
2 0.07625 0.34125 0.008749999999999999 0.013750000000000002
2 0.010312499999999999 0.4190625 0.005 0.01
2 0.08375 0.41968750000000005 0.01125 0.017499999999999998
2 0.145 0.49812500000000004 0.008749999999999999 0.015
2 0.1784375 0.45218749999999996 0.01 0.013750000000000002
2 0.19437500000000002 0.49124999999999996 0.0075 0.013750000000000002
2 0.1975 0.45968749999999997 0.013750000000000002 0.01
2 0.2796875 0.4496875 0.00625 0.015
2 0.16875 0.43187499999999995 0.00625 0.013750000000000002
2 0.17781249999999998 0.541875 0.008749999999999999 0.015
2 0.21000000000000002 0.621875 0.0075 0.0125
2 0.20125 0.6428125 0.008749999999999999 0.013750000000000002
2 0.23312499999999997 0.681875 0.01 0.013750000000000002
2 0.26687500000000003 0.6725 0.008749999999999999 0.013750000000000002
2 0.256875 0.7359375 0.013750000000000002 0.025
2 0.30125 0.86875 0.008749999999999999 0.0125
2 0.28250000000000003 0.871875 0.008749999999999999 0.0125
2 0.296875 0.9012499999999999 0.0125 0.008749999999999999
2 0.48624999999999996 0.8553124999999999 0.01 0.0075
2 0.546875 0.80375 0.0125 0.0075
2 0.5803125 0.7909375 0.013750000000000002 0.01
2 0.5962500000000001 0.8059375 0.01125 0.008749999999999999
2 0.61375 0.691875 0.008749999999999999 0.015
2 0.538125 0.379375 0.0075 0.015
2 0.39437500000000003 0.3296875 0.0075 0.0125
2 0.42125 0.30375 0.01125 0.0075
2 0.48187499999999994 0.34781249999999997 0.0075 0.01125
2 0.7703125 0.320625 0.00625 0.01
2 0.774375 0.343125 0.005 0.01125
2 0.835 0.6068749999999999 0.013750000000000002 0.0075
2 0.8953125 0.750625 0.0125 0.0075
2 0.9225 0.4175 0.0075 0.01625
2 0.9375 0.42406249999999995 0.0125 0.0075
2 0.954375 0.3903125 0.015 0.008749999999999999
2 0.9178124999999999 0.31 0.0075 0.013750000000000002
2 0.9818749999999999 0.063125 0.0075 0.013750000000000002
2 0.9834375 0.050937500000000004 0.0075 0.01125
2 0.9490624999999999 0.174375 0.0075 0.017499999999999998
2 0.9546875 0.1975 0.0125 0.0075
2 0.95375 0.15 0.0075 0.0125
2 0.8474999999999999 0.1996875 0.0075 0.015
2 0.8584375 0.16125 0.0075 0.01625
2 0.756875 0.1390625 0.0075 0.0125
