2 0.200625 0.0240625 0.0075 0.013750000000000002
2 0.1975 0.138125 0.0075 0.013750000000000002
2 0.2125 0.146875 0.00625 0.0125
2 0.19 0.38656250000000003 0.01125 0.0075
2 0.3421875 0.5046875 0.00625 0.0125
2 0.121875 0.5328125 0.00625 0.0125
2 0.12125 0.546875 0.005 0.0125
2 0.10625 0.6759375000000001 0.00625 0.01125
2 0.1359375 0.7053125 0.0125 0.0075
2 0.0959375 0.8328125 0.0075 0.0125
2 0.31875 0.640625 0.00625 0.0125
2 0.35125 0.6903125 0.008749999999999999 0.008749999999999999
2 0.3421875 0.735 0.00625 0.013750000000000002
2 0.3421875 0.5565625 0.00625 0.01625
2 0.39375 0.600625 0.01875 0.0075
2 0.356875 0.473125 0.0075 0.015
2 0.3921875 0.46218750000000003 0.0125 0.008749999999999999
2 0.406875 0.1153125 0.0075 0.015
2 0.45375 0.10187500000000001 0.013750000000000002 0.01
2 0.61 0.5475 0.013750000000000002 0.0075
2 0.6428125 0.7534375 0.013750000000000002 0.01
2 0.48187499999999994 0.8275 0.0075 0.01125
2 0.5221875 0.8278125 0.01 0.008749999999999999
2 0.343125 0.9578125 0.005 0.0125
2 0.64625 0.821875 0.01125 0.00625
2 0.678125 0.913125 0.00625 0.013750000000000002
2 0.6609375 0.940625 0.00625 0.0125
2 0.7140625 0.9490624999999999 0.0125 0.0075
2 0.6759375000000001 0.8509375 0.005 0.01125
2 0.7068749999999999 0.743125 0.0075 0.01125
2 0.696875 0.7296875 0.00625 0.0125
2 0.7006249999999999 0.71 0.0075 0.013750000000000002
2 0.7015625 0.6950000000000001 0.00625 0.015
2 0.704375 0.680625 0.008749999999999999 0.01125
2 0.7078125 0.6584375 0.00625 0.013750000000000002
2 0.6012500000000001 0.58375 0.008749999999999999 0.01125
2 0.6703125 0.5575 0.0125 0.008749999999999999
2 0.68875 0.5615625 0.015 0.0075
2 0.7428125 0.4515625 0.0075 0.0125
2 0.7728125 0.45999999999999996 0.01125 0.0075
2 0.6131249999999999 0.395 0.013750000000000002 0.008749999999999999
2 0.588125 0.2146875 0.0075 0.013750000000000002
2 0.6196875000000001 0.238125 0.01125 0.0075
2 0.6643749999999999 0.1265625 0.01 0.00625
2 0.819375 0.35531250000000003 0.013750000000000002 0.0075
2 0.81875 0.34500000000000003 0.0125 0.008749999999999999
2 0.6471875 0.0375 0.01 0.00625
2 0.996875 0.17250000000000001 0.00625 0.013750000000000002
2 0.93125 0.510625 0.00625 0.015
2 0.9487500000000001 0.5871875 0.01 0.015
2 0.9265625 0.33125 0.0125 0.00625
2 0.9243750000000001 0.340625 0.01125 0.00625
2 0.8474999999999999 0.681875 0.013750000000000002 0.0075
2 0.866875 0.6928124999999999 0.015 0.0075
2 0.8975 0.7096875 0.0075 0.01625
2 0.943125 0.7125 0.01125 0.00625
2 0.883125 0.6537499999999999 0.01 0.0075
2 0.903125 0.6759375000000001 0.00625 0.01125
2 0.9284375 0.748125 0.01 0.008749999999999999
2 0.9099999999999999 0.9046875 0.013750000000000002 0.00625
2 0.8953125 0.903125 0.0125 0.00625
2 0.9059375 0.8881249999999999 0.015 0.0075
