2 0.08375 0.0459375 0.017499999999999998 0.013750000000000002
2 0.0115625 0.018437500000000002 0.02 0.021249999999999998
2 0.03 0.0325 0.028749999999999998 0.021249999999999998
2 0.0625 0.045 0.025 0.015
2 0.108125 0.04375 0.0225 0.01875
2 0.13187500000000002 0.036875000000000005 0.026250000000000002 0.017499999999999998
2 0.10093749999999999 0.0128125 0.02375 0.01
2 0.1271875 0.0090625 0.02 0.015
2 0.18062499999999998 0.0121875 0.03 0.021249999999999998
2 0.17625 0.0059375 0.021249999999999998 0.008749999999999999
2 0.065625 0.7521875 0.01875 0.02
