2 0.14937499999999998 0.89625 0.02375 0.02375
2 0.5503125 0.9915625 0.0225 0.017499999999999998
2 0.5684375 0.97875 0.021249999999999998 0.02
2 0.604375 0.985 0.021249999999999998 0.02
2 0.1278125 0.93875 0.021249999999999998 0.015
2 0.17625 0.953125 0.021249999999999998 0.01875
2 0.13093749999999998 0.9271874999999999 0.027500000000000004 0.02
2 0.1378125 0.9168749999999999 0.0225 0.021249999999999998
2 0.1440625 0.90625 0.0225 0.01875
2 0.18 0.9440625 0.0225 0.0225
2 0.9390625 0.34249999999999997 0.025 0.0225
2 0.93 0.35125 0.0225 0.021249999999999998
2 0.9225 0.3678125 0.026250000000000002 0.02
2 0.9184374999999999 0.38375 0.021249999999999998 0.01125
2 0.915625 0.39718749999999997 0.025 0.01
2 0.9181250000000001 0.406875 0.02375 0.013750000000000002
2 0.9199999999999999 0.43125 0.021249999999999998 0.0125
2 0.9081250000000001 0.44375 0.0225 0.0125
2 0.913125 0.458125 0.02 0.01
2 0.9153125 0.47125000000000006 0.021249999999999998 0.01125
2 0.9168749999999999 0.48375 0.021249999999999998 0.01125
2 0.9637499999999999 0.43499999999999994 0.027500000000000004 0.013750000000000002
2 0.9646874999999999 0.4259375 0.026250000000000002 0.01125
2 0.8909375 0.02375 0.0225 0.028749999999999998
2 0.858125 0.0071874999999999994 0.01625 0.01125
2 0.869375 0.0115625 0.02 0.02
2 0.8809374999999999 0.015 0.021249999999999998 0.02375
2 0.9646874999999999 0.4028125 0.02 0.015
2 0.975625 0.3859375 0.02 0.01875
2 0.9875 0.39375 0.01875 0.025
2 0.9928125 0.3984375 0.013750000000000002 0.025
2 0.6890625 0.913125 0.025 0.013750000000000002
2 0.8096875000000001 0.9356249999999999 0.0225 0.015
