2 0.0515625 0.0125 0.0125 0.00625
2 0.049375 0.0309375 0.01125 0.008749999999999999
2 0.044687500000000005 0.0515625 0.01125 0.00625
2 0.041249999999999995 0.0828125 0.013750000000000002 0.00625
2 0.03625 0.10218750000000001 0.01 0.0075
2 0.0340625 0.1253125 0.015 0.01625
2 0.0725 0.12875 0.013750000000000002 0.0075
2 0.07468749999999999 0.1240625 0.015 0.0075
2 0.0728125 0.11625 0.01125 0.0075
2 0.025625 0.1734375 0.013750000000000002 0.00625
2 0.0225 0.20031249999999998 0.013750000000000002 0.01
2 0.056874999999999995 0.2190625 0.013750000000000002 0.01
2 0.017499999999999998 0.21531250000000002 0.01625 0.008749999999999999
2 0.05625 0.225 0.0125 0.00625
2 0.06687499999999999 0.234375 0.015 0.00625
2 0.0653125 0.2403125 0.015 0.008749999999999999
2 0.0515625 0.25375000000000003 0.0125 0.0075
2 0.049375 0.259375 0.01125 0.00625
2 0.013750000000000002 0.2575 0.015 0.008749999999999999
2 0.01 0.2740625 0.013750000000000002 0.0075
2 0.048125 0.27875 0.015 0.0075
2 0.0296875 0.32875 0.00625 0.013750000000000002
2 0.048125 0.2875 0.015 0.00625
2 0.025625 0.356875 0.0075 0.013750000000000002
2 0.02 0.37875000000000003 0.008749999999999999 0.013750000000000002
2 0.0234375 0.41968750000000005 0.00625 0.01125
2 0.0303125 0.49749999999999994 0.0075 0.013750000000000002
2 0.038125 0.49812500000000004 0.0075 0.015
2 0.05 0.49906249999999996 0.00625 0.013750000000000002
2 0.05625 0.5021875 0.00625 0.013750000000000002
2 0.0709375 0.50125 0.0075 0.015
2 0.0775 0.953125 0.005 0.0125
2 0.084375 0.954375 0.00625 0.015
2 0.090625 0.9546875 0.00625 0.0125
2 0.0975 0.95625 0.0075 0.0125
2 0.109375 0.9568749999999999 0.00625 0.013750000000000002
2 0.1209375 0.96 0.0075 0.013750000000000002
2 0.1271875 0.9615625 0.0075 0.013750000000000002
2 0.1046875 0.45999999999999996 0.00625 0.013750000000000002
2 0.13187500000000002 0.47468750000000004 0.0075 0.015
2 0.115625 0.5090625 0.00625 0.015
2 0.1234375 0.51 0.00625 0.013750000000000002
2 0.13125 0.5103125000000001 0.00625 0.01125
2 0.14375 0.5146875 0.00625 0.013750000000000002
2 0.15 0.51625 0.00625 0.013750000000000002
2 0.15687500000000001 0.5171875 0.0075 0.0125
2 0.161875 0.51875 0.005 0.0125
2 0.1975 0.5240625 0.0075 0.013750000000000002
2 0.1375 0.47562499999999996 0.00625 0.013750000000000002
2 0.1446875 0.47781250000000003 0.005 0.015
2 0.175625 0.480625 0.0075 0.017499999999999998
2 0.20406249999999998 0.48875 0.01125 0.015
2 0.236875 0.5287499999999999 0.005 0.013750000000000002
2 0.24375 0.53125 0.00625 0.0125
2 0.2625 0.4959375 0.00625 0.013750000000000002
2 0.3325 0.525625 0.015 0.0075
2 0.2671875 0.54125 0.00625 0.013750000000000002
2 0.2725 0.5475 0.0075 0.013750000000000002
2 0.278125 0.5528125 0.00625 0.015
2 0.284375 0.55375 0.00625 0.013750000000000002
2 0.29031250000000003 0.5543750000000001 0.008749999999999999 0.015
2 0.32437499999999997 0.48968749999999994 0.01125 0.0075
2 0.11625 0.115625 0.0075 0.0125
2 0.1428125 0.1203125 0.0075 0.0125
2 0.1484375 0.1209375 0.00625 0.013750000000000002
2 0.1546875 0.12375 0.00625 0.01625
2 0.1740625 0.1271875 0.0075 0.013750000000000002
2 0.231875 0.135 0.0075 0.013750000000000002
2 0.22000000000000003 0.13374999999999998 0.008749999999999999 0.01125
2 0.244375 0.138125 0.0075 0.013750000000000002
2 0.2553125 0.110625 0.0075 0.015
2 0.26875 0.115625 0.00625 0.0125
2 0.256875 0.1403125 0.0075 0.015
2 0.263125 0.14125000000000001 0.0075 0.013750000000000002
2 0.26875 0.1428125 0.00625 0.013750000000000002
2 0.275 0.1453125 0.00625 0.0125
2 0.281875 0.145625 0.0075 0.01625
2 0.30062500000000003 0.14750000000000002 0.0075 0.013750000000000002
2 0.3078125 0.1496875 0.00625 0.015
2 0.311875 0.123125 0.005 0.015
2 0.2803125 0.11687499999999999 0.0075 0.015
2 0.3490625 0.07781249999999999 0.013750000000000002 0.008749999999999999
2 0.4 0.005625 0.0125 0.005
2 0.3915625 0.060625 0.01125 0.008749999999999999
2 0.3890625 0.078125 0.0125 0.00625
2 0.385 0.0896875 0.013750000000000002 0.0075
2 0.3390625 0.15375 0.0125 0.0075
2 0.338125 0.16312500000000002 0.013750000000000002 0.0075
2 0.3715625 0.1715625 0.015 0.008749999999999999
2 0.3703125 0.181875 0.0125 0.0075
2 0.3703125 0.20375000000000001 0.0125 0.0075
2 0.36625 0.21156250000000001 0.013750000000000002 0.0075
2 0.32999999999999996 0.20125 0.01625 0.008749999999999999
2 0.3625 0.2403125 0.0125 0.008749999999999999
2 0.3609375 0.246875 0.0125 0.00625
2 0.36124999999999996 0.25375000000000003 0.01625 0.0075
2 0.32375 0.2459375 0.01625 0.0075
2 0.32 0.25625 0.015 0.00625
2 0.3453125 0.344375 0.0125 0.0075
2 0.3428125 0.353125 0.013750000000000002 0.00625
2 0.3115625 0.3753125 0.0075 0.01625
2 0.340625 0.369375 0.0125 0.0075
2 0.3359375 0.3875 0.0125 0.00625
2 0.35 0.39125 0.0125 0.0075
2 0.346875 0.4 0.0125 0.00625
2 0.3109375 0.390625 0.00625 0.0125
2 0.2996875 0.39249999999999996 0.008749999999999999 0.01625
2 0.30062500000000003 0.445 0.0075 0.015
2 0.32937500000000003 0.45906250000000004 0.015 0.008749999999999999
2 0.32406250000000003 0.4671875 0.013750000000000002 0.00625
2 0.3253125 0.4725 0.01625 0.0075
2 0.32406250000000003 0.4796875 0.013750000000000002 0.00625
2 0.350625 0.609375 0.0075 0.0125
2 0.3428125 0.6078125 0.0075 0.0125
2 0.3728125 0.6678124999999999 0.005 0.013750000000000002
2 0.3903125 0.7121875 0.008749999999999999 0.015
2 0.4028125 0.711875 0.008749999999999999 0.017499999999999998
2 0.425 0.7075 0.00625 0.015
2 0.4375 0.7084374999999999 0.00625 0.013750000000000002
2 0.45062499999999994 0.71 0.0075 0.013750000000000002
2 0.4578125 0.600625 0.0125 0.0075
2 0.375625 0.590625 0.0075 0.0125
2 0.33968750000000003 0.54625 0.013750000000000002 0.005
2 0.469375 0.7150000000000001 0.0075 0.01125
2 0.4771875 0.7171875 0.0075 0.0125
2 0.4765625 0.7309375 0.00625 0.015
2 0.488125 0.7328125 0.0075 0.0125
2 0.4859375 0.7162499999999999 0.00625 0.013750000000000002
2 0.509375 0.7212500000000001 0.00625 0.01125
2 0.5209374999999999 0.7234375 0.0075 0.0125
2 0.525 0.7375 0.00625 0.0125
2 0.531875 0.7396874999999999 0.0075 0.013750000000000002
2 0.5375 0.74125 0.00625 0.013750000000000002
2 0.54375 0.740625 0.00625 0.0125
2 0.5506249999999999 0.7421875 0.0075 0.0125
2 0.556875 0.74125 0.0075 0.013750000000000002
2 0.5584374999999999 0.7303124999999999 0.0075 0.013750000000000002
2 0.5646875 0.73125 0.0075 0.0125
2 0.5678124999999999 0.74375 0.0075 0.0125
2 0.5743750000000001 0.746875 0.005 0.0125
2 0.5765625 0.73375 0.00625 0.01125
2 0.584375 0.7321875 0.00625 0.01125
2 0.58125 0.7459374999999999 0.00625 0.013750000000000002
2 0.588125 0.7474999999999999 0.0075 0.013750000000000002
2 0.59375 0.746875 0.00625 0.0125
2 0.600625 0.748125 0.0075 0.015
2 0.60625 0.7490625 0.00625 0.013750000000000002
2 0.5671875 0.775625 0.00625 0.013750000000000002
2 0.5728125000000001 0.7787499999999999 0.005 0.013750000000000002
2 0.5862499999999999 0.7821875 0.01 0.005
2 0.614375 0.7875 0.01 0.00625
2 0.584375 0.7890625 0.0125 0.00625
2 0.584375 0.79375 0.0125 0.00625
2 0.584375 0.8 0.0125 0.00625
2 0.585 0.80625 0.013750000000000002 0.00625
2 0.5818749999999999 0.813125 0.013750000000000002 0.0075
2 0.5803125 0.8318749999999999 0.013750000000000002 0.0075
2 0.5790625 0.8375 0.01125 0.00625
2 0.5775 0.84375 0.01125 0.00625
2 0.5765625 0.85 0.0125 0.00625
2 0.5740624999999999 0.8559374999999999 0.013750000000000002 0.008749999999999999
2 0.569375 0.8943749999999999 0.013750000000000002 0.0075
2 0.568125 0.900625 0.01125 0.0075
2 0.6140625 0.7943749999999999 0.0125 0.0075
2 0.6134375000000001 0.8 0.01125 0.00625
2 0.6125 0.80625 0.0125 0.00625
2 0.6109375 0.813125 0.0125 0.0075
2 0.609375 0.818125 0.0125 0.005
2 0.6084375 0.83125 0.013750000000000002 0.00625
2 0.6075 0.836875 0.015 0.005
2 0.6068749999999999 0.843125 0.013750000000000002 0.005
2 0.6609375 0.8115625 0.00625 0.013750000000000002
2 0.6053124999999999 0.8484375 0.013750000000000002 0.00625
2 0.6053124999999999 0.8568749999999999 0.013750000000000002 0.0075
2 0.604375 0.869375 0.015 0.0075
2 0.6028125 0.875 0.015 0.00625
2 0.6012500000000001 0.881875 0.015 0.0075
2 0.6003125 0.8875 0.01625 0.00625
2 0.5990624999999999 0.8928125 0.013750000000000002 0.0075
2 0.5974999999999999 0.9 0.013750000000000002 0.00625
2 0.595625 0.905625 0.01625 0.005
2 0.594375 0.911875 0.013750000000000002 0.005
2 0.5912499999999999 0.921875 0.013750000000000002 0.00625
2 0.5921875 0.928125 0.0125 0.00625
2 0.6575 0.8975 0.008749999999999999 0.013750000000000002
2 0.6834374999999999 0.72875 0.0075 0.013750000000000002
2 0.6875 0.70875 0.00625 0.01125
2 0.6890625 0.6859375 0.00625 0.0125
2 0.635 0.6793750000000001 0.0075 0.015
2 0.6481250000000001 0.663125 0.015 0.0075
2 0.6509375000000001 0.6559375000000001 0.017499999999999998 0.008749999999999999
2 0.6537499999999999 0.65125 0.013750000000000002 0.008749999999999999
2 0.653125 0.6396875 0.0125 0.0075
2 0.654375 0.6325000000000001 0.015 0.008749999999999999
2 0.5771875 0.6075 0.013750000000000002 0.008749999999999999
2 0.6565624999999999 0.60625 0.01625 0.00625
2 0.46312499999999995 0.5337500000000001 0.0075 0.01125
2 0.47093749999999995 0.5359375 0.0075 0.0125
2 0.500625 0.54125 0.0075 0.013750000000000002
2 0.5078125 0.5428124999999999 0.00625 0.013750000000000002
2 0.585 0.5546875 0.0075 0.0125
2 0.5984375 0.5578125 0.00625 0.0125
2 0.646875 0.5671875 0.00625 0.0125
2 0.6540625 0.5678124999999999 0.005 0.013750000000000002
2 0.6609375 0.5703125 0.00625 0.0125
2 0.6203125 0.53125 0.00625 0.0125
2 0.6271875 0.5328125 0.0075 0.0125
2 0.6328125 0.5353125000000001 0.00625 0.01125
2 0.6384375 0.5384375 0.005 0.01125
2 0.6453125 0.54 0.00625 0.01125
2 0.6515625 0.540625 0.00625 0.0125
2 0.6571875 0.54 0.005 0.01125
2 0.6646875 0.540625 0.0075 0.0125
2 0.6846875 0.4496875 0.01625 0.008749999999999999
2 0.703125 0.434375 0.00625 0.0125
2 0.7325 0.14906250000000001 0.008749999999999999 0.013750000000000002
2 0.746875 0.14875 0.00625 0.01
2 0.7178125 0.051875000000000004 0.0075 0.01625
2 0.7303124999999999 0.0546875 0.0075 0.0125
2 0.7646875 0.025625 0.0075 0.013750000000000002
2 0.7678125 0.010624999999999999 0.0075 0.015
2 0.7725 0.21781250000000002 0.013750000000000002 0.0075
2 0.7240624999999999 0.308125 0.0075 0.01625
2 0.744375 0.32937500000000003 0.0075 0.015
2 0.7381249999999999 0.36 0.0075 0.013750000000000002
2 0.7359375 0.3746875 0.00625 0.015
2 0.734375 0.390625 0.00625 0.0125
2 0.73125 0.40625 0.00625 0.0125
2 0.7296875 0.4234375 0.00625 0.0125
2 0.7271875 0.44125 0.0075 0.013750000000000002
2 0.725 0.45625 0.00625 0.0125
2 0.7224999999999999 0.473125 0.0075 0.015
2 0.92875 0.021249999999999998 0.0075 0.01125
2 0.953125 0.024375 0.00625 0.01125
2 0.9609375 0.025625 0.00625 0.013750000000000002
2 0.9671875 0.015625 0.00625 0.0125
2 0.974375 0.015625 0.005 0.0125
2 0.9796875 0.015625 0.00625 0.0125
2 0.9875 0.0159375 0.00625 0.01
2 0.9921875 0.015625 0.00625 0.0125
2 0.9778125 0.028749999999999998 0.008749999999999999 0.013750000000000002
2 0.985 0.028749999999999998 0.0075 0.013750000000000002
2 0.996875 0.0296875 0.00625 0.0125
2 0.900625 0.0421875 0.0075 0.0125
2 0.936875 0.049375 0.005 0.01125
2 0.94375 0.050624999999999996 0.00625 0.013750000000000002
2 0.95 0.0528125 0.00625 0.015
2 0.974375 0.0546875 0.005 0.0125
2 0.9546875 0.064375 0.00625 0.01
2 0.9609375 0.065625 0.00625 0.0125
2 0.9662499999999999 0.06687499999999999 0.0075 0.015
2 0.9796875 0.0678125 0.00625 0.013750000000000002
2 0.984375 0.0703125 0.00625 0.0125
2 0.9921875 0.0696875 0.00625 0.01125
2 0.9928125 0.056874999999999995 0.0075 0.013750000000000002
2 0.98125 0.0546875 0.00625 0.0125
2 0.91875 0.0865625 0.00625 0.013750000000000002
2 0.9356249999999999 0.100625 0.008749999999999999 0.013750000000000002
2 0.94375 0.10218750000000001 0.00625 0.013750000000000002
2 0.9490624999999999 0.10375000000000001 0.0075 0.013750000000000002
2 0.9740624999999999 0.0959375 0.0075 0.013750000000000002
2 0.98125 0.0953125 0.00625 0.0125
2 0.9875 0.096875 0.00625 0.0125
2 0.9803124999999999 0.109375 0.0075 0.0125
2 0.99875 0.096875 0.00375 0.0125
2 0.996875 0.110625 0.00625 0.015
2 0.93125 0.1271875 0.00625 0.013750000000000002
2 0.9246874999999999 0.1265625 0.008749999999999999 0.0125
2 0.8881249999999999 0.121875 0.0075 0.0125
2 0.875 0.13125 0.00625 0.0125
2 0.954375 0.1428125 0.008749999999999999 0.013750000000000002
2 0.9625 0.144375 0.00625 0.013750000000000002
2 0.9678125 0.144375 0.0075 0.013750000000000002
2 0.9740624999999999 0.1459375 0.0075 0.013750000000000002
2 0.9796875 0.14625 0.00625 0.01125
2 0.9859375 0.14625 0.00625 0.01125
2 0.9915625 0.14750000000000002 0.005 0.013750000000000002
2 0.89375 0.16 0.00625 0.013750000000000002
2 0.88125 0.17093750000000002 0.00625 0.013750000000000002
2 0.9053125 0.175625 0.0075 0.013750000000000002
2 0.9193749999999999 0.165625 0.0075 0.0125
2 0.9193749999999999 0.178125 0.0075 0.0125
2 0.9015625 0.1596875 0.00625 0.01
2 0.9321875000000001 0.1671875 0.005 0.0125
2 0.93125 0.17906249999999999 0.00625 0.01125
2 0.9453125 0.169375 0.00625 0.013750000000000002
2 0.936875 0.17875000000000002 0.005 0.013750000000000002
2 0.944375 0.179375 0.0075 0.015
2 0.95625 0.1828125 0.00625 0.0125
2 0.963125 0.17250000000000001 0.0075 0.013750000000000002
2 0.9625 0.185 0.00625 0.013750000000000002
2 0.968125 0.185 0.005 0.013750000000000002
2 0.975 0.173125 0.00625 0.015
2 0.9740624999999999 0.18562499999999998 0.0075 0.015
2 0.9921875 0.18843749999999998 0.00625 0.01125
2 0.9881249999999999 0.1746875 0.0075 0.015
2 0.9859375 0.1871875 0.00625 0.015
2 0.9125 0.2240625 0.0125 0.0075
2 0.925 0.2053125 0.00625 0.013750000000000002
2 0.9671875 0.105625 0.00625 0.01125
2 0.906875 0.2015625 0.0075 0.0125
2 0.9403124999999999 0.19624999999999998 0.008749999999999999 0.01125
2 0.94375 0.20875 0.00625 0.01125
2 0.95 0.209375 0.00625 0.0125
2 0.95625 0.21125 0.00625 0.01625
2 0.963125 0.2109375 0.0075 0.0125
2 0.968125 0.2125 0.005 0.0125
2 0.974375 0.21218750000000003 0.005 0.015
2 0.9818749999999999 0.21437499999999998 0.0075 0.01625
2 0.9875 0.21593749999999998 0.00625 0.01625
2 0.99375 0.21625 0.00625 0.013750000000000002
2 0.8125 0.24125000000000002 0.00625 0.013750000000000002
2 0.80625 0.24125000000000002 0.00625 0.013750000000000002
2 0.7896875 0.24718749999999998 0.013750000000000002 0.01
2 0.8484375 0.2475 0.00625 0.013750000000000002
2 0.8740625 0.2525 0.0075 0.01125
2 0.8868750000000001 0.253125 0.005 0.0125
2 0.8984375 0.2553125 0.00625 0.013750000000000002
2 0.88125 0.253125 0.00625 0.0125
2 0.788125 0.2546875 0.013750000000000002 0.00625
2 0.7875 0.2609375 0.0125 0.00625
2 0.7875 0.26625 0.0125 0.0075
2 0.7853125000000001 0.2734375 0.01125 0.00625
2 0.784375 0.2796875 0.0125 0.00625
2 0.7834375 0.2865625 0.013750000000000002 0.0075
2 0.784375 0.2921875 0.0125 0.00625
2 0.7821875 0.299375 0.01125 0.005
2 0.7821875 0.3046875 0.01125 0.00625
2 0.78125 0.3109375 0.0125 0.00625
2 0.780625 0.31875 0.01125 0.00625
2 0.7865624999999999 0.3303125 0.013750000000000002 0.0075
2 0.7771874999999999 0.33406250000000004 0.013750000000000002 0.008749999999999999
2 0.7759375000000001 0.340625 0.01125 0.00625
2 0.7725 0.36625 0.013750000000000002 0.0075
2 0.7678125 0.3896875 0.013750000000000002 0.0075
2 0.7671875 0.4021875 0.0125 0.0075
2 0.8271875 0.2725 0.0075 0.013750000000000002
2 0.81375 0.2828125 0.008749999999999999 0.0125
2 0.86875 0.290625 0.00625 0.0125
2 0.8834375 0.2803125 0.0075 0.013750000000000002
2 0.88125 0.29375 0.00625 0.0125
2 0.875 0.29375 0.00625 0.0125
2 0.8637499999999999 0.2796875 0.008749999999999999 0.0125
2 0.8928125 0.29500000000000004 0.0075 0.015
2 0.8990625 0.29625 0.0075 0.01125
2 0.9178124999999999 0.2921875 0.0075 0.0125
2 0.9434374999999999 0.263125 0.008749999999999999 0.013750000000000002
2 0.9556250000000001 0.2640625 0.005 0.0125
2 0.9625 0.2659375 0.00625 0.01625
2 0.9668749999999999 0.26687500000000003 0.008749999999999999 0.015
2 0.9734375 0.26625 0.00625 0.013750000000000002
2 0.98125 0.2678125 0.00625 0.013750000000000002
2 0.9903124999999999 0.26875 0.008749999999999999 0.0125
2 0.8509375 0.315625 0.005 0.0125
2 0.8434375 0.328125 0.008749999999999999 0.0125
2 0.845 0.3540625 0.008749999999999999 0.01125
2 0.869375 0.3590625 0.0075 0.015
2 0.8568749999999999 0.3290625 0.0075 0.01125
2 0.8584375 0.3171875 0.0075 0.0125
2 0.865 0.318125 0.005 0.01125
2 0.8759375 0.3203125 0.005 0.0125
2 0.8828125 0.32156250000000003 0.00625 0.015
2 0.8875 0.33406250000000004 0.00625 0.015
2 0.8943749999999999 0.3334375 0.0075 0.013750000000000002
2 0.9275 0.32625000000000004 0.005 0.015
2 0.9328125 0.28875 0.00625 0.015
2 0.930625 0.3003125 0.005 0.01
2 0.9375 0.303125 0.00625 0.0125
2 0.9453125 0.29312499999999997 0.00625 0.01125
2 0.9484375 0.30375 0.00625 0.013750000000000002
2 0.95625 0.30375 0.00625 0.013750000000000002
2 0.9625 0.29312499999999997 0.00625 0.01125
2 0.9609375 0.3046875 0.00625 0.0125
2 0.9671875 0.306875 0.00625 0.013750000000000002
2 0.975 0.3078125 0.00625 0.0125
2 0.975 0.2940625 0.00625 0.01
2 0.98125 0.29375 0.00625 0.0125
2 0.97875 0.309375 0.0075 0.0125
2 0.9828125 0.3196875 0.00625 0.01125
2 0.9881249999999999 0.2975 0.0075 0.013750000000000002
2 0.991875 0.3103125 0.008749999999999999 0.01125
2 0.9953125 0.29625 0.00625 0.01125
2 0.9515625 0.3334375 0.00625 0.013750000000000002
2 0.959375 0.3325 0.00625 0.015
2 0.9640625 0.33375 0.00625 0.01125
2 0.9709375 0.334375 0.0075 0.0125
2 0.9875 0.3390625 0.00625 0.0125
2 0.9246874999999999 0.33999999999999997 0.008749999999999999 0.01125
2 0.9324999999999999 0.34125 0.008749999999999999 0.013750000000000002
2 0.936875 0.3415625 0.005 0.01125
2 0.94375 0.34375 0.00625 0.0125
2 0.9271874999999999 0.36625 0.0075 0.013750000000000002
2 0.8881249999999999 0.3725 0.0075 0.013750000000000002
2 0.938125 0.381875 0.0075 0.013750000000000002
2 0.931875 0.3803125 0.0075 0.013750000000000002
2 0.9193749999999999 0.3775 0.0075 0.01125
2 0.925 0.3784375 0.00625 0.01
2 0.928125 0.41624999999999995 0.00625 0.013750000000000002
2 0.76 0.43875000000000003 0.013750000000000002 0.008749999999999999
2 0.7609375 0.446875 0.0125 0.00625
2 0.760625 0.45218749999999996 0.015 0.0075
2 0.7584375 0.4640625 0.013750000000000002 0.00625
2 0.7578125 0.471875 0.0125 0.00625
2 0.7537499999999999 0.47781250000000003 0.013750000000000002 0.008749999999999999
2 0.7537499999999999 0.49000000000000005 0.013750000000000002 0.01125
2 0.7503124999999999 0.52 0.01625 0.008749999999999999
2 0.7490625 0.528125 0.013750000000000002 0.00625
2 0.7849999999999999 0.54125 0.0325 0.013750000000000002
2 0.909375 0.52625 0.0125 0.008749999999999999
2 0.8675 0.6068749999999999 0.01625 0.0075
2 0.9209375 0.5896874999999999 0.0075 0.013750000000000002
2 0.9021874999999999 0.556875 0.013750000000000002 0.0075
2 0.881875 0.3975 0.0075 0.013750000000000002
2 0.87625 0.3703125 0.008749999999999999 0.0125
2 0.8328125 0.39 0.00625 0.01125
2 0.869375 0.41 0.0075 0.013750000000000002
2 0.9146875 0.416875 0.0075 0.015
2 0.9209375 0.4178125 0.0075 0.013750000000000002
2 0.936875 0.4178125 0.005 0.013750000000000002
2 0.9115624999999999 0.44281249999999994 0.0075 0.013750000000000002
2 0.923125 0.49874999999999997 0.008749999999999999 0.01625
2 0.9334374999999999 0.55625 0.013750000000000002 0.00625
2 0.9334374999999999 0.5434375 0.013750000000000002 0.008749999999999999
2 0.971875 0.569375 0.0125 0.0075
2 0.9746874999999999 0.563125 0.015 0.0075
2 0.975625 0.55625 0.013750000000000002 0.00625
2 0.978125 0.5493750000000001 0.0125 0.005
2 0.9775 0.5443749999999999 0.01125 0.0075
