2 0.20750000000000002 0.010312499999999999 0.008749999999999999 0.01125
2 0.21812499999999999 0.011875 0.01125 0.01125
2 0.25656249999999997 0.018125 0.01 0.01125
2 0.27 0.0203125 0.008749999999999999 0.0125
2 0.2778125 0.021249999999999998 0.008749999999999999 0.01125
2 0.2846875 0.021875 0.01 0.0125
2 0.2915625 0.0234375 0.01125 0.0125
2 0.299375 0.025 0.01125 0.0125
2 0.31124999999999997 0.028749999999999998 0.01 0.013750000000000002
2 0.32937500000000003 0.0071874999999999994 0.008749999999999999 0.01125
2 0.32125 0.0303125 0.01125 0.013750000000000002
2 0.32999999999999996 0.0296875 0.01 0.0125
2 0.34125 0.006562500000000001 0.0075 0.01
2 0.3403125 0.03125 0.008749999999999999 0.0125
2 0.34875 0.03375 0.01 0.01125
2 0.3546875 0.034375 0.0125 0.0125
2 0.36312500000000003 0.034687499999999996 0.0075 0.01
2 0.36906249999999996 0.036875000000000005 0.01 0.01125
2 0.375625 0.0384375 0.0075 0.01125
2 0.3884375 0.040625 0.01125 0.0125
2 0.438125 0.05 0.0075 0.0125
2 0.3509375 0.0071874999999999994 0.005 0.01125
2 0.3584375 0.0090625 0.0075 0.015
2 0.3671875 0.010624999999999999 0.00625 0.015
2 0.375 0.0121875 0.00625 0.015
2 0.15437499999999998 0.2515625 0.015 0.00625
2 0.15437499999999998 0.2575 0.015 0.008749999999999999
2 0.0765625 0.328125 0.00625 0.0125
2 0.058437499999999996 0.33375 0.0075 0.01125
2 0.07906250000000001 0.41875 0.01125 0.00625
2 0.0775 0.425 0.01125 0.00625
2 0.0759375 0.43125 0.01125 0.00625
2 0.0759375 0.438125 0.01125 0.0075
2 0.0740625 0.44437499999999996 0.013750000000000002 0.0075
2 0.074375 0.45093750000000005 0.01125 0.005
2 0.0725 0.456875 0.013750000000000002 0.0075
2 0.0725 0.46312499999999995 0.013750000000000002 0.0075
2 0.0725 0.47000000000000003 0.013750000000000002 0.008749999999999999
2 0.06937499999999999 0.47562499999999996 0.013750000000000002 0.0075
2 0.0684375 0.4871875 0.015 0.008749999999999999
2 0.025625 0.48875 0.013750000000000002 0.008749999999999999
2 0.0165625 0.500625 0.017499999999999998 0.0075
2 0.01625 0.50625 0.013750000000000002 0.00625
2 0.0165625 0.51625 0.017499999999999998 0.0075
2 0.053437500000000006 0.5215625 0.01625 0.008749999999999999
2 0.05125 0.5 0.015 0.00625
2 0.06625 0.49375 0.013750000000000002 0.00625
2 0.0984375 0.4928125 0.0125 0.0075
2 0.0984375 0.4859375 0.0125 0.00625
2 0.103125 0.475 0.0125 0.00625
2 0.10218750000000001 0.46781249999999996 0.013750000000000002 0.0075
2 0.1025 0.4625 0.01125 0.00625
2 0.109375 0.5046875 0.0125 0.0125
2 0.1359375 0.509375 0.0125 0.0125
2 0.150625 0.50875 0.0075 0.01125
2 0.053125 0.5506249999999999 0.0125 0.0075
2 0.0046875 0.604375 0.00625 0.008749999999999999
2 0.1065625 0.585 0.01625 0.0075
2 0.1075 0.573125 0.015 0.008749999999999999
2 0.11625 0.5596875 0.02 0.01
2 0.18812500000000001 0.604375 0.0075 0.015
2 0.26125 0.563125 0.01625 0.0075
2 0.209375 0.9662499999999999 0.00625 0.013750000000000002
2 0.24656250000000002 0.9596875 0.008749999999999999 0.01625
2 0.2146875 0.9215625 0.0075 0.015
2 0.253125 0.9225 0.00625 0.013750000000000002
2 0.344375 0.9765625 0.0075 0.0125
2 0.3115625 0.9418749999999999 0.0075 0.015
2 0.2240625 0.5390625 0.0075 0.0125
2 0.2659375 0.5421875 0.01 0.00625
2 0.313125 0.9712500000000001 0.0075 0.01125
2 0.325625 0.971875 0.0075 0.0125
2 0.3234375 0.921875 0.00625 0.0125
2 0.3171875 0.9225 0.00625 0.013750000000000002
2 0.3053125 0.9209375 0.0075 0.013750000000000002
2 0.265625 0.9059375 0.00625 0.015
2 0.25625 0.9053125 0.00625 0.013750000000000002
2 0.21375000000000002 0.8615625 0.008749999999999999 0.013750000000000002
2 0.22562500000000002 0.825 0.0075 0.0125
2 0.2375 0.8271875 0.00625 0.013750000000000002
2 0.225 0.8631249999999999 0.00625 0.013750000000000002
2 0.26 0.869375 0.0075 0.013750000000000002
2 0.36312500000000003 0.8568749999999999 0.013750000000000002 0.0075
2 0.3203125 0.8671875 0.00625 0.0125
2 0.306875 0.8928125 0.0075 0.013750000000000002
2 0.318125 0.8215625 0.005 0.015
2 0.3109375 0.8231249999999999 0.00625 0.015
2 0.284375 0.8559374999999999 0.00625 0.015
2 0.2828125 0.8709374999999999 0.00625 0.013750000000000002
2 0.281875 0.8828125 0.0075 0.0125
2 0.2890625 0.8162499999999999 0.00625 0.013750000000000002
2 0.29375 0.804375 0.00625 0.015
2 0.2975 0.7865624999999999 0.0075 0.013750000000000002
2 0.273125 0.795625 0.008749999999999999 0.01625
2 0.32 0.7737499999999999 0.015 0.01
2 0.3015625 0.756875 0.00625 0.013750000000000002
2 0.28125 0.754375 0.00625 0.015
2 0.2921875 0.73875 0.00625 0.015
2 0.3078125 0.7521875 0.00625 0.013750000000000002
2 0.33968750000000003 0.751875 0.0075 0.01625
2 0.33125 0.7515625 0.00625 0.0125
2 0.35 0.754375 0.00625 0.015
2 0.31 0.7075 0.0075 0.015
2 0.3365625 0.7203125 0.0075 0.0125
2 0.315625 0.67 0.00625 0.015
2 0.346875 0.641875 0.00625 0.015
2 0.28125 0.5662499999999999 0.0125 0.0075
2 0.296875 0.569375 0.0125 0.0075
2 0.3621875 0.579375 0.015 0.008749999999999999
2 0.39125 0.5840625 0.013750000000000002 0.008749999999999999
2 0.43656249999999996 0.594375 0.013750000000000002 0.0075
2 0.45062499999999994 0.595 0.013750000000000002 0.008749999999999999
2 0.479375 0.600625 0.015 0.0075
2 0.496875 0.6012500000000001 0.0125 0.008749999999999999
2 0.54125 0.61 0.013750000000000002 0.0075
2 0.55375 0.6121875 0.013750000000000002 0.008749999999999999
2 0.6034375 0.62 0.01625 0.008749999999999999
2 0.5484375 0.6584375 0.00625 0.013750000000000002
2 0.556875 0.645 0.0075 0.015
2 0.5659375 0.6487499999999999 0.01 0.01625
2 0.471875 0.62 0.0125 0.008749999999999999
2 0.49625 0.6240625 0.01125 0.0075
2 0.7318749999999999 0.663125 0.013750000000000002 0.0075
2 0.746875 0.66625 0.0125 0.0075
2 0.7609375 0.6693749999999999 0.0125 0.0075
2 0.7765625 0.6693749999999999 0.0125 0.0075
2 0.6837500000000001 0.7009375 0.01125 0.005
2 0.6815625 0.71875 0.01 0.00625
2 0.676875 0.7359375 0.01 0.00625
2 0.6775 0.743125 0.01125 0.005
2 0.6734375 0.7553124999999999 0.0125 0.0075
2 0.6725 0.76375 0.013750000000000002 0.008749999999999999
2 0.6725 0.7725 0.013750000000000002 0.0075
2 0.6725 0.7787499999999999 0.013750000000000002 0.0075
2 0.6703125 0.7849999999999999 0.0125 0.0075
2 0.666875 0.8006249999999999 0.015 0.0075
2 0.6940625 0.8021874999999999 0.01 0.0075
2 0.6956249999999999 0.7953125 0.01 0.00625
2 0.6971875 0.7828125 0.01 0.00625
2 0.6978125000000001 0.7765625 0.01125 0.00625
2 0.7003125 0.7693749999999999 0.01 0.0075
2 0.9099999999999999 0.759375 0.0075 0.0125
2 0.8106249999999999 0.828125 0.015 0.00625
2 0.8125 0.81875 0.0125 0.00625
2 0.811875 0.8125 0.01125 0.00625
2 0.8143750000000001 0.80625 0.01 0.00625
2 0.8146875 0.8006249999999999 0.013750000000000002 0.0075
2 0.8150000000000001 0.7943749999999999 0.01125 0.0075
2 0.8165625000000001 0.7875 0.01125 0.00625
2 0.8165625000000001 0.78125 0.01125 0.00625
2 0.8196875 0.775 0.01125 0.00625
2 0.8196875 0.76875 0.01125 0.00625
2 0.821875 0.7631249999999999 0.0125 0.0075
2 0.8221875000000001 0.755625 0.01 0.005
2 0.8221875000000001 0.749375 0.01 0.005
2 0.8256249999999999 0.7434375 0.013750000000000002 0.008749999999999999
2 0.8271875 0.6803125 0.013750000000000002 0.0075
2 0.82875 0.656875 0.013750000000000002 0.0075
2 0.8428125 0.659375 0.013750000000000002 0.00625
2 0.85875 0.6637500000000001 0.01125 0.008749999999999999
2 0.8646874999999999 0.6849999999999999 0.013750000000000002 0.0075
2 0.8975 0.6900000000000001 0.013750000000000002 0.005
2 0.9134375 0.694375 0.01125 0.0075
2 0.8490624999999999 0.6265625 0.013750000000000002 0.00625
2 0.8984375 0.5984375 0.0125 0.00625
2 0.8859375 0.5890625 0.0125 0.00625
2 0.8543749999999999 0.6084375 0.015 0.0075
2 0.703125 0.6 0.0125 0.00625
2 0.8559374999999999 0.598125 0.015 0.008749999999999999
2 0.859375 0.5818749999999999 0.0125 0.0075
2 0.860625 0.5756249999999999 0.015 0.0075
2 0.8625 0.5640625 0.0125 0.00625
2 0.8628125000000001 0.55625 0.01625 0.00625
2 0.8646874999999999 0.55125 0.013750000000000002 0.008749999999999999
2 0.595625 0.01875 0.01625 0.00625
2 0.686875 0.0340625 0.017499999999999998 0.008749999999999999
2 0.178125 0.26875 0.0125 0.00625
2 0.18125 0.25625 0.0125 0.00625
2 0.090625 0.3296875 0.00625 0.0125
2 0.10375000000000001 0.3303125 0.0075 0.013750000000000002
2 0.1109375 0.3325 0.00625 0.015
2 0.4653125 0.068125 0.008749999999999999 0.01125
2 0.456875 0.06593750000000001 0.0075 0.01
2 0.4496875 0.0665625 0.008749999999999999 0.01125
2 0.45062499999999994 0.053125 0.0075 0.0125
2 0.46312499999999995 0.053125 0.0075 0.0125
2 0.20750000000000002 0.010312499999999999 0.008749999999999999 0.01125
2 0.21812499999999999 0.011875 0.01125 0.01125
2 0.25656249999999997 0.018125 0.01 0.01125
2 0.27 0.0203125 0.008749999999999999 0.0125
2 0.2778125 0.021249999999999998 0.008749999999999999 0.01125
2 0.2846875 0.021875 0.01 0.0125
2 0.2915625 0.0234375 0.01125 0.0125
2 0.299375 0.025 0.01125 0.0125
2 0.31124999999999997 0.028749999999999998 0.01 0.013750000000000002
2 0.32937500000000003 0.0071874999999999994 0.008749999999999999 0.01125
2 0.32125 0.0303125 0.01125 0.013750000000000002
2 0.32999999999999996 0.0296875 0.01 0.0125
2 0.34125 0.006562500000000001 0.0075 0.01
2 0.3403125 0.03125 0.008749999999999999 0.0125
2 0.34875 0.03375 0.01 0.01125
2 0.3546875 0.034375 0.0125 0.0125
2 0.36312500000000003 0.034687499999999996 0.0075 0.01
2 0.36906249999999996 0.036875000000000005 0.01 0.01125
2 0.375625 0.0384375 0.0075 0.01125
2 0.3884375 0.040625 0.01125 0.0125
2 0.438125 0.05 0.0075 0.0125
2 0.3509375 0.0071874999999999994 0.005 0.01125
2 0.3584375 0.0090625 0.0075 0.015
2 0.3671875 0.010624999999999999 0.00625 0.015
2 0.375 0.0121875 0.00625 0.015
2 0.15437499999999998 0.2515625 0.015 0.00625
2 0.15437499999999998 0.2575 0.015 0.008749999999999999
2 0.0765625 0.328125 0.00625 0.0125
2 0.058437499999999996 0.33375 0.0075 0.01125
2 0.07906250000000001 0.41875 0.01125 0.00625
2 0.0775 0.425 0.01125 0.00625
2 0.0759375 0.43125 0.01125 0.00625
2 0.0759375 0.438125 0.01125 0.0075
2 0.0740625 0.44437499999999996 0.013750000000000002 0.0075
2 0.074375 0.45093750000000005 0.01125 0.005
2 0.0725 0.456875 0.013750000000000002 0.0075
2 0.0725 0.46312499999999995 0.013750000000000002 0.0075
2 0.0725 0.47000000000000003 0.013750000000000002 0.008749999999999999
2 0.06937499999999999 0.47562499999999996 0.013750000000000002 0.0075
2 0.0684375 0.4871875 0.015 0.008749999999999999
2 0.025625 0.48875 0.013750000000000002 0.008749999999999999
2 0.0165625 0.500625 0.017499999999999998 0.0075
2 0.01625 0.50625 0.013750000000000002 0.00625
2 0.0165625 0.51625 0.017499999999999998 0.0075
2 0.053437500000000006 0.5215625 0.01625 0.008749999999999999
2 0.05125 0.5 0.015 0.00625
2 0.06625 0.49375 0.013750000000000002 0.00625
2 0.0984375 0.4928125 0.0125 0.0075
2 0.0984375 0.4859375 0.0125 0.00625
2 0.103125 0.475 0.0125 0.00625
2 0.10218750000000001 0.46781249999999996 0.013750000000000002 0.0075
2 0.1025 0.4625 0.01125 0.00625
2 0.109375 0.5046875 0.0125 0.0125
2 0.1359375 0.509375 0.0125 0.0125
2 0.150625 0.50875 0.0075 0.01125
2 0.053125 0.5506249999999999 0.0125 0.0075
2 0.0046875 0.604375 0.00625 0.008749999999999999
2 0.1065625 0.585 0.01625 0.0075
2 0.1075 0.573125 0.015 0.008749999999999999
2 0.11625 0.5596875 0.02 0.01
2 0.18812500000000001 0.604375 0.0075 0.015
2 0.26125 0.563125 0.01625 0.0075
2 0.209375 0.9662499999999999 0.00625 0.013750000000000002
2 0.24656250000000002 0.9596875 0.008749999999999999 0.01625
2 0.2146875 0.9215625 0.0075 0.015
2 0.253125 0.9225 0.00625 0.013750000000000002
2 0.344375 0.9765625 0.0075 0.0125
2 0.3115625 0.9418749999999999 0.0075 0.015
2 0.2240625 0.5390625 0.0075 0.0125
2 0.2659375 0.5421875 0.01 0.00625
2 0.313125 0.9712500000000001 0.0075 0.01125
2 0.325625 0.971875 0.0075 0.0125
2 0.3234375 0.921875 0.00625 0.0125
2 0.3171875 0.9225 0.00625 0.013750000000000002
2 0.3053125 0.9209375 0.0075 0.013750000000000002
2 0.265625 0.9059375 0.00625 0.015
2 0.25625 0.9053125 0.00625 0.013750000000000002
2 0.21375000000000002 0.8615625 0.008749999999999999 0.013750000000000002
2 0.22562500000000002 0.825 0.0075 0.0125
2 0.2375 0.8271875 0.00625 0.013750000000000002
2 0.225 0.8631249999999999 0.00625 0.013750000000000002
2 0.26 0.869375 0.0075 0.013750000000000002
2 0.36312500000000003 0.8568749999999999 0.013750000000000002 0.0075
2 0.3203125 0.8671875 0.00625 0.0125
2 0.306875 0.8928125 0.0075 0.013750000000000002
2 0.318125 0.8215625 0.005 0.015
2 0.3109375 0.8231249999999999 0.00625 0.015
2 0.284375 0.8559374999999999 0.00625 0.015
2 0.2828125 0.8709374999999999 0.00625 0.013750000000000002
2 0.281875 0.8828125 0.0075 0.0125
2 0.2890625 0.8162499999999999 0.00625 0.013750000000000002
2 0.29375 0.804375 0.00625 0.015
2 0.2975 0.7865624999999999 0.0075 0.013750000000000002
2 0.273125 0.795625 0.008749999999999999 0.01625
2 0.32 0.7737499999999999 0.015 0.01
2 0.3015625 0.756875 0.00625 0.013750000000000002
2 0.28125 0.754375 0.00625 0.015
2 0.2921875 0.73875 0.00625 0.015
2 0.3078125 0.7521875 0.00625 0.013750000000000002
2 0.33968750000000003 0.751875 0.0075 0.01625
2 0.33125 0.7515625 0.00625 0.0125
2 0.35 0.754375 0.00625 0.015
2 0.31 0.7075 0.0075 0.015
2 0.3365625 0.7203125 0.0075 0.0125
2 0.315625 0.67 0.00625 0.015
2 0.346875 0.641875 0.00625 0.015
2 0.28125 0.5662499999999999 0.0125 0.0075
2 0.296875 0.569375 0.0125 0.0075
2 0.3621875 0.579375 0.015 0.008749999999999999
2 0.39125 0.5840625 0.013750000000000002 0.008749999999999999
2 0.43656249999999996 0.594375 0.013750000000000002 0.0075
2 0.45062499999999994 0.595 0.013750000000000002 0.008749999999999999
2 0.479375 0.600625 0.015 0.0075
2 0.496875 0.6012500000000001 0.0125 0.008749999999999999
2 0.54125 0.61 0.013750000000000002 0.0075
2 0.55375 0.6121875 0.013750000000000002 0.008749999999999999
2 0.6034375 0.62 0.01625 0.008749999999999999
2 0.5484375 0.6584375 0.00625 0.013750000000000002
2 0.556875 0.645 0.0075 0.015
2 0.5659375 0.6487499999999999 0.01 0.01625
2 0.471875 0.62 0.0125 0.008749999999999999
2 0.49625 0.6240625 0.01125 0.0075
2 0.7318749999999999 0.663125 0.013750000000000002 0.0075
2 0.746875 0.66625 0.0125 0.0075
2 0.7609375 0.6693749999999999 0.0125 0.0075
2 0.7765625 0.6693749999999999 0.0125 0.0075
2 0.6837500000000001 0.7009375 0.01125 0.005
2 0.6815625 0.71875 0.01 0.00625
2 0.676875 0.7359375 0.01 0.00625
2 0.6775 0.743125 0.01125 0.005
2 0.6734375 0.7553124999999999 0.0125 0.0075
2 0.6725 0.76375 0.013750000000000002 0.008749999999999999
2 0.6725 0.7725 0.013750000000000002 0.0075
2 0.6725 0.7787499999999999 0.013750000000000002 0.0075
2 0.6703125 0.7849999999999999 0.0125 0.0075
2 0.666875 0.8006249999999999 0.015 0.0075
2 0.6940625 0.8021874999999999 0.01 0.0075
2 0.6956249999999999 0.7953125 0.01 0.00625
2 0.6971875 0.7828125 0.01 0.00625
2 0.6978125000000001 0.7765625 0.01125 0.00625
2 0.7003125 0.7693749999999999 0.01 0.0075
2 0.9099999999999999 0.759375 0.0075 0.0125
2 0.8106249999999999 0.828125 0.015 0.00625
2 0.8125 0.81875 0.0125 0.00625
2 0.811875 0.8125 0.01125 0.00625
2 0.8143750000000001 0.80625 0.01 0.00625
2 0.8146875 0.8006249999999999 0.013750000000000002 0.0075
2 0.8150000000000001 0.7943749999999999 0.01125 0.0075
2 0.8165625000000001 0.7875 0.01125 0.00625
2 0.8165625000000001 0.78125 0.01125 0.00625
2 0.8196875 0.775 0.01125 0.00625
2 0.8196875 0.76875 0.01125 0.00625
2 0.821875 0.7631249999999999 0.0125 0.0075
2 0.8221875000000001 0.755625 0.01 0.005
2 0.8221875000000001 0.749375 0.01 0.005
2 0.8256249999999999 0.7434375 0.013750000000000002 0.008749999999999999
2 0.8271875 0.6803125 0.013750000000000002 0.0075
2 0.82875 0.656875 0.013750000000000002 0.0075
2 0.8428125 0.659375 0.013750000000000002 0.00625
2 0.85875 0.6637500000000001 0.01125 0.008749999999999999
2 0.8646874999999999 0.6849999999999999 0.013750000000000002 0.0075
2 0.8975 0.6900000000000001 0.013750000000000002 0.005
2 0.9134375 0.694375 0.01125 0.0075
2 0.8490624999999999 0.6265625 0.013750000000000002 0.00625
2 0.8984375 0.5984375 0.0125 0.00625
2 0.8859375 0.5890625 0.0125 0.00625
2 0.8543749999999999 0.6084375 0.015 0.0075
2 0.703125 0.6 0.0125 0.00625
2 0.8559374999999999 0.598125 0.015 0.008749999999999999
2 0.859375 0.5818749999999999 0.0125 0.0075
2 0.860625 0.5756249999999999 0.015 0.0075
2 0.8625 0.5640625 0.0125 0.00625
2 0.8628125000000001 0.55625 0.01625 0.00625
2 0.8646874999999999 0.55125 0.013750000000000002 0.008749999999999999
2 0.595625 0.01875 0.01625 0.00625
2 0.686875 0.0340625 0.017499999999999998 0.008749999999999999
2 0.178125 0.26875 0.0125 0.00625
2 0.18125 0.25625 0.0125 0.00625
2 0.090625 0.3296875 0.00625 0.0125
2 0.10375000000000001 0.3303125 0.0075 0.013750000000000002
2 0.1109375 0.3325 0.00625 0.015
2 0.4653125 0.068125 0.008749999999999999 0.01125
2 0.456875 0.06593750000000001 0.0075 0.01
2 0.4496875 0.0665625 0.008749999999999999 0.01125
2 0.45062499999999994 0.053125 0.0075 0.0125
2 0.46312499999999995 0.053125 0.0075 0.0125
