2 0.29375 0.0671875 0.025 0.0125
2 0.284375 0.0796875 0.025 0.0125
2 0.11687499999999999 0.0115625 0.015 0.02
2 0.133125 0.0046875 0.01 0.00625
2 0.1575 0.0096875 0.015 0.01625
2 0.174375 0.019375 0.017499999999999998 0.02
2 0.4525 0.0775 0.01125 0.02375
2 0.14250000000000002 0.028437499999999998 0.01625 0.01625
2 0.15437499999999998 0.033437499999999995 0.015 0.02
2 0.160625 0.0396875 0.015 0.02
2 0.1734375 0.044687500000000005 0.01875 0.02375
2 0.1825 0.05125 0.015 0.015
2 0.299375 0.05437499999999999 0.02375 0.015
2 0.464375 0.0871875 0.01 0.021249999999999998
2 0.27468750000000003 0.0953125 0.021249999999999998 0.0125
2 0.5953125 0.1684375 0.0125 0.021249999999999998
2 0.1615625 0.13999999999999999 0.026250000000000002 0.03
2 0.6296875 0.185 0.0125 0.02
2 0.5587500000000001 0.14156249999999998 0.01125 0.02375
2 0.54625 0.1365625 0.01125 0.02
2 0.561875 0.16499999999999998 0.017499999999999998 0.02375
2 0.5690625 0.145 0.01 0.015
2 0.51875 0.113125 0.01875 0.02
2 0.4734375 0.09281249999999999 0.0125 0.02
2 0.499375 0.12562500000000001 0.017499999999999998 0.02
2 0.5065625 0.105625 0.01625 0.017499999999999998
2 0.3778125 0.0221875 0.015 0.01625
2 0.4059375 0.061250000000000006 0.015 0.0225
2 0.4215625 0.063125 0.015 0.02
2 0.44281249999999994 0.07062500000000001 0.013750000000000002 0.0225
2 0.1890625 0.0546875 0.01875 0.025
2 0.265625 0.1078125 0.01875 0.0125
2 0.049375 0.4 0.02375 0.01875
2 0.23937499999999998 0.0040625 0.01 0.005
2 0.25875 0.0071874999999999994 0.017499999999999998 0.01125
2 0.2578125 0.12156249999999999 0.01875 0.008749999999999999
2 0.220625 0.068125 0.0225 0.017499999999999998
2 0.21375000000000002 0.2 0.021249999999999998 0.0125
2 0.22125 0.18843749999999998 0.02375 0.017499999999999998
2 0.2290625 0.1759375 0.02375 0.017499999999999998
2 0.25125000000000003 0.13625 0.021249999999999998 0.01
2 0.23875000000000002 0.0384375 0.021249999999999998 0.017499999999999998
2 0.2265625 0.0578125 0.025 0.01875
2 0.1375 0.13187500000000002 0.01875 0.02
2 0.09 0.05500000000000001 0.02375 0.01625
2 0.11499999999999999 0.09031249999999999 0.02375 0.021249999999999998
2 0.12062500000000001 0.10375000000000001 0.0225 0.02
2 0.1296875 0.12562500000000001 0.01875 0.02
2 0.1609375 0.11374999999999999 0.01875 0.021249999999999998
2 0.14906250000000001 0.13625 0.02 0.0225
2 0.71 0.151875 0.026250000000000002 0.01625
2 0.6950000000000001 0.143125 0.021249999999999998 0.017499999999999998
2 0.6756249999999999 0.1265625 0.02 0.0125
2 0.8175000000000001 0.10187500000000001 0.028749999999999998 0.034999999999999996
2 0.8084374999999999 0.0775 0.026250000000000002 0.03
2 0.811875 0.0528125 0.02375 0.027500000000000004
2 0.7703125 0.0759375 0.01875 0.02375
2 0.7440625 0.0484375 0.0225 0.025
2 0.663125 0.0071874999999999994 0.02 0.01125
2 0.8487500000000001 0.121875 0.0225 0.03125
2 0.5625 0.0165625 0.04375 0.03
2 0.8296875 0.10500000000000001 0.025 0.028749999999999998
2 0.528125 0.0371875 0.025 0.015
2 0.934375 0.2421875 0.03125 0.025
2 0.951875 0.181875 0.028749999999999998 0.0325
2 0.46875 0.018437500000000002 0.05625 0.03375
2 0.49031250000000004 0.0715625 0.015 0.021249999999999998
2 0.7271875 0.159375 0.02 0.0125
2 0.820625 0.21593749999999998 0.0225 0.01625
2 0.8040625 0.2090625 0.017499999999999998 0.015
2 0.7909375 0.20125 0.0225 0.015
2 0.781875 0.190625 0.02 0.0125
2 0.75 0.17625 0.025 0.015
2 0.7409375 0.16625 0.0225 0.013750000000000002
2 0.6590625 0.12 0.021249999999999998 0.015
2 0.505625 0.060312500000000005 0.02375 0.017499999999999998
2 0.6443749999999999 0.110625 0.02 0.015
2 0.631875 0.1034375 0.02 0.01625
2 0.619375 0.09343749999999999 0.02 0.015
2 0.60625 0.08499999999999999 0.01875 0.013750000000000002
2 0.5828125 0.06999999999999999 0.01875 0.015
2 0.5659375 0.059375 0.0225 0.0125
2 0.844375 0.23125 0.02 0.0125
2 0.8556250000000001 0.24 0.02375 0.017499999999999998
2 0.5115624999999999 0.028437499999999998 0.026250000000000002 0.01625
2 0.49874999999999997 0.02 0.0225 0.015
2 0.48343749999999996 0.0115625 0.02 0.013750000000000002
2 0.47000000000000003 0.0071874999999999994 0.021249999999999998 0.01125
2 0.45968749999999997 0.540625 0.0225 0.01875
2 0.165625 0.906875 0.025 0.02
2 0.2421875 0.9640625 0.01875 0.01875
2 0.22937500000000002 0.95625 0.015 0.01875
2 0.2534375 0.946875 0.01625 0.01875
2 0.09812499999999999 0.850625 0.015 0.02
2 0.10874999999999999 0.8856249999999999 0.017499999999999998 0.015
2 0.1025 0.8953125 0.017499999999999998 0.01875
2 0.1896875 0.9168749999999999 0.02 0.021249999999999998
2 0.06375 0.821875 0.021249999999999998 0.025
2 0.07843750000000001 0.8378125000000001 0.01625 0.0225
2 0.0875 0.846875 0.01875 0.025
2 0.276875 0.9800000000000001 0.01625 0.01625
2 0.2625 0.9512499999999999 0.01875 0.021249999999999998
2 0.2575 0.9784375000000001 0.021249999999999998 0.01625
2 0.45499999999999996 0.7403125 0.01625 0.021249999999999998
2 0.42312500000000003 0.7921875 0.015 0.01875
2 0.34968750000000004 0.91625 0.015 0.02
2 0.2875 0.9712500000000001 0.01875 0.017499999999999998
2 0.291875 0.96125 0.021249999999999998 0.01625
2 0.319375 0.4190625 0.026250000000000002 0.0225
2 0.11499999999999999 0.8753125 0.017499999999999998 0.01625
2 0.12125 0.8643750000000001 0.017499999999999998 0.01
2 0.0965625 0.8659375 0.021249999999999998 0.01625
2 0.7209375 0.61625 0.026250000000000002 0.02
2 0.6481250000000001 0.57375 0.021249999999999998 0.01625
2 0.63375 0.5806250000000001 0.02375 0.017499999999999998
2 0.6903125 0.6546875 0.021249999999999998 0.01875
2 0.6331249999999999 0.6168750000000001 0.0225 0.015
2 0.651875 0.59375 0.0225 0.01875
2 0.6778125 0.6059375 0.027500000000000004 0.021249999999999998
2 0.711875 0.6415625 0.02375 0.01125
2 0.5862499999999999 0.5525 0.028749999999999998 0.017499999999999998
2 0.73125 0.6496875 0.025 0.015
2 0.7525000000000001 0.659375 0.02375 0.01875
2 0.7618750000000001 0.66875 0.02375 0.0125
2 0.775625 0.67625 0.026250000000000002 0.015
2 0.7871875 0.685625 0.027500000000000004 0.015
2 0.803125 0.691875 0.025 0.015
2 0.6125 0.5690625 0.025 0.01625
2 0.3353125 0.6334375 0.02375 0.02
2 0.1275 0.8553124999999999 0.017499999999999998 0.013750000000000002
2 0.41375 0.4490625 0.027500000000000004 0.02
2 0.3384375 0.3890625 0.02375 0.01875
2 0.318125 0.395625 0.02375 0.01625
2 0.17875000000000002 0.28875 0.026250000000000002 0.021249999999999998
2 0.3434375 0.4090625 0.021249999999999998 0.015
2 0.36531250000000004 0.4234375 0.021249999999999998 0.01875
2 0.3909375 0.43624999999999997 0.028749999999999998 0.0225
2 0.21937500000000001 0.38 0.0325 0.028749999999999998
2 0.27468750000000003 0.5978125000000001 0.027500000000000004 0.017499999999999998
2 0.17250000000000001 0.38468749999999996 0.026250000000000002 0.0225
2 0.348125 0.47125000000000006 0.027500000000000004 0.02375
2 0.1975 0.43875000000000003 0.026250000000000002 0.021249999999999998
2 0.14750000000000002 0.4684375 0.0325 0.021249999999999998
2 0.3984375 0.5490625 0.025 0.02
2 0.41125 0.5796875 0.0225 0.01875
2 0.818125 0.701875 0.03 0.01625
2 0.946875 0.780625 0.01875 0.017499999999999998
2 0.9331250000000001 0.7746875 0.0225 0.015
2 0.6265625 0.7903125 0.025 0.021249999999999998
2 0.24312499999999998 0.5109375 0.02375 0.01875
2 0.2225 0.5634375 0.026250000000000002 0.017499999999999998
2 0.7771874999999999 0.780625 0.026250000000000002 0.02375
2 0.8262499999999999 0.844375 0.027500000000000004 0.02
2 0.72875 0.7893749999999999 0.026250000000000002 0.0225
2 0.576875 0.7068749999999999 0.0225 0.02
2 0.673125 0.8165625000000001 0.021249999999999998 0.017499999999999998
2 0.9199999999999999 0.7646875 0.021249999999999998 0.013750000000000002
2 0.69625 0.83375 0.02375 0.02375
2 0.7224999999999999 0.8490624999999999 0.026250000000000002 0.02
2 0.7434375 0.8612500000000001 0.021249999999999998 0.01625
2 0.76625 0.8731249999999999 0.026250000000000002 0.021249999999999998
2 0.79 0.8878125000000001 0.02375 0.01625
2 0.8353125 0.91625 0.02375 0.02
2 0.5165625 0.6443749999999999 0.02375 0.02
2 0.545625 0.6390625 0.0225 0.01875
2 0.615625 0.6825 0.025 0.021249999999999998
2 0.868125 0.8425 0.02375 0.0225
2 0.7896875 0.8103125 0.026250000000000002 0.017499999999999998
2 0.9353125 0.8434375 0.03 0.021249999999999998
2 0.8240624999999999 0.779375 0.026250000000000002 0.021249999999999998
2 0.729375 0.71875 0.021249999999999998 0.01875
2 0.651875 0.6765625 0.0225 0.01875
2 0.5315624999999999 0.5940624999999999 0.028749999999999998 0.0225
2 0.8615625 0.7821875 0.026250000000000002 0.017499999999999998
2 0.8946875000000001 0.785625 0.02375 0.021249999999999998
2 0.8315625000000001 0.71 0.0225 0.013750000000000002
2 0.8740625 0.733125 0.02 0.01625
2 0.9012499999999999 0.714375 0.021249999999999998 0.0225
2 0.92125 0.6590625 0.017499999999999998 0.021249999999999998
2 0.9106249999999999 0.756875 0.021249999999999998 0.013750000000000002
2 0.1921875 0.027500000000000004 0.0125 0.017499999999999998
2 0.166875 0.0096875 0.015 0.01625
2 0.9637499999999999 0.7887500000000001 0.021249999999999998 0.015
2 0.9946875000000001 0.8162499999999999 0.01125 0.013750000000000002
2 0.9896874999999999 0.804375 0.02 0.015
2 0.9765625 0.7978125 0.025 0.017499999999999998
2 0.250625 0.02 0.02 0.015
2 0.0965625 0.0034375000000000005 0.008749999999999999 0.00375
2 0.8571875 0.135 0.017499999999999998 0.02
2 0.69625 0.0115625 0.017499999999999998 0.02
2 0.6784375 0.0109375 0.01625 0.01875
2 0.8553124999999999 0.076875 0.02 0.0225
2 0.875 0.11499999999999999 0.01875 0.02375
2 0.9393750000000001 0.28718750000000004 0.0225 0.015
2 0.9496874999999999 0.2975 0.021249999999999998 0.013750000000000002
2 0.96 0.303125 0.02 0.0125
2 0.8949999999999999 0.26625 0.021249999999999998 0.013750000000000002
2 0.9209375 0.2796875 0.02 0.0125
2 0.881875 0.25656249999999997 0.02 0.01625
2 0.8706250000000001 0.248125 0.0225 0.015
2 0.8578125 0.47000000000000003 0.01875 0.021249999999999998
2 0.9018750000000001 0.44125 0.0225 0.026250000000000002
2 0.915625 0.42125 0.01875 0.02375
2 0.89625 0.39968750000000003 0.017499999999999998 0.021249999999999998
2 0.9884375000000001 0.32 0.017499999999999998 0.015
2 0.9959374999999999 0.3328125 0.0075 0.0125
2 0.9078125 0.36062500000000003 0.0125 0.027500000000000004
2 0.8975 0.3525 0.013750000000000002 0.02375
2 0.884375 0.34750000000000003 0.0125 0.026250000000000002
2 0.943125 0.384375 0.01125 0.025
2 0.9525 0.385625 0.01125 0.027500000000000004
2 0.9650000000000001 0.3959375 0.01125 0.026250000000000002
2 0.9759375 0.40125 0.01125 0.027500000000000004
2 0.9949999999999999 0.41500000000000004 0.008749999999999999 0.02375
2 0.6075 0.69875 0.021249999999999998 0.01625
2 0.6925 0.7346874999999999 0.0225 0.01625
2 0.7731250000000001 0.73375 0.021249999999999998 0.017499999999999998
2 0.0521875 0.27875 0.026250000000000002 0.02
2 0.8800000000000001 0.08875 0.0225 0.021249999999999998
2 0.241875 0.938125 0.015 0.02
