2 0.009375 0.6068749999999999 0.01875 0.02
2 0.0059375 0.5974999999999999 0.008749999999999999 0.02
2 0.019375 0.6128125 0.02 0.0225
2 0.0984375 0.6599999999999999 0.01875 0.026250000000000002
2 0.03125 0.619375 0.01875 0.026250000000000002
2 0.0878125 0.6537499999999999 0.01625 0.026250000000000002
2 0.0759375 0.6465625 0.017499999999999998 0.021249999999999998
2 0.06875 0.641875 0.01875 0.021249999999999998
2 0.060312500000000005 0.6325000000000001 0.017499999999999998 0.021249999999999998
2 0.048125 0.631875 0.015 0.02
2 0.0375 0.625625 0.01875 0.02
2 0.49437499999999995 0.8712500000000001 0.02 0.02375
2 0.811875 0.8196875 0.017499999999999998 0.02375
2 0.54875 0.9078125 0.0225 0.025
2 0.5387500000000001 0.9009375000000001 0.021249999999999998 0.02375
2 0.5221875 0.89125 0.0225 0.026250000000000002
2 0.5121875 0.883125 0.021249999999999998 0.0225
2 0.501875 0.8784375000000001 0.01625 0.0225
2 0.484375 0.8643750000000001 0.01875 0.0225
2 0.47437500000000005 0.8584375 0.017499999999999998 0.02
2 0.464375 0.85125 0.01625 0.021249999999999998
2 0.45437500000000003 0.85125 0.015 0.021249999999999998
2 0.344375 0.903125 0.02 0.01875
2 0.3375 0.795625 0.01875 0.0225
2 0.32375 0.795625 0.01625 0.0225
2 0.79 0.825 0.01125 0.01875
2 0.3134375 0.79125 0.017499999999999998 0.02
2 0.3259375 0.7731250000000001 0.017499999999999998 0.021249999999999998
