2 0.9643750000000001 0.3725 0.0225 0.013750000000000002
2 0.534375 0.615625 0.025 0.0125
2 0.8109375 0.3590625 0.025 0.008749999999999999
2 0.9018750000000001 0.3590625 0.0225 0.008749999999999999
2 0.9009375000000001 0.38625 0.02375 0.01
2 0.8978125 0.398125 0.02375 0.008749999999999999
2 0.9646874999999999 0.52625 0.02 0.008749999999999999
2 0.9603125 0.5634375 0.02375 0.01125
2 0.9615625 0.5875 0.026250000000000002 0.0125
2 0.93625 0.784375 0.028749999999999998 0.0125
2 0.0975 0.8815625 0.026250000000000002 0.01
2 0.010312499999999999 0.6196875000000001 0.017499999999999998 0.01125
2 0.096875 0.69375 0.025 0.0125
2 0.095 0.681875 0.027500000000000004 0.013750000000000002
2 0.0678125 0.6837500000000001 0.026250000000000002 0.01125
2 0.06625 0.67 0.026250000000000002 0.015
2 0.09468750000000001 0.6571875 0.02375 0.01125
2 0.0978125 0.645 0.03 0.015
2 0.068125 0.6446875000000001 0.03 0.01125
2 0.06937499999999999 0.6325000000000001 0.026250000000000002 0.008749999999999999
2 0.0090625 0.680625 0.015 0.01125
2 0.0096875 0.6678124999999999 0.01625 0.013750000000000002
2 0.0096875 0.6553125 0.01625 0.013750000000000002
2 0.0096875 0.6425 0.01625 0.01
2 0.0096875 0.6331249999999999 0.01625 0.01
2 0.09718750000000001 0.620625 0.0225 0.01
2 0.06875 0.61875 0.025 0.0125
2 0.0675 0.60875 0.028749999999999998 0.01125
2 0.095625 0.61 0.0225 0.013750000000000002
2 0.095625 0.595625 0.0225 0.01
2 0.06937499999999999 0.595625 0.026250000000000002 0.01
2 0.0696875 0.5815625 0.02375 0.01
2 0.0709375 0.5571875000000001 0.026250000000000002 0.01125
2 0.010312499999999999 0.5696875 0.017499999999999998 0.01125
2 0.0090625 0.556875 0.015 0.0075
2 0.0109375 0.5421875 0.01875 0.0125
2 0.0096875 0.5309375000000001 0.01625 0.008749999999999999
2 0.010312499999999999 0.5181250000000001 0.017499999999999998 0.01125
2 0.0109375 0.5075000000000001 0.01875 0.008749999999999999
2 0.065625 0.6925 0.025 0.01
2 0.06687499999999999 0.7056250000000001 0.027500000000000004 0.01125
2 0.0959375 0.7071875000000001 0.026250000000000002 0.01125
2 0.0675 0.7165625 0.028749999999999998 0.01125
2 0.15437499999999998 0.8190625 0.027500000000000004 0.01
2 0.1575 0.8334374999999999 0.03375 0.013750000000000002
2 0.15125 0.8515625 0.03375 0.0125
2 0.19 0.85875 0.03 0.01125
2 0.3571875 0.8603125 0.03 0.01125
2 0.359375 0.8878125000000001 0.03125 0.01
2 0.4190625 0.9 0.028749999999999998 0.0125
2 0.35875 0.9009375000000001 0.02375 0.01125
2 0.3615625 0.911875 0.026250000000000002 0.01125
2 0.3328125 0.9115624999999999 0.03125 0.013750000000000002
2 0.35875 0.9268750000000001 0.02375 0.01
2 0.356875 0.936875 0.026250000000000002 0.01125
2 0.356875 0.9503125000000001 0.026250000000000002 0.01
2 0.35812499999999997 0.9621875 0.0225 0.008749999999999999
2 0.35531250000000003 0.9737500000000001 0.026250000000000002 0.01
2 0.155 0.73375 0.028749999999999998 0.01125
2 0.181875 0.721875 0.0325 0.0125
2 0.1825 0.709375 0.03375 0.0125
2 0.1546875 0.6956249999999999 0.025 0.01
2 0.18625 0.6853125 0.028749999999999998 0.01125
2 0.1875 0.659375 0.03125 0.0125
2 0.15718749999999998 0.61125 0.03 0.01
2 0.09343749999999999 0.73375 0.027500000000000004 0.01125
2 0.0965625 0.7190624999999999 0.027500000000000004 0.01
2 0.06625 0.733125 0.026250000000000002 0.01
2 0.0090625 0.7275 0.015 0.01125
2 0.0115625 0.48312499999999997 0.02 0.01
2 0.10093749999999999 0.50875 0.03 0.01125
2 0.0996875 0.52 0.027500000000000004 0.008749999999999999
2 0.071875 0.533125 0.025 0.01
2 0.09718750000000001 0.54625 0.028749999999999998 0.01125
2 0.453125 0.5025000000000001 0.025 0.01125
2 0.183125 0.8087500000000001 0.0225 0.01125
2 0.091875 0.8568749999999999 0.027500000000000004 0.013750000000000002
2 0.0965625 0.8440625 0.027500000000000004 0.01
2 0.96125 0.4246875 0.028749999999999998 0.015
2 0.959375 0.500625 0.03125 0.02
2 0.0084375 0.9909375 0.013750000000000002 0.01
2 0.0078125 0.9678125 0.0125 0.0075
2 0.0078125 0.9546875 0.0125 0.0125
2 0.006562500000000001 0.9393750000000001 0.01 0.01
2 0.006562500000000001 0.91375 0.01 0.008749999999999999
2 0.0059375 0.889375 0.008749999999999999 0.01
2 0.0071874999999999994 0.8784375000000001 0.01125 0.01
2 0.0078125 0.865625 0.0125 0.0125
2 0.0059375 0.8543749999999999 0.008749999999999999 0.008749999999999999
2 0.0084375 0.8415625 0.013750000000000002 0.01125
2 0.006562500000000001 0.829375 0.01 0.008749999999999999
2 0.0096875 0.815625 0.01625 0.0125
2 0.0109375 0.8025 0.01875 0.01125
2 0.0896875 0.9165625000000001 0.0325 0.01125
2 0.06281250000000001 0.8940625000000001 0.028749999999999998 0.01
2 0.06281250000000001 0.868125 0.028749999999999998 0.01125
2 0.065 0.8175000000000001 0.02375 0.01
2 0.06999999999999999 0.8046875 0.021249999999999998 0.0125
2 0.09625 0.805 0.02375 0.01
2 0.094375 0.815625 0.026250000000000002 0.0125
2 0.094375 0.8315625000000001 0.026250000000000002 0.01
2 0.06625 0.8421875 0.026250000000000002 0.0125
2 0.7825 0.6221875 0.015 0.01
