2 0.7259375 0.8390625 0.02375 0.0125
2 0.665 0.7975 0.02375 0.013750000000000002
2 0.8087500000000001 0.348125 0.01125 0.027500000000000004
2 0.8240624999999999 0.9012499999999999 0.013750000000000002 0.03375
2 0.38937499999999997 0.7315625 0.06 0.01625
2 0.6328125 0.7368750000000001 0.03125 0.01125
2 0.8221875000000001 0.6678124999999999 0.01 0.026250000000000002
2 0.8059375 0.6434375 0.015 0.027500000000000004
2 0.80375 0.6756249999999999 0.013750000000000002 0.0325
2 0.803125 0.484375 0.0125 0.025
2 0.03 0.8171875 0.028749999999999998 0.0125
