2 0.441875 0.9956250000000001 0.027500000000000004 0.01
2 0.49906249999999996 0.9721875000000001 0.026250000000000002 0.01
2 0.501875 0.983125 0.028749999999999998 0.01
2 0.8278125 0.9496874999999999 0.027500000000000004 0.008749999999999999
2 0.9215625 0.95625 0.027500000000000004 0.03125
2 0.5028125 0.9581250000000001 0.027500000000000004 0.01
2 0.44125 0.9815625000000001 0.026250000000000002 0.01
2 0.441875 0.968125 0.027500000000000004 0.01125
2 0.36875 0.990625 0.0125 0.01875
2 0.4390625 0.9565625000000001 0.025 0.01
