2 0.8784375000000001 0.014374999999999999 0.0225 0.01
2 0.9868750000000001 0.0165625 0.02375 0.01125
2 0.960625 0.015 0.027500000000000004 0.01125
2 0.9887499999999999 0.0053124999999999995 0.021249999999999998 0.0075
2 0.96125 0.0053124999999999995 0.0225 0.0075
2 0.9071875 0.0140625 0.03 0.0125
2 0.8775000000000001 0.0040625 0.02375 0.005
2 0.6415625 0.04625 0.02375 0.01125
2 0.9040625 0.0034375000000000005 0.02375 0.00375
2 0.8178124999999999 0.0034375000000000005 0.026250000000000002 0.00375
2 0.6153125 0.043125000000000004 0.021249999999999998 0.01125
2 0.614375 0.0328125 0.0225 0.0125
2 0.6425 0.0196875 0.0225 0.01125
2 0.64125 0.034375 0.026250000000000002 0.0125
2 0.7125 0.058125 0.0125 0.0225
2 0.73 0.059375 0.01625 0.025
2 0.634375 0.135625 0.03125 0.015
2 0.496875 0.0709375 0.025 0.013750000000000002
2 0.34750000000000003 0.0578125 0.026250000000000002 0.0125
2 0.9828125 0.090625 0.0125 0.025
2 0.9684375 0.0875 0.008749999999999999 0.03125
2 0.9568749999999999 0.0871875 0.0075 0.027500000000000004
2 0.944375 0.08625000000000001 0.013750000000000002 0.0225
2 0.9337500000000001 0.08499999999999999 0.01125 0.026250000000000002
2 0.9203125 0.0859375 0.0125 0.025
2 0.9065625 0.088125 0.01 0.026250000000000002
2 0.804375 0.07375000000000001 0.015 0.028749999999999998
2 0.790625 0.0696875 0.0125 0.03
2 0.7787499999999999 0.06937499999999999 0.013750000000000002 0.026250000000000002
2 0.578125 0.121875 0.025 0.0125
2 0.0071874999999999994 0.265625 0.01125 0.025
2 0.033125 0.29093749999999996 0.01 0.0225
2 0.0196875 0.29031250000000003 0.01125 0.027500000000000004
2 0.009375 0.2890625 0.0125 0.025
2 0.0034375000000000005 0.630625 0.00375 0.02375
2 0.01125 0.6284375 0.01 0.0225
2 0.061250000000000006 0.6275000000000001 0.01625 0.02375
2 0.03625 0.6546875 0.01 0.025
2 0.01125 0.6537499999999999 0.01 0.026250000000000002
2 0.020624999999999998 0.265 0.01 0.02375
2 0.03375 0.26437499999999997 0.01125 0.0225
2 0.176875 0.027500000000000004 0.01 0.02375
2 0.1015625 0.026875 0.0125 0.0225
2 0.06593750000000001 0.030625000000000003 0.01 0.02375
2 0.0546875 0.028125 0.0125 0.025
2 0.03375 0.027500000000000004 0.01125 0.02375
2 0.021249999999999998 0.027500000000000004 0.01125 0.02375
2 0.0034375000000000005 0.025625 0.00375 0.026250000000000002
2 0.16312500000000002 0.028749999999999998 0.013750000000000002 0.026250000000000002
2 0.2 0.0296875 0.0125 0.025
2 0.24 0.0121875 0.01125 0.021249999999999998
2 0.009375 0.2015625 0.0125 0.025
2 0.20750000000000002 0.0653125 0.021249999999999998 0.021249999999999998
2 0.1596875 0.11750000000000001 0.01 0.0225
2 0.1628125 0.091875 0.01 0.021249999999999998
2 0.1496875 0.09125 0.008749999999999999 0.02
2 0.1371875 0.0909375 0.008749999999999999 0.0225
2 0.12281249999999999 0.0871875 0.01125 0.027500000000000004
2 0.0484375 0.0853125 0.0125 0.02375
2 0.008749999999999999 0.1121875 0.01125 0.027500000000000004
2 0.0228125 0.114375 0.01125 0.0225
2 0.035312500000000004 0.11625 0.01125 0.026250000000000002
2 0.0478125 0.1121875 0.01125 0.021249999999999998
2 0.060312500000000005 0.1140625 0.01125 0.025
2 0.07375000000000001 0.11374999999999999 0.01 0.027500000000000004
2 0.0859375 0.1134375 0.0125 0.02375
2 0.0978125 0.11281250000000001 0.01125 0.0225
2 0.1103125 0.11374999999999999 0.01125 0.021249999999999998
2 0.12375 0.11625 0.01 0.026250000000000002
2 0.134375 0.11875 0.0125 0.025
2 0.14625 0.11937500000000001 0.01125 0.026250000000000002
2 0.0021874999999999998 0.1759375 0.00125 0.03
2 0.010312499999999999 0.17250000000000001 0.01125 0.026250000000000002
2 0.021249999999999998 0.175 0.01125 0.025
2 0.03375 0.1765625 0.01125 0.025
2 0.04625 0.2015625 0.01125 0.025
2 0.03375 0.20249999999999999 0.01125 0.02375
2 0.021249999999999998 0.2015625 0.01125 0.025
2 0.0590625 0.4265625 0.027500000000000004 0.0125
