2 0.965625 0.228125 0.025 0.025
2 0.9184374999999999 0.2678125 0.027500000000000004 0.026250000000000002
2 0.9075 0.28500000000000003 0.021249999999999998 0.026250000000000002
2 0.8959374999999999 0.296875 0.026250000000000002 0.025
2 0.8800000000000001 0.3359375 0.028749999999999998 0.0125
2 0.8731249999999999 0.378125 0.027500000000000004 0.0125
2 0.8734375 0.34750000000000003 0.025 0.013750000000000002
2 0.9328125 0.388125 0.01875 0.013750000000000002
2 0.930625 0.40499999999999997 0.03 0.01
2 0.9684375 0.39 0.021249999999999998 0.01125
2 0.9634375000000001 0.4025 0.02375 0.01125
2 0.9628125000000001 0.426875 0.028749999999999998 0.01625
2 0.9609375 0.465625 0.025 0.0125
2 0.93125 0.45062499999999994 0.03125 0.013750000000000002
2 0.9315625000000001 0.4290625 0.028749999999999998 0.01125
2 0.9284375 0.415625 0.028749999999999998 0.0125
2 0.7106250000000001 0.740625 0.015 0.025
