2 0.055625 0.205 0.01125 0.028749999999999998
2 0.0034375000000000005 0.2034375 0.00375 0.028749999999999998
2 0.0125 0.2 0.0125 0.025
2 0.027500000000000004 0.199375 0.01125 0.02375
2 0.040625 0.20437500000000003 0.0125 0.027500000000000004
2 0.0690625 0.203125 0.01 0.025
2 0.0828125 0.2 0.0125 0.025
2 0.096875 0.203125 0.0125 0.025
2 0.1125 0.203125 0.0125 0.025
2 0.1271875 0.205625 0.013750000000000002 0.03
2 0.15625 0.20375000000000001 0.0125 0.026250000000000002
2 0.1703125 0.203125 0.0125 0.025
2 0.1834375 0.2028125 0.013750000000000002 0.027500000000000004
2 0.1975 0.203125 0.013750000000000002 0.025
2 0.2146875 0.20187499999999997 0.013750000000000002 0.0225
2 0.228125 0.20375000000000001 0.0125 0.026250000000000002
2 0.2421875 0.199375 0.0125 0.02375
2 0.33875 0.4234375 0.021249999999999998 0.05625
2 0.2125 0.41624999999999995 0.025 0.045
2 0.313125 0.42000000000000004 0.02 0.04625
2 0.1740625 0.2440625 0.06375 0.028749999999999998
2 0.45062499999999994 0.22781250000000003 0.013750000000000002 0.027500000000000004
2 0.25906250000000003 0.20249999999999999 0.015 0.02375
2 0.273125 0.20375000000000001 0.015 0.026250000000000002
2 0.285625 0.20656249999999998 0.015 0.028749999999999998
2 0.3021875 0.20406249999999998 0.013750000000000002 0.02375
2 0.315625 0.203125 0.0125 0.025
2 0.276875 0.2571875 0.028749999999999998 0.017499999999999998
2 0.4875 0.2284375 0.0125 0.028749999999999998
2 0.5303125 0.23500000000000001 0.013750000000000002 0.026250000000000002
2 0.36625 0.4096875 0.02 0.034999999999999996
2 0.5459375 0.2384375 0.013750000000000002 0.02375
2 0.5446875 0.2959375 0.01125 0.02
2 0.5134375 0.294375 0.01125 0.026250000000000002
2 0.49749999999999994 0.2925 0.013750000000000002 0.0225
2 0.4671875 0.2915625 0.0125 0.03
2 0.38656250000000003 0.42874999999999996 0.013750000000000002 0.026250000000000002
2 0.41531250000000003 0.286875 0.015 0.03
2 0.8543749999999999 0.8015625 0.027500000000000004 0.0125
2 0.85125 0.83375 0.027500000000000004 0.01125
2 0.8496874999999999 0.8478125000000001 0.027500000000000004 0.01125
2 0.8462500000000001 0.8640625 0.03 0.0125
2 0.8465624999999999 0.915625 0.027500000000000004 0.0125
2 0.8446875 0.97625 0.03 0.015
2 0.8412499999999999 0.991875 0.026250000000000002 0.015
2 0.9237500000000001 0.8390625 0.028749999999999998 0.0125
2 0.8528125 0.76875 0.027500000000000004 0.0125
2 0.9525 0.8412499999999999 0.03 0.013750000000000002
2 0.94625 0.8578125 0.02375 0.0125
2 0.9506249999999999 0.875 0.026250000000000002 0.0125
2 0.9471875000000001 0.890625 0.028749999999999998 0.0125
2 0.94625 0.9090624999999999 0.03 0.015
2 0.944375 0.9225 0.026250000000000002 0.013750000000000002
2 0.9428124999999999 0.9396875 0.026250000000000002 0.013750000000000002
2 0.8534375000000001 0.7828125 0.028749999999999998 0.0125
2 0.9709375 0.9724999999999999 0.013750000000000002 0.0325
2 0.9412499999999999 0.9571875000000001 0.026250000000000002 0.01125
2 0.9403124999999999 0.9724999999999999 0.027500000000000004 0.013750000000000002
2 0.93875 0.9884375000000001 0.027500000000000004 0.01125
2 0.9087500000000001 0.9668749999999999 0.03 0.015
2 0.9181250000000001 0.8553124999999999 0.03 0.013750000000000002
2 0.920625 0.871875 0.028749999999999998 0.0125
2 0.9190625000000001 0.8884375 0.028749999999999998 0.01125
2 0.9171875 0.9028124999999999 0.025 0.015
2 0.9153125 0.91875 0.027500000000000004 0.0125
2 0.9146875 0.934375 0.026250000000000002 0.0125
2 0.9121874999999999 0.95375 0.027500000000000004 0.013750000000000002
2 0.9081250000000001 0.9862500000000001 0.028749999999999998 0.01625
2 0.87625 0.18562499999999998 0.015 0.027500000000000004
2 0.0503125 0.2359375 0.0975 0.0375
2 0.0278125 0.31375000000000003 0.052500000000000005 0.0775
2 0.10874999999999999 0.37124999999999997 0.02375 0.11750000000000001
2 0.244375 0.37875000000000003 0.0325 0.12
2 0.130625 0.3740625 0.02375 0.10124999999999999
2 0.8603125 0.1871875 0.017499999999999998 0.027500000000000004
2 0.890625 0.184375 0.0125 0.025
2 0.9375 0.4803125 0.025 0.013750000000000002
2 0.969375 0.315625 0.0325 0.0125
2 0.9662499999999999 0.344375 0.026250000000000002 0.013750000000000002
2 0.9475 0.40843749999999995 0.026250000000000002 0.013750000000000002
2 0.9481249999999999 0.4403125 0.027500000000000004 0.015
2 0.9403124999999999 0.46687500000000004 0.027500000000000004 0.015
2 0.93875 0.4953125 0.03375 0.01875
2 0.943125 0.51625 0.03625 0.013750000000000002
2 0.9653124999999999 0.2859375 0.03375 0.0125
2 0.9678125 0.26437499999999997 0.0325 0.01
2 0.9037499999999999 0.1825 0.013750000000000002 0.027500000000000004
2 0.535625 0.6725 0.027500000000000004 0.013750000000000002
2 0.5334375 0.689375 0.026250000000000002 0.01625
2 0.5425 0.709375 0.028749999999999998 0.0125
2 0.5375 0.7284375 0.03125 0.01625
2 0.65125 0.7162499999999999 0.03375 0.013750000000000002
2 0.649375 0.6940625 0.03 0.01625
