2 0.0171875 0.035625000000000004 0.03125 0.04
2 0.6546875 0.7140625 0.0125 0.025
2 0.6171875 0.7128125 0.0125 0.0225
2 0.6053124999999999 0.709375 0.013750000000000002 0.025
2 0.556875 0.7109375 0.013750000000000002 0.03125
2 0.5431250000000001 0.7090625 0.01125 0.027500000000000004
2 0.6431250000000001 0.74125 0.01125 0.026250000000000002
2 0.5296875 0.7371875 0.0125 0.027500000000000004
2 0.499375 0.7368750000000001 0.01125 0.02375
2 0.3765625 0.709375 0.0125 0.025
2 0.30375 0.73125 0.013750000000000002 0.03125
2 0.12687500000000002 0.7025 0.01 0.02375
2 0.6431250000000001 0.7134375000000001 0.01125 0.02375
2 0.735625 0.7146874999999999 0.015 0.026250000000000002
2 0.734375 0.6534375 0.0125 0.0225
2 0.6224999999999999 0.5334375 0.013750000000000002 0.026250000000000002
2 0.14750000000000002 0.459375 0.013750000000000002 0.025
2 0.159375 0.46125 0.0125 0.028749999999999998
2 0.17250000000000001 0.459375 0.013750000000000002 0.025
2 0.195 0.46281249999999996 0.008749999999999999 0.0225
2 0.209375 0.4609375 0.0125 0.025
2 0.220625 0.4615625 0.01 0.026250000000000002
2 0.23374999999999999 0.46218750000000003 0.01125 0.027500000000000004
2 0.25625 0.4640625 0.0125 0.025
2 0.35812499999999997 0.471875 0.01 0.025
2 0.384375 0.46656250000000005 0.0125 0.02375
2 0.659375 0.5393749999999999 0.0125 0.0225
2 0.6478125 0.54 0.01125 0.02375
2 0.634375 0.5365624999999999 0.0125 0.026250000000000002
2 0.60875 0.53125 0.01125 0.025
2 0.585 0.5328125 0.013750000000000002 0.025
2 0.57125 0.5349999999999999 0.01125 0.026250000000000002
2 0.559375 0.535625 0.0125 0.027500000000000004
2 0.5475 0.5349999999999999 0.013750000000000002 0.026250000000000002
2 0.5349999999999999 0.5378125 0.013750000000000002 0.0225
2 0.48125 0.5309375000000001 0.0125 0.027500000000000004
2 0.46875 0.5325 0.0125 0.027500000000000004
2 0.4571875 0.53125 0.01125 0.025
2 0.43062500000000004 0.5325 0.01125 0.021249999999999998
2 0.42093749999999996 0.533125 0.013750000000000002 0.0225
2 0.406875 0.53125 0.013750000000000002 0.025
2 0.39375 0.530625 0.0125 0.03
2 0.343125 0.5284375 0.01125 0.0225
2 0.135 0.45968749999999997 0.013750000000000002 0.0225
2 0.12125 0.4603125 0.01125 0.02375
2 0.11000000000000001 0.4625 0.013750000000000002 0.025
2 0.109375 0.43499999999999994 0.0125 0.026250000000000002
2 0.75625 0.265625 0.0125 0.025
2 0.745625 0.26156250000000003 0.01 0.0325
2 0.783125 0.29093749999999996 0.01 0.0225
2 0.7696875000000001 0.29031250000000003 0.01125 0.027500000000000004
2 0.759375 0.2890625 0.0125 0.025
2 0.744375 0.29031250000000003 0.013750000000000002 0.027500000000000004
2 0.44406249999999997 0.4359375 0.01 0.025
2 0.5353125000000001 0.4390625 0.01125 0.025
2 0.553125 0.3734375 0.0125 0.025
2 0.5984375 0.3778125 0.0125 0.027500000000000004
2 0.665 0.47781250000000003 0.01125 0.027500000000000004
2 0.6640625 0.448125 0.0125 0.021249999999999998
2 0.39625 0.441875 0.01125 0.027500000000000004
2 0.3828125 0.4409375 0.0125 0.028749999999999998
2 0.35812499999999997 0.44125 0.01 0.026250000000000002
2 0.34625 0.4403125 0.01125 0.027500000000000004
2 0.28312499999999996 0.43656249999999996 0.01 0.026250000000000002
2 0.271875 0.43624999999999997 0.0125 0.0225
2 0.2475 0.43937499999999996 0.013750000000000002 0.028749999999999998
2 0.23312499999999997 0.438125 0.01 0.026250000000000002
2 0.220625 0.438125 0.01 0.026250000000000002
2 0.20875 0.4359375 0.01125 0.025
2 0.1740625 0.43499999999999994 0.013750000000000002 0.026250000000000002
2 0.159375 0.4328125 0.0125 0.025
2 0.146875 0.4346875 0.0125 0.0225
2 0.13374999999999998 0.4334375 0.01125 0.026250000000000002
2 0.12281249999999999 0.4328125 0.01125 0.03125
2 0.3196875 0.5284375 0.01125 0.0225
2 0.305625 0.5271874999999999 0.01125 0.026250000000000002
2 0.28375 0.53 0.01125 0.028749999999999998
2 0.64625 0.5650000000000001 0.01125 0.02375
2 0.093125 0.6159375 0.01125 0.028749999999999998
2 0.12875 0.61125 0.013750000000000002 0.028749999999999998
2 0.143125 0.61 0.01125 0.026250000000000002
2 0.18062499999999998 0.6118750000000001 0.01125 0.02375
2 0.193125 0.6115625 0.01125 0.026250000000000002
2 0.24312499999999998 0.625625 0.01125 0.026250000000000002
2 0.30593750000000003 0.6396875 0.015 0.026250000000000002
2 0.418125 0.615625 0.01125 0.025
2 0.465625 0.6490625 0.0125 0.0325
2 0.478125 0.6221875 0.0125 0.0225
2 0.49000000000000005 0.621875 0.01125 0.025
2 0.5084375 0.621875 0.013750000000000002 0.025
2 0.5337500000000001 0.6196875000000001 0.01125 0.02375
2 0.5587500000000001 0.625625 0.01125 0.026250000000000002
2 0.583125 0.6487499999999999 0.01 0.0225
2 0.505625 0.645625 0.01125 0.028749999999999998
2 0.531875 0.646875 0.013750000000000002 0.03125
2 0.6571875 0.6525000000000001 0.01125 0.02375
2 0.6325000000000001 0.629375 0.008749999999999999 0.027500000000000004
2 0.6224999999999999 0.621875 0.013750000000000002 0.025
2 0.60875 0.651875 0.01125 0.0225
2 0.734375 0.63125 0.0125 0.025
2 0.7484375 0.630625 0.0125 0.02375
2 0.76125 0.6284375 0.01 0.0225
2 0.81125 0.6275000000000001 0.01625 0.02375
2 0.78625 0.6546875 0.01 0.025
2 0.76125 0.6537499999999999 0.01 0.026250000000000002
2 0.659375 0.564375 0.0125 0.028749999999999998
2 0.634375 0.5650000000000001 0.0125 0.02375
2 0.25656249999999997 0.5265625 0.01 0.025
2 0.62 0.5621875000000001 0.008749999999999999 0.021249999999999998
2 0.24312499999999998 0.526875 0.01125 0.0225
2 0.2321875 0.529375 0.01125 0.027500000000000004
2 0.2209375 0.5275000000000001 0.013750000000000002 0.02375
2 0.209375 0.5265625 0.0125 0.025
2 0.196875 0.5231250000000001 0.0125 0.027500000000000004
2 0.18375 0.5237499999999999 0.01125 0.0225
2 0.145625 0.525625 0.01 0.026250000000000002
2 0.1340625 0.5237499999999999 0.015 0.0225
2 0.11968749999999999 0.5271874999999999 0.01125 0.026250000000000002
2 0.1078125 0.5234375 0.0125 0.025
2 0.0953125 0.520625 0.0125 0.0225
2 0.09375 0.5506249999999999 0.0125 0.026250000000000002
2 0.11968749999999999 0.5521874999999999 0.01125 0.026250000000000002
2 0.145 0.5493750000000001 0.015 0.02375
2 0.1565625 0.546875 0.01 0.025
2 0.168125 0.546875 0.01125 0.025
2 0.183125 0.54875 0.01 0.028749999999999998
2 0.2046875 0.5525 0.0125 0.02375
2 0.35531250000000003 0.5565625 0.013750000000000002 0.028749999999999998
2 0.45562500000000006 0.5587500000000001 0.01125 0.02375
2 0.468125 0.5540625 0.01125 0.02375
2 0.4921875 0.5599999999999999 0.0125 0.026250000000000002
2 0.50625 0.5587500000000001 0.0125 0.02375
2 0.5446875 0.559375 0.01125 0.025
2 0.5818749999999999 0.5625 0.013750000000000002 0.025
2 0.596875 0.5609375 0.0125 0.03125
2 0.609375 0.56125 0.0125 0.028749999999999998
2 0.770625 0.265 0.01 0.02375
2 0.7837500000000001 0.26437499999999997 0.01125 0.0225
2 0.745 0.20406249999999998 0.008749999999999999 0.02375
2 0.9268750000000001 0.027500000000000004 0.01 0.02375
2 0.8515625 0.026875 0.0125 0.0225
2 0.8159375000000001 0.030625000000000003 0.01 0.02375
2 0.8046875 0.028125 0.0125 0.025
2 0.7837500000000001 0.027500000000000004 0.01125 0.02375
2 0.77125 0.027500000000000004 0.01125 0.02375
2 0.7484375 0.025625 0.0125 0.026250000000000002
2 0.913125 0.028749999999999998 0.013750000000000002 0.026250000000000002
2 0.95 0.0296875 0.0125 0.025
2 0.99 0.0121875 0.01125 0.021249999999999998
2 0.759375 0.2015625 0.0125 0.025
2 0.10718749999999999 0.325 0.02375 0.0125
2 0.1078125 0.35125 0.025 0.008749999999999999
2 0.9574999999999999 0.0653125 0.021249999999999998 0.021249999999999998
2 0.9096875000000001 0.11750000000000001 0.01 0.0225
2 0.9128125 0.091875 0.01 0.021249999999999998
2 0.8996875 0.09125 0.008749999999999999 0.02
2 0.8871874999999999 0.0909375 0.008749999999999999 0.0225
2 0.8728125 0.0871875 0.01125 0.027500000000000004
2 0.7984375 0.0853125 0.0125 0.02375
2 0.75875 0.1121875 0.01125 0.027500000000000004
2 0.7728125 0.114375 0.01125 0.0225
2 0.7853125000000001 0.11625 0.01125 0.026250000000000002
2 0.7978125 0.1121875 0.01125 0.021249999999999998
2 0.8103125 0.1140625 0.01125 0.025
2 0.8237500000000001 0.11374999999999999 0.01 0.027500000000000004
2 0.8359375 0.1134375 0.0125 0.02375
2 0.8478125000000001 0.11281250000000001 0.01125 0.0225
2 0.8603125 0.11374999999999999 0.01125 0.021249999999999998
2 0.87375 0.11625 0.01 0.026250000000000002
2 0.884375 0.11875 0.0125 0.025
2 0.89625 0.11937500000000001 0.01125 0.026250000000000002
2 0.7462500000000001 0.1759375 0.01125 0.03
2 0.7603125000000001 0.17250000000000001 0.01125 0.026250000000000002
2 0.77125 0.175 0.01125 0.025
2 0.7837500000000001 0.1765625 0.01125 0.025
2 0.79625 0.2015625 0.01125 0.025
2 0.7837500000000001 0.20249999999999999 0.01125 0.02375
2 0.77125 0.2015625 0.01125 0.025
2 0.109375 0.3384375 0.025 0.01125
2 0.1084375 0.3103125 0.02 0.01125
2 0.1525 0.0034375000000000005 0.01125 0.00375
2 0.10906249999999999 0.286875 0.021249999999999998 0.01125
2 0.12625 0.0028125 0.008749999999999999 0.0025
2 0.109375 0.0040625 0.0125 0.005
2 0.25375000000000003 0.04 0.0325 0.017499999999999998
2 0.22749999999999998 0.084375 0.03 0.025
2 0.46343750000000006 0.058125 0.01125 0.028749999999999998
2 0.37312500000000004 0.09718750000000001 0.027500000000000004 0.01
2 0.37374999999999997 0.0609375 0.028749999999999998 0.0125
2 0.3740625 0.0453125 0.026250000000000002 0.0125
2 0.17625 0.16218749999999998 0.027500000000000004 0.008749999999999999
2 0.1771875 0.1740625 0.026250000000000002 0.0075
2 0.1775 0.18687499999999999 0.02375 0.01125
2 0.1759375 0.1990625 0.02375 0.0075
2 0.1771875 0.21156250000000001 0.026250000000000002 0.013750000000000002
2 0.17124999999999999 0.2659375 0.02375 0.01
2 0.173125 0.3075 0.027500000000000004 0.008749999999999999
2 0.173125 0.31656249999999997 0.027500000000000004 0.01125
2 0.17281249999999998 0.3309375 0.02375 0.008749999999999999
2 0.1734375 0.340625 0.025 0.0125
2 0.11156250000000001 0.195 0.026250000000000002 0.008749999999999999
2 0.11125 0.20812499999999998 0.0225 0.01
2 0.10968750000000001 0.2190625 0.0225 0.01
2 0.1103125 0.2325 0.02375 0.008749999999999999
2 0.110625 0.24500000000000002 0.021249999999999998 0.008749999999999999
2 0.109375 0.25593750000000004 0.01875 0.008749999999999999
2 0.110625 0.26749999999999996 0.021249999999999998 0.01
2 0.0171875 0.035625000000000004 0.03125 0.04
2 0.6546875 0.7140625 0.0125 0.025
2 0.6171875 0.7128125 0.0125 0.0225
2 0.6053124999999999 0.709375 0.013750000000000002 0.025
2 0.556875 0.7109375 0.013750000000000002 0.03125
2 0.5431250000000001 0.7090625 0.01125 0.027500000000000004
2 0.6431250000000001 0.74125 0.01125 0.026250000000000002
2 0.5296875 0.7371875 0.0125 0.027500000000000004
2 0.499375 0.7368750000000001 0.01125 0.02375
2 0.3765625 0.709375 0.0125 0.025
2 0.30375 0.73125 0.013750000000000002 0.03125
2 0.12687500000000002 0.7025 0.01 0.02375
2 0.6431250000000001 0.7134375000000001 0.01125 0.02375
2 0.735625 0.7146874999999999 0.015 0.026250000000000002
2 0.734375 0.6534375 0.0125 0.0225
2 0.6224999999999999 0.5334375 0.013750000000000002 0.026250000000000002
2 0.14750000000000002 0.459375 0.013750000000000002 0.025
2 0.159375 0.46125 0.0125 0.028749999999999998
2 0.17250000000000001 0.459375 0.013750000000000002 0.025
2 0.195 0.46281249999999996 0.008749999999999999 0.0225
2 0.209375 0.4609375 0.0125 0.025
2 0.220625 0.4615625 0.01 0.026250000000000002
2 0.23374999999999999 0.46218750000000003 0.01125 0.027500000000000004
2 0.25625 0.4640625 0.0125 0.025
2 0.35812499999999997 0.471875 0.01 0.025
2 0.384375 0.46656250000000005 0.0125 0.02375
2 0.659375 0.5393749999999999 0.0125 0.0225
2 0.6478125 0.54 0.01125 0.02375
2 0.634375 0.5365624999999999 0.0125 0.026250000000000002
2 0.60875 0.53125 0.01125 0.025
2 0.585 0.5328125 0.013750000000000002 0.025
2 0.57125 0.5349999999999999 0.01125 0.026250000000000002
2 0.559375 0.535625 0.0125 0.027500000000000004
2 0.5475 0.5349999999999999 0.013750000000000002 0.026250000000000002
2 0.5349999999999999 0.5378125 0.013750000000000002 0.0225
2 0.48125 0.5309375000000001 0.0125 0.027500000000000004
2 0.46875 0.5325 0.0125 0.027500000000000004
2 0.4571875 0.53125 0.01125 0.025
2 0.43062500000000004 0.5325 0.01125 0.021249999999999998
2 0.42093749999999996 0.533125 0.013750000000000002 0.0225
2 0.406875 0.53125 0.013750000000000002 0.025
2 0.39375 0.530625 0.0125 0.03
2 0.343125 0.5284375 0.01125 0.0225
2 0.135 0.45968749999999997 0.013750000000000002 0.0225
2 0.12125 0.4603125 0.01125 0.02375
2 0.11000000000000001 0.4625 0.013750000000000002 0.025
2 0.109375 0.43499999999999994 0.0125 0.026250000000000002
2 0.75625 0.265625 0.0125 0.025
2 0.745625 0.26156250000000003 0.01 0.0325
2 0.783125 0.29093749999999996 0.01 0.0225
2 0.7696875000000001 0.29031250000000003 0.01125 0.027500000000000004
2 0.759375 0.2890625 0.0125 0.025
2 0.744375 0.29031250000000003 0.013750000000000002 0.027500000000000004
2 0.44406249999999997 0.4359375 0.01 0.025
2 0.5353125000000001 0.4390625 0.01125 0.025
2 0.553125 0.3734375 0.0125 0.025
2 0.5984375 0.3778125 0.0125 0.027500000000000004
2 0.665 0.47781250000000003 0.01125 0.027500000000000004
2 0.6640625 0.448125 0.0125 0.021249999999999998
2 0.39625 0.441875 0.01125 0.027500000000000004
2 0.3828125 0.4409375 0.0125 0.028749999999999998
2 0.35812499999999997 0.44125 0.01 0.026250000000000002
2 0.34625 0.4403125 0.01125 0.027500000000000004
2 0.28312499999999996 0.43656249999999996 0.01 0.026250000000000002
2 0.271875 0.43624999999999997 0.0125 0.0225
2 0.2475 0.43937499999999996 0.013750000000000002 0.028749999999999998
2 0.23312499999999997 0.438125 0.01 0.026250000000000002
2 0.220625 0.438125 0.01 0.026250000000000002
2 0.20875 0.4359375 0.01125 0.025
2 0.1740625 0.43499999999999994 0.013750000000000002 0.026250000000000002
2 0.159375 0.4328125 0.0125 0.025
2 0.146875 0.4346875 0.0125 0.0225
2 0.13374999999999998 0.4334375 0.01125 0.026250000000000002
2 0.12281249999999999 0.4328125 0.01125 0.03125
2 0.3196875 0.5284375 0.01125 0.0225
2 0.305625 0.5271874999999999 0.01125 0.026250000000000002
2 0.28375 0.53 0.01125 0.028749999999999998
2 0.64625 0.5650000000000001 0.01125 0.02375
2 0.093125 0.6159375 0.01125 0.028749999999999998
2 0.12875 0.61125 0.013750000000000002 0.028749999999999998
2 0.143125 0.61 0.01125 0.026250000000000002
2 0.18062499999999998 0.6118750000000001 0.01125 0.02375
2 0.193125 0.6115625 0.01125 0.026250000000000002
2 0.24312499999999998 0.625625 0.01125 0.026250000000000002
2 0.30593750000000003 0.6396875 0.015 0.026250000000000002
2 0.418125 0.615625 0.01125 0.025
2 0.465625 0.6490625 0.0125 0.0325
2 0.478125 0.6221875 0.0125 0.0225
2 0.49000000000000005 0.621875 0.01125 0.025
2 0.5084375 0.621875 0.013750000000000002 0.025
2 0.5337500000000001 0.6196875000000001 0.01125 0.02375
2 0.5587500000000001 0.625625 0.01125 0.026250000000000002
2 0.583125 0.6487499999999999 0.01 0.0225
2 0.505625 0.645625 0.01125 0.028749999999999998
2 0.531875 0.646875 0.013750000000000002 0.03125
2 0.6571875 0.6525000000000001 0.01125 0.02375
2 0.6325000000000001 0.629375 0.008749999999999999 0.027500000000000004
2 0.6224999999999999 0.621875 0.013750000000000002 0.025
2 0.60875 0.651875 0.01125 0.0225
2 0.734375 0.63125 0.0125 0.025
2 0.7484375 0.630625 0.0125 0.02375
2 0.76125 0.6284375 0.01 0.0225
2 0.81125 0.6275000000000001 0.01625 0.02375
2 0.78625 0.6546875 0.01 0.025
2 0.76125 0.6537499999999999 0.01 0.026250000000000002
2 0.659375 0.564375 0.0125 0.028749999999999998
2 0.634375 0.5650000000000001 0.0125 0.02375
2 0.25656249999999997 0.5265625 0.01 0.025
2 0.62 0.5621875000000001 0.008749999999999999 0.021249999999999998
2 0.24312499999999998 0.526875 0.01125 0.0225
2 0.2321875 0.529375 0.01125 0.027500000000000004
2 0.2209375 0.5275000000000001 0.013750000000000002 0.02375
2 0.209375 0.5265625 0.0125 0.025
2 0.196875 0.5231250000000001 0.0125 0.027500000000000004
2 0.18375 0.5237499999999999 0.01125 0.0225
2 0.145625 0.525625 0.01 0.026250000000000002
2 0.1340625 0.5237499999999999 0.015 0.0225
2 0.11968749999999999 0.5271874999999999 0.01125 0.026250000000000002
2 0.1078125 0.5234375 0.0125 0.025
2 0.0953125 0.520625 0.0125 0.0225
2 0.09375 0.5506249999999999 0.0125 0.026250000000000002
2 0.11968749999999999 0.5521874999999999 0.01125 0.026250000000000002
2 0.145 0.5493750000000001 0.015 0.02375
2 0.1565625 0.546875 0.01 0.025
2 0.168125 0.546875 0.01125 0.025
2 0.183125 0.54875 0.01 0.028749999999999998
2 0.2046875 0.5525 0.0125 0.02375
2 0.35531250000000003 0.5565625 0.013750000000000002 0.028749999999999998
2 0.45562500000000006 0.5587500000000001 0.01125 0.02375
2 0.468125 0.5540625 0.01125 0.02375
2 0.4921875 0.5599999999999999 0.0125 0.026250000000000002
2 0.50625 0.5587500000000001 0.0125 0.02375
2 0.5446875 0.559375 0.01125 0.025
2 0.5818749999999999 0.5625 0.013750000000000002 0.025
2 0.596875 0.5609375 0.0125 0.03125
2 0.609375 0.56125 0.0125 0.028749999999999998
2 0.770625 0.265 0.01 0.02375
2 0.7837500000000001 0.26437499999999997 0.01125 0.0225
2 0.745 0.20406249999999998 0.008749999999999999 0.02375
2 0.9268750000000001 0.027500000000000004 0.01 0.02375
2 0.8515625 0.026875 0.0125 0.0225
2 0.8159375000000001 0.030625000000000003 0.01 0.02375
2 0.8046875 0.028125 0.0125 0.025
2 0.7837500000000001 0.027500000000000004 0.01125 0.02375
2 0.77125 0.027500000000000004 0.01125 0.02375
2 0.7484375 0.025625 0.0125 0.026250000000000002
2 0.913125 0.028749999999999998 0.013750000000000002 0.026250000000000002
2 0.95 0.0296875 0.0125 0.025
2 0.99 0.0121875 0.01125 0.021249999999999998
2 0.759375 0.2015625 0.0125 0.025
2 0.10718749999999999 0.325 0.02375 0.0125
2 0.1078125 0.35125 0.025 0.008749999999999999
2 0.9574999999999999 0.0653125 0.021249999999999998 0.021249999999999998
2 0.9096875000000001 0.11750000000000001 0.01 0.0225
2 0.9128125 0.091875 0.01 0.021249999999999998
2 0.8996875 0.09125 0.008749999999999999 0.02
2 0.8871874999999999 0.0909375 0.008749999999999999 0.0225
2 0.8728125 0.0871875 0.01125 0.027500000000000004
2 0.7984375 0.0853125 0.0125 0.02375
2 0.75875 0.1121875 0.01125 0.027500000000000004
2 0.7728125 0.114375 0.01125 0.0225
2 0.7853125000000001 0.11625 0.01125 0.026250000000000002
2 0.7978125 0.1121875 0.01125 0.021249999999999998
2 0.8103125 0.1140625 0.01125 0.025
2 0.8237500000000001 0.11374999999999999 0.01 0.027500000000000004
2 0.8359375 0.1134375 0.0125 0.02375
2 0.8478125000000001 0.11281250000000001 0.01125 0.0225
2 0.8603125 0.11374999999999999 0.01125 0.021249999999999998
2 0.87375 0.11625 0.01 0.026250000000000002
2 0.884375 0.11875 0.0125 0.025
2 0.89625 0.11937500000000001 0.01125 0.026250000000000002
2 0.7462500000000001 0.1759375 0.01125 0.03
2 0.7603125000000001 0.17250000000000001 0.01125 0.026250000000000002
2 0.77125 0.175 0.01125 0.025
2 0.7837500000000001 0.1765625 0.01125 0.025
2 0.79625 0.2015625 0.01125 0.025
2 0.7837500000000001 0.20249999999999999 0.01125 0.02375
2 0.77125 0.2015625 0.01125 0.025
2 0.109375 0.3384375 0.025 0.01125
2 0.1084375 0.3103125 0.02 0.01125
2 0.1525 0.0034375000000000005 0.01125 0.00375
2 0.10906249999999999 0.286875 0.021249999999999998 0.01125
2 0.12625 0.0028125 0.008749999999999999 0.0025
2 0.109375 0.0040625 0.0125 0.005
2 0.25375000000000003 0.04 0.0325 0.017499999999999998
2 0.22749999999999998 0.084375 0.03 0.025
2 0.46343750000000006 0.058125 0.01125 0.028749999999999998
2 0.37312500000000004 0.09718750000000001 0.027500000000000004 0.01
2 0.37374999999999997 0.0609375 0.028749999999999998 0.0125
2 0.3740625 0.0453125 0.026250000000000002 0.0125
2 0.17625 0.16218749999999998 0.027500000000000004 0.008749999999999999
2 0.1771875 0.1740625 0.026250000000000002 0.0075
2 0.1775 0.18687499999999999 0.02375 0.01125
2 0.1759375 0.1990625 0.02375 0.0075
2 0.1771875 0.21156250000000001 0.026250000000000002 0.013750000000000002
2 0.17124999999999999 0.2659375 0.02375 0.01
2 0.173125 0.3075 0.027500000000000004 0.008749999999999999
2 0.173125 0.31656249999999997 0.027500000000000004 0.01125
2 0.17281249999999998 0.3309375 0.02375 0.008749999999999999
2 0.1734375 0.340625 0.025 0.0125
2 0.11156250000000001 0.195 0.026250000000000002 0.008749999999999999
2 0.11125 0.20812499999999998 0.0225 0.01
2 0.10968750000000001 0.2190625 0.0225 0.01
2 0.1103125 0.2325 0.02375 0.008749999999999999
2 0.110625 0.24500000000000002 0.021249999999999998 0.008749999999999999
2 0.109375 0.25593750000000004 0.01875 0.008749999999999999
2 0.110625 0.26749999999999996 0.021249999999999998 0.01
