2 0.7259375 0.0890625 0.02375 0.0125
2 0.665 0.0475 0.02375 0.013750000000000002
2 0.5884375000000001 0.7125 0.02375 0.0125
2 0.559375 0.7134375000000001 0.025 0.01125
2 0.5615625 0.7262500000000001 0.026250000000000002 0.008749999999999999
2 0.560625 0.73875 0.021249999999999998 0.008749999999999999
2 0.56125 0.75125 0.0225 0.008749999999999999
2 0.5856250000000001 0.735 0.027500000000000004 0.013750000000000002
2 0.5825 0.75125 0.021249999999999998 0.008749999999999999
2 0.585 0.764375 0.026250000000000002 0.01
2 0.58375 0.77625 0.02375 0.015
2 0.5596875 0.7725 0.0225 0.013750000000000002
2 0.583125 0.786875 0.0225 0.01125
2 0.5825 0.8018750000000001 0.021249999999999998 0.01
2 0.5587500000000001 0.7993750000000001 0.02375 0.01125
2 0.551875 0.8125 0.0225 0.0125
2 0.5815625 0.8125 0.0225 0.0125
2 0.5784374999999999 0.826875 0.0225 0.01
2 0.5525 0.828125 0.02375 0.0125
2 0.7953125 0.6259375 0.0125 0.03
2 0.49749999999999994 0.5921875 0.026250000000000002 0.0125
2 0.8474999999999999 0.365 0.013750000000000002 0.03
2 0.8240624999999999 0.15125 0.013750000000000002 0.03375
2 0.03 0.0671875 0.028749999999999998 0.0125
2 0.47375 0.8940625000000001 0.028749999999999998 0.01
2 0.47125000000000006 0.9106249999999999 0.02375 0.015
2 0.47437500000000005 0.8846875000000001 0.02375 0.01
2 0.44000000000000006 0.9949999999999999 0.01125 0.008749999999999999
2 0.47125000000000006 0.9946875000000001 0.02375 0.01125
2 0.469375 0.9828125 0.026250000000000002 0.0125
2 0.5790625 0.9946875000000001 0.02375 0.01125
2 0.5806250000000001 0.9706250000000001 0.02375 0.01
2 0.5543750000000001 0.9696875 0.027500000000000004 0.01125
2 0.47531249999999997 0.8731249999999999 0.0225 0.008749999999999999
2 0.6071875 0.6475 0.01125 0.026250000000000002
2 0.5821875000000001 0.6443749999999999 0.01125 0.026250000000000002
2 0.5703125 0.64625 0.0125 0.02375
2 0.54375 0.645625 0.0125 0.028749999999999998
2 0.53 0.645625 0.01 0.0225
2 0.52125 0.641875 0.01125 0.027500000000000004
2 0.509375 0.641875 0.0125 0.021249999999999998
2 0.49625 0.6431250000000001 0.01125 0.03
2 0.42125 0.7484375 0.02375 0.0125
2 0.416875 0.765625 0.021249999999999998 0.0125
2 0.42000000000000004 0.784375 0.027500000000000004 0.0125
2 0.4171875 0.79625 0.025 0.01125
2 0.418125 0.81375 0.02375 0.015
2 0.47750000000000004 0.71 0.02375 0.013750000000000002
2 0.500625 0.709375 0.02 0.0125
2 0.5034375 0.7253125 0.0225 0.01
2 0.47750000000000004 0.74875 0.02375 0.01
2 0.5025000000000001 0.746875 0.02375 0.0125
2 0.5009375 0.7618750000000001 0.02375 0.01125
2 0.47468750000000004 0.7731250000000001 0.021249999999999998 0.008749999999999999
2 0.5021875 0.7859375 0.02 0.0125
2 0.5009375 0.81125 0.02375 0.01
2 0.4725 0.8090624999999999 0.026250000000000002 0.008749999999999999
2 0.476875 0.82125 0.0225 0.01125
2 0.4725 0.8328125 0.026250000000000002 0.0125
2 0.473125 0.8478125000000001 0.027500000000000004 0.01125
2 0.475 0.85875 0.025 0.01125
2 0.5009375 0.871875 0.02375 0.0125
2 0.595625 0.6465625 0.01 0.027500000000000004
2 0.6203125 0.6496875 0.0125 0.027500000000000004
2 0.6446875000000001 0.675 0.02375 0.0125
2 0.640625 0.9959374999999999 0.025 0.0075
2 0.6403125000000001 0.9859375 0.027500000000000004 0.0125
2 0.63875 0.9721875000000001 0.027500000000000004 0.01
2 0.5540625 0.915 0.02375 0.01125
2 0.58 0.9112500000000001 0.0225 0.01
2 0.57875 0.9 0.026250000000000002 0.0125
2 0.579375 0.8890625 0.027500000000000004 0.0125
2 0.5796875 0.8759375 0.025 0.01125
2 0.5565625 0.8625 0.0225 0.0125
2 0.58375 0.849375 0.017499999999999998 0.01125
2 0.641875 0.9034375000000001 0.027500000000000004 0.01
2 0.6409374999999999 0.8909375 0.0225 0.01
2 0.64 0.87625 0.02375 0.008749999999999999
2 0.6421875 0.8640625 0.025 0.0125
2 0.6415625 0.8409375000000001 0.02375 0.01
2 0.641875 0.8300000000000001 0.027500000000000004 0.01625
2 0.6440625 0.8040625 0.028749999999999998 0.01125
2 0.64375 0.79125 0.025 0.013750000000000002
2 0.6446875000000001 0.76625 0.03 0.013750000000000002
2 0.6475 0.7525000000000001 0.026250000000000002 0.01125
2 0.6475 0.740625 0.026250000000000002 0.0125
2 0.6431250000000001 0.7271875 0.02375 0.013750000000000002
2 0.64625 0.7034374999999999 0.02375 0.01
2 0.645625 0.6884375 0.0225 0.01125
