2 0.27 0.4296875 0.021249999999999998 0.0125
2 0.32125 0.70625 0.02375 0.0125
2 0.3234375 0.69375 0.025 0.0125
2 0.3246875 0.681875 0.027500000000000004 0.013750000000000002
2 0.325 0.6703125 0.025 0.0125
2 0.3225 0.6571875 0.026250000000000002 0.01125
2 0.32406250000000003 0.6453125 0.026250000000000002 0.0125
2 0.3246875 0.630625 0.027500000000000004 0.01125
2 0.323125 0.615 0.027500000000000004 0.01125
2 0.321875 0.6009375 0.025 0.01125
2 0.3228125 0.588125 0.02375 0.013750000000000002
2 0.32687499999999997 0.5746875 0.0225 0.015
2 0.3253125 0.5621875000000001 0.0225 0.015
2 0.2659375 0.40374999999999994 0.028749999999999998 0.013750000000000002
2 0.2671875 0.44312500000000005 0.025 0.01125
2 0.35125 0.484375 0.021249999999999998 0.0125
2 0.26968749999999997 0.465625 0.02375 0.0125
2 0.24500000000000002 0.4534375 0.021249999999999998 0.01
2 0.2440625 0.4653125 0.0225 0.008749999999999999
2 0.241875 0.47906250000000006 0.021249999999999998 0.01125
2 0.27 0.4796875 0.021249999999999998 0.0125
2 0.2671875 0.49312500000000004 0.025 0.01125
2 0.265625 0.5103125000000001 0.025 0.01125
2 0.23937499999999998 0.5065625 0.0225 0.01
2 0.265625 0.5228125 0.025 0.01125
2 0.26968749999999997 0.5384375 0.02375 0.01125
2 0.24093749999999997 0.52125 0.0225 0.01125
2 0.24281250000000001 0.5346875 0.026250000000000002 0.01
2 0.23937499999999998 0.54625 0.028749999999999998 0.01125
2 0.32125 0.721875 0.02375 0.0125
2 0.34781249999999997 0.7353125 0.02375 0.01125
2 0.348125 0.7224999999999999 0.027500000000000004 0.013750000000000002
2 0.3471875 0.7103125 0.0225 0.01125
2 0.32875 0.5121875 0.026250000000000002 0.008749999999999999
2 0.353125 0.515625 0.025 0.0125
2 0.3525 0.52625 0.02375 0.008749999999999999
2 0.32875 0.5228125 0.026250000000000002 0.01125
2 0.3259375 0.5478125 0.02375 0.01125
2 0.353125 0.5484375 0.025 0.0125
2 0.41500000000000004 0.40875000000000006 0.02375 0.01125
2 0.41156249999999994 0.42125 0.026250000000000002 0.01125
2 0.41187500000000005 0.433125 0.02375 0.01
2 0.41125 0.4490625 0.0225 0.013750000000000002
2 0.414375 0.47437500000000005 0.0225 0.01125
2 0.41281249999999997 0.49625 0.0225 0.01125
2 0.4096875 0.5353125000000001 0.0225 0.01125
2 0.409375 0.5921875 0.025 0.0125
2 0.40843749999999995 0.671875 0.026250000000000002 0.0125
2 0.40875000000000006 0.7175 0.02375 0.01
2 0.40750000000000003 0.7325 0.021249999999999998 0.008749999999999999
2 0.3490625 0.5590625 0.02 0.008749999999999999
2 0.35 0.575 0.025 0.0125
2 0.350625 0.5871875 0.02 0.008749999999999999
2 0.3509375 0.5984375 0.02375 0.0125
2 0.34875 0.6131249999999999 0.0225 0.013750000000000002
2 0.351875 0.631875 0.0225 0.013750000000000002
2 0.3521875 0.645625 0.02 0.01
2 0.351875 0.6596875 0.0225 0.01
2 0.351875 0.670625 0.0225 0.01
2 0.34750000000000003 0.696875 0.026250000000000002 0.0125
2 0.2425 0.564375 0.0225 0.01
2 0.24343750000000003 0.5743750000000001 0.021249999999999998 0.01125
2 0.26875 0.57375 0.01875 0.01
2 0.2678125 0.5878125 0.02 0.01
2 0.24343750000000003 0.5884375000000001 0.021249999999999998 0.01125
2 0.24093749999999997 0.6118750000000001 0.0225 0.01125
2 0.27 0.6018749999999999 0.027500000000000004 0.01
2 0.26437499999999997 0.6125 0.0225 0.0125
2 0.241875 0.630625 0.021249999999999998 0.01125
2 0.265 0.645 0.02375 0.008749999999999999
2 0.24125000000000002 0.6440625 0.02 0.01
2 0.23937499999999998 0.6571875 0.0225 0.01125
2 0.2646875 0.658125 0.02 0.01
2 0.23625 0.6703125 0.0225 0.0125
2 0.26375000000000004 0.67 0.021249999999999998 0.008749999999999999
2 0.263125 0.680625 0.026250000000000002 0.01125
2 0.260625 0.69375 0.027500000000000004 0.0125
2 0.2340625 0.680625 0.021249999999999998 0.01125
2 0.2340625 0.6915625000000001 0.021249999999999998 0.01125
2 0.23625 0.7056250000000001 0.028749999999999998 0.01125
2 0.26125 0.7053125 0.0225 0.0075
2 0.23625 0.718125 0.0225 0.01125
2 0.265 0.718125 0.02375 0.01125
2 0.13218749999999999 0.8053125 0.02375 0.013750000000000002
2 0.1453125 0.9175000000000001 0.025 0.01
2 0.146875 0.930625 0.025 0.01125
2 0.1471875 0.968125 0.028749999999999998 0.01125
2 0.143125 0.9821875 0.02375 0.01125
2 0.3253125 0.48125 0.0225 0.0125
2 0.351875 0.46968750000000004 0.0225 0.01125
2 0.32687499999999997 0.4684375 0.0225 0.008749999999999999
2 0.303125 0.173125 0.0125 0.021249999999999998
2 0.765625 0.088125 0.0125 0.026250000000000002
2 0.43531250000000005 0.173125 0.01125 0.021249999999999998
2 0.21218750000000003 0.2821875 0.015 0.02375
2 0.23875000000000002 0.2925 0.015 0.028749999999999998
2 0.25375000000000003 0.3 0.013750000000000002 0.025
2 0.26625 0.30343749999999997 0.013750000000000002 0.0225
2 0.27937500000000004 0.3078125 0.015 0.025
2 0.2915625 0.311875 0.017499999999999998 0.02375
2 0.304375 0.3140625 0.015 0.025
2 0.453125 0.3871875 0.0125 0.021249999999999998
2 0.44375 0.38656250000000003 0.0125 0.026250000000000002
2 0.46656250000000005 0.3871875 0.01125 0.021249999999999998
2 0.48125 0.38375 0.0125 0.02375
2 0.5037499999999999 0.388125 0.013750000000000002 0.02
2 0.5275000000000001 0.3871875 0.01125 0.021249999999999998
2 0.32937500000000003 0.38156249999999997 0.021249999999999998 0.01
2 0.355 0.3821875 0.0225 0.01125
2 0.3521875 0.3940625 0.02 0.01
2 0.325625 0.39468749999999997 0.02 0.01125
2 0.32687499999999997 0.4065625 0.0225 0.01
2 0.3275 0.414375 0.017499999999999998 0.01
2 0.34875 0.41968750000000005 0.0225 0.01125
2 0.353125 0.4325 0.025 0.008749999999999999
2 0.3253125 0.44125 0.0225 0.013750000000000002
2 0.3525 0.44437499999999996 0.02375 0.013750000000000002
2 0.35 0.458125 0.01875 0.01
2 0.3265625 0.458125 0.025 0.01
2 0.6021875 0.1140625 0.02 0.0125
2 0.2446875 0.11000000000000001 0.017499999999999998 0.026250000000000002
2 0.255 0.11374999999999999 0.01625 0.021249999999999998
2 0.390625 0.125 0.025 0.0125
2 0.909375 0.828125 0.03125 0.0125
2 0.9099999999999999 0.765 0.026250000000000002 0.01125
2 0.9115624999999999 0.751875 0.026250000000000002 0.01
2 0.22000000000000003 0.87625 0.021249999999999998 0.008749999999999999
2 0.136875 0.3746875 0.017499999999999998 0.058750000000000004
2 0.12250000000000001 0.746875 0.013750000000000002 0.0125
2 0.12250000000000001 0.7609375 0.013750000000000002 0.0125
2 0.12562500000000001 0.7734375 0.02 0.0125
