2 0.595 0.9778125 0.021249999999999998 0.008749999999999999
2 0.5903125 0.9265625 0.027500000000000004 0.0125
2 0.5912499999999999 0.9018750000000001 0.026250000000000002 0.01
2 0.5900000000000001 0.9925 0.02375 0.01
2 0.7268749999999999 0.6165625 0.01 0.02375
2 0.81125 0.0034375000000000005 0.028749999999999998 0.00375
2 0.9706250000000001 0.014374999999999999 0.0225 0.01
2 0.47874999999999995 0.0071874999999999994 0.026250000000000002 0.01125
2 0.25625 0.0040625 0.025 0.005
2 0.51625 0.1575 0.013750000000000002 0.021249999999999998
2 0.553125 0.1596875 0.0125 0.0225
2 0.410625 0.9103125000000001 0.027500000000000004 0.01125
2 0.5271874999999999 0.9525 0.026250000000000002 0.01125
2 0.3453125 0.9959374999999999 0.025 0.0075
2 0.4378125 0.9959374999999999 0.0225 0.0075
2 0.5237499999999999 0.996875 0.028749999999999998 0.00625
2 0.5375 0.2265625 0.0125 0.025
2 0.55125 0.311875 0.015 0.017499999999999998
