2 0.558125 0.4109375 0.01625 0.025
2 0.516875 0.49874999999999997 0.015 0.028749999999999998
2 0.385625 0.4928125 0.015 0.026250000000000002
2 0.359375 0.496875 0.0125 0.025
2 0.2890625 0.5284375 0.0125 0.0225
2 0.5165625 0.535625 0.01125 0.027500000000000004
2 0.42125 0.531875 0.01125 0.026250000000000002
2 0.40812499999999996 0.534375 0.01 0.025
2 0.396875 0.533125 0.0125 0.0225
2 0.34625 0.53 0.01125 0.0225
2 0.2375 0.58125 0.0125 0.025
2 0.3228125 0.529375 0.01125 0.027500000000000004
2 0.2628125 0.584375 0.01 0.025
2 0.27531249999999996 0.58125 0.01 0.025
2 0.296875 0.584375 0.0125 0.025
2 0.311875 0.58375 0.01125 0.02375
2 0.3265625 0.5834374999999999 0.0125 0.026250000000000002
2 0.39437500000000003 0.585 0.013750000000000002 0.026250000000000002
2 0.41 0.5856250000000001 0.013750000000000002 0.027500000000000004
2 0.24 0.7678125 0.03 0.013750000000000002
2 0.4878125 0.291875 0.01 0.027500000000000004
2 0.465 0.290625 0.01125 0.025
2 0.2453125 0.44000000000000006 0.0125 0.02375
