2 0.82125 0.0871875 0.01125 0.027500000000000004
2 0.8371875 0.07906250000000001 0.015 0.02375
2 0.8384375000000001 0.053125 0.01125 0.025
2 0.755 0.05437499999999999 0.01625 0.027500000000000004
2 0.7421875 0.053125 0.0125 0.025
2 0.728125 0.050624999999999996 0.0125 0.026250000000000002
2 0.5884375000000001 0.0696875 0.017499999999999998 0.03
2 0.49375 0.05 0.025 0.0125
2 0.6578125 0.075625 0.0125 0.026250000000000002
2 0.7134375000000001 0.076875 0.01125 0.028749999999999998
2 0.725625 0.079375 0.013750000000000002 0.027500000000000004
2 0.740625 0.08249999999999999 0.0125 0.027500000000000004
2 0.754375 0.08249999999999999 0.015 0.027500000000000004
2 0.76875 0.0828125 0.0125 0.025
2 0.8787499999999999 0.06218749999999999 0.013750000000000002 0.027500000000000004
2 0.8943749999999999 0.0609375 0.013750000000000002 0.025
2 0.865 0.091875 0.01125 0.027500000000000004
2 0.6859375 0.07875 0.0125 0.026250000000000002
2 0.6984375 0.0759375 0.0125 0.02375
2 0.7953125 0.0834375 0.0125 0.026250000000000002
2 0.673125 0.04625 0.015 0.02375
2 0.588125 0.03875 0.013750000000000002 0.021249999999999998
2 0.575 0.04 0.0125 0.02375
2 0.499375 0.0203125 0.02375 0.0125
2 0.4965625 0.0340625 0.021249999999999998 0.015
2 0.73875 0.02375 0.03375 0.01625
2 0.6171875 0.040625 0.0125 0.025
2 0.7484375 0.150625 0.0125 0.026250000000000002
2 0.783125 0.081875 0.01 0.026250000000000002
2 0.6928124999999999 0.14906250000000001 0.013750000000000002 0.026250000000000002
2 0.670625 0.151875 0.01625 0.028749999999999998
2 0.8324999999999999 0.15531250000000002 0.015 0.026250000000000002
2 0.9415625000000001 0.16312500000000002 0.01125 0.026250000000000002
2 0.8521875 0.08687500000000001 0.013750000000000002 0.02375
2 0.9071875 0.0921875 0.01125 0.025
2 0.8071875000000001 0.08375 0.01125 0.02375
2 0.8775000000000001 0.090625 0.01125 0.025
2 0.89375 0.09281249999999999 0.0125 0.026250000000000002
2 0.5025000000000001 0.0028125 0.03625 0.0025
2 0.9278124999999999 0.1678125 0.015 0.026250000000000002
2 0.913125 0.166875 0.013750000000000002 0.027500000000000004
2 0.818125 0.1559375 0.01125 0.027500000000000004
2 0.80375 0.1559375 0.013750000000000002 0.027500000000000004
2 0.7765625 0.15375 0.0125 0.026250000000000002
2 0.6996875 0.046875 0.015 0.025
2 0.7153125 0.048125 0.015 0.027500000000000004
2 0.771875 0.053125 0.0125 0.025
2 0.9875 0.04625 0.025 0.01125
2 0.9887499999999999 0.01875 0.021249999999999998 0.0125
2 0.9853125 0.0615625 0.03 0.013750000000000002
2 0.9884375000000001 0.07375000000000001 0.02375 0.01
2 0.9875 0.0884375 0.025 0.01125
2 0.9875 0.1 0.025 0.0125
2 0.9853125 0.1290625 0.02375 0.01125
2 0.9834375 0.1421875 0.026250000000000002 0.0125
2 0.7849999999999999 0.053125 0.013750000000000002 0.025
2 0.868125 0.0021874999999999998 0.01125 0.00125
2 0.880625 0.0040625 0.01125 0.005
2 0.9087500000000001 0.0646875 0.01125 0.026250000000000002
2 0.86625 0.06 0.013750000000000002 0.026250000000000002
2 0.8081250000000001 0.05437499999999999 0.01 0.027500000000000004
2 0.8259375 0.0503125 0.01125 0.028749999999999998
2 0.8521875 0.0590625 0.013750000000000002 0.027500000000000004
2 0.798125 0.053125 0.015 0.025
2 0.9103125000000001 0.0040625 0.01125 0.005
2 0.39 0.0265625 0.03 0.01875
2 0.45218749999999996 0.03 0.026250000000000002 0.01
2 0.299375 0.093125 0.03 0.017499999999999998
2 0.39187500000000003 0.1325 0.015 0.03375
