2 0.45999999999999996 0.3603125 0.026250000000000002 0.01125
2 0.50125 0.385 0.021249999999999998 0.026250000000000002
2 0.4559375 0.375 0.027500000000000004 0.0125
2 0.4575 0.6375 0.03375 0.0125
2 0.46375 0.6725 0.027500000000000004 0.013750000000000002
2 0.459375 0.8375 0.03125 0.0125
2 0.45875000000000005 0.820625 0.03 0.01
2 0.4625 0.346875 0.025 0.0125
2 0.28125 0.1965625 0.03125 0.015
2 0.2475 0.190625 0.026250000000000002 0.0125
2 0.205 0.1840625 0.028749999999999998 0.015
2 0.1015625 0.1734375 0.025 0.0125
2 0.13093749999999998 0.1775 0.027500000000000004 0.01125
2 0.1734375 0.183125 0.025 0.01
2 0.9959374999999999 0.2965625 0.0075 0.027500000000000004
2 0.95375 0.290625 0.013750000000000002 0.03125
2 0.9846875 0.2915625 0.01625 0.02375
2 0.9225 0.2875 0.013750000000000002 0.025
2 0.890625 0.356875 0.0125 0.0325
2 0.9037499999999999 0.359375 0.013750000000000002 0.025
2 0.920625 0.3590625 0.01625 0.027500000000000004
2 0.9359375 0.36062500000000003 0.0125 0.027500000000000004
2 0.9503125000000001 0.36062500000000003 0.01 0.027500000000000004
2 0.9637499999999999 0.36062500000000003 0.015 0.027500000000000004
2 0.9806250000000001 0.3640625 0.017499999999999998 0.03125
2 0.9071875 0.28625 0.017499999999999998 0.028749999999999998
2 0.8315625000000001 0.3565625 0.01 0.0225
2 0.8734375 0.35531250000000003 0.0125 0.026250000000000002
2 0.7125 0.34750000000000003 0.0125 0.026250000000000002
2 0.6984375 0.34875 0.0125 0.028749999999999998
2 0.985625 0.755 0.027500000000000004 0.01625
2 0.9915625 0.484375 0.017499999999999998 0.0125
2 0.6834374999999999 0.4028125 0.0325 0.015
2 0.628125 0.3415625 0.0125 0.02375
2 0.64125 0.3428125 0.013750000000000002 0.026250000000000002
2 0.6559375000000001 0.340625 0.015 0.03125
2 0.670625 0.3440625 0.01625 0.0225
2 0.6849999999999999 0.3484375 0.013750000000000002 0.03125
