2 0.96125 0.5928125 0.01 0.026250000000000002
2 0.9400000000000001 0.591875 0.01125 0.027500000000000004
2 0.9053125 0.590625 0.013750000000000002 0.025
2 0.8925000000000001 0.589375 0.01 0.028749999999999998
2 0.9171875 0.7453125 0.03125 0.0125
2 0.9081250000000001 0.778125 0.0225 0.0125
2 0.9824999999999999 0.7634375 0.027500000000000004 0.01125
2 0.98125 0.7821875 0.025 0.01125
2 0.441875 0.2475 0.027500000000000004 0.013750000000000002
2 0.8728125 0.5275000000000001 0.02375 0.01125
2 0.49906249999999996 0.22218749999999998 0.026250000000000002 0.01
2 0.501875 0.23312499999999997 0.028749999999999998 0.01
2 0.8278125 0.1996875 0.027500000000000004 0.008749999999999999
2 0.9215625 0.20625 0.027500000000000004 0.03125
2 0.8793749999999999 0.290625 0.027500000000000004 0.0125
2 0.8775000000000001 0.320625 0.02375 0.01
2 0.8787499999999999 0.346875 0.026250000000000002 0.0125
2 0.8753125 0.368125 0.0225 0.01125
2 0.87375 0.38375 0.0225 0.01125
2 0.874375 0.40718750000000004 0.017499999999999998 0.01125
2 0.874375 0.453125 0.02375 0.0125
2 0.49437499999999995 0.36593749999999997 0.026250000000000002 0.01
2 0.49625 0.3778125 0.02375 0.008749999999999999
2 0.4959375 0.38937499999999997 0.026250000000000002 0.01
2 0.4965625 0.40093750000000006 0.027500000000000004 0.01125
2 0.495625 0.41187500000000005 0.0225 0.01125
2 0.495625 0.4234375 0.0225 0.00625
2 0.49406249999999996 0.4325 0.0225 0.008749999999999999
2 0.49312500000000004 0.449375 0.02375 0.01125
2 0.4921875 0.45968749999999997 0.025 0.01
2 0.49343750000000003 0.473125 0.021249999999999998 0.008749999999999999
2 0.4953125 0.48375 0.025 0.01125
2 0.49625 0.5065625 0.02375 0.01
2 0.4925 0.52 0.0225 0.008749999999999999
2 0.4915625 0.5315624999999999 0.02375 0.01
2 0.49000000000000005 0.5415625000000001 0.02375 0.01125
2 0.49000000000000005 0.5540625 0.02375 0.01125
2 0.5028125 0.20812499999999998 0.027500000000000004 0.01
2 0.44125 0.23156249999999998 0.026250000000000002 0.01
2 0.441875 0.21812499999999999 0.027500000000000004 0.01125
2 0.351875 0.5237499999999999 0.0225 0.01
2 0.3540625 0.546875 0.02375 0.0125
2 0.351875 0.5584374999999999 0.0225 0.013750000000000002
2 0.37687499999999996 0.5825 0.01 0.021249999999999998
2 0.38625 0.5796875 0.01 0.025
2 0.3984375 0.584375 0.0125 0.025
2 0.43125 0.5828125 0.0125 0.025
2 0.44375 0.5809375 0.0125 0.027500000000000004
2 0.45625 0.5853125 0.0125 0.02375
2 0.42125 0.5828125 0.01125 0.025
2 0.41 0.5796875 0.013750000000000002 0.025
2 0.4703125 0.58375 0.0125 0.02375
2 0.354375 0.48531250000000004 0.021249999999999998 0.01125
2 0.35375 0.46125 0.02 0.01
2 0.35562499999999997 0.433125 0.017499999999999998 0.01
2 0.35625 0.40812499999999996 0.025 0.01
2 0.35281250000000003 0.39468749999999997 0.021249999999999998 0.01125
2 0.354375 0.3746875 0.027500000000000004 0.008749999999999999
2 0.3546875 0.35281250000000003 0.025 0.008749999999999999
2 0.356875 0.33999999999999997 0.026250000000000002 0.01125
2 0.21156250000000001 0.2671875 0.013750000000000002 0.025
2 0.2384375 0.2665625 0.01125 0.02375
2 0.265 0.26687500000000003 0.01125 0.027500000000000004
2 0.2765625 0.265625 0.0125 0.025
2 0.29 0.265625 0.01125 0.025
2 0.36875 0.2475 0.0125 0.0325
2 0.446875 0.315625 0.025 0.0125
2 0.4390625 0.20656249999999998 0.025 0.01
2 0.3515625 0.5337500000000001 0.025 0.01125
2 0.3515625 0.509375 0.025 0.0125
2 0.30656249999999996 0.5203125 0.028749999999999998 0.0125
2 0.063125 0.7484375 0.0325 0.0125
2 0.08 0.7271875 0.028749999999999998 0.013750000000000002
2 0.173125 0.73125 0.027500000000000004 0.0125
2 0.220625 0.764375 0.0225 0.01
2 0.021249999999999998 0.6665625000000001 0.02375 0.01125
2 0.20218750000000002 0.6553125 0.0325 0.013750000000000002
2 0.4625 0.6775 0.025 0.01125
2 0.49312500000000004 0.6587500000000001 0.02375 0.01125
2 0.0803125 0.3384375 0.026250000000000002 0.01125
2 0.0759375 0.365625 0.02375 0.0125
2 0.076875 0.3884375 0.028749999999999998 0.01125
2 0.076875 0.40062499999999995 0.028749999999999998 0.013750000000000002
2 0.075625 0.43843750000000004 0.026250000000000002 0.01125
2 0.0475 0.4490625 0.02 0.013750000000000002
2 0.044375 0.49781250000000005 0.02 0.01125
2 0.07468749999999999 0.46187500000000004 0.027500000000000004 0.01125
2 0.074375 0.476875 0.02375 0.01
2 0.075 0.49000000000000005 0.03125 0.01125
2 0.128125 0.3915625 0.025 0.01125
2 0.17906249999999999 0.396875 0.01125 0.025
2 0.6743750000000001 0.6956249999999999 0.0925 0.0225
2 0.41531250000000003 0.2553125 0.027500000000000004 0.013750000000000002
