2 0.8474999999999999 0.1315625 0.026250000000000002 0.01
2 0.9043749999999999 0.0690625 0.027500000000000004 0.01
2 0.9075 0.0834375 0.03375 0.013750000000000002
2 0.9012499999999999 0.1015625 0.03375 0.0125
2 0.9400000000000001 0.10874999999999999 0.03 0.01125
2 0.9 0.26968749999999997 0.03125 0.01125
2 0.9331250000000001 0.058750000000000004 0.0225 0.01125
2 0.8418749999999999 0.10687500000000001 0.027500000000000004 0.013750000000000002
2 0.8465624999999999 0.09406250000000001 0.027500000000000004 0.01
2 0.749375 0.24156249999999999 0.03 0.01125
2 0.74875 0.21781250000000002 0.028749999999999998 0.0075
2 0.7496875000000001 0.20375000000000001 0.027500000000000004 0.013750000000000002
2 0.7474999999999999 0.190625 0.026250000000000002 0.0125
2 0.7474999999999999 0.164375 0.026250000000000002 0.01
2 0.746875 0.13999999999999999 0.025 0.01125
2 0.748125 0.1284375 0.027500000000000004 0.01
2 0.750625 0.11625 0.026250000000000002 0.013750000000000002
2 0.7478125 0.10625 0.02375 0.0125
2 0.7534375 0.0921875 0.0225 0.0125
2 0.75125 0.08 0.021249999999999998 0.01
2 0.7537499999999999 0.065625 0.026250000000000002 0.0125
2 0.7546875 0.053125 0.03125 0.0125
2 0.8396874999999999 0.1665625 0.0325 0.01125
2 0.8128125 0.1440625 0.028749999999999998 0.01
2 0.8128125 0.118125 0.028749999999999998 0.01125
2 0.8150000000000001 0.0675 0.02375 0.01
2 0.82 0.0546875 0.021249999999999998 0.0125
2 0.8462500000000001 0.05500000000000001 0.02375 0.01
2 0.844375 0.065625 0.026250000000000002 0.0125
2 0.844375 0.08156250000000001 0.026250000000000002 0.01
2 0.8162499999999999 0.0921875 0.026250000000000002 0.0125
2 0.748125 0.22875 0.027500000000000004 0.013750000000000002
