2 0.4253125 0.28781249999999997 0.01625 0.028749999999999998
2 0.4890625 0.2875 0.0125 0.025
2 0.5265625 0.2896875 0.0125 0.026250000000000002
2 0.501875 0.2896875 0.01 0.026250000000000002
2 0.56875 0.29 0.0125 0.02375
2 0.58375 0.28531249999999997 0.01125 0.02375
2 0.608125 0.29125 0.01 0.026250000000000002
2 0.0046875 0.2778125 0.00625 0.027500000000000004
2 0.015625 0.27875 0.0125 0.026250000000000002
2 0.0671875 0.2784375 0.0125 0.0225
2 0.051875000000000004 0.278125 0.01 0.025
2 0.04 0.27937500000000004 0.01125 0.027500000000000004
2 0.181875 0.28375 0.013750000000000002 0.02375
2 0.1940625 0.2834375 0.01 0.026250000000000002
2 0.2071875 0.2834375 0.01125 0.026250000000000002
2 0.22156250000000002 0.2815625 0.015 0.0225
2 0.010624999999999999 0.5221875 0.015 0.028749999999999998
2 0.041249999999999995 0.5240625 0.013750000000000002 0.026250000000000002
2 0.05437499999999999 0.525625 0.015 0.026250000000000002
2 0.0028125 0.464375 0.0025 0.0225
2 0.01125 0.464375 0.01 0.0225
2 0.0228125 0.46218750000000003 0.01125 0.021249999999999998
2 0.028125 0.5221875 0.0125 0.028749999999999998
2 0.0378125 0.58875 0.028749999999999998 0.027500000000000004
2 0.0040625 0.369375 0.005 0.02
2 0.011875 0.370625 0.01125 0.0225
2 0.025 0.3725 0.0125 0.026250000000000002
2 0.027500000000000004 0.3409375 0.01125 0.028749999999999998
2 0.015625 0.3403125 0.0125 0.027500000000000004
2 0.0053124999999999995 0.33968750000000003 0.0075 0.026250000000000002
2 0.0040625 0.434375 0.005 0.025
2 0.013125000000000001 0.43156249999999996 0.013750000000000002 0.028749999999999998
2 0.584375 0.3540625 0.0125 0.03
2 0.21593749999999998 0.3409375 0.01 0.0225
2 0.22937500000000002 0.3453125 0.008749999999999999 0.025
2 0.914375 0.393125 0.01 0.02375
2 0.7290625000000001 0.765 0.01125 0.02375
2 0.79375 0.6996875 0.0125 0.027500000000000004
2 0.8203125 0.69875 0.0125 0.028749999999999998
2 0.8331250000000001 0.696875 0.01 0.025
2 0.8453125 0.70375 0.0125 0.026250000000000002
2 0.8578125 0.703125 0.0125 0.025
2 0.8696875000000001 0.701875 0.01125 0.0225
2 0.8821875 0.704375 0.01125 0.027500000000000004
2 0.8943749999999999 0.7025 0.013750000000000002 0.02375
2 0.92125 0.704375 0.01125 0.027500000000000004
2 0.931875 0.7034374999999999 0.013750000000000002 0.028749999999999998
2 0.9425000000000001 0.7040625 0.01625 0.02375
2 0.9581250000000001 0.7025 0.01 0.02375
2 0.968125 0.7028125000000001 0.01125 0.021249999999999998
2 0.743125 0.7646875 0.01125 0.026250000000000002
2 0.89875 0.45562500000000006 0.01 0.02375
2 0.754375 0.766875 0.015 0.027500000000000004
2 0.7681250000000001 0.765 0.01125 0.02375
2 0.79375 0.770625 0.0125 0.0225
2 0.83125 0.765625 0.0125 0.025
2 0.8446875 0.765 0.01125 0.02375
2 0.8696875000000001 0.7678125 0.01125 0.026250000000000002
2 0.88125 0.76875 0.0125 0.025
2 0.8946875000000001 0.7681250000000001 0.01125 0.02375
2 0.90625 0.7671875 0.0125 0.025
2 0.9196875 0.766875 0.01125 0.027500000000000004
2 0.94375 0.77 0.0125 0.027500000000000004
2 0.9571875000000001 0.7703125 0.01125 0.025
2 0.96875 0.795625 0.0125 0.0225
2 0.7681250000000001 0.7025 0.01125 0.02375
2 0.745625 0.7009375 0.01 0.02375
2 0.725625 0.704375 0.013750000000000002 0.027500000000000004
2 0.7068749999999999 0.7065625 0.013750000000000002 0.028749999999999998
2 0.909375 0.4859375 0.0125 0.025
2 0.978125 0.346875 0.025 0.0125
2 0.9753125 0.37374999999999997 0.0225 0.01
2 0.9765625 0.40875000000000006 0.025 0.01125
2 0.9775 0.42312500000000003 0.02375 0.015
2 0.9778125 0.43531250000000005 0.021249999999999998 0.01125
2 0.976875 0.44781250000000006 0.0225 0.01125
2 0.9778125 0.4609375 0.027500000000000004 0.0125
2 0.9759375 0.4721875 0.02375 0.01
2 0.976875 0.48312499999999997 0.0225 0.01
2 0.9746874999999999 0.49625 0.021249999999999998 0.01125
2 0.975 0.51 0.025 0.013750000000000002
2 0.9746874999999999 0.5237499999999999 0.027500000000000004 0.01
2 0.9475 0.548125 0.013750000000000002 0.027500000000000004
2 0.9353125 0.545625 0.01125 0.028749999999999998
2 0.8978125 0.5425 0.01125 0.028749999999999998
2 0.8853125000000001 0.5459375 0.01125 0.0325
2 0.8740625 0.5459375 0.013750000000000002 0.026250000000000002
2 0.859375 0.5453125 0.0125 0.025
2 0.8359375 0.54375 0.0125 0.03125
2 0.8234375 0.5421875 0.0125 0.025
2 0.7978125 0.54125 0.01125 0.026250000000000002
2 0.7603125000000001 0.5415625000000001 0.01125 0.02375
2 0.74 0.54125 0.01125 0.026250000000000002
2 0.66625 0.5375 0.013750000000000002 0.03125
2 0.650625 0.5375 0.013750000000000002 0.03125
2 0.6228125 0.53625 0.01125 0.028749999999999998
2 0.9684375 0.76875 0.008749999999999999 0.025
2 0.95625 0.7931250000000001 0.0125 0.03
2 0.943125 0.79375 0.01125 0.025
2 0.583125 0.94625 0.01 0.02375
2 0.56125 0.946875 0.01 0.025
2 0.54625 0.9471875000000001 0.01125 0.0225
2 0.5337500000000001 0.94625 0.01125 0.02375
2 0.520625 0.9506249999999999 0.01 0.026250000000000002
2 0.5103125000000001 0.945625 0.01125 0.0225
2 0.6537499999999999 0.9981249999999999 0.0075 0.0025
2 0.5575 0.9981249999999999 0.008749999999999999 0.0025
2 0.545625 0.99875 0.01 0.00375
2 0.52 0.9981249999999999 0.008749999999999999 0.0025
2 0.5071875 0.99875 0.01125 0.00375
2 0.49437499999999995 0.9990625 0.0075 0.00125
2 0.573125 0.946875 0.008749999999999999 0.025
2 0.5971875 0.9475 0.01 0.026250000000000002
2 0.9203125 0.7928124999999999 0.0125 0.026250000000000002
2 0.6934375 0.9453125 0.015 0.025
2 0.9040625 0.796875 0.01125 0.025
2 0.89375 0.7921875 0.0125 0.025
2 0.880625 0.7953125 0.01125 0.025
2 0.86625 0.7943749999999999 0.013750000000000002 0.026250000000000002
2 0.84375 0.790625 0.0125 0.025
2 0.818125 0.7903125 0.01125 0.021249999999999998
2 0.8040625 0.795625 0.01125 0.028749999999999998
2 0.7940625 0.7940625 0.01 0.028749999999999998
2 0.780625 0.7890625 0.01125 0.025
2 0.76625 0.790625 0.013750000000000002 0.025
2 0.7553124999999999 0.7928124999999999 0.013750000000000002 0.026250000000000002
2 0.74125 0.7925 0.013750000000000002 0.028749999999999998
2 0.9159375000000001 0.8234375 0.0225 0.0125
2 0.965625 0.859375 0.0125 0.025
2 0.946875 0.8609375 0.0125 0.025
2 0.9087500000000001 0.86 0.01125 0.026250000000000002
2 0.890625 0.8574999999999999 0.0125 0.021249999999999998
2 0.8775000000000001 0.85875 0.01125 0.02375
2 0.865625 0.85625 0.0125 0.025
2 0.853125 0.8546875 0.0125 0.025
2 0.8393750000000001 0.85625 0.01 0.025
2 0.828125 0.8559374999999999 0.0125 0.027500000000000004
2 0.8009375000000001 0.85875 0.01125 0.02375
2 0.7887500000000001 0.8574999999999999 0.008749999999999999 0.027500000000000004
2 0.7753125 0.8553124999999999 0.01 0.026250000000000002
2 0.753125 0.8534375000000001 0.0125 0.0225
2 0.7125 0.8515625 0.0125 0.025
2 0.8853125000000001 0.48218750000000005 0.01125 0.02375
2 0.8603125 0.48531250000000004 0.01125 0.02375
2 0.8375 0.35875 0.0125 0.02375
2 0.3175 0.37625000000000003 0.01 0.021249999999999998
2 0.2915625 0.3775 0.01125 0.02375
2 0.2784375 0.3775 0.01 0.02375
2 0.268125 0.3775 0.01125 0.02375
2 0.25375000000000003 0.378125 0.013750000000000002 0.025
2 0.240625 0.37687499999999996 0.0125 0.0225
2 0.22999999999999998 0.374375 0.01 0.02375
2 0.2165625 0.3775 0.01125 0.02375
2 0.634375 0.35625 0.0125 0.025
2 0.6565624999999999 0.351875 0.01625 0.028749999999999998
2 0.6953125 0.3490625 0.0125 0.026250000000000002
2 0.74375 0.35812499999999997 0.0125 0.0225
2 0.81375 0.3571875 0.015 0.03
2 0.9 0.3603125 0.0125 0.02375
2 0.836875 0.4815625 0.01125 0.0225
2 0.9115624999999999 0.35812499999999997 0.013750000000000002 0.028749999999999998
2 0.21375000000000002 0.441875 0.008749999999999999 0.021249999999999998
2 0.228125 0.43937499999999996 0.0125 0.0225
2 0.240625 0.440625 0.0125 0.025
2 0.25406249999999997 0.4403125 0.01125 0.027500000000000004
2 0.2659375 0.4390625 0.01 0.025
2 0.276875 0.4378125 0.01 0.028749999999999998
2 0.29 0.43937499999999996 0.01125 0.0225
2 0.30375 0.43968749999999995 0.013750000000000002 0.026250000000000002
2 0.3159375 0.43875000000000003 0.01 0.027500000000000004
2 0.328125 0.44000000000000006 0.0125 0.02375
2 0.340625 0.438125 0.0125 0.026250000000000002
2 0.3571875 0.43937499999999996 0.01125 0.0225
2 0.330625 0.37687499999999996 0.01125 0.0225
2 0.34249999999999997 0.379375 0.01 0.021249999999999998
2 0.3546875 0.3784375 0.0125 0.0225
2 0.37124999999999997 0.38 0.01125 0.0225
2 0.7040625 0.0546875 0.03 0.0125
2 0.646875 0.291875 0.0125 0.021249999999999998
2 0.6803125 0.291875 0.013750000000000002 0.021249999999999998
2 0.4 0.35 0.0125 0.025
2 0.35812499999999997 0.346875 0.01 0.025
2 0.3196875 0.3459375 0.01125 0.026250000000000002
2 0.305625 0.34500000000000003 0.01125 0.021249999999999998
2 0.280625 0.3453125 0.01125 0.025
2 0.2678125 0.34187500000000004 0.0075 0.027500000000000004
2 0.25656249999999997 0.34500000000000003 0.01 0.021249999999999998
2 0.2446875 0.3453125 0.01125 0.025
2 0.5134375 0.353125 0.01125 0.025
2 0.5118750000000001 0.383125 0.01125 0.0225
2 0.499375 0.3834375 0.01125 0.026250000000000002
2 0.48687500000000006 0.3821875 0.01125 0.02375
2 0.4725 0.38468749999999996 0.013750000000000002 0.028749999999999998
2 0.44875 0.3821875 0.01 0.02375
2 0.43624999999999997 0.38156249999999997 0.01 0.0225
2 0.40875000000000006 0.3821875 0.01125 0.02375
2 0.3984375 0.381875 0.0125 0.026250000000000002
2 0.38406250000000003 0.379375 0.008749999999999999 0.021249999999999998
2 0.37124999999999997 0.438125 0.01125 0.026250000000000002
2 0.38468749999999996 0.44000000000000006 0.01 0.02375
2 0.399375 0.44125 0.01125 0.026250000000000002
2 0.22999999999999998 0.47062499999999996 0.01 0.0225
2 0.593125 0.384375 0.01125 0.025
2 0.6046875 0.384375 0.0125 0.025
2 0.629375 0.38656250000000003 0.015 0.026250000000000002
2 0.7056250000000001 0.393125 0.017499999999999998 0.03
2 0.7446875000000001 0.3896875 0.01125 0.026250000000000002
2 0.7625 0.385625 0.0125 0.027500000000000004
2 0.8881249999999999 0.390625 0.013750000000000002 0.025
2 0.5806250000000001 0.4453125 0.01125 0.025
2 0.5915625 0.44656250000000003 0.01125 0.027500000000000004
2 0.6046875 0.44343750000000004 0.0125 0.027500000000000004
2 0.6421875 0.45 0.0125 0.025
2 0.684375 0.44625000000000004 0.0125 0.02375
2 0.72875 0.4525 0.013750000000000002 0.02375
2 0.7421875 0.44718749999999996 0.0125 0.028749999999999998
2 0.771875 0.44625000000000004 0.0125 0.02375
2 0.5809375 0.478125 0.008749999999999999 0.025
2 0.5915625 0.47750000000000004 0.01125 0.02375
2 0.6053124999999999 0.478125 0.013750000000000002 0.025
2 0.6168750000000001 0.4771875 0.008749999999999999 0.026250000000000002
2 0.628125 0.48125 0.0125 0.025
2 0.6415625 0.48 0.01125 0.0225
2 0.70375 0.4828125 0.013750000000000002 0.025
2 0.7275 0.48218750000000005 0.01125 0.02375
2 0.74 0.48 0.01125 0.0225
2 0.8109375 0.45218749999999996 0.0125 0.026250000000000002
2 0.78625 0.48125 0.01 0.025
2 0.8087500000000001 0.48250000000000004 0.01125 0.021249999999999998
2 0.215 0.46968750000000004 0.01125 0.02375
2 0.24 0.4725 0.01125 0.026250000000000002
2 0.4096875 0.44000000000000006 0.01 0.02375
2 0.2525 0.4725 0.01125 0.026250000000000002
2 0.42062499999999997 0.44312500000000005 0.01 0.02375
2 0.43375 0.440625 0.01125 0.025
2 0.44718749999999996 0.44437499999999996 0.01 0.026250000000000002
2 0.45968749999999997 0.441875 0.01 0.027500000000000004
2 0.471875 0.44437499999999996 0.0125 0.026250000000000002
2 0.485 0.44343750000000004 0.013750000000000002 0.027500000000000004
2 0.49625 0.44656250000000003 0.01125 0.027500000000000004
2 0.509375 0.47874999999999995 0.0125 0.026250000000000002
2 0.496875 0.47531249999999997 0.0125 0.0225
2 0.484375 0.47531249999999997 0.0125 0.028749999999999998
2 0.4703125 0.47750000000000004 0.0125 0.02375
2 0.460625 0.47437500000000005 0.015 0.02375
2 0.44749999999999995 0.475 0.013750000000000002 0.025
2 0.43499999999999994 0.47562499999999996 0.013750000000000002 0.026250000000000002
2 0.421875 0.47093749999999995 0.0125 0.02
2 0.40875000000000006 0.475 0.01125 0.025
2 0.39625 0.476875 0.01125 0.0225
2 0.38468749999999996 0.4725 0.01625 0.026250000000000002
2 0.3721875 0.46749999999999997 0.01 0.0225
2 0.35375 0.47375 0.013750000000000002 0.0225
2 0.340625 0.47406249999999994 0.0125 0.026250000000000002
2 0.3271875 0.47125000000000006 0.013750000000000002 0.02375
2 0.3159375 0.47062499999999996 0.01 0.0225
2 0.301875 0.4715625 0.01 0.027500000000000004
2 0.29 0.47062499999999996 0.01125 0.0225
2 0.2790625 0.47000000000000003 0.01125 0.021249999999999998
2 0.265 0.4684375 0.01125 0.021249999999999998
2 0.0853125 0.8671875 0.02375 0.0125
2 0.4253125 0.28781249999999997 0.01625 0.028749999999999998
2 0.4890625 0.2875 0.0125 0.025
2 0.5265625 0.2896875 0.0125 0.026250000000000002
2 0.501875 0.2896875 0.01 0.026250000000000002
2 0.56875 0.29 0.0125 0.02375
2 0.58375 0.28531249999999997 0.01125 0.02375
2 0.608125 0.29125 0.01 0.026250000000000002
2 0.0046875 0.2778125 0.00625 0.027500000000000004
2 0.015625 0.27875 0.0125 0.026250000000000002
2 0.0671875 0.2784375 0.0125 0.0225
2 0.051875000000000004 0.278125 0.01 0.025
2 0.04 0.27937500000000004 0.01125 0.027500000000000004
2 0.181875 0.28375 0.013750000000000002 0.02375
2 0.1940625 0.2834375 0.01 0.026250000000000002
2 0.2071875 0.2834375 0.01125 0.026250000000000002
2 0.22156250000000002 0.2815625 0.015 0.0225
2 0.010624999999999999 0.5221875 0.015 0.028749999999999998
2 0.041249999999999995 0.5240625 0.013750000000000002 0.026250000000000002
2 0.05437499999999999 0.525625 0.015 0.026250000000000002
2 0.0028125 0.464375 0.0025 0.0225
2 0.01125 0.464375 0.01 0.0225
2 0.0228125 0.46218750000000003 0.01125 0.021249999999999998
2 0.028125 0.5221875 0.0125 0.028749999999999998
2 0.0378125 0.58875 0.028749999999999998 0.027500000000000004
2 0.0040625 0.369375 0.005 0.02
2 0.011875 0.370625 0.01125 0.0225
2 0.025 0.3725 0.0125 0.026250000000000002
2 0.027500000000000004 0.3409375 0.01125 0.028749999999999998
2 0.015625 0.3403125 0.0125 0.027500000000000004
2 0.0053124999999999995 0.33968750000000003 0.0075 0.026250000000000002
2 0.0040625 0.434375 0.005 0.025
2 0.013125000000000001 0.43156249999999996 0.013750000000000002 0.028749999999999998
2 0.584375 0.3540625 0.0125 0.03
2 0.21593749999999998 0.3409375 0.01 0.0225
2 0.22937500000000002 0.3453125 0.008749999999999999 0.025
2 0.914375 0.393125 0.01 0.02375
2 0.7290625000000001 0.765 0.01125 0.02375
2 0.79375 0.6996875 0.0125 0.027500000000000004
2 0.8203125 0.69875 0.0125 0.028749999999999998
2 0.8331250000000001 0.696875 0.01 0.025
2 0.8453125 0.70375 0.0125 0.026250000000000002
2 0.8578125 0.703125 0.0125 0.025
2 0.8696875000000001 0.701875 0.01125 0.0225
2 0.8821875 0.704375 0.01125 0.027500000000000004
2 0.8943749999999999 0.7025 0.013750000000000002 0.02375
2 0.92125 0.704375 0.01125 0.027500000000000004
2 0.931875 0.7034374999999999 0.013750000000000002 0.028749999999999998
2 0.9425000000000001 0.7040625 0.01625 0.02375
2 0.9581250000000001 0.7025 0.01 0.02375
2 0.968125 0.7028125000000001 0.01125 0.021249999999999998
2 0.743125 0.7646875 0.01125 0.026250000000000002
2 0.89875 0.45562500000000006 0.01 0.02375
2 0.754375 0.766875 0.015 0.027500000000000004
2 0.7681250000000001 0.765 0.01125 0.02375
2 0.79375 0.770625 0.0125 0.0225
2 0.83125 0.765625 0.0125 0.025
2 0.8446875 0.765 0.01125 0.02375
2 0.8696875000000001 0.7678125 0.01125 0.026250000000000002
2 0.88125 0.76875 0.0125 0.025
2 0.8946875000000001 0.7681250000000001 0.01125 0.02375
2 0.90625 0.7671875 0.0125 0.025
2 0.9196875 0.766875 0.01125 0.027500000000000004
2 0.94375 0.77 0.0125 0.027500000000000004
2 0.9571875000000001 0.7703125 0.01125 0.025
2 0.96875 0.795625 0.0125 0.0225
2 0.7681250000000001 0.7025 0.01125 0.02375
2 0.745625 0.7009375 0.01 0.02375
2 0.725625 0.704375 0.013750000000000002 0.027500000000000004
2 0.7068749999999999 0.7065625 0.013750000000000002 0.028749999999999998
2 0.909375 0.4859375 0.0125 0.025
2 0.978125 0.346875 0.025 0.0125
2 0.9753125 0.37374999999999997 0.0225 0.01
2 0.9765625 0.40875000000000006 0.025 0.01125
2 0.9775 0.42312500000000003 0.02375 0.015
2 0.9778125 0.43531250000000005 0.021249999999999998 0.01125
2 0.976875 0.44781250000000006 0.0225 0.01125
2 0.9778125 0.4609375 0.027500000000000004 0.0125
2 0.9759375 0.4721875 0.02375 0.01
2 0.976875 0.48312499999999997 0.0225 0.01
2 0.9746874999999999 0.49625 0.021249999999999998 0.01125
2 0.975 0.51 0.025 0.013750000000000002
2 0.9746874999999999 0.5237499999999999 0.027500000000000004 0.01
2 0.9475 0.548125 0.013750000000000002 0.027500000000000004
2 0.9353125 0.545625 0.01125 0.028749999999999998
2 0.8978125 0.5425 0.01125 0.028749999999999998
2 0.8853125000000001 0.5459375 0.01125 0.0325
2 0.8740625 0.5459375 0.013750000000000002 0.026250000000000002
2 0.859375 0.5453125 0.0125 0.025
2 0.8359375 0.54375 0.0125 0.03125
2 0.8234375 0.5421875 0.0125 0.025
2 0.7978125 0.54125 0.01125 0.026250000000000002
2 0.7603125000000001 0.5415625000000001 0.01125 0.02375
2 0.74 0.54125 0.01125 0.026250000000000002
2 0.66625 0.5375 0.013750000000000002 0.03125
2 0.650625 0.5375 0.013750000000000002 0.03125
2 0.6228125 0.53625 0.01125 0.028749999999999998
2 0.9684375 0.76875 0.008749999999999999 0.025
2 0.95625 0.7931250000000001 0.0125 0.03
2 0.943125 0.79375 0.01125 0.025
2 0.583125 0.94625 0.01 0.02375
2 0.56125 0.946875 0.01 0.025
2 0.54625 0.9471875000000001 0.01125 0.0225
2 0.5337500000000001 0.94625 0.01125 0.02375
2 0.520625 0.9506249999999999 0.01 0.026250000000000002
2 0.5103125000000001 0.945625 0.01125 0.0225
2 0.6537499999999999 0.9981249999999999 0.0075 0.0025
2 0.5575 0.9981249999999999 0.008749999999999999 0.0025
2 0.545625 0.99875 0.01 0.00375
2 0.52 0.9981249999999999 0.008749999999999999 0.0025
2 0.5071875 0.99875 0.01125 0.00375
2 0.49437499999999995 0.9990625 0.0075 0.00125
2 0.573125 0.946875 0.008749999999999999 0.025
2 0.5971875 0.9475 0.01 0.026250000000000002
2 0.9203125 0.7928124999999999 0.0125 0.026250000000000002
2 0.6934375 0.9453125 0.015 0.025
2 0.9040625 0.796875 0.01125 0.025
2 0.89375 0.7921875 0.0125 0.025
2 0.880625 0.7953125 0.01125 0.025
2 0.86625 0.7943749999999999 0.013750000000000002 0.026250000000000002
2 0.84375 0.790625 0.0125 0.025
2 0.818125 0.7903125 0.01125 0.021249999999999998
2 0.8040625 0.795625 0.01125 0.028749999999999998
2 0.7940625 0.7940625 0.01 0.028749999999999998
2 0.780625 0.7890625 0.01125 0.025
2 0.76625 0.790625 0.013750000000000002 0.025
2 0.7553124999999999 0.7928124999999999 0.013750000000000002 0.026250000000000002
2 0.74125 0.7925 0.013750000000000002 0.028749999999999998
2 0.9159375000000001 0.8234375 0.0225 0.0125
2 0.965625 0.859375 0.0125 0.025
2 0.946875 0.8609375 0.0125 0.025
2 0.9087500000000001 0.86 0.01125 0.026250000000000002
2 0.890625 0.8574999999999999 0.0125 0.021249999999999998
2 0.8775000000000001 0.85875 0.01125 0.02375
2 0.865625 0.85625 0.0125 0.025
2 0.853125 0.8546875 0.0125 0.025
2 0.8393750000000001 0.85625 0.01 0.025
2 0.828125 0.8559374999999999 0.0125 0.027500000000000004
2 0.8009375000000001 0.85875 0.01125 0.02375
2 0.7887500000000001 0.8574999999999999 0.008749999999999999 0.027500000000000004
2 0.7753125 0.8553124999999999 0.01 0.026250000000000002
2 0.753125 0.8534375000000001 0.0125 0.0225
2 0.7125 0.8515625 0.0125 0.025
2 0.8853125000000001 0.48218750000000005 0.01125 0.02375
2 0.8603125 0.48531250000000004 0.01125 0.02375
2 0.8375 0.35875 0.0125 0.02375
2 0.3175 0.37625000000000003 0.01 0.021249999999999998
2 0.2915625 0.3775 0.01125 0.02375
2 0.2784375 0.3775 0.01 0.02375
2 0.268125 0.3775 0.01125 0.02375
2 0.25375000000000003 0.378125 0.013750000000000002 0.025
2 0.240625 0.37687499999999996 0.0125 0.0225
2 0.22999999999999998 0.374375 0.01 0.02375
2 0.2165625 0.3775 0.01125 0.02375
2 0.634375 0.35625 0.0125 0.025
2 0.6565624999999999 0.351875 0.01625 0.028749999999999998
2 0.6953125 0.3490625 0.0125 0.026250000000000002
2 0.74375 0.35812499999999997 0.0125 0.0225
2 0.81375 0.3571875 0.015 0.03
2 0.9 0.3603125 0.0125 0.02375
2 0.836875 0.4815625 0.01125 0.0225
2 0.9115624999999999 0.35812499999999997 0.013750000000000002 0.028749999999999998
2 0.21375000000000002 0.441875 0.008749999999999999 0.021249999999999998
2 0.228125 0.43937499999999996 0.0125 0.0225
2 0.240625 0.440625 0.0125 0.025
2 0.25406249999999997 0.4403125 0.01125 0.027500000000000004
2 0.2659375 0.4390625 0.01 0.025
2 0.276875 0.4378125 0.01 0.028749999999999998
2 0.29 0.43937499999999996 0.01125 0.0225
2 0.30375 0.43968749999999995 0.013750000000000002 0.026250000000000002
2 0.3159375 0.43875000000000003 0.01 0.027500000000000004
2 0.328125 0.44000000000000006 0.0125 0.02375
2 0.340625 0.438125 0.0125 0.026250000000000002
2 0.3571875 0.43937499999999996 0.01125 0.0225
2 0.330625 0.37687499999999996 0.01125 0.0225
2 0.34249999999999997 0.379375 0.01 0.021249999999999998
2 0.3546875 0.3784375 0.0125 0.0225
2 0.37124999999999997 0.38 0.01125 0.0225
2 0.7040625 0.0546875 0.03 0.0125
2 0.646875 0.291875 0.0125 0.021249999999999998
2 0.6803125 0.291875 0.013750000000000002 0.021249999999999998
2 0.4 0.35 0.0125 0.025
2 0.35812499999999997 0.346875 0.01 0.025
2 0.3196875 0.3459375 0.01125 0.026250000000000002
2 0.305625 0.34500000000000003 0.01125 0.021249999999999998
2 0.280625 0.3453125 0.01125 0.025
2 0.2678125 0.34187500000000004 0.0075 0.027500000000000004
2 0.25656249999999997 0.34500000000000003 0.01 0.021249999999999998
2 0.2446875 0.3453125 0.01125 0.025
2 0.5134375 0.353125 0.01125 0.025
2 0.5118750000000001 0.383125 0.01125 0.0225
2 0.499375 0.3834375 0.01125 0.026250000000000002
2 0.48687500000000006 0.3821875 0.01125 0.02375
2 0.4725 0.38468749999999996 0.013750000000000002 0.028749999999999998
2 0.44875 0.3821875 0.01 0.02375
2 0.43624999999999997 0.38156249999999997 0.01 0.0225
2 0.40875000000000006 0.3821875 0.01125 0.02375
2 0.3984375 0.381875 0.0125 0.026250000000000002
2 0.38406250000000003 0.379375 0.008749999999999999 0.021249999999999998
2 0.37124999999999997 0.438125 0.01125 0.026250000000000002
2 0.38468749999999996 0.44000000000000006 0.01 0.02375
2 0.399375 0.44125 0.01125 0.026250000000000002
2 0.22999999999999998 0.47062499999999996 0.01 0.0225
2 0.593125 0.384375 0.01125 0.025
2 0.6046875 0.384375 0.0125 0.025
2 0.629375 0.38656250000000003 0.015 0.026250000000000002
2 0.7056250000000001 0.393125 0.017499999999999998 0.03
2 0.7446875000000001 0.3896875 0.01125 0.026250000000000002
2 0.7625 0.385625 0.0125 0.027500000000000004
2 0.8881249999999999 0.390625 0.013750000000000002 0.025
2 0.5806250000000001 0.4453125 0.01125 0.025
2 0.5915625 0.44656250000000003 0.01125 0.027500000000000004
2 0.6046875 0.44343750000000004 0.0125 0.027500000000000004
2 0.6421875 0.45 0.0125 0.025
2 0.684375 0.44625000000000004 0.0125 0.02375
2 0.72875 0.4525 0.013750000000000002 0.02375
2 0.7421875 0.44718749999999996 0.0125 0.028749999999999998
2 0.771875 0.44625000000000004 0.0125 0.02375
2 0.5809375 0.478125 0.008749999999999999 0.025
2 0.5915625 0.47750000000000004 0.01125 0.02375
2 0.6053124999999999 0.478125 0.013750000000000002 0.025
2 0.6168750000000001 0.4771875 0.008749999999999999 0.026250000000000002
2 0.628125 0.48125 0.0125 0.025
2 0.6415625 0.48 0.01125 0.0225
2 0.70375 0.4828125 0.013750000000000002 0.025
2 0.7275 0.48218750000000005 0.01125 0.02375
2 0.74 0.48 0.01125 0.0225
2 0.8109375 0.45218749999999996 0.0125 0.026250000000000002
2 0.78625 0.48125 0.01 0.025
2 0.8087500000000001 0.48250000000000004 0.01125 0.021249999999999998
2 0.215 0.46968750000000004 0.01125 0.02375
2 0.24 0.4725 0.01125 0.026250000000000002
2 0.4096875 0.44000000000000006 0.01 0.02375
2 0.2525 0.4725 0.01125 0.026250000000000002
2 0.42062499999999997 0.44312500000000005 0.01 0.02375
2 0.43375 0.440625 0.01125 0.025
2 0.44718749999999996 0.44437499999999996 0.01 0.026250000000000002
2 0.45968749999999997 0.441875 0.01 0.027500000000000004
2 0.471875 0.44437499999999996 0.0125 0.026250000000000002
2 0.485 0.44343750000000004 0.013750000000000002 0.027500000000000004
2 0.49625 0.44656250000000003 0.01125 0.027500000000000004
2 0.509375 0.47874999999999995 0.0125 0.026250000000000002
2 0.496875 0.47531249999999997 0.0125 0.0225
2 0.484375 0.47531249999999997 0.0125 0.028749999999999998
2 0.4703125 0.47750000000000004 0.0125 0.02375
2 0.460625 0.47437500000000005 0.015 0.02375
2 0.44749999999999995 0.475 0.013750000000000002 0.025
2 0.43499999999999994 0.47562499999999996 0.013750000000000002 0.026250000000000002
2 0.421875 0.47093749999999995 0.0125 0.02
2 0.40875000000000006 0.475 0.01125 0.025
2 0.39625 0.476875 0.01125 0.0225
2 0.38468749999999996 0.4725 0.01625 0.026250000000000002
2 0.3721875 0.46749999999999997 0.01 0.0225
2 0.35375 0.47375 0.013750000000000002 0.0225
2 0.340625 0.47406249999999994 0.0125 0.026250000000000002
2 0.3271875 0.47125000000000006 0.013750000000000002 0.02375
2 0.3159375 0.47062499999999996 0.01 0.0225
2 0.301875 0.4715625 0.01 0.027500000000000004
2 0.29 0.47062499999999996 0.01125 0.0225
2 0.2790625 0.47000000000000003 0.01125 0.021249999999999998
2 0.265 0.4684375 0.01125 0.021249999999999998
2 0.0853125 0.8671875 0.02375 0.0125
