2 0.458125 0.764375 0.0225 0.01
2 0.626875 0.7787499999999999 0.028749999999999998 0.013750000000000002
2 0.6287499999999999 0.7553124999999999 0.026250000000000002 0.0075
2 0.6284375 0.7424999999999999 0.0225 0.01
2 0.628125 0.7665625 0.025 0.01125
2 0.5665625000000001 0.7665625 0.02375 0.01125
2 0.541875 0.765 0.027500000000000004 0.01125
2 0.57125 0.7525000000000001 0.02375 0.01125
2 0.5415625000000001 0.7525000000000001 0.02375 0.01125
2 0.5690625 0.74125 0.028749999999999998 0.013750000000000002
2 0.569375 0.7284375 0.026250000000000002 0.01
2 0.5434375 0.74 0.027500000000000004 0.01125
2 0.541875 0.7275 0.027500000000000004 0.01125
2 0.48687500000000006 0.7640625 0.03 0.0125
2 0.459375 0.7509375 0.025 0.01125
2 0.22125 0.79625 0.02375 0.01125
2 0.48375 0.750625 0.02375 0.0075
2 0.485 0.7378125 0.026250000000000002 0.01
2 0.48250000000000004 0.728125 0.021249999999999998 0.0125
2 0.490625 0.7109375 0.025 0.0125
2 0.48687500000000006 0.7009375 0.02375 0.01125
2 0.4871875 0.690625 0.027500000000000004 0.0125
2 0.48687500000000006 0.676875 0.02375 0.01
2 0.48656249999999995 0.6628125 0.026250000000000002 0.01
2 0.48343749999999996 0.65125 0.026250000000000002 0.008749999999999999
2 0.459375 0.74 0.025 0.01125
2 0.45999999999999996 0.7275 0.026250000000000002 0.01125
2 0.46187500000000004 0.714375 0.02375 0.01
2 0.4640625 0.703125 0.025 0.0125
2 0.6240625 0.8046875 0.026250000000000002 0.0125
2 0.3975 0.75125 0.026250000000000002 0.008749999999999999
2 0.29093749999999996 0.649375 0.0225 0.01125
2 0.290625 0.6643749999999999 0.025 0.01
2 0.195 0.7931250000000001 0.021249999999999998 0.01125
2 0.1940625 0.7828125 0.0225 0.0125
2 0.22218749999999998 0.7696875000000001 0.0225 0.01125
2 0.2246875 0.7434375 0.021249999999999998 0.008749999999999999
2 0.196875 0.7321875 0.025 0.01125
2 0.25375000000000003 0.696875 0.013750000000000002 0.025
2 0.2246875 0.7065625 0.021249999999999998 0.01
2 0.2246875 0.69375 0.021249999999999998 0.00625
2 0.19718750000000002 0.6803125 0.0225 0.013750000000000002
2 0.2228125 0.6696875 0.02375 0.01125
2 0.22531249999999997 0.6578125 0.0225 0.0125
2 0.220625 0.645 0.0225 0.008749999999999999
2 0.2225 0.6331249999999999 0.026250000000000002 0.01
2 0.22593749999999999 0.608125 0.02375 0.01
2 0.2228125 0.583125 0.02375 0.01
2 0.225 0.5587500000000001 0.025 0.01125
2 0.2284375 0.5465625000000001 0.028749999999999998 0.015
2 0.316875 0.651875 0.027500000000000004 0.01
2 0.315 0.665 0.02375 0.01125
2 0.315 0.678125 0.02375 0.00625
2 0.315625 0.689375 0.025 0.01
2 0.3128125 0.714375 0.0225 0.01
2 0.284375 0.725 0.025 0.0125
2 0.2859375 0.71 0.025 0.013750000000000002
2 0.28500000000000003 0.6978125000000001 0.026250000000000002 0.01125
2 0.284375 0.68625 0.025 0.01
2 0.2890625 0.6759375000000001 0.025 0.01125
2 0.460625 0.6890625 0.027500000000000004 0.0125
2 0.46343750000000006 0.6743750000000001 0.02375 0.01125
2 0.378125 0.735 0.025 0.013750000000000002
2 0.4646875 0.5865625 0.026250000000000002 0.013750000000000002
2 0.5671875 0.7034374999999999 0.025 0.01
2 0.5696875 0.6925 0.02375 0.01
2 0.5696875 0.6775 0.02375 0.01125
2 0.5696875 0.6675 0.02375 0.01
2 0.5725 0.6540625 0.026250000000000002 0.01125
2 0.5409375 0.6900000000000001 0.0225 0.01125
2 0.54375 0.6775 0.025 0.01125
2 0.5428124999999999 0.665 0.026250000000000002 0.01125
2 0.545625 0.65125 0.028749999999999998 0.015
2 0.57125 0.6303124999999999 0.02375 0.013750000000000002
2 0.5706249999999999 0.6171875 0.0225 0.0125
2 0.568125 0.60375 0.02375 0.013750000000000002
2 0.569375 0.589375 0.02 0.01
2 0.5715625 0.57875 0.021249999999999998 0.013750000000000002
2 0.5765625 0.565625 0.025 0.0125
2 0.571875 0.553125 0.025 0.0125
2 0.57125 0.541875 0.02375 0.015
2 0.571875 0.528125 0.025 0.0125
2 0.5478125 0.54 0.02375 0.01125
2 0.5493750000000001 0.553125 0.02375 0.0125
2 0.55 0.565625 0.025 0.0125
2 0.5490625 0.576875 0.02 0.01
2 0.5465625000000001 0.5909375 0.021249999999999998 0.01
2 0.5475 0.6025 0.026250000000000002 0.01125
2 0.5443749999999999 0.615625 0.026250000000000002 0.0125
2 0.6296875 0.7053125 0.025 0.013750000000000002
2 0.6278125 0.6912499999999999 0.03375 0.013750000000000002
2 0.3796875 0.5253125 0.025 0.01
2 0.4640625 0.5734375 0.03125 0.0125
2 0.399375 0.7371875 0.02375 0.015
2 0.48875 0.5625 0.021249999999999998 0.0125
2 0.401875 0.7240624999999999 0.0225 0.013750000000000002
2 0.40437500000000004 0.711875 0.027500000000000004 0.01125
2 0.4034375 0.6993750000000001 0.0225 0.01125
2 0.405625 0.6890625 0.02375 0.0125
2 0.40625 0.6759375000000001 0.025 0.01125
2 0.40531249999999996 0.661875 0.026250000000000002 0.01125
2 0.38 0.6596875 0.0225 0.01
2 0.378125 0.6753125 0.025 0.01
2 0.379375 0.6875 0.027500000000000004 0.0125
2 0.3775 0.69875 0.02375 0.01
2 0.379375 0.711875 0.027500000000000004 0.01125
2 0.3746875 0.7224999999999999 0.027500000000000004 0.013750000000000002
2 0.4046875 0.6265625 0.025 0.0125
2 0.40437500000000004 0.6109375 0.027500000000000004 0.0125
2 0.4046875 0.6012500000000001 0.025 0.015
2 0.4046875 0.5853125 0.025 0.01125
2 0.405625 0.5609375 0.02375 0.0125
2 0.37875000000000003 0.559375 0.026250000000000002 0.0125
2 0.3778125 0.57125 0.027500000000000004 0.01125
2 0.3784375 0.5859375 0.028749999999999998 0.0125
2 0.3796875 0.599375 0.025 0.01125
2 0.3796875 0.6109375 0.025 0.0125
2 0.4646875 0.6131249999999999 0.026250000000000002 0.013750000000000002
2 0.4884375 0.6287499999999999 0.03 0.013750000000000002
2 0.491875 0.6025 0.027500000000000004 0.01125
2 0.49000000000000005 0.586875 0.02375 0.01125
2 0.49000000000000005 0.5756249999999999 0.02375 0.013750000000000002
2 0.2225 0.784375 0.026250000000000002 0.0125
2 0.2921875 0.8081250000000001 0.0125 0.0225
2 0.3096875 0.809375 0.01625 0.025
2 0.2140625 0.8856249999999999 0.03125 0.015
2 0.0765625 0.8209375 0.025 0.013750000000000002
2 0.7703125 0.9662499999999999 0.0125 0.026250000000000002
2 0.7787499999999999 0.599375 0.013750000000000002 0.03
2 0.599375 0.8375 0.01125 0.025
2 0.5846875 0.8365625 0.01 0.026250000000000002
2 0.5625 0.840625 0.0125 0.025
2 0.548125 0.8375 0.008749999999999999 0.03125
2 0.538125 0.8371875 0.0075 0.027500000000000004
2 0.5240625 0.83625 0.013750000000000002 0.0225
2 0.515 0.835 0.01125 0.026250000000000002
2 0.5 0.8359375 0.0125 0.025
2 0.48624999999999996 0.838125 0.01 0.026250000000000002
2 0.38406250000000003 0.8237500000000001 0.015 0.028749999999999998
2 0.3703125 0.8196875 0.0125 0.03
2 0.3584375 0.819375 0.013750000000000002 0.026250000000000002
2 0.159375 0.871875 0.025 0.0125
2 0.6303124999999999 0.6809375 0.026250000000000002 0.015
2 0.630625 0.6537499999999999 0.03 0.013750000000000002
2 0.6290625000000001 0.63125 0.02375 0.0125
2 0.6303124999999999 0.61625 0.026250000000000002 0.013750000000000002
2 0.56125 0.0040625 0.0225 0.005
2 0.5825 0.0040625 0.021249999999999998 0.005
2 0.585 0.014374999999999999 0.026250000000000002 0.01
2 0.58375 0.026250000000000002 0.02375 0.015
2 0.5596875 0.0225 0.0225 0.013750000000000002
2 0.583125 0.036875000000000005 0.0225 0.01125
2 0.5825 0.051875000000000004 0.021249999999999998 0.01
2 0.5587500000000001 0.049375 0.02375 0.01125
2 0.551875 0.0625 0.0225 0.0125
2 0.5815625 0.0625 0.0225 0.0125
2 0.5784374999999999 0.076875 0.0225 0.01
2 0.5525 0.078125 0.02375 0.0125
2 0.6325000000000001 0.4725 0.021249999999999998 0.013750000000000002
2 0.6371875 0.44625000000000004 0.021249999999999998 0.01125
2 0.6381249999999999 0.458125 0.02 0.01
2 0.47375 0.1440625 0.028749999999999998 0.01
2 0.47125000000000006 0.160625 0.02375 0.015
2 0.47437500000000005 0.13468750000000002 0.02375 0.01
2 0.44000000000000006 0.2525 0.01125 0.02375
2 0.47125000000000006 0.2446875 0.02375 0.01125
2 0.469375 0.2328125 0.026250000000000002 0.0125
2 0.5525 0.384375 0.02375 0.0125
2 0.575 0.384375 0.025 0.0125
2 0.5734375 0.3715625 0.025 0.008749999999999999
2 0.5753125 0.36 0.0225 0.013750000000000002
2 0.578125 0.34562499999999996 0.025 0.01
2 0.5765625 0.33375 0.025 0.01125
2 0.5525 0.34625 0.02375 0.01125
2 0.553125 0.33375 0.025 0.01125
2 0.5515625 0.3203125 0.025 0.0125
2 0.553125 0.309375 0.025 0.0125
2 0.578125 0.31 0.025 0.013750000000000002
2 0.5806250000000001 0.29625 0.02375 0.01125
2 0.55625 0.29625 0.025 0.01125
2 0.5525 0.2725 0.02375 0.013750000000000002
2 0.578125 0.27156250000000004 0.025 0.015
2 0.5796875 0.2453125 0.025 0.0125
2 0.5806250000000001 0.220625 0.02375 0.01
2 0.5543750000000001 0.21968749999999998 0.027500000000000004 0.01125
2 0.6346875 0.43624999999999997 0.0225 0.01
2 0.63375 0.4234375 0.02375 0.0125
2 0.63375 0.4103125 0.02375 0.01125
2 0.635 0.3975 0.026250000000000002 0.013750000000000002
2 0.6375 0.3853125 0.025 0.01125
2 0.635625 0.3703125 0.027500000000000004 0.0125
2 0.6375 0.359375 0.025 0.0125
2 0.496875 0.2571875 0.025 0.01125
2 0.4671875 0.27 0.03125 0.015
2 0.6409374999999999 0.3365625 0.028749999999999998 0.013750000000000002
2 0.468125 0.2828125 0.02375 0.0125
2 0.6315625 0.60375 0.028749999999999998 0.013750000000000002
2 0.631875 0.590625 0.026250000000000002 0.0125
2 0.63375 0.578125 0.02375 0.0125
2 0.6325000000000001 0.545 0.021249999999999998 0.008749999999999999
2 0.6325000000000001 0.5287499999999999 0.027500000000000004 0.013750000000000002
2 0.31375000000000003 0.45499999999999996 0.021249999999999998 0.028749999999999998
2 0.8140625 0.42406249999999995 0.0125 0.026250000000000002
2 0.55125 0.4496875 0.008749999999999999 0.021249999999999998
2 0.56375 0.449375 0.015 0.02375
2 0.528125 0.4503125 0.0125 0.028749999999999998
2 0.514375 0.4528125 0.01625 0.027500000000000004
2 0.50125 0.45187499999999997 0.015 0.028749999999999998
2 0.489375 0.44749999999999995 0.01 0.026250000000000002
2 0.47625 0.4490625 0.015 0.026250000000000002
2 0.4109375 0.4103125 0.025 0.01125
2 0.4096875 0.39468749999999997 0.0225 0.01125
2 0.4109375 0.3771875 0.025 0.013750000000000002
2 0.4134375 0.3609375 0.02375 0.0125
2 0.4109375 0.344375 0.025 0.013750000000000002
2 0.4690625 0.371875 0.028749999999999998 0.0125
2 0.49312500000000004 0.359375 0.02375 0.0125
2 0.495625 0.3453125 0.0225 0.0125
2 0.471875 0.32937500000000003 0.025 0.008749999999999999
2 0.46781249999999996 0.3071875 0.026250000000000002 0.01125
2 0.495625 0.309375 0.0225 0.0125
2 0.49437499999999995 0.2965625 0.02 0.015
2 0.4959375 0.28375 0.02 0.01125
2 0.6378125 0.3484375 0.0225 0.0125
2 0.641875 0.32375 0.027500000000000004 0.01
2 0.47531249999999997 0.123125 0.0225 0.008749999999999999
2 0.42125 0.0034375000000000005 0.02375 0.00375
2 0.416875 0.015625 0.021249999999999998 0.0125
2 0.42000000000000004 0.034375 0.027500000000000004 0.0125
2 0.4171875 0.04625 0.025 0.01125
2 0.418125 0.06375 0.02375 0.015
2 0.47750000000000004 0.0028125 0.02375 0.0025
2 0.5 0.0021874999999999998 0.01875 0.00125
2 0.5009375 0.011875 0.02375 0.01125
2 0.47468750000000004 0.023125 0.021249999999999998 0.008749999999999999
2 0.5021875 0.0359375 0.02 0.0125
2 0.5009375 0.061250000000000006 0.02375 0.01
2 0.4725 0.0590625 0.026250000000000002 0.008749999999999999
2 0.476875 0.07125000000000001 0.0225 0.01125
2 0.4725 0.0828125 0.026250000000000002 0.0125
2 0.473125 0.0978125 0.027500000000000004 0.01125
2 0.475 0.10874999999999999 0.025 0.01125
2 0.5009375 0.121875 0.02375 0.0125
2 0.64125 0.29812500000000003 0.026250000000000002 0.015
2 0.6396875 0.28531249999999997 0.026250000000000002 0.01125
2 0.6396875 0.274375 0.026250000000000002 0.01125
2 0.64125 0.25968749999999996 0.026250000000000002 0.01
2 0.640625 0.24906250000000002 0.025 0.013750000000000002
2 0.6403125000000001 0.2359375 0.027500000000000004 0.0125
2 0.63875 0.22218749999999998 0.027500000000000004 0.01
2 0.5540625 0.16499999999999998 0.02375 0.01125
2 0.58 0.16125 0.0225 0.01
2 0.57875 0.15 0.026250000000000002 0.0125
2 0.579375 0.1390625 0.027500000000000004 0.0125
2 0.5796875 0.12593749999999998 0.025 0.01125
2 0.5565625 0.1125 0.0225 0.0125
2 0.58375 0.099375 0.017499999999999998 0.01125
2 0.641875 0.1534375 0.027500000000000004 0.01
2 0.6409374999999999 0.1409375 0.0225 0.01
2 0.64 0.12625 0.02375 0.008749999999999999
2 0.6421875 0.1140625 0.025 0.0125
2 0.6415625 0.0909375 0.02375 0.01
2 0.641875 0.08 0.027500000000000004 0.01625
2 0.6440625 0.0540625 0.028749999999999998 0.01125
2 0.64375 0.041249999999999995 0.025 0.013750000000000002
2 0.6446875000000001 0.01625 0.03 0.013750000000000002
2 0.6475 0.0053124999999999995 0.026250000000000002 0.0075
