2 0.15812500000000002 0.028125 0.0225 0.0125
2 0.2325 0.0134375 0.027500000000000004 0.01125
2 0.23125 0.0321875 0.025 0.01125
2 0.41281249999999997 0.975 0.01 0.025
2 0.485 0.975625 0.013750000000000002 0.026250000000000002
2 0.4971875 0.9746874999999999 0.01 0.027500000000000004
2 0.509375 0.97625 0.0125 0.027500000000000004
2 0.5337500000000001 0.975 0.01125 0.025
2 0.545625 0.975625 0.01 0.026250000000000002
2 0.555625 0.9765625 0.01125 0.025
2 0.5706249999999999 0.9496874999999999 0.0225 0.015
2 0.56875 0.9390625 0.025 0.0125
2 0.546875 0.9025000000000001 0.0125 0.02375
2 0.533125 0.9025000000000001 0.01 0.02375
2 0.5234375 0.9028124999999999 0.0125 0.027500000000000004
2 0.5118750000000001 0.903125 0.01125 0.025
2 0.488125 0.9021874999999999 0.013750000000000002 0.026250000000000002
2 0.478125 0.9021874999999999 0.0125 0.026250000000000002
2 0.464375 0.9028124999999999 0.01 0.027500000000000004
2 0.4415625 0.900625 0.01125 0.026250000000000002
2 0.41500000000000004 0.9 0.01125 0.03125
2 0.514375 0.5525 0.0225 0.01125
2 0.47781250000000003 0.521875 0.008749999999999999 0.025
2 0.315 0.9893750000000001 0.01125 0.0225
2 0.465 0.5225 0.01125 0.026250000000000002
2 0.4515625 0.5175 0.0125 0.028749999999999998
2 0.440625 0.5184375 0.0125 0.027500000000000004
2 0.32875 0.15625 0.013750000000000002 0.025
2 0.3275 0.0809375 0.017499999999999998 0.058750000000000004
2 0.351875 0.06281250000000001 0.028749999999999998 0.06
2 0.42718749999999994 0.5178125 0.013750000000000002 0.026250000000000002
2 0.5834374999999999 0.27218749999999997 0.013750000000000002 0.0225
2 0.603125 0.27218749999999997 0.0125 0.0225
2 0.628125 0.274375 0.0125 0.03
2 0.659375 0.27156250000000004 0.0125 0.027500000000000004
2 0.471875 0.263125 0.0125 0.0325
2 0.678125 0.2784375 0.0125 0.028749999999999998
2 0.6900000000000001 0.276875 0.01125 0.0225
2 0.701875 0.27468750000000003 0.01 0.021249999999999998
2 0.713125 0.2796875 0.013750000000000002 0.025
2 0.7265625 0.275 0.0125 0.025
2 0.751875 0.2778125 0.01 0.027500000000000004
2 0.765625 0.27875 0.0125 0.026250000000000002
2 0.8171875 0.2784375 0.0125 0.0225
2 0.8018750000000001 0.278125 0.01 0.025
2 0.79 0.27937500000000004 0.01125 0.027500000000000004
2 0.931875 0.28375 0.013750000000000002 0.02375
2 0.9440625 0.2834375 0.01 0.026250000000000002
2 0.9571875000000001 0.2834375 0.01125 0.026250000000000002
2 0.9715624999999999 0.2815625 0.015 0.0225
2 0.5578125 0.2709375 0.0125 0.026250000000000002
2 0.5396875 0.2978125 0.026250000000000002 0.01125
2 0.53125 0.33125 0.0125 0.025
2 0.760625 0.5221875 0.015 0.028749999999999998
2 0.79125 0.5240625 0.013750000000000002 0.026250000000000002
2 0.804375 0.525625 0.015 0.026250000000000002
2 0.4546875 0.4234375 0.0125 0.025
2 0.4525 0.458125 0.01125 0.0225
2 0.464375 0.45999999999999996 0.01 0.026250000000000002
2 0.47843749999999996 0.45999999999999996 0.01625 0.026250000000000002
2 0.491875 0.45968749999999997 0.008749999999999999 0.0225
2 0.504375 0.46312499999999995 0.015 0.026250000000000002
2 0.5165625 0.4609375 0.01125 0.025
2 0.5525 0.45968749999999997 0.01125 0.0225
2 0.5650000000000001 0.46187500000000004 0.01125 0.02375
2 0.57875 0.459375 0.013750000000000002 0.025
2 0.5962500000000001 0.46125 0.01125 0.0225
2 0.608125 0.4615625 0.01 0.02
2 0.6212500000000001 0.460625 0.01125 0.027500000000000004
2 0.6346875 0.4603125 0.01 0.02375
2 0.645625 0.46343750000000006 0.01 0.02375
2 0.659375 0.46343750000000006 0.0125 0.02375
2 0.6725 0.464375 0.013750000000000002 0.0225
2 0.6834374999999999 0.464375 0.013750000000000002 0.0225
2 0.69625 0.465 0.01125 0.02375
2 0.7109375 0.46375 0.0125 0.021249999999999998
2 0.72 0.46312499999999995 0.015 0.026250000000000002
2 0.73375 0.4653125 0.01125 0.021249999999999998
2 0.7478125 0.465 0.01125 0.02375
2 0.76125 0.464375 0.01 0.0225
2 0.7728125 0.46218750000000003 0.01125 0.021249999999999998
2 0.778125 0.5221875 0.0125 0.028749999999999998
2 0.7474999999999999 0.5221875 0.013750000000000002 0.028749999999999998
2 0.47750000000000004 0.42406249999999995 0.01125 0.026250000000000002
2 0.73375 0.525 0.01125 0.025
2 0.4146875 0.5196875000000001 0.013750000000000002 0.02375
2 0.388125 0.49406249999999996 0.0325 0.01
2 0.38937499999999997 0.48218750000000005 0.028749999999999998 0.01125
2 0.6140625 0.6331249999999999 0.025 0.01
2 0.7878125 0.58875 0.028749999999999998 0.027500000000000004
2 0.3896875 0.468125 0.026250000000000002 0.01125
2 0.38937499999999997 0.45625 0.028749999999999998 0.0125
2 0.3878125 0.445625 0.028749999999999998 0.01
2 0.38687499999999997 0.43375 0.03 0.01125
2 0.390625 0.42125 0.025 0.01125
2 0.39 0.4065625 0.02375 0.01
2 0.3875 0.39468749999999997 0.025 0.01125
2 0.3890625 0.381875 0.025 0.013750000000000002
2 0.38937499999999997 0.3696875 0.0225 0.01125
2 0.38937499999999997 0.3571875 0.0225 0.01125
2 0.39 0.3171875 0.02375 0.0125
2 0.5743750000000001 0.524375 0.01125 0.02375
2 0.5859375 0.525625 0.0125 0.026250000000000002
2 0.600625 0.526875 0.013750000000000002 0.0225
2 0.6140625 0.5259375000000001 0.0125 0.02375
2 0.6259375 0.5246875 0.01125 0.027500000000000004
2 0.6390625 0.5234375 0.0125 0.025
2 0.650625 0.524375 0.013750000000000002 0.02375
2 0.6615624999999999 0.525 0.013750000000000002 0.025
2 0.6756249999999999 0.5240625 0.013750000000000002 0.026250000000000002
2 0.6896875 0.5225 0.013750000000000002 0.026250000000000002
2 0.7021875 0.5225 0.013750000000000002 0.026250000000000002
2 0.468125 0.42437500000000006 0.01125 0.02375
2 0.49000000000000005 0.4246875 0.01125 0.027500000000000004
2 0.55625 0.3334375 0.0125 0.026250000000000002
2 0.5796875 0.366875 0.0125 0.027500000000000004
2 0.6128125 0.3675 0.01 0.0225
2 0.6259375 0.368125 0.01125 0.02375
2 0.6384375 0.3696875 0.01125 0.02375
2 0.65125 0.369375 0.015 0.02
2 0.663125 0.36906249999999996 0.013750000000000002 0.0225
2 0.6759375000000001 0.3675 0.01125 0.0225
2 0.6875 0.36625 0.0125 0.026250000000000002
2 0.7015625 0.36906249999999996 0.0125 0.0225
2 0.71375 0.368125 0.008749999999999999 0.02375
2 0.725625 0.36843750000000003 0.013750000000000002 0.021249999999999998
2 0.7490625 0.369375 0.013750000000000002 0.02
2 0.7618750000000001 0.370625 0.01125 0.0225
2 0.775 0.3725 0.0125 0.026250000000000002
2 0.7775000000000001 0.3409375 0.01125 0.028749999999999998
2 0.765625 0.3403125 0.0125 0.027500000000000004
2 0.753125 0.33968750000000003 0.0125 0.026250000000000002
2 0.7396874999999999 0.34187500000000004 0.013750000000000002 0.027500000000000004
2 0.7275 0.3375 0.01125 0.025
2 0.7134375000000001 0.3359375 0.01125 0.025
2 0.703125 0.33875 0.0125 0.027500000000000004
2 0.6896875 0.33718750000000003 0.013750000000000002 0.027500000000000004
2 0.6640625 0.33718750000000003 0.0125 0.027500000000000004
2 0.6525000000000001 0.3359375 0.01125 0.03125
2 0.64 0.3359375 0.01125 0.025
2 0.625625 0.335 0.013750000000000002 0.026250000000000002
2 0.603125 0.334375 0.0125 0.025
2 0.5828125 0.33468749999999997 0.0125 0.0225
2 0.6 0.3678125 0.0125 0.02
2 0.56875 0.3675 0.0125 0.0225
2 0.5037499999999999 0.42718749999999994 0.013750000000000002 0.026250000000000002
2 0.5565625 0.36906249999999996 0.01 0.0225
2 0.5190625 0.4234375 0.01 0.025
2 0.5287499999999999 0.4234375 0.013750000000000002 0.025
2 0.5525 0.42781250000000004 0.01125 0.027500000000000004
2 0.5665625000000001 0.4290625 0.01125 0.02375
2 0.579375 0.429375 0.015 0.027500000000000004
2 0.5984375 0.42781250000000004 0.0125 0.027500000000000004
2 0.6128125 0.42750000000000005 0.01 0.02375
2 0.62375 0.426875 0.01 0.0225
2 0.6371875 0.4290625 0.015 0.02375
2 0.6509375000000001 0.4290625 0.01125 0.02375
2 0.6603125000000001 0.42750000000000005 0.01125 0.02375
2 0.675 0.42874999999999996 0.0125 0.026250000000000002
2 0.6849999999999999 0.42874999999999996 0.013750000000000002 0.026250000000000002
2 0.696875 0.42874999999999996 0.0125 0.026250000000000002
2 0.7090625 0.42781250000000004 0.015 0.027500000000000004
2 0.7224999999999999 0.43062500000000004 0.013750000000000002 0.02375
2 0.7359375 0.434375 0.0125 0.025
2 0.7490625 0.43499999999999994 0.013750000000000002 0.026250000000000002
2 0.7631249999999999 0.43156249999999996 0.013750000000000002 0.028749999999999998
2 0.45625 0.36531250000000004 0.0125 0.021249999999999998
2 0.46875 0.364375 0.0125 0.0225
2 0.4815625 0.3665625 0.01 0.03
2 0.4953125 0.365 0.0125 0.02375
2 0.50625 0.365625 0.0125 0.025
2 0.5171875 0.365 0.0125 0.02375
2 0.5309375000000001 0.365 0.015 0.02375
2 0.54375 0.36531250000000004 0.0125 0.021249999999999998
2 0.9659375000000001 0.3409375 0.01 0.0225
2 0.9793749999999999 0.3453125 0.008749999999999999 0.025
2 0.990625 0.37687499999999996 0.0125 0.0225
2 0.9800000000000001 0.374375 0.01 0.02375
2 0.9665625 0.3775 0.01125 0.02375
2 0.9637499999999999 0.441875 0.008749999999999999 0.021249999999999998
2 0.978125 0.43937499999999996 0.0125 0.0225
2 0.990625 0.440625 0.0125 0.025
2 0.9990625 0.4403125 0.00125 0.027500000000000004
2 0.9946875000000001 0.3453125 0.01125 0.025
2 0.9800000000000001 0.47062499999999996 0.01 0.0225
2 0.9650000000000001 0.46968750000000004 0.01125 0.02375
2 0.99 0.4725 0.01125 0.026250000000000002
2 0.851875 0.01125 0.0225 0.01
2 0.8340624999999999 0.865625 0.027500000000000004 0.0125
