2 0.174375 0.44437499999999996 0.017499999999999998 0.013750000000000002
2 0.1896875 0.44000000000000006 0.013750000000000002 0.01125
2 0.8590625 0.95375 0.015 0.013750000000000002
2 0.7224999999999999 0.845 0.013750000000000002 0.015
2 0.7784375 0.8975 0.01625 0.013750000000000002
2 0.7984375 0.9121874999999999 0.0125 0.015
2 0.868125 0.9578125 0.01125 0.0125
2 0.91625 0.9853125 0.013750000000000002 0.01125
2 0.9290625 0.9915625 0.017499999999999998 0.017499999999999998
2 0.943125 0.9956250000000001 0.017499999999999998 0.01
