2 0.4928125 0.3325 0.013750000000000002 0.027500000000000004
2 0.4959375 0.3025 0.013750000000000002 0.02375
2 0.43875000000000003 0.34375 0.021249999999999998 0.03125
2 0.44125 0.30062500000000003 0.013750000000000002 0.026250000000000002
2 0.445 0.2665625 0.015 0.02375
2 0.448125 0.2384375 0.015 0.02375
2 0.8956250000000001 0.45562500000000006 0.0225 0.042499999999999996
2 0.5875 0.113125 0.01875 0.013750000000000002
2 0.97 0.1409375 0.021249999999999998 0.01625
2 0.9765625 0.248125 0.0125 0.027500000000000004
2 0.89 0.6196875000000001 0.01125 0.02375
2 0.8375 0.40531249999999996 0.0125 0.026250000000000002
2 0.594375 0.39875 0.013750000000000002 0.0225
