2 0.42125 0.5553125 0.01125 0.02
2 0.43375 0.55375 0.01125 0.02
2 0.9884375000000001 0.6537499999999999 0.01125 0.02
2 0.9903124999999999 0.594375 0.015 0.02
2 0.9421875 0.36843750000000003 0.0125 0.021249999999999998
2 0.9421875 0.9706250000000001 0.0125 0.01
2 0.521875 0.065625 0.01875 0.0125
2 0.9331250000000001 0.35 0.01 0.01875
2 0.9393750000000001 0.2875 0.01 0.01875
2 0.5940624999999999 0.30281250000000004 0.01625 0.027500000000000004
2 0.5818749999999999 0.27 0.02 0.015
2 0.335625 0.321875 0.015 0.0125
2 0.336875 0.330625 0.017499999999999998 0.01125
2 0.33968750000000003 0.340625 0.013750000000000002 0.0125
2 0.5650000000000001 0.13999999999999999 0.017499999999999998 0.01125
2 0.561875 0.13125 0.017499999999999998 0.0125
2 0.5378125 0.13374999999999998 0.01625 0.01125
