2 0.6865625 0.535625 0.0075 0.015
2 0.7837500000000001 0.6975 0.01125 0.02
2 0.8803124999999999 0.7 0.0075 0.01875
2 0.9821875 0.6993750000000001 0.01125 0.017499999999999998
2 0.9887499999999999 0.610625 0.008749999999999999 0.015
2 0.6775 0.61125 0.01125 0.01625
2 0.7490625 0.535625 0.0075 0.015
2 0.701875 0.535625 0.01 0.015
2 0.6565624999999999 0.53625 0.01 0.01625
2 0.7153125 0.61125 0.008749999999999999 0.01625
2 0.4253125 0.7915625000000001 0.01 0.017499999999999998
2 0.390625 0.819375 0.0125 0.02
2 0.378125 0.790625 0.0125 0.01875
2 0.37875000000000003 0.7268749999999999 0.013750000000000002 0.0225
2 0.27937500000000004 0.04375 0.008749999999999999 0.01875
2 0.34187500000000004 0.1565625 0.015 0.0225
2 0.2996875 0.13874999999999998 0.015 0.021249999999999998
2 0.303125 0.1590625 0.0125 0.021249999999999998
2 0.7893749999999999 0.61125 0.01 0.01625
2 0.7278125 0.5371875 0.008749999999999999 0.015
2 0.9225 0.7209375 0.013750000000000002 0.02
2 0.7381249999999999 0.61125 0.0075 0.01625
2 0.8684375 0.609375 0.008749999999999999 0.01875
2 0.40625 0.5453125 0.0125 0.025
2 0.71375 0.5365624999999999 0.008749999999999999 0.013750000000000002
2 0.9503125000000001 0.6115625 0.01 0.013750000000000002
