2 0.029375000000000002 0.403125 0.027500000000000004 0.025
2 0.0140625 0.42374999999999996 0.025 0.028749999999999998
2 0.9168749999999999 0.67 0.015 0.027500000000000004
2 0.914375 0.64125 0.01625 0.026250000000000002
2 0.9175000000000001 0.698125 0.01625 0.027500000000000004
2 0.9184374999999999 0.7262500000000001 0.015 0.027500000000000004
2 0.3375 0.746875 0.0125 0.025
2 0.3121875 0.7446875000000001 0.015 0.02375
2 0.30062500000000003 0.743125 0.013750000000000002 0.02375
2 0.288125 0.74375 0.013750000000000002 0.025
2 0.8928125 0.9771875 0.026250000000000002 0.02
2 0.923125 0.9375 0.015 0.025
2 0.960625 0.8612500000000001 0.027500000000000004 0.01625
2 0.9625 0.8412499999999999 0.025 0.013750000000000002
2 0.96125 0.8178124999999999 0.028749999999999998 0.013750000000000002
2 0.960625 0.7975 0.027500000000000004 0.013750000000000002
2 0.96125 0.7828125 0.028749999999999998 0.0125
2 0.9609375 0.7703125 0.025 0.0125
2 0.9196875 0.7815624999999999 0.017499999999999998 0.0225
2 0.9190625000000001 0.7534375 0.01625 0.0225
2 0.25 0.8821875 0.01875 0.02375
2 0.3365625 0.8721875000000001 0.026250000000000002 0.01625
2 0.3096875 0.8821875 0.01625 0.02375
2 0.2834375 0.8834375 0.013750000000000002 0.026250000000000002
2 0.335 0.8887499999999999 0.026250000000000002 0.015
2 0.9234375 0.9134375 0.0125 0.02375
2 0.8990625 0.5037499999999999 0.026250000000000002 0.013750000000000002
2 0.9012499999999999 0.5190625 0.027500000000000004 0.01625
2 0.9621875 0.7559375 0.027500000000000004 0.015
2 0.96125 0.8775000000000001 0.0225 0.01125
