2 0.8409375000000001 0.9978125 0.028749999999999998 0.005
2 0.9018750000000001 0.9956250000000001 0.0225 0.01
2 0.931875 0.9946875000000001 0.026250000000000002 0.01125
2 0.6056250000000001 0.316875 0.017499999999999998 0.027500000000000004
2 0.603125 0.28250000000000003 0.01875 0.027500000000000004
2 0.60375 0.230625 0.02 0.03
2 0.5806250000000001 0.22781250000000003 0.017499999999999998 0.027500000000000004
2 0.54875 0.2821875 0.028749999999999998 0.017499999999999998
2 0.671875 0.6553125 0.025 0.013750000000000002
2 0.6884375 0.79 0.017499999999999998 0.03
2 0.6900000000000001 0.8162499999999999 0.017499999999999998 0.026250000000000002
2 0.6903125 0.8543749999999999 0.015 0.021249999999999998
2 0.6956249999999999 0.9065625 0.01625 0.0225
2 0.6956249999999999 0.93 0.01625 0.0225
2 0.69875 0.9550000000000001 0.01625 0.0225
2 0.7006249999999999 0.9824999999999999 0.013750000000000002 0.021249999999999998
2 0.8168749999999999 0.9784375000000001 0.015 0.028749999999999998
2 0.9621875 0.991875 0.03375 0.015
2 0.5659375 0.010312499999999999 0.01625 0.017499999999999998
2 0.604375 0.34562499999999996 0.015 0.028749999999999998
2 0.6740625 0.6678124999999999 0.02 0.013750000000000002
2 0.6756249999999999 0.67875 0.02 0.0075
2 0.675 0.690625 0.01875 0.0125
2 0.6746875 0.7021875 0.021249999999999998 0.013750000000000002
2 0.670625 0.7146874999999999 0.0225 0.013750000000000002
2 0.6734375 0.7278125 0.025 0.015
2 0.6849999999999999 0.7596875 0.013750000000000002 0.0225
2 0.6909375 0.88125 0.01 0.025
2 0.834375 0.9731249999999999 0.0125 0.027500000000000004
2 0.9278124999999999 0.9668749999999999 0.015 0.027500000000000004
2 0.9465625 0.9653124999999999 0.015 0.027500000000000004
