2 0.12250000000000001 0.0021874999999999998 0.013750000000000002 0.00125
2 0.69875 0.991875 0.01625 0.015
2 0.728125 0.71875 0.025 0.01875
2 0.660625 0.75625 0.015 0.025
2 0.6578125 0.7284375 0.01875 0.028749999999999998
2 0.671875 0.7328125 0.0125 0.025
2 0.9740624999999999 0.4984375 0.02 0.025
2 0.9887499999999999 0.4984375 0.021249999999999998 0.025
2 0.9331250000000001 0.49874999999999997 0.0225 0.028749999999999998
2 0.9481249999999999 0.49812500000000004 0.021249999999999998 0.027500000000000004
2 0.859375 0.5078125 0.01875 0.025
2 0.8846875000000001 0.504375 0.0225 0.027500000000000004
2 0.835625 0.509375 0.015 0.025
2 0.7865624999999999 0.29 0.013750000000000002 0.02375
2 0.8434375 0.26125 0.015 0.028749999999999998
2 0.8099999999999999 0.259375 0.013750000000000002 0.025
2 0.7884375 0.260625 0.017499999999999998 0.027500000000000004
2 0.739375 0.2575 0.0225 0.027500000000000004
2 0.853125 0.1940625 0.0125 0.0225
2 0.83125 0.1915625 0.0125 0.02375
2 0.8190625 0.19468749999999999 0.01625 0.02375
2 0.803125 0.19375 0.0125 0.025
2 0.7884375 0.19437500000000002 0.01125 0.026250000000000002
2 0.645 0.21187499999999998 0.015 0.03
2 0.6278125 0.21125 0.015 0.0225
2 0.6096874999999999 0.21781250000000002 0.01625 0.026250000000000002
2 0.59375 0.216875 0.01875 0.027500000000000004
2 0.9128125 0.1459375 0.01625 0.026250000000000002
2 0.8884375 0.14906250000000001 0.017499999999999998 0.026250000000000002
2 0.865 0.1471875 0.017499999999999998 0.0225
2 0.8521875 0.150625 0.013750000000000002 0.026250000000000002
2 0.8078125 0.1471875 0.0125 0.0225
2 0.8584375 0.260625 0.013750000000000002 0.027500000000000004
2 0.8009375000000001 0.2896875 0.01125 0.02
2 0.7943749999999999 0.5075000000000001 0.02 0.027500000000000004
2 0.8109375 0.2875 0.0125 0.025
2 0.7709374999999999 0.9225 0.026250000000000002 0.013750000000000002
2 0.7015625 0.9046875 0.01875 0.025
2 0.6625 0.9159375000000001 0.03125 0.0225
2 0.6956249999999999 0.82125 0.01625 0.02375
2 0.7003125 0.8446875 0.01625 0.02375
2 0.701875 0.8724999999999999 0.01625 0.026250000000000002
2 0.91375 0.18656250000000002 0.015 0.026250000000000002
2 0.9003125000000001 0.18812500000000001 0.01625 0.026250000000000002
2 0.8753125 0.190625 0.01625 0.025
2 0.9487500000000001 0.2875 0.01625 0.03125
2 0.9128125 0.29125 0.01625 0.026250000000000002
2 0.896875 0.29125 0.0125 0.026250000000000002
2 0.865 0.288125 0.01125 0.026250000000000002
2 0.8525 0.2865625 0.01125 0.026250000000000002
2 0.840625 0.286875 0.0125 0.02375
2 0.8262499999999999 0.2875 0.015 0.025
2 0.7203125 0.9262499999999999 0.03125 0.015
2 0.67125 0.9409375000000001 0.03625 0.028749999999999998
2 0.8262499999999999 0.259375 0.015 0.025
2 0.8203125 0.21593749999999998 0.025 0.01625
