2 0.3878125 0.9956250000000001 0.01 0.01
2 0.383125 0.959375 0.01 0.0125
2 0.39718749999999997 0.95375 0.01 0.013750000000000002
2 0.4090625 0.9525 0.008749999999999999 0.01125
2 0.48312499999999997 0.82875 0.01 0.013750000000000002
2 0.5784374999999999 0.429375 0.01 0.015
2 0.5706249999999999 0.47093749999999995 0.01 0.013750000000000002
2 0.5525 0.49906249999999996 0.01125 0.013750000000000002
2 0.51375 0.6296875 0.008749999999999999 0.0125
2 0.5475 0.703125 0.0075 0.0125
2 0.5349999999999999 0.7071875000000001 0.0075 0.01125
2 0.476875 0.71 0.01 0.013750000000000002
2 0.46749999999999997 0.865 0.01 0.01125
2 0.409375 0.9309375 0.0125 0.015
2 0.42781250000000004 0.8790625000000001 0.008749999999999999 0.01125
2 0.47062499999999996 0.96 0.01 0.013750000000000002
2 0.45843749999999994 0.9428124999999999 0.0075 0.013750000000000002
2 0.6487499999999999 0.45531249999999995 0.01 0.013750000000000002
2 0.5387500000000001 0.54125 0.008749999999999999 0.013750000000000002
2 0.5443749999999999 0.5540625 0.0075 0.01125
2 0.6728125 0.2578125 0.01125 0.0125
2 0.6950000000000001 0.20218750000000002 0.008749999999999999 0.013750000000000002
2 0.68625 0.2053125 0.01 0.013750000000000002
2 0.436875 0.9712500000000001 0.01125 0.01125
2 0.6068749999999999 0.3203125 0.0075 0.0125
2 0.7068749999999999 0.3203125 0.0075 0.0125
2 0.7262500000000001 0.125 0.008749999999999999 0.0125
2 0.7471875 0.13187500000000002 0.01 0.013750000000000002
2 0.6809375 0.2671875 0.008749999999999999 0.0125
2 0.619375 0.546875 0.0075 0.0125
2 0.57875 0.6525000000000001 0.0075 0.01125
2 0.5909375 0.64125 0.01 0.013750000000000002
2 0.5365624999999999 0.7212500000000001 0.0075 0.01125
2 0.52125 0.7631249999999999 0.01125 0.02
2 0.5265625 0.851875 0.00625 0.01
2 0.458125 0.963125 0.01 0.02
