2 0.490625 0.5996875 0.01875 0.015
2 0.5415625000000001 0.39249999999999996 0.017499999999999998 0.01625
2 0.686875 0.4259375 0.017499999999999998 0.01125
2 0.74125 0.41624999999999995 0.02 0.013750000000000002
2 0.63625 0.47562499999999996 0.01625 0.013750000000000002
2 0.529375 0.5578125 0.027500000000000004 0.01875
2 0.5015625 0.5818749999999999 0.01875 0.013750000000000002
2 0.05125 0.7434375 0.015 0.015
2 0.042812499999999996 0.755625 0.013750000000000002 0.017499999999999998
2 0.096875 0.890625 0.0125 0.01875
2 0.09406250000000001 0.9978125 0.01 0.005
2 0.44781250000000006 0.34562499999999996 0.017499999999999998 0.01
2 0.380625 0.3334375 0.017499999999999998 0.0075
2 0.0109375 0.4425 0.01875 0.01
2 0.9356249999999999 0.375625 0.015 0.013750000000000002
2 0.9915625 0.93625 0.017499999999999998 0.01625
2 0.9865625 0.9268750000000001 0.026250000000000002 0.01625
2 0.33218749999999997 0.925 0.017499999999999998 0.0125
2 0.0071874999999999994 0.6950000000000001 0.01125 0.015
2 0.8875 0.98125 0.01875 0.0125
