2 0.42062499999999997 0.278125 0.01 0.0125
2 0.3878125 0.24937499999999999 0.01 0.017499999999999998
2 0.383125 0.209375 0.01 0.0125
2 0.39718749999999997 0.20375000000000001 0.01 0.013750000000000002
2 0.4090625 0.20249999999999999 0.008749999999999999 0.01125
2 0.48312499999999997 0.07875 0.01 0.013750000000000002
2 0.46749999999999997 0.11499999999999999 0.01 0.01125
2 0.409375 0.1809375 0.0125 0.015
2 0.42781250000000004 0.1290625 0.008749999999999999 0.01125
2 0.47062499999999996 0.21000000000000002 0.01 0.013750000000000002
2 0.45843749999999994 0.1928125 0.0075 0.013750000000000002
2 0.47874999999999995 0.359375 0.013750000000000002 0.00625
2 0.4890625 0.3453125 0.0125 0.0125
2 0.496875 0.336875 0.0125 0.01125
2 0.45531249999999995 0.3140625 0.0075 0.0125
2 0.4559375 0.296875 0.008749999999999999 0.0125
2 0.43937499999999996 0.27125 0.01 0.01125
2 0.4371875 0.259375 0.008749999999999999 0.0125
2 0.24562499999999998 0.7053125 0.01 0.013750000000000002
2 0.1975 0.666875 0.013750000000000002 0.015
2 0.29312499999999997 0.5828125 0.01125 0.0125
2 0.2946875 0.5696875 0.01125 0.01125
2 0.24156249999999999 0.5228125 0.01125 0.01125
2 0.25968749999999996 0.5390625 0.01 0.0125
2 0.23937499999999998 0.571875 0.01 0.0125
2 0.268125 0.479375 0.01125 0.015
2 0.308125 0.553125 0.01 0.0125
2 0.34781249999999997 0.5662499999999999 0.01125 0.013750000000000002
2 0.34375 0.4890625 0.0125 0.0125
2 0.315625 0.4959375 0.0125 0.013750000000000002
2 0.3775 0.4334375 0.01125 0.013750000000000002
2 0.40499999999999997 0.3559375 0.01 0.015
2 0.374375 0.323125 0.01125 0.015
2 0.3515625 0.6912499999999999 0.0125 0.013750000000000002
2 0.448125 0.265625 0.008749999999999999 0.0125
2 0.436875 0.22125 0.01125 0.01125
2 0.520625 0.015312500000000001 0.01 0.021249999999999998
2 0.45906250000000004 0.21375000000000002 0.008749999999999999 0.021249999999999998
2 0.6056250000000001 0.385 0.01125 0.0075
2 0.6259375 0.38468749999999996 0.01125 0.01
2 0.6174999999999999 0.42125 0.01 0.01125
2 0.5587500000000001 0.3940625 0.01125 0.01
2 0.6421875 0.45499999999999996 0.00625 0.01625
2 0.628125 0.45093750000000005 0.00625 0.01125
2 0.42874999999999996 0.4 0.0075 0.0125
2 0.43187499999999995 0.3515625 0.0075 0.0125
2 0.1203125 0.82875 0.0125 0.013750000000000002
2 0.1025 0.8584375 0.01125 0.013750000000000002
2 0.044375 0.9015625 0.0075 0.0125
2 0.040625 0.9046875 0.00625 0.0125
2 0.031875 0.9109375 0.0075 0.0125
2 0.021562500000000002 0.920625 0.008749999999999999 0.01
2 0.5165625 0.8099999999999999 0.01125 0.0075
2 0.5821875000000001 0.8140625 0.01125 0.00625
2 0.73875 0.8321875000000001 0.008749999999999999 0.01125
2 0.696875 0.8256249999999999 0.0125 0.0075
2 0.9215625 0.4971875 0.008749999999999999 0.01
2 0.94625 0.5246875 0.01125 0.008749999999999999
