2 0.0246875 0.28312499999999996 0.008749999999999999 0.01625
2 0.046875 0.296875 0.0125 0.01875
2 0.04625 0.2778125 0.01125 0.021249999999999998
2 0.555625 0.7581249999999999 0.04875 0.034999999999999996
2 0.5721875 0.7975 0.0475 0.0325
2 0.564375 0.7871875 0.034999999999999996 0.027500000000000004
2 0.7381249999999999 0.5974999999999999 0.05125 0.0325
2 0.735 0.614375 0.0325 0.0225
2 0.534375 0.720625 0.05 0.034999999999999996
2 0.52625 0.7090625 0.052500000000000005 0.03375
2 0.52 0.6950000000000001 0.052500000000000005 0.03375
2 0.479375 0.7825 0.03375 0.021249999999999998
2 0.491875 0.80375 0.03375 0.026250000000000002
2 0.5081249999999999 0.835 0.034999999999999996 0.026250000000000002
2 0.8853125000000001 0.85875 0.02375 0.03
2 0.896875 0.8540625000000001 0.025 0.03
2 0.906875 0.8453125 0.02 0.025
2 0.14750000000000002 0.8887499999999999 0.013750000000000002 0.021249999999999998
2 0.13999999999999999 0.8931250000000001 0.01125 0.017499999999999998
2 0.37124999999999997 0.63625 0.03 0.0225
2 0.5675 0.4534375 0.01 0.01625
2 0.5490625 0.4575 0.013750000000000002 0.021249999999999998
2 0.29281250000000003 0.26687500000000003 0.0075 0.015
2 0.2821875 0.31375000000000003 0.017499999999999998 0.008749999999999999
2 0.27999999999999997 0.34562499999999996 0.01625 0.01
2 0.35562499999999997 0.3975 0.017499999999999998 0.0075
2 0.5193749999999999 0.36531250000000004 0.02 0.008749999999999999
2 0.48250000000000004 0.316875 0.015 0.008749999999999999
2 0.384375 0.306875 0.01875 0.0075
2 0.41937499999999994 0.5146875 0.026250000000000002 0.0325
2 0.44437499999999996 0.43 0.057499999999999996 0.01625
2 0.0234375 0.6259375 0.0125 0.02375
2 0.0578125 0.650625 0.025 0.013750000000000002
2 0.11937500000000001 0.6331249999999999 0.02 0.028749999999999998
2 0.0171875 0.9349999999999999 0.025 0.013750000000000002
2 0.0390625 0.9884375000000001 0.01875 0.02375
2 0.008749999999999999 0.4409375 0.01125 0.0225
2 0.8309374999999999 0.850625 0.021249999999999998 0.02
2 0.8234375 0.8440625 0.025 0.0225
2 0.6368750000000001 0.4378125 0.005 0.01625
2 0.62625 0.4403125 0.008749999999999999 0.015
2 0.621875 0.441875 0.00625 0.015
2 0.6131249999999999 0.44125 0.0075 0.013750000000000002
2 0.6046875 0.44375 0.00625 0.0125
2 0.5974999999999999 0.445625 0.0075 0.01
2 0.5912499999999999 0.4484375 0.0075 0.0125
2 0.5303125 0.1384375 0.0075 0.01125
2 0.057499999999999996 0.30593750000000003 0.008749999999999999 0.015
2 0.265625 0.26937500000000003 0.00625 0.013750000000000002
2 0.275625 0.26687500000000003 0.0075 0.015
2 0.27625 0.28375 0.008749999999999999 0.017499999999999998
2 0.25375000000000003 0.32125 0.0075 0.017499999999999998
2 0.23093750000000002 0.429375 0.008749999999999999 0.015
2 0.16312500000000002 0.438125 0.0075 0.013750000000000002
2 0.145 0.43875000000000003 0.008749999999999999 0.015
2 0.13093749999999998 0.4403125 0.008749999999999999 0.015
2 0.11625 0.441875 0.0075 0.015
2 0.083125 0.44312500000000005 0.01 0.017499999999999998
2 0.12125 0.5028125 0.01125 0.015
2 0.11125 0.516875 0.01 0.015
2 0.105625 0.530625 0.01125 0.01125
2 0.1053125 0.5434375 0.0075 0.015
2 0.10593749999999999 0.5599999999999999 0.008749999999999999 0.013750000000000002
2 0.10500000000000001 0.573125 0.01 0.015
2 0.108125 0.591875 0.01 0.015
2 0.1134375 0.6075 0.01125 0.015
2 0.159375 0.639375 0.0125 0.01
2 0.148125 0.651875 0.015 0.01
2 0.1515625 0.7015625 0.01875 0.025
2 0.165625 0.724375 0.01875 0.02375
2 0.240625 0.791875 0.0125 0.015
2 0.0678125 0.9065625 0.0075 0.01625
2 0.278125 0.943125 0.0125 0.017499999999999998
2 0.3978125 0.755 0.01125 0.01
2 0.4690625 0.7603125000000001 0.01625 0.01125
2 0.59875 0.7503124999999999 0.01625 0.01
2 0.27875 0.33406250000000004 0.013750000000000002 0.008749999999999999
2 0.34750000000000003 0.2690625 0.013750000000000002 0.01
2 0.34875 0.28250000000000003 0.01625 0.008749999999999999
2 0.38156249999999997 0.27218749999999997 0.01 0.01625
2 0.351875 0.3246875 0.01625 0.008749999999999999
2 0.351875 0.34187500000000004 0.01625 0.008749999999999999
2 0.3540625 0.3725 0.017499999999999998 0.0075
2 0.48 0.30125 0.01625 0.008749999999999999
2 0.355 0.381875 0.01625 0.0075
2 0.515 0.2684375 0.017499999999999998 0.008749999999999999
2 0.5134375 0.275 0.017499999999999998 0.00625
2 0.5146875 0.2840625 0.013750000000000002 0.008749999999999999
2 0.51625 0.29281250000000003 0.013750000000000002 0.0075
2 0.5153125000000001 0.30062500000000003 0.015 0.0075
2 0.4715625 0.4459375 0.015 0.0075
2 0.3128125 0.4415625 0.01625 0.01125
2 0.3325 0.44000000000000006 0.015 0.01125
2 0.44000000000000006 0.47843749999999996 0.01125 0.01625
2 0.4325 0.48312499999999997 0.021249999999999998 0.028749999999999998
2 0.46281249999999996 0.488125 0.0225 0.0325
2 0.47062499999999996 0.48187499999999994 0.01625 0.026250000000000002
2 0.47874999999999995 0.47843749999999996 0.013750000000000002 0.0225
2 0.641875 0.43562500000000004 0.008749999999999999 0.015
2 0.665 0.48250000000000004 0.01125 0.015
2 0.65125 0.4371875 0.008749999999999999 0.015
2 0.6759375000000001 0.4571875 0.01125 0.01125
2 0.6825 0.464375 0.015 0.01
2 0.6859375 0.47062499999999996 0.0125 0.01
2 0.6912499999999999 0.476875 0.013750000000000002 0.01
2 0.6950000000000001 0.484375 0.015 0.0125
2 0.69625 0.5403125 0.01125 0.015
2 0.6431250000000001 0.7559375 0.01125 0.015
2 0.7737499999999999 0.6540625 0.01 0.017499999999999998
2 0.783125 0.6309375 0.01 0.015
2 0.7909375 0.6287499999999999 0.01 0.013750000000000002
2 0.7618750000000001 0.660625 0.01125 0.015
2 0.6315625 0.7203125 0.01 0.0125
2 0.76 0.745625 0.013750000000000002 0.01
2 0.76625 0.7525000000000001 0.013750000000000002 0.01125
2 0.7709374999999999 0.759375 0.013750000000000002 0.0125
2 0.7996875 0.7474999999999999 0.015 0.013750000000000002
2 0.8168749999999999 0.728125 0.015 0.0125
2 0.8196875 0.7368750000000001 0.017499999999999998 0.01125
2 0.82875 0.7474999999999999 0.013750000000000002 0.013750000000000002
2 0.8125 0.759375 0.01875 0.0125
2 0.8246874999999999 0.7821875 0.015 0.01125
2 0.844375 0.77125 0.013750000000000002 0.01125
2 0.8787499999999999 0.7659374999999999 0.013750000000000002 0.01
2 0.8646874999999999 0.803125 0.013750000000000002 0.0125
2 0.843125 0.805625 0.017499999999999998 0.01125
2 0.85125 0.7837500000000001 0.015 0.01125
2 0.828125 0.7893749999999999 0.0125 0.01
2 0.9440625 0.9278124999999999 0.01 0.015
2 0.0125 0.7065625 0.01875 0.01
2 0.0453125 0.621875 0.01875 0.0125
