2 0.484375 0.5884375000000001 0.025 0.017499999999999998
2 0.020624999999999998 0.75125 0.0225 0.021249999999999998
2 0.1428125 0.6934375 0.02 0.015
2 0.0421875 0.6743750000000001 0.025 0.017499999999999998
2 0.375625 0.610625 0.02 0.015
2 0.5065625 0.5678124999999999 0.01625 0.013750000000000002
2 0.48656249999999995 0.521875 0.026250000000000002 0.01875
2 0.7934375 0.0096875 0.015 0.01625
2 0.63875 0.0734375 0.021249999999999998 0.01875
2 0.846875 0.140625 0.0125 0.01875
2 0.4771875 0.24625 0.013750000000000002 0.017499999999999998
2 0.8421875 0.2528125 0.0125 0.015
2 0.46749999999999997 0.3559375 0.01625 0.021249999999999998
2 0.7209375 0.43562500000000004 0.0325 0.021249999999999998
2 0.744375 0.5081249999999999 0.057499999999999996 0.028749999999999998
2 0.5675 0.5628124999999999 0.06 0.028749999999999998
2 0.5259375000000001 0.49781250000000005 0.05500000000000001 0.03
2 0.5131249999999999 0.396875 0.02 0.0125
2 0.849375 0.393125 0.02375 0.017499999999999998
2 0.775625 0.44406249999999997 0.02 0.01625
2 0.946875 0.43218750000000006 0.01875 0.01125
2 0.491875 0.6615624999999999 0.015 0.013750000000000002
2 0.6309375 0.6321875 0.015 0.017499999999999998
2 0.625 0.6353125000000001 0.0125 0.017499999999999998
2 0.6159375 0.6371875 0.01 0.015
2 0.60375 0.6431250000000001 0.013750000000000002 0.017499999999999998
2 0.5425 0.6421875 0.01625 0.0125
2 0.506875 0.645625 0.013750000000000002 0.01
2 0.4459375 0.670625 0.013750000000000002 0.01
2 0.50125 0.6828125 0.015 0.0125
2 0.991875 0.5546875 0.015 0.0125
2 0.9946875000000001 0.5678124999999999 0.01125 0.013750000000000002
2 0.46343750000000006 0.678125 0.017499999999999998 0.0125
2 0.46656250000000005 0.6859375 0.017499999999999998 0.0125
2 0.4721875 0.6940625 0.01625 0.01
2 0.639375 0.63 0.01 0.01625
2 0.6446875000000001 0.6271875 0.01125 0.013750000000000002
2 0.6525000000000001 0.6224999999999999 0.01125 0.013750000000000002
2 0.658125 0.620625 0.01 0.01625
2 0.6659375 0.6168750000000001 0.01 0.015
2 0.671875 0.6146874999999999 0.0125 0.013750000000000002
2 0.6793750000000001 0.61125 0.008749999999999999 0.01625
2 0.6921875 0.6059375 0.0125 0.015
2 0.708125 0.604375 0.01 0.015
2 0.4965625 0.678125 0.015 0.0125
2 0.416875 0.6884375 0.015 0.01125
2 0.573125 0.9081250000000001 0.015 0.01
2 0.56875 0.8934374999999999 0.01875 0.015
2 0.563125 0.8796875 0.02 0.0125
2 0.55625 0.8453125 0.01875 0.0125
2 0.5059375 0.8640625 0.015 0.0125
2 0.4234375 0.7090625 0.0125 0.008749999999999999
2 0.5765625 0.9168749999999999 0.01875 0.015
2 0.6021875 0.8634375000000001 0.013750000000000002 0.01125
2 0.6012500000000001 0.8578125 0.015 0.0125
2 0.6090625000000001 0.8790625000000001 0.015 0.01125
2 0.6174999999999999 0.9025000000000001 0.01625 0.01125
2 0.6375 0.9796875 0.01875 0.0125
2 0.325625 0.811875 0.013750000000000002 0.017499999999999998
2 0.33781249999999996 0.8425 0.01 0.01625
2 0.350625 0.8378125000000001 0.013750000000000002 0.01625
2 0.380625 0.885 0.017499999999999998 0.013750000000000002
2 0.3775 0.8775000000000001 0.017499999999999998 0.01125
2 0.385625 0.9 0.015 0.0125
2 0.9793749999999999 0.7071875000000001 0.008749999999999999 0.017499999999999998
2 0.9893750000000001 0.704375 0.01 0.021249999999999998
2 0.32 0.7150000000000001 0.015 0.01125
2 0.40374999999999994 0.7084374999999999 0.013750000000000002 0.013750000000000002
2 0.4025 0.701875 0.017499999999999998 0.01
2 0.374375 0.16875 0.017499999999999998 0.0125
2 0.578125 0.0915625 0.0125 0.01125
2 0.1840625 0.375 0.015 0.0125
2 0.140625 0.40093750000000006 0.0125 0.01125
2 0.1609375 0.6275000000000001 0.0125 0.01125
2 0.191875 0.6325000000000001 0.015 0.008749999999999999
2 0.22999999999999998 0.6503125 0.01625 0.01
2 0.18062499999999998 0.7753125 0.017499999999999998 0.01
2 0.328125 0.5728125000000001 0.0125 0.01125
2 0.31124999999999997 0.5925 0.01625 0.01
2 0.8256249999999999 0.4703125 0.02 0.0125
2 0.615625 0.8928125 0.0125 0.0075
2 0.5640625 0.8878125000000001 0.0125 0.01
2 0.619375 0.8590625 0.013750000000000002 0.008749999999999999
2 0.598125 0.8484375 0.015 0.00625
2 0.4025 0.853125 0.01125 0.0125
2 0.1821875 0.8959374999999999 0.01125 0.02
2 0.2234375 0.8828125 0.0125 0.01875
2 0.45531249999999995 0.6996875 0.013750000000000002 0.008749999999999999
2 0.4534375 0.6903125 0.01625 0.008749999999999999
2 0.4490625 0.6825 0.013750000000000002 0.008749999999999999
2 0.5203125 0.858125 0.0125 0.01
2 0.536875 0.851875 0.017499999999999998 0.01
