2 0.2396875 0.1734375 0.02 0.01875
2 0.18562499999999998 0.1871875 0.015 0.015
2 0.5896874999999999 0.058750000000000004 0.02 0.017499999999999998
2 0.77 0.0071874999999999994 0.021249999999999998 0.01125
2 0.915625 0.6224999999999999 0.01875 0.013750000000000002
2 0.8990625 0.6287499999999999 0.013750000000000002 0.013750000000000002
2 0.8546875 0.6434375 0.01875 0.015
2 0.8712500000000001 0.63875 0.017499999999999998 0.015
2 0.288125 0.0084375 0.013750000000000002 0.013750000000000002
2 0.2171875 0.04625 0.0125 0.01125
2 0.181875 0.25187499999999996 0.013750000000000002 0.01
2 0.2875 0.1375 0.0125 0.0125
2 0.38156249999999997 0.095625 0.01625 0.01
2 0.4846875 0.11687499999999999 0.01625 0.015
2 0.66125 0.016875 0.01625 0.008749999999999999
2 0.9315625000000001 0.1453125 0.01 0.01875
2 0.92875 0.026250000000000002 0.013750000000000002 0.008749999999999999
2 0.9737500000000001 0.1315625 0.01 0.01625
2 0.3753125 0.7474999999999999 0.01625 0.013750000000000002
2 0.55 0.7575000000000001 0.0125 0.008749999999999999
2 0.5784374999999999 0.765 0.01625 0.01125
2 0.5425 0.780625 0.01625 0.01125
2 0.5140625 0.77 0.0125 0.008749999999999999
2 0.5009375 0.77625 0.01125 0.008749999999999999
2 0.520625 0.804375 0.01 0.015
2 0.5028125 0.813125 0.008749999999999999 0.02
2 0.4871875 0.81875 0.008749999999999999 0.01875
2 0.4796875 0.8196875 0.00625 0.017499999999999998
2 0.469375 0.8262499999999999 0.0075 0.021249999999999998
2 0.45499999999999996 0.8446875 0.0225 0.01125
2 0.5790625 0.9506249999999999 0.01125 0.02
2 0.588125 0.9493750000000001 0.0075 0.017499999999999998
2 0.56375 0.95625 0.008749999999999999 0.01875
2 0.54125 0.974375 0.0075 0.017499999999999998
2 0.5184375 0.9840625 0.008749999999999999 0.015
2 0.4575 0.954375 0.008749999999999999 0.015
2 0.0828125 0.34125 0.0125 0.013750000000000002
2 0.0625 0.38625 0.0125 0.01625
