2 0.20875 0.9978125 0.02375 0.005
2 0.18062499999999998 0.9978125 0.02375 0.005
2 0.11968749999999999 0.99875 0.02375 0.00375
2 0.651875 0.70125 0.0225 0.021249999999999998
2 0.6575 0.7371875 0.027500000000000004 0.015
2 0.5193749999999999 0.6221875 0.026250000000000002 0.01
2 0.5549999999999999 0.5974999999999999 0.01 0.026250000000000002
2 0.5387500000000001 0.600625 0.008749999999999999 0.026250000000000002
2 0.583125 0.5959375 0.01 0.026250000000000002
2 0.5940624999999999 0.5974999999999999 0.01 0.026250000000000002
2 0.6018749999999999 0.5996875 0.01 0.027500000000000004
2 0.6734375 0.75 0.025 0.0125
2 0.6759375000000001 0.75875 0.02375 0.01125
