2 0.5984375 0.2134375 0.00625 0.01125
2 0.26875 0.8150000000000001 0.0125 0.017499999999999998
2 0.25968749999999996 0.771875 0.01 0.0125
2 0.5475 0.39187500000000003 0.0075 0.015
2 0.099375 0.255 0.005 0.01
2 0.5825 0.2990625 0.008749999999999999 0.013750000000000002
2 0.47406249999999994 0.30375 0.013750000000000002 0.0075
2 0.47406249999999994 0.2946875 0.013750000000000002 0.005
2 0.525 0.26625 0.00625 0.013750000000000002
2 0.5181250000000001 0.265625 0.005 0.0125
2 0.5090625 0.26749999999999996 0.008749999999999999 0.01625
2 0.5021875 0.26937500000000003 0.0075 0.013750000000000002
2 0.0828125 0.1453125 0.00625 0.0125
2 0.1 0.130625 0.00625 0.01125
2 0.0853125 0.08937500000000001 0.005 0.01625
2 0.0859375 0.026875 0.00625 0.01625
