2 0.665625 0.5662499999999999 0.025 0.013750000000000002
2 0.2828125 0.053125 0.03125 0.025
2 0.11499999999999999 0.014687500000000001 0.01125 0.02
2 0.16499999999999998 0.1434375 0.01125 0.021249999999999998
2 0.665625 0.5390625 0.025 0.0125
2 0.1540625 0.17250000000000001 0.017499999999999998 0.02
2 0.079375 0.040625 0.021249999999999998 0.0125
2 0.11374999999999999 0.0378125 0.008749999999999999 0.0225
2 0.1296875 0.0234375 0.0125 0.025
2 0.1284375 0.046875 0.01 0.01875
2 0.1134375 0.060625 0.01125 0.021249999999999998
2 0.08625000000000001 0.0665625 0.0225 0.01125
2 0.128125 0.12156249999999999 0.0125 0.027500000000000004
2 0.1275 0.09375 0.01125 0.025
2 0.12687500000000002 0.0684375 0.01 0.021249999999999998
2 0.139375 0.14875 0.01 0.01625
2 0.12687500000000002 0.14375 0.01 0.01875
2 0.0915625 0.1 0.02375 0.0125
2 0.7725 0.47125000000000006 0.026250000000000002 0.01125
