2 0.665625 0.5521874999999999 0.025 0.013750000000000002
2 0.2828125 0.040625 0.03125 0.025
2 0.114375 0.006562500000000001 0.01 0.01
2 0.16499999999999998 0.129375 0.01125 0.021249999999999998
2 0.665625 0.525 0.025 0.0125
2 0.1540625 0.1584375 0.017499999999999998 0.02
2 0.079375 0.028125 0.021249999999999998 0.0125
2 0.11374999999999999 0.02375 0.008749999999999999 0.0225
2 0.1296875 0.0121875 0.0125 0.021249999999999998
2 0.1284375 0.0328125 0.01 0.01875
2 0.1134375 0.0465625 0.01125 0.021249999999999998
2 0.08625000000000001 0.052500000000000005 0.0225 0.01125
2 0.128125 0.1075 0.0125 0.027500000000000004
2 0.1275 0.0796875 0.01125 0.025
2 0.12687500000000002 0.05437499999999999 0.01 0.021249999999999998
2 0.139375 0.13468750000000002 0.01 0.01625
2 0.12687500000000002 0.13125 0.01 0.01875
2 0.0915625 0.0859375 0.02375 0.0125
2 0.7725 0.4571875 0.026250000000000002 0.01125
