2 0.53125 0.5915625 0.025 0.01125
2 0.6168750000000001 0.9881249999999999 0.03375 0.02
2 0.58875 0.9978125 0.027500000000000004 0.005
2 0.503125 0.8731249999999999 0.0375 0.015
2 0.5075000000000001 0.8178124999999999 0.03375 0.013750000000000002
2 0.5146875 0.7728125 0.026250000000000002 0.017499999999999998
2 0.51625 0.7474999999999999 0.026250000000000002 0.013750000000000002
2 0.5178125 0.7053125 0.0325 0.013750000000000002
2 0.5190625 0.6909375 0.028749999999999998 0.01625
2 0.5231250000000001 0.678125 0.027500000000000004 0.0125
2 0.521875 0.663125 0.03125 0.013750000000000002
2 0.5221875 0.6481250000000001 0.034999999999999996 0.015
2 0.5240625 0.6315625 0.0325 0.01625
2 0.5284375 0.6184375 0.028749999999999998 0.015
2 0.525 0.6056250000000001 0.03125 0.017499999999999998
2 0.5271874999999999 0.57625 0.0325 0.015
2 0.9653124999999999 0.9409375000000001 0.015 0.028749999999999998
2 0.6240625 0.9053125 0.013750000000000002 0.026250000000000002
2 0.5828125 0.9034375000000001 0.0125 0.028749999999999998
2 0.5978125000000001 0.9034375000000001 0.01125 0.0225
2 0.6109375 0.9053125 0.0125 0.026250000000000002
2 0.6390625 0.9090624999999999 0.0125 0.027500000000000004
2 0.530625 0.5493750000000001 0.03625 0.017499999999999998
2 0.6540625 0.9106249999999999 0.01125 0.027500000000000004
2 0.734375 0.9171875 0.0125 0.025
2 0.776875 0.9193749999999999 0.01625 0.026250000000000002
2 0.7653125000000001 0.944375 0.03375 0.013750000000000002
2 0.9349999999999999 0.9396875 0.013750000000000002 0.026250000000000002
2 0.9506249999999999 0.940625 0.013750000000000002 0.025
2 0.5884375000000001 0.9890625 0.02375 0.0125
2 0.9809374999999999 0.22125 0.015 0.02375
2 0.5321875 0.5340625 0.03 0.015
2 0.53125 0.516875 0.03125 0.015
2 0.5390625 0.4915625 0.025 0.01125
2 0.47437500000000005 0.2990625 0.017499999999999998 0.026250000000000002
2 0.4771875 0.20812499999999998 0.013750000000000002 0.028749999999999998
2 0.650625 0.11687499999999999 0.0325 0.015
2 0.65 0.15531250000000002 0.03125 0.013750000000000002
2 0.64625 0.171875 0.03 0.0125
2 0.8753125 0.10593749999999999 0.028749999999999998 0.015
2 0.8684375 0.165625 0.027500000000000004 0.0125
2 0.8659375 0.196875 0.028749999999999998 0.0125
2 0.934375 0.30375 0.0125 0.026250000000000002
2 0.9496874999999999 0.303125 0.015 0.025
2 0.9637499999999999 0.30343749999999997 0.015 0.028749999999999998
2 0.9324999999999999 0.10375000000000001 0.027500000000000004 0.013750000000000002
2 0.7212500000000001 0.914375 0.01125 0.0225
2 0.9375 0.078125 0.03125 0.0125
2 0.9371875 0.0625 0.027500000000000004 0.0125
2 0.97875 0.068125 0.026250000000000002 0.01125
2 0.9731249999999999 0.100625 0.027500000000000004 0.013750000000000002
2 0.969375 0.12875 0.026250000000000002 0.013750000000000002
2 0.9671875 0.1446875 0.025 0.01125
2 0.9678125 0.1615625 0.026250000000000002 0.013750000000000002
2 0.9650000000000001 0.175625 0.02375 0.013750000000000002
2 0.5671875 0.9025000000000001 0.0125 0.02375
2 0.6665625000000001 0.9090624999999999 0.01125 0.021249999999999998
2 0.6821875000000001 0.91375 0.01125 0.027500000000000004
2 0.6946875 0.91375 0.01125 0.027500000000000004
2 0.75 0.9181250000000001 0.0125 0.02375
2 0.921875 0.9375 0.0125 0.025
