2 0.5146875 0.325625 0.013750000000000002 0.0075
2 0.6265625 0.28250000000000003 0.0125 0.008749999999999999
2 0.5134375 0.3125 0.01125 0.00625
2 0.5231250000000001 0.26625 0.015 0.0075
2 0.5225 0.2575 0.013750000000000002 0.008749999999999999
2 0.528125 0.225 0.0125 0.00625
2 0.5675 0.19437500000000002 0.01625 0.0075
2 0.599375 0.2140625 0.01125 0.00625
2 0.5296875 0.2109375 0.0125 0.00625
2 0.5309375000000001 0.203125 0.015 0.00625
2 0.5325 0.196875 0.015 0.00625
2 0.534375 0.1765625 0.0125 0.00625
2 0.5359375 0.165625 0.0125 0.00625
2 0.5478125 0.155 0.01125 0.01
2 0.60375 0.1459375 0.013750000000000002 0.0075
2 0.599375 0.1328125 0.01125 0.00625
2 0.6146874999999999 0.073125 0.013750000000000002 0.008749999999999999
2 0.8559374999999999 0.7075 0.015 0.008749999999999999
2 0.7184375000000001 0.0296875 0.008749999999999999 0.0125
2 0.725625 0.030625000000000003 0.0075 0.01125
2 0.7534375 0.209375 0.01 0.00625
2 0.7671875 0.206875 0.0125 0.0075
2 0.780625 0.20406249999999998 0.01125 0.005
2 0.8412499999999999 0.174375 0.0075 0.01125
2 0.8590625 0.315 0.008749999999999999 0.01125
2 0.7978125 0.4646875 0.01125 0.0075
2 0.9106249999999999 0.971875 0.008749999999999999 0.0125
2 0.19375 0.819375 0.0125 0.0075
2 0.2078125 0.9256249999999999 0.0125 0.0075
