2 0.993125 0.21625 0.01125 0.026250000000000002
2 0.27999999999999997 0.5809375 0.01 0.021249999999999998
2 0.26968749999999997 0.5803125 0.01125 0.02
2 0.25656249999999997 0.5765625 0.01 0.025
2 0.11625 0.0796875 0.026250000000000002 0.03125
2 0.315625 0.5862499999999999 0.0125 0.0225
2 0.29 0.583125 0.01125 0.0225
2 0.3290625 0.5878125 0.01125 0.0225
2 0.9890625 0.244375 0.0125 0.02
2 0.94375 0.7421875 0.0125 0.025
2 0.9793749999999999 0.365625 0.015 0.025
2 0.9724999999999999 0.425625 0.013750000000000002 0.026250000000000002
2 0.969375 0.4559375 0.013750000000000002 0.027500000000000004
2 0.9653124999999999 0.5181250000000001 0.015 0.03
2 0.9475 0.5425 0.013750000000000002 0.0225
2 0.963125 0.5525 0.013750000000000002 0.02375
2 0.959375 0.5821875000000001 0.0125 0.02375
2 0.9553125 0.6265625 0.013750000000000002 0.025
2 0.9496874999999999 0.6859375 0.015 0.025
2 0.938125 0.8053125 0.013750000000000002 0.026250000000000002
2 0.351875 0.588125 0.01 0.02
2 0.9356249999999999 0.8412499999999999 0.015 0.026250000000000002
2 0.6684375 0.5962500000000001 0.021249999999999998 0.01125
2 0.6675 0.61125 0.0225 0.01625
2 0.6146874999999999 0.6125 0.013750000000000002 0.025
2 0.5228125 0.604375 0.01125 0.021249999999999998
2 0.4421875 0.593125 0.0125 0.02375
2 0.43062500000000004 0.595625 0.01125 0.0225
2 0.41937499999999994 0.5928125 0.013750000000000002 0.026250000000000002
2 0.36343749999999997 0.590625 0.01125 0.01875
