2 0.6409374999999999 0.8731249999999999 0.01 0.021249999999999998
2 0.630625 0.8724999999999999 0.01125 0.02
2 0.6174999999999999 0.86875 0.01 0.025
2 0.4771875 0.371875 0.026250000000000002 0.03125
2 0.678125 0.8784375000000001 0.0125 0.0225
2 0.6525000000000001 0.8768750000000001 0.01125 0.0225
2 0.6900000000000001 0.8800000000000001 0.01125 0.0225
2 0.714375 0.881875 0.01 0.02
2 0.975625 0.9046875 0.013750000000000002 0.025
2 0.88375 0.8965624999999999 0.01125 0.021249999999999998
2 0.803125 0.8853125000000001 0.0125 0.02375
2 0.7915625000000001 0.8878125000000001 0.01125 0.0225
2 0.7803125 0.885 0.013750000000000002 0.026250000000000002
2 0.724375 0.8828125 0.01125 0.01875
