2 0.11937500000000001 0.1565625 0.013750000000000002 0.041249999999999995
2 0.06343750000000001 0.26875 0.042499999999999996 0.01875
2 0.159375 0.2640625 0.01875 0.0125
2 0.017812500000000002 0.0475 0.013750000000000002 0.0075
2 0.016875 0.0396875 0.015 0.0075
2 0.01 0.0090625 0.0075 0.015
2 0.0125 0.0225 0.00625 0.013750000000000002
2 0.0728125 0.057499999999999996 0.017499999999999998 0.008749999999999999
2 0.0078125 0.0875 0.0125 0.00625
2 0.1159375 0.076875 0.01625 0.01
2 0.0775 0.136875 0.017499999999999998 0.01125
2 0.078125 0.15375 0.0125 0.0075
2 0.08625000000000001 0.19343749999999998 0.01625 0.008749999999999999
2 0.0846875 0.20031249999999998 0.01625 0.01
2 0.13 0.25125000000000003 0.01625 0.008749999999999999
2 0.025625 0.16312500000000002 0.013750000000000002 0.0075
2 0.026875 0.1846875 0.01625 0.01
2 0.503125 0.10375000000000001 0.0125 0.0075
2 0.2959375 0.011875 0.013750000000000002 0.017499999999999998
2 0.5128125 0.21749999999999997 0.01 0.01625
2 0.5337500000000001 0.20750000000000002 0.01125 0.015
2 0.584375 0.175625 0.0125 0.0075
2 0.6184375 0.16999999999999998 0.015 0.008749999999999999
2 0.64125 0.16593750000000002 0.013750000000000002 0.01
2 0.658125 0.1628125 0.01625 0.01
2 0.760625 0.16218749999999998 0.021249999999999998 0.008749999999999999
2 0.7328125 0.1625 0.0125 0.00625
2 0.735 0.17093750000000002 0.013750000000000002 0.0075
2 0.751875 0.17250000000000001 0.01625 0.0075
2 0.8159375000000001 0.175625 0.01625 0.0075
2 0.79875 0.17781249999999998 0.01625 0.008749999999999999
2 0.781875 0.17625 0.013750000000000002 0.008749999999999999
2 0.7690625 0.1825 0.01625 0.008749999999999999
2 0.75125 0.1834375 0.015 0.0075
2 0.734375 0.185 0.0125 0.0075
2 0.71875 0.17375000000000002 0.01875 0.01625
2 0.7106250000000001 0.1840625 0.015 0.015
2 0.70125 0.1875 0.015 0.01875
2 0.6643749999999999 0.1925 0.01 0.01625
2 0.8453125 0.785625 0.00625 0.015
2 0.825 0.6653125 0.00625 0.015
2 0.8390625 0.6396875 0.00625 0.013750000000000002
2 0.75125 0.51625 0.008749999999999999 0.013750000000000002
2 0.7184375000000001 0.5034375 0.008749999999999999 0.01625
2 0.6975 0.5084375 0.0075 0.02
2 0.3875 0.4525 0.0125 0.017499999999999998
2 0.371875 0.45531249999999995 0.0125 0.013750000000000002
2 0.670625 0.191875 0.01 0.015
2 0.6496875 0.195625 0.008749999999999999 0.01625
2 0.30593750000000003 0.029375000000000002 0.015 0.015
2 0.409375 0.1015625 0.0125 0.00625
2 0.323125 0.140625 0.008749999999999999 0.0125
2 0.32687499999999997 0.1278125 0.01 0.015
2 0.595625 0.0190625 0.01625 0.01
2 0.6425 0.008125 0.01625 0.01
2 0.24562499999999998 0.0303125 0.01 0.013750000000000002
2 0.22625 0.025 0.015 0.0125
2 0.27875 0.0121875 0.013750000000000002 0.015
2 0.2834375 0.0053124999999999995 0.013750000000000002 0.0075
2 0.3146875 0.15687500000000001 0.013750000000000002 0.013750000000000002
2 0.45375 0.045 0.013750000000000002 0.008749999999999999
2 0.6034375 0.2028125 0.01 0.015
2 0.3134375 0.07125000000000001 0.017499999999999998 0.01125
2 0.803125 0.1209375 0.0125 0.0075
2 0.82 0.11156250000000001 0.015 0.0075
2 0.635 0.1109375 0.013750000000000002 0.00625
2 0.5971875 0.123125 0.01625 0.015
2 0.5821875000000001 0.13374999999999998 0.01125 0.01125
2 0.5671875 0.139375 0.0125 0.01
2 0.5409375 0.145 0.01625 0.008749999999999999
2 0.525 0.14656249999999998 0.0125 0.008749999999999999
2 0.5103125000000001 0.15125 0.01125 0.008749999999999999
2 0.495625 0.15562499999999999 0.01625 0.01125
2 0.4796875 0.15625 0.0125 0.00625
2 0.46687500000000004 0.1596875 0.015 0.01
2 0.448125 0.1640625 0.015 0.00625
2 0.3471875 0.1721875 0.01625 0.01
2 0.38406250000000003 0.159375 0.015 0.0125
2 0.3025 0.17281249999999998 0.01125 0.01125
2 0.2684375 0.1471875 0.015 0.01
2 0.2684375 0.1365625 0.015 0.0075
2 0.3075 0.06375 0.015 0.008749999999999999
2 0.31625000000000003 0.18875 0.013750000000000002 0.008749999999999999
