2 0.1190625 0.3315625 0.0225 0.01625
2 0.049375 0.288125 0.02375 0.013750000000000002
2 0.045625 0.315 0.0225 0.01125
2 0.0440625 0.3275 0.0225 0.01125
2 0.041249999999999995 0.3384375 0.026250000000000002 0.01125
2 0.040625 0.35125 0.025 0.015
2 0.0390625 0.3778125 0.025 0.015
2 0.04 0.39125 0.03 0.013750000000000002
2 0.033125 0.40374999999999994 0.0225 0.013750000000000002
2 0.031875 0.4175 0.026250000000000002 0.01625
2 0.033125 0.42874999999999996 0.028749999999999998 0.013750000000000002
2 0.0984375 0.47062499999999996 0.025 0.01
2 0.10124999999999999 0.4459375 0.027500000000000004 0.02
2 0.1034375 0.4334375 0.0225 0.013750000000000002
2 0.10375000000000001 0.4171875 0.026250000000000002 0.0125
2 0.10718749999999999 0.40875000000000006 0.02375 0.01125
2 0.10687500000000001 0.39437500000000003 0.026250000000000002 0.013750000000000002
2 0.10874999999999999 0.3825 0.02375 0.015
2 0.114375 0.37124999999999997 0.0225 0.01125
2 0.11625 0.3584375 0.026250000000000002 0.013750000000000002
2 0.053125 0.2740625 0.025 0.013750000000000002
2 0.0540625 0.263125 0.02375 0.013750000000000002
2 0.0553125 0.2521875 0.026250000000000002 0.013750000000000002
2 0.0590625 0.24 0.027500000000000004 0.01125
2 0.044375 0.30125 0.026250000000000002 0.015
2 0.151875 0.0734375 0.0225 0.0125
2 0.058750000000000004 0.22374999999999998 0.02375 0.01625
2 0.11656249999999999 0.3453125 0.02375 0.0125
2 0.118125 0.318125 0.02375 0.01125
2 0.12125 0.30593750000000003 0.02375 0.015
2 0.24343750000000003 0.048125 0.03375 0.027500000000000004
2 0.2484375 0.06687499999999999 0.03125 0.027500000000000004
2 0.1378125 0.1909375 0.0225 0.01
2 0.12125 0.2921875 0.02375 0.0125
2 0.123125 0.2803125 0.021249999999999998 0.013750000000000002
2 0.12687500000000002 0.26875 0.0225 0.0125
2 0.128125 0.255625 0.025 0.01125
2 0.1296875 0.24343750000000003 0.025 0.015
2 0.133125 0.22937500000000002 0.0225 0.008749999999999999
2 0.13374999999999998 0.21749999999999997 0.02375 0.01625
2 0.1371875 0.20406249999999998 0.021249999999999998 0.01125
2 0.1378125 0.1765625 0.0225 0.0125
2 0.2475 0.08625000000000001 0.0325 0.028749999999999998
2 0.139375 0.16499999999999998 0.0225 0.01125
2 0.140625 0.150625 0.025 0.013750000000000002
2 0.140625 0.13968750000000002 0.025 0.013750000000000002
2 0.14156249999999998 0.12562500000000001 0.02375 0.013750000000000002
2 0.144375 0.1134375 0.02 0.01125
2 0.150625 0.1015625 0.02 0.0125
2 0.146875 0.0884375 0.025 0.01125
2 0.24906250000000002 0.1065625 0.0325 0.028749999999999998
2 0.025 0.4528125 0.025 0.015
2 0.028125 0.505625 0.025 0.017499999999999998
