2 0.2475 0.533125 0.026250000000000002 0.0225
2 0.026250000000000002 0.02 0.021249999999999998 0.015
2 0.138125 0.43843750000000004 0.013750000000000002 0.02375
2 0.1140625 0.5 0.025 0.0125
2 0.09125 0.526875 0.02 0.0225
2 0.10500000000000001 0.5225 0.0225 0.026250000000000002
2 0.12125 0.5209374999999999 0.017499999999999998 0.026250000000000002
2 0.1534375 0.528125 0.0225 0.0125
2 0.18062499999999998 0.530625 0.02375 0.01125
2 0.26625 0.528125 0.013750000000000002 0.025
2 0.24375 0.546875 0.025 0.025
2 0.2453125 0.5640625 0.025 0.025
2 0.140625 0.5662499999999999 0.025 0.013750000000000002
2 0.115625 0.5678124999999999 0.025 0.013750000000000002
2 0.071875 0.5509375000000001 0.025 0.01125
2 0.07125000000000001 0.5734375 0.02375 0.0125
2 0.11281250000000001 0.5790625 0.0225 0.01125
2 0.06937499999999999 0.5875 0.02 0.0125
2 0.6134375000000001 0.0521875 0.017499999999999998 0.095
2 0.845 0.0053124999999999995 0.015 0.0075
2 0.8800000000000001 0.0053124999999999995 0.01625 0.0075
2 0.898125 0.0046875 0.015 0.00625
2 0.9324999999999999 0.0059375 0.015 0.008749999999999999
2 0.5246875 0.0546875 0.015 0.09375
2 0.5431250000000001 0.055625 0.017499999999999998 0.0925
2 0.5603125 0.0540625 0.017499999999999998 0.0925
2 0.595625 0.055625 0.01625 0.0925
2 0.6481250000000001 0.0571875 0.015 0.0925
2 0.666875 0.05375 0.015 0.095
2 0.6837500000000001 0.05625 0.017499999999999998 0.09375
2 0.7190624999999999 0.0578125 0.01625 0.09375
2 0.73625 0.061250000000000006 0.01625 0.09125
2 0.75625 0.059687500000000004 0.01875 0.09125
2 0.7721875 0.059687500000000004 0.01625 0.09125
2 0.8065625000000001 0.06 0.01625 0.095
2 0.8425 0.061875 0.01625 0.0925
2 0.826875 0.0059375 0.01625 0.008749999999999999
2 0.8800000000000001 0.0609375 0.01625 0.09375
2 0.3484375 0.048125 0.01875 0.09
2 0.43875000000000003 0.0028125 0.015 0.0025
2 0.3315625 0.05125 0.01625 0.09
2 0.366875 0.049062499999999995 0.015 0.08875
2 0.5081249999999999 0.0021874999999999998 0.01625 0.00125
2 0.2403125 0.06375 0.015 0.065
2 0.403125 0.0515625 0.01875 0.09375
2 0.42000000000000004 0.049375 0.015 0.0925
2 0.45562500000000006 0.050937500000000004 0.017499999999999998 0.0925
2 0.8596875 0.061875 0.01625 0.0925
2 0.8971875 0.061875 0.01625 0.0925
2 0.9662499999999999 0.068125 0.02 0.0925
2 0.9949999999999999 0.0690625 0.008749999999999999 0.09125
2 0.959375 0.2390625 0.0625 0.01875
2 0.985 0.0071874999999999994 0.013750000000000002 0.01125
2 0.9668749999999999 0.0059375 0.015 0.008749999999999999
2 0.5559375 0.583125 0.015 0.06
2 0.5903125 0.58375 0.015 0.061250000000000006
2 0.6096874999999999 0.5846875 0.01625 0.06
2 0.6253124999999999 0.5853125 0.01625 0.061250000000000006
2 0.6784375 0.5859375 0.01625 0.0625
2 0.6959375 0.5878125 0.013750000000000002 0.06
2 0.765 0.5884375000000001 0.017499999999999998 0.061250000000000006
2 0.9490624999999999 0.0059375 0.013750000000000002 0.008749999999999999
2 0.11374999999999999 0.5900000000000001 0.021249999999999998 0.01125
2 0.179375 0.5878125 0.015 0.0225
2 0.11374999999999999 0.6040625000000001 0.021249999999999998 0.01125
2 0.284375 0.5678124999999999 0.025 0.02
2 0.08375 0.43656249999999996 0.01125 0.02
2 0.361875 0.7368750000000001 0.01125 0.02375
2 0.11000000000000001 0.7065625 0.02 0.01
2 0.1378125 0.708125 0.0225 0.01
2 0.113125 0.7190624999999999 0.02 0.01
2 0.061250000000000006 0.7275 0.0225 0.01125
2 0.0671875 0.881875 0.025 0.013750000000000002
2 0.138125 0.6128125 0.026250000000000002 0.01
2 0.21781250000000002 0.7056250000000001 0.02 0.01125
2 0.280625 0.67 0.02375 0.021249999999999998
2 0.24 0.681875 0.02375 0.013750000000000002
2 0.2828125 0.6834374999999999 0.025 0.02
2 0.24 0.696875 0.02375 0.0125
2 0.2184375 0.6790625 0.021249999999999998 0.01125
2 0.21749999999999997 0.6696875 0.0225 0.01125
2 0.17875000000000002 0.691875 0.013750000000000002 0.027500000000000004
2 0.21937500000000001 0.6928124999999999 0.02 0.013750000000000002
2 0.139375 0.66875 0.0225 0.0125
2 0.216875 0.65625 0.021249999999999998 0.0125
2 0.1421875 0.680625 0.01875 0.01125
2 0.1403125 0.6915625000000001 0.021249999999999998 0.01125
2 0.1125 0.6815625 0.01875 0.01
2 0.1365625 0.7212500000000001 0.026250000000000002 0.01125
2 0.178125 0.7190624999999999 0.0125 0.028749999999999998
2 0.136875 0.7353125 0.017499999999999998 0.01125
2 0.135625 0.7484375 0.021249999999999998 0.0125
2 0.1371875 0.7631249999999999 0.021249999999999998 0.013750000000000002
2 0.24125000000000002 0.6659375 0.026250000000000002 0.01625
2 0.138125 0.6559375000000001 0.026250000000000002 0.015
2 0.215625 0.729375 0.025 0.015
2 0.21937500000000001 0.6331249999999999 0.02 0.01
2 0.178125 0.6109375 0.0125 0.025
2 0.2190625 0.609375 0.0225 0.0125
2 0.241875 0.595 0.027500000000000004 0.021249999999999998
2 0.24343750000000003 0.5825 0.027500000000000004 0.021249999999999998
2 0.28375 0.5821875000000001 0.02375 0.017499999999999998
2 0.2846875 0.5953125 0.0225 0.01875
2 0.28312499999999996 0.6096874999999999 0.0225 0.01625
2 0.1784375 0.63875 0.01 0.021249999999999998
2 0.21812499999999999 0.6196875000000001 0.02375 0.01125
2 0.0640625 0.6528125 0.025 0.015
2 0.2190625 0.6431250000000001 0.0225 0.01125
2 0.2421875 0.6487499999999999 0.025 0.01625
2 0.11499999999999999 0.615 0.02375 0.01125
2 0.115625 0.6271875 0.025 0.013750000000000002
2 0.13999999999999999 0.6328125 0.02375 0.0125
2 0.06625 0.615625 0.026250000000000002 0.0125
2 0.06875 0.628125 0.025 0.0125
2 0.1134375 0.63875 0.02375 0.015
2 0.1775 0.7462500000000001 0.01125 0.02375
2 0.21749999999999997 0.7165625 0.0225 0.01125
2 0.23125 0.86875 0.01875 0.0125
2 0.21531250000000002 0.8018750000000001 0.021249999999999998 0.01
2 0.280625 0.7990625 0.02375 0.02
2 0.2790625 0.813125 0.02375 0.02
2 0.215 0.7787499999999999 0.02375 0.013750000000000002
2 0.2403125 0.78125 0.021249999999999998 0.0125
2 0.23875000000000002 0.7915625000000001 0.021249999999999998 0.01125
2 0.23937499999999998 0.8034375 0.0225 0.01
2 0.2390625 0.815625 0.01875 0.0125
2 0.215625 0.8150000000000001 0.01875 0.01125
2 0.215 0.79 0.02375 0.01125
2 0.28312499999999996 0.7693749999999999 0.0225 0.02
2 0.108125 0.809375 0.0225 0.0125
2 0.13874999999999998 0.8081250000000001 0.021249999999999998 0.01
2 0.05437499999999999 0.821875 0.021249999999999998 0.0125
2 0.108125 0.8393750000000001 0.0225 0.01
2 0.081875 0.865625 0.026250000000000002 0.0125
2 0.10874999999999999 0.865625 0.02375 0.0125
2 0.1375 0.8653124999999999 0.025 0.015
2 0.20750000000000002 0.8671875 0.021249999999999998 0.0125
2 0.281875 0.784375 0.02 0.01875
2 0.2821875 0.7575000000000001 0.02375 0.021249999999999998
2 0.24 0.728125 0.02375 0.0125
2 0.056874999999999995 0.753125 0.026250000000000002 0.0125
2 0.28125 0.72875 0.025 0.02
2 0.2403125 0.7409375 0.021249999999999998 0.01
2 0.281875 0.74375 0.02 0.01875
2 0.21937500000000001 0.743125 0.02 0.01125
2 0.065 0.7121875 0.02375 0.015
2 0.110625 0.7321875 0.021249999999999998 0.01125
2 0.109375 0.7446875000000001 0.025 0.01125
2 0.11000000000000001 0.7575000000000001 0.026250000000000002 0.015
2 0.05625 0.7678125 0.025 0.013750000000000002
2 0.23937499999999998 0.7546875 0.0225 0.0125
2 0.058125 0.7821875 0.0225 0.01125
2 0.109375 0.7834375 0.025 0.013750000000000002
2 0.136875 0.7728125 0.02375 0.01125
2 0.1359375 0.7849999999999999 0.025 0.013750000000000002
2 0.13874999999999998 0.7978125 0.021249999999999998 0.01125
2 0.178125 0.8018750000000001 0.0125 0.0225
2 0.2146875 0.7675 0.02 0.01
2 0.23937499999999998 0.7681250000000001 0.0225 0.01125
2 0.24343750000000003 0.609375 0.021249999999999998 0.0125
