2 0.9159375000000001 0.015312500000000001 0.028749999999999998 0.027500000000000004
2 0.85125 0.1528125 0.021249999999999998 0.021249999999999998
2 0.3021875 0.164375 0.02 0.028749999999999998
2 0.040625 0.1675 0.025 0.01625
2 0.0390625 0.185 0.025 0.013750000000000002
2 0.038125 0.1996875 0.026250000000000002 0.015
2 0.1978125 0.21187499999999998 0.01125 0.02375
2 0.2109375 0.2125 0.0125 0.025
2 0.2234375 0.2146875 0.0125 0.026250000000000002
2 0.2365625 0.216875 0.013750000000000002 0.027500000000000004
2 0.24937499999999999 0.21625 0.017499999999999998 0.026250000000000002
2 0.27125 0.2165625 0.01125 0.02375
2 0.284375 0.21812499999999999 0.0125 0.02375
2 0.256875 0.24093749999999997 0.013750000000000002 0.0225
2 0.236875 0.24125000000000002 0.01125 0.026250000000000002
2 0.224375 0.2396875 0.01125 0.026250000000000002
2 0.209375 0.23718750000000002 0.0125 0.027500000000000004
2 0.19624999999999998 0.24 0.01125 0.02375
2 0.038125 0.2246875 0.026250000000000002 0.015
2 0.0359375 0.238125 0.025 0.013750000000000002
2 0.03375 0.2515625 0.02375 0.0125
2 0.28875 0.16499999999999998 0.021249999999999998 0.03
2 0.2734375 0.16593750000000002 0.01875 0.028749999999999998
2 0.2603125 0.16375 0.017499999999999998 0.027500000000000004
2 0.29 0.0821875 0.01125 0.02375
2 0.018125 0.065625 0.02375 0.01875
2 0.0125 0.0165625 0.01875 0.017499999999999998
2 0.2521875 0.044375 0.026250000000000002 0.013750000000000002
2 0.26187499999999997 0.0240625 0.03 0.026250000000000002
2 0.26687500000000003 0.013125000000000001 0.027500000000000004 0.02
2 0.248125 0.058437499999999996 0.027500000000000004 0.013750000000000002
2 0.2640625 0.079375 0.0125 0.027500000000000004
2 0.2765625 0.0796875 0.0125 0.025
2 0.301875 0.08125 0.01 0.025
2 0.24375 0.16125 0.01875 0.028749999999999998
2 0.2265625 0.13125 0.0125 0.025
2 0.2396875 0.13125 0.013750000000000002 0.025
2 0.253125 0.1315625 0.0125 0.0225
2 0.2703125 0.133125 0.025 0.028749999999999998
2 0.28500000000000003 0.13468750000000002 0.02 0.028749999999999998
2 0.29874999999999996 0.13625 0.0225 0.028749999999999998
2 0.2125 0.1609375 0.01875 0.03125
2 0.22875 0.1603125 0.02 0.03
2 0.0325 0.2625 0.027500000000000004 0.0125
2 0.0328125 0.2765625 0.025 0.0125
2 0.033437499999999995 0.288125 0.026250000000000002 0.013750000000000002
2 0.027500000000000004 0.7725 0.02375 0.02
2 0.016875 0.4603125 0.027500000000000004 0.017499999999999998
2 0.0128125 0.4725 0.0225 0.013750000000000002
2 0.01875 0.4490625 0.025 0.013750000000000002
2 0.0325 0.30062500000000003 0.027500000000000004 0.013750000000000002
2 0.028749999999999998 0.3759375 0.02 0.01125
2 0.026250000000000002 0.315 0.021249999999999998 0.01125
2 0.028749999999999998 0.3278125 0.026250000000000002 0.015
2 0.2571875 0.29281250000000003 0.01125 0.026250000000000002
2 0.271875 0.28875 0.0125 0.03375
2 0.2978125 0.2978125 0.01125 0.02375
2 0.0265625 0.33999999999999997 0.025 0.01125
2 0.03375 0.35375 0.02375 0.013750000000000002
2 0.0315625 0.3640625 0.0225 0.0125
2 0.028125 0.3884375 0.025 0.01125
2 0.315 0.3953125 0.01125 0.025
2 0.028437499999999998 0.40125 0.0225 0.008749999999999999
2 0.023125 0.4125 0.027500000000000004 0.0125
2 0.025 0.425625 0.025 0.013750000000000002
2 0.0225 0.43562500000000004 0.026250000000000002 0.015
2 0.2328125 0.3896875 0.0125 0.026250000000000002
2 0.265625 0.39375 0.0125 0.025
2 0.276875 0.3921875 0.01 0.025
2 0.2896875 0.390625 0.013750000000000002 0.025
2 0.0234375 0.05375 0.025 0.02
2 0.6134375000000001 0.8021874999999999 0.017499999999999998 0.095
2 0.845 0.7125 0.015 0.09375
2 0.8800000000000001 0.7128125 0.01625 0.09125
2 0.898125 0.7121875 0.015 0.09
2 0.9337500000000001 0.7153125 0.017499999999999998 0.09
2 0.5246875 0.8046875 0.015 0.09375
2 0.5431250000000001 0.805625 0.017499999999999998 0.0925
2 0.5603125 0.8040625 0.017499999999999998 0.0925
2 0.595625 0.805625 0.01625 0.0925
2 0.6481250000000001 0.8071875000000001 0.015 0.0925
2 0.5431250000000001 0.70375 0.017499999999999998 0.095
2 0.666875 0.80375 0.015 0.095
2 0.6837500000000001 0.80625 0.017499999999999998 0.09375
2 0.7190624999999999 0.8078125 0.01625 0.09375
2 0.73625 0.81125 0.01625 0.09125
2 0.75625 0.8096875000000001 0.01875 0.09125
2 0.7721875 0.8096875000000001 0.01625 0.09125
2 0.8065625000000001 0.8099999999999999 0.01625 0.095
2 0.8425 0.811875 0.01625 0.0925
2 0.826875 0.7112499999999999 0.01625 0.0975
2 0.5259375000000001 0.7056250000000001 0.017499999999999998 0.0925
2 0.8800000000000001 0.8109375 0.01625 0.09375
2 0.3484375 0.798125 0.01875 0.09
2 0.34875 0.48343749999999996 0.01625 0.095
2 0.4359375 0.48250000000000004 0.01875 0.09625
2 0.45375 0.48343749999999996 0.013750000000000002 0.095
2 0.2978125 0.7006249999999999 0.017499999999999998 0.095
2 0.38687499999999997 0.6946875 0.017499999999999998 0.0925
2 0.42312500000000003 0.7015625 0.015 0.09375
2 0.44000000000000006 0.7059375 0.017499999999999998 0.09625
2 0.3315625 0.8012499999999999 0.01625 0.09
2 0.366875 0.7990625 0.015 0.08875
2 0.509375 0.7053125 0.01875 0.095
2 0.2403125 0.81375 0.015 0.065
2 0.403125 0.8015625 0.01875 0.09375
2 0.42000000000000004 0.7993750000000001 0.015 0.0925
2 0.45562500000000006 0.8009375000000001 0.017499999999999998 0.0925
2 0.5390625 0.485 0.01875 0.095
2 0.5759375 0.47625 0.017499999999999998 0.09625
2 0.7134375000000001 0.485 0.017499999999999998 0.095
2 0.9409375000000001 0.495 0.01625 0.09625
2 0.8596875 0.811875 0.01625 0.0925
2 0.8971875 0.811875 0.01625 0.0925
2 0.9662499999999999 0.818125 0.02 0.0925
2 0.9949999999999999 0.8190625 0.008749999999999999 0.09125
2 0.959375 0.9890625 0.0625 0.01875
2 0.985625 0.716875 0.015 0.09
2 0.9675 0.715625 0.01625 0.0875
2 0.9503125000000001 0.7162499999999999 0.01625 0.08875
2 0.9915625 0.49437499999999995 0.017499999999999998 0.095
2 0.5321875 0.1078125 0.02375 0.0125
2 0.5315624999999999 0.1203125 0.028749999999999998 0.0125
2 0.5571875000000001 0.12062500000000001 0.02375 0.01
2 0.5821875000000001 0.12250000000000001 0.02375 0.013750000000000002
2 0.58375 0.134375 0.02375 0.0125
2 0.5309375000000001 0.13374999999999998 0.027500000000000004 0.01125
2 0.5859375 0.109375 0.025 0.0125
2 0.5599999999999999 0.10687500000000001 0.026250000000000002 0.013750000000000002
2 0.5565625 0.09468750000000001 0.0225 0.01125
2 0.5828125 0.09468750000000001 0.025 0.01125
2 0.5315624999999999 0.09375 0.0225 0.0125
2 0.55625 0.08125 0.025 0.0125
2 0.53 0.0796875 0.0225 0.0125
2 0.5549999999999999 0.068125 0.0225 0.01125
2 0.5315624999999999 0.068125 0.0225 0.01125
2 0.6365624999999999 0.11625 0.026250000000000002 0.026250000000000002
2 0.6599999999999999 0.11000000000000001 0.026250000000000002 0.026250000000000002
2 0.653125 0.1028125 0.025 0.027500000000000004
2 0.681875 0.12156249999999999 0.026250000000000002 0.027500000000000004
2 0.7121875 0.16875 0.027500000000000004 0.025
2 0.673125 0.39625 0.027500000000000004 0.02375
2 0.34750000000000003 0.1134375 0.013750000000000002 0.02375
2 0.34562499999999996 0.15625 0.01 0.025
2 0.4065625 0.32687499999999997 0.0225 0.01
2 0.53125 0.05500000000000001 0.01875 0.01
2 0.561875 0.401875 0.01125 0.0225
2 0.654375 0.39656250000000004 0.027500000000000004 0.027500000000000004
2 0.54875 0.40031249999999996 0.01 0.0225
2 0.74125 0.1809375 0.026250000000000002 0.027500000000000004
2 0.361875 0.396875 0.01125 0.025
2 0.7484375 0.19875 0.025 0.0225
2 0.76625 0.2171875 0.026250000000000002 0.025
2 0.77625 0.2265625 0.027500000000000004 0.025
2 0.785625 0.23562500000000003 0.027500000000000004 0.027500000000000004
2 0.778125 0.259375 0.025 0.0125
2 0.734375 0.273125 0.0125 0.027500000000000004
2 0.721875 0.273125 0.0125 0.027500000000000004
2 0.34750000000000003 0.39718749999999997 0.013750000000000002 0.0225
2 0.3734375 0.396875 0.0125 0.025
2 0.5337500000000001 0.39875 0.01125 0.0225
2 0.3878125 0.396875 0.01 0.025
2 0.4034375 0.39625 0.01 0.02375
2 0.41656250000000006 0.3959375 0.01125 0.026250000000000002
2 0.43125 0.3953125 0.0125 0.025
2 0.44625000000000004 0.39656250000000004 0.01125 0.021249999999999998
2 0.45999999999999996 0.39875 0.0075 0.0225
2 0.47406249999999994 0.398125 0.013750000000000002 0.027500000000000004
2 0.4971875 0.399375 0.01 0.02375
2 0.32999999999999996 0.4803125 0.01625 0.095
2 0.019375 0.0084375 0.02 0.013750000000000002
2 0.0090625 0.026875 0.015 0.01625
2 0.010312499999999999 0.081875 0.017499999999999998 0.02
2 0.0071874999999999994 0.0965625 0.01125 0.015
2 0.5075000000000001 0.39656250000000004 0.008749999999999999 0.021249999999999998
2 0.5728125000000001 0.40062499999999995 0.01125 0.02
