2 0.5875 0.40812499999999996 0.025 0.0225
2 0.5775 0.3771875 0.02375 0.02
2 0.7262500000000001 0.29125 0.021249999999999998 0.013750000000000002
2 0.683125 0.42437500000000006 0.0225 0.017499999999999998
2 0.30062500000000003 0.3671875 0.02 0.025
2 0.9981249999999999 0.155 0.0025 0.0225
2 0.9946875000000001 0.18687499999999999 0.01125 0.01125
2 0.9956250000000001 0.199375 0.01 0.01125
2 0.594375 0.4203125 0.026250000000000002 0.01875
2 0.6275000000000001 0.27375 0.017499999999999998 0.0225
2 0.6125 0.39656250000000004 0.025 0.021249999999999998
2 0.623125 0.42000000000000004 0.027500000000000004 0.021249999999999998
2 0.6021875 0.2803125 0.02 0.026250000000000002
2 0.6196875000000001 0.4078125 0.02375 0.01875
2 0.9928125 0.095625 0.013750000000000002 0.0225
2 0.41156249999999994 0.26875 0.026250000000000002 0.01875
2 0.5896874999999999 0.3390625 0.026250000000000002 0.01875
2 0.6003125 0.3596875 0.0225 0.01625
2 0.60375 0.37374999999999997 0.026250000000000002 0.01625
2 0.6174999999999999 0.27531249999999996 0.01625 0.0225
2 0.6375 0.2690625 0.01875 0.0225
2 0.7559375 0.595 0.021249999999999998 0.03375
2 0.985625 0.78125 0.021249999999999998 0.0125
2 0.9103125000000001 0.8190625 0.01125 0.0225
2 0.8768750000000001 0.818125 0.01 0.02375
2 0.735 0.5803125 0.026250000000000002 0.02
2 0.686875 0.24937499999999999 0.017499999999999998 0.02375
2 0.5621875000000001 0.5387500000000001 0.008749999999999999 0.021249999999999998
2 0.7525000000000001 0.3715625 0.02375 0.015
2 0.765 0.41156249999999994 0.02375 0.013750000000000002
2 0.7224999999999999 0.43531250000000005 0.026250000000000002 0.017499999999999998
2 0.4578125 0.495625 0.025 0.01625
2 0.453125 0.50875 0.025 0.01125
2 0.45062499999999994 0.5215625 0.026250000000000002 0.015
2 0.4484375 0.5337500000000001 0.025 0.01125
2 0.44781250000000006 0.5475 0.02375 0.013750000000000002
2 0.5109375 0.5349999999999999 0.0125 0.026250000000000002
2 0.5271874999999999 0.535625 0.013750000000000002 0.027500000000000004
2 0.55 0.5378125 0.0125 0.0225
2 0.5284375 0.4859375 0.01625 0.025
2 0.5690625 0.62375 0.01625 0.028749999999999998
2 0.5659375 0.490625 0.01625 0.025
2 0.5915625 0.4925 0.017499999999999998 0.028749999999999998
2 0.649375 0.49781250000000005 0.017499999999999998 0.03
2 0.5743750000000001 0.540625 0.01125 0.025
2 0.6865625 0.5525 0.02 0.02375
2 0.485 0.6131249999999999 0.013750000000000002 0.026250000000000002
2 0.49874999999999997 0.6146874999999999 0.01625 0.026250000000000002
2 0.5278125 0.619375 0.015 0.026250000000000002
2 0.54875 0.6224999999999999 0.01625 0.026250000000000002
2 0.64125 0.635 0.013750000000000002 0.026250000000000002
2 0.6221875 0.58375 0.01625 0.02375
2 0.5475 0.5765625 0.013750000000000002 0.025
2 0.39875 0.9840625 0.028749999999999998 0.015
2 0.9428124999999999 0.90625 0.013750000000000002 0.025
2 0.586875 0.54125 0.01125 0.026250000000000002
2 0.8646874999999999 0.820625 0.013750000000000002 0.0225
2 0.850625 0.819375 0.013750000000000002 0.026250000000000002
2 0.828125 0.82125 0.0125 0.02375
2 0.8175000000000001 0.8225 0.01 0.026250000000000002
2 0.82125 0.7690625 0.01125 0.028749999999999998
2 0.6975 0.8259375 0.013750000000000002 0.02375
2 0.6853125 0.826875 0.01125 0.0225
2 0.6756249999999999 0.828125 0.013750000000000002 0.025
2 0.660625 0.826875 0.015 0.0225
2 0.650625 0.8278125 0.013750000000000002 0.027500000000000004
2 0.6396875 0.8306250000000001 0.013750000000000002 0.03
2 0.6275000000000001 0.829375 0.01125 0.027500000000000004
2 0.6168750000000001 0.83125 0.015 0.025
2 0.8412499999999999 0.7659374999999999 0.013750000000000002 0.0225
2 0.891875 0.7678125 0.015 0.026250000000000002
2 0.8306250000000001 0.7653125000000001 0.01125 0.021249999999999998
2 0.8084374999999999 0.770625 0.013750000000000002 0.028749999999999998
2 0.6375 0.8603125 0.0125 0.02375
2 0.795625 0.7684375 0.01 0.027500000000000004
2 0.7849999999999999 0.77 0.013750000000000002 0.027500000000000004
2 0.748125 0.77 0.015 0.027500000000000004
2 0.7353125 0.7725 0.01125 0.026250000000000002
2 0.725 0.7678125 0.0125 0.026250000000000002
2 0.7134375000000001 0.77125 0.01125 0.02375
2 0.7 0.76875 0.0125 0.025
2 0.688125 0.77125 0.013750000000000002 0.02375
2 0.6759375000000001 0.76875 0.01125 0.025
2 0.66625 0.7731250000000001 0.013750000000000002 0.027500000000000004
2 0.6528125 0.77125 0.015 0.02375
2 0.71 0.8256249999999999 0.013750000000000002 0.026250000000000002
2 0.671875 0.86 0.0125 0.026250000000000002
2 0.8625 0.8534375000000001 0.0125 0.0225
2 0.8040625 0.82125 0.01125 0.02375
2 0.7931250000000001 0.8225 0.01125 0.026250000000000002
2 0.78125 0.8253125000000001 0.0125 0.0225
2 0.7571875 0.8228125000000001 0.01125 0.02375
2 0.746875 0.8234375 0.0125 0.025
2 0.734375 0.8259375 0.0125 0.02375
2 0.7212500000000001 0.8243750000000001 0.01125 0.02375
2 0.92125 0.8543749999999999 0.01125 0.027500000000000004
2 0.9099999999999999 0.8543749999999999 0.013750000000000002 0.027500000000000004
2 0.896875 0.85375 0.0125 0.026250000000000002
2 0.884375 0.8543749999999999 0.0125 0.027500000000000004
2 0.850625 0.85375 0.013750000000000002 0.026250000000000002
2 0.7075 0.8609375 0.015 0.025
2 0.8400000000000001 0.8556250000000001 0.01125 0.02375
2 0.826875 0.8534375000000001 0.01 0.0225
2 0.815625 0.8546875 0.0125 0.025
2 0.803125 0.8571875 0.0125 0.02375
2 0.790625 0.8578125 0.0125 0.01875
2 0.7796875 0.858125 0.0125 0.0225
2 0.7681250000000001 0.8574999999999999 0.01125 0.021249999999999998
2 0.755625 0.858125 0.01125 0.0225
2 0.7446875000000001 0.8574999999999999 0.01125 0.021249999999999998
2 0.7334375 0.85875 0.013750000000000002 0.02375
2 0.7184375000000001 0.8574999999999999 0.015 0.021249999999999998
2 0.640625 0.77125 0.0125 0.02375
2 0.630625 0.7737499999999999 0.01125 0.028749999999999998
2 0.6171875 0.771875 0.0125 0.025
2 0.634375 0.9949999999999999 0.0125 0.008749999999999999
2 0.7603125000000001 0.9349999999999999 0.02375 0.013750000000000002
2 0.7625 0.9446875 0.025 0.017499999999999998
2 0.7684375 0.9559374999999999 0.021249999999999998 0.015
2 0.7390625 0.983125 0.01875 0.028749999999999998
2 0.7290625000000001 0.9893750000000001 0.01125 0.0225
2 0.7165625 0.9893750000000001 0.01125 0.0225
2 0.70375 0.990625 0.013750000000000002 0.01875
2 0.6900000000000001 0.990625 0.01125 0.01875
2 0.6793750000000001 0.990625 0.015 0.01875
2 0.6665625000000001 0.9915625 0.01125 0.017499999999999998
2 0.6546875 0.9928125 0.0125 0.013750000000000002
2 0.6224999999999999 0.996875 0.0075 0.00625
2 0.608125 0.9949999999999999 0.01 0.008749999999999999
2 0.7584375 0.92125 0.026250000000000002 0.01125
2 0.6184375 0.9428124999999999 0.015 0.02
2 0.6178125 0.91875 0.013750000000000002 0.01875
2 0.6287499999999999 0.9153125 0.013750000000000002 0.027500000000000004
2 0.9887499999999999 0.8628125000000001 0.021249999999999998 0.01625
2 0.8949999999999999 0.915 0.015 0.02375
2 0.8840625 0.91625 0.015 0.026250000000000002
2 0.8724999999999999 0.915 0.013750000000000002 0.02375
2 0.860625 0.9168749999999999 0.015 0.027500000000000004
2 0.850625 0.920625 0.013750000000000002 0.028749999999999998
2 0.83625 0.9237500000000001 0.01625 0.028749999999999998
2 0.7006249999999999 0.9349999999999999 0.013750000000000002 0.026250000000000002
2 0.689375 0.93625 0.01625 0.0225
2 0.6765625 0.938125 0.0125 0.026250000000000002
2 0.66625 0.9384375 0.013750000000000002 0.02375
2 0.6537499999999999 0.938125 0.013750000000000002 0.026250000000000002
2 0.69875 0.9121874999999999 0.01625 0.021249999999999998
2 0.6875 0.9134375 0.0125 0.02375
2 0.6746875 0.9109375 0.015 0.025
2 0.6640625 0.9140625 0.0125 0.025
2 0.6515625 0.9134375 0.0125 0.02375
2 0.640625 0.915625 0.0125 0.025
2 0.41125 0.278125 0.0225 0.0125
2 0.364375 0.495 0.0225 0.015
2 0.3596875 0.5078125 0.0225 0.0125
2 0.49406249999999996 0.5662499999999999 0.01 0.026250000000000002
2 0.991875 0.8871874999999999 0.015 0.015
2 0.7515625 0.9778125 0.0125 0.021249999999999998
2 0.5846875 0.32406250000000003 0.0225 0.013750000000000002
