2 0.9028124999999999 0.065625 0.015 0.025
2 0.8765625 0.07375000000000001 0.0125 0.028749999999999998
2 0.865 0.0709375 0.01125 0.026250000000000002
2 0.8525 0.0703125 0.01125 0.025
2 0.8400000000000001 0.0696875 0.01125 0.02375
2 0.828125 0.0671875 0.0125 0.025
2 0.8087500000000001 0.0653125 0.01125 0.021249999999999998
2 0.7934375 0.065625 0.015 0.025
2 0.7815624999999999 0.06625 0.01625 0.026250000000000002
2 0.77125 0.06625 0.01125 0.026250000000000002
2 0.75875 0.065625 0.01125 0.025
2 0.7462500000000001 0.0653125 0.01125 0.027500000000000004
2 0.7315625 0.06218749999999999 0.01 0.021249999999999998
2 0.7212500000000001 0.058750000000000004 0.01125 0.03
2 0.70875 0.0609375 0.01125 0.025
2 0.696875 0.060625 0.0125 0.027500000000000004
2 0.9846875 0.0296875 0.01625 0.03125
2 0.96 0.021562500000000002 0.013750000000000002 0.027500000000000004
2 0.9275 0.0134375 0.01125 0.02375
2 0.91625 0.0134375 0.013750000000000002 0.02375
2 0.9025000000000001 0.0128125 0.01125 0.0225
2 0.684375 0.06 0.0125 0.026250000000000002
2 0.671875 0.058437499999999996 0.0125 0.026250000000000002
2 0.659375 0.0553125 0.0125 0.026250000000000002
2 0.6509375000000001 0.05625 0.01125 0.025
2 0.6378125 0.0540625 0.01 0.02375
2 0.62375 0.052500000000000005 0.01 0.02375
2 0.6121875 0.051875000000000004 0.015 0.0225
2 0.8903125 0.073125 0.015 0.027500000000000004
2 0.9140625 0.073125 0.0125 0.027500000000000004
2 0.0046875 0.7196875 0.00625 0.01125
2 0.9349999999999999 0.075 0.013750000000000002 0.025
2 0.0921875 0.8571875 0.03125 0.017499999999999998
2 0.10093749999999999 0.8215625 0.02375 0.027500000000000004
2 0.1578125 0.54125 0.01875 0.026250000000000002
2 0.11281250000000001 0.5387500000000001 0.0225 0.021249999999999998
2 0.971875 0.0796875 0.0125 0.025
2 0.9581250000000001 0.07875 0.01 0.026250000000000002
2 0.946875 0.0765625 0.0125 0.025
2 0.6025 0.0503125 0.01125 0.0225
2 0.5915625 0.0503125 0.01125 0.0225
2 0.5778125000000001 0.0503125 0.008749999999999999 0.0225
2 0.5659375 0.0503125 0.01 0.0225
2 0.19624999999999998 0.027500000000000004 0.01125 0.02375
2 0.1846875 0.028125 0.01625 0.025
2 0.35343749999999996 0.0109375 0.0225 0.0125
2 0.173125 0.033125 0.015 0.0225
2 0.159375 0.033125 0.0125 0.0225
2 0.14875 0.034375 0.01625 0.025
2 0.1371875 0.03375 0.015 0.02375
2 0.1271875 0.0359375 0.013750000000000002 0.025
2 0.2078125 0.027187499999999996 0.0125 0.026250000000000002
2 0.221875 0.027500000000000004 0.0125 0.02375
2 0.2328125 0.027500000000000004 0.0125 0.02375
2 0.4125 0.04 0.0125 0.02375
2 0.5553125 0.0484375 0.013750000000000002 0.025
2 0.540625 0.0484375 0.0125 0.025
2 0.53 0.04625 0.01 0.02375
2 0.51875 0.046875 0.0125 0.025
2 0.5078125 0.04625 0.0125 0.02375
2 0.4953125 0.044687500000000005 0.0125 0.02375
2 0.4840625 0.04375 0.015 0.025
2 0.471875 0.041249999999999995 0.0125 0.026250000000000002
2 0.459375 0.0409375 0.0125 0.0225
2 0.4484375 0.041249999999999995 0.0125 0.026250000000000002
2 0.43624999999999997 0.040625 0.01 0.025
2 0.42437500000000006 0.040625 0.01125 0.025
2 0.40093750000000006 0.0390625 0.01125 0.025
2 0.24625 0.027500000000000004 0.01125 0.02375
2 0.3890625 0.035625000000000004 0.0125 0.027500000000000004
2 0.375 0.034687499999999996 0.0125 0.0225
2 0.36343749999999997 0.03375 0.01125 0.02375
2 0.3525 0.03375 0.01125 0.02375
2 0.340625 0.03375 0.0125 0.02375
2 0.3275 0.033125 0.01125 0.0225
2 0.31656249999999997 0.033125 0.01125 0.0225
2 0.30656249999999996 0.0290625 0.01 0.02375
2 0.29312499999999997 0.030625000000000003 0.01125 0.02375
2 0.27999999999999997 0.0296875 0.01 0.025
2 0.268125 0.0296875 0.01125 0.025
2 0.25625 0.027500000000000004 0.0125 0.02375
2 0.0090625 0.8618750000000001 0.015 0.017499999999999998
2 0.878125 0.0128125 0.0125 0.0225
2 0.865 0.0128125 0.01125 0.0225
2 0.8528125 0.0121875 0.008749999999999999 0.021249999999999998
2 0.8396874999999999 0.0121875 0.0075 0.021249999999999998
2 0.8300000000000001 0.0096875 0.01 0.01625
2 0.8190625 0.0090625 0.01 0.015
2 0.8059375 0.0090625 0.008749999999999999 0.015
2 0.795 0.0090625 0.008749999999999999 0.015
2 0.78125 0.0071874999999999994 0.00625 0.01125
2 0.9934375 0.081875 0.008749999999999999 0.02
