2 0.9871874999999999 0.065625 0.015 0.025
2 0.9609375 0.07375000000000001 0.0125 0.028749999999999998
2 0.9493750000000001 0.0709375 0.01125 0.026250000000000002
2 0.9384375 0.0703125 0.01125 0.025
2 0.9259375000000001 0.0696875 0.01125 0.02375
2 0.9140625 0.0671875 0.0125 0.025
2 0.8946875000000001 0.0653125 0.01125 0.021249999999999998
2 0.8793749999999999 0.065625 0.015 0.025
2 0.8675 0.06625 0.01625 0.026250000000000002
2 0.8556250000000001 0.06625 0.01125 0.026250000000000002
2 0.8446875 0.065625 0.01125 0.025
2 0.8306250000000001 0.0653125 0.01125 0.027500000000000004
2 0.8159375000000001 0.06218749999999999 0.01 0.021249999999999998
2 0.805625 0.058750000000000004 0.01125 0.03
2 0.7946875 0.0609375 0.01125 0.025
2 0.7828125 0.060625 0.0125 0.027500000000000004
2 0.996875 0.0128125 0.00625 0.0225
2 0.9884375000000001 0.0128125 0.01125 0.0225
2 0.7703125 0.06 0.0125 0.026250000000000002
2 0.75625 0.058437499999999996 0.0125 0.026250000000000002
2 0.7453125 0.0553125 0.0125 0.026250000000000002
2 0.7353125 0.05625 0.01125 0.025
2 0.7221875 0.0540625 0.01 0.02375
2 0.708125 0.052500000000000005 0.01 0.02375
2 0.698125 0.051875000000000004 0.015 0.0225
2 0.9746874999999999 0.073125 0.015 0.027500000000000004
2 0.9959374999999999 0.0725 0.0075 0.026250000000000002
2 0.0796875 0.7221875 0.025 0.01625
2 0.1753125 0.8559374999999999 0.028749999999999998 0.015
2 0.1828125 0.8209375 0.01875 0.026250000000000002
2 0.24375 0.54125 0.01875 0.026250000000000002
2 0.19718750000000002 0.5387500000000001 0.0225 0.021249999999999998
2 0.686875 0.0503125 0.01125 0.0225
2 0.6775 0.0503125 0.01125 0.0225
2 0.6637500000000001 0.0503125 0.008749999999999999 0.0225
2 0.651875 0.0503125 0.01 0.0225
2 0.2821875 0.027500000000000004 0.01125 0.02375
2 0.2690625 0.028125 0.01625 0.025
2 0.43937499999999996 0.0109375 0.0225 0.0125
2 0.2575 0.033125 0.015 0.0225
2 0.2453125 0.033125 0.0125 0.0225
2 0.23312499999999997 0.034375 0.01625 0.025
2 0.22312500000000002 0.03375 0.015 0.02375
2 0.21156250000000001 0.0359375 0.013750000000000002 0.025
2 0.2921875 0.027187499999999996 0.0125 0.026250000000000002
2 0.30625 0.027500000000000004 0.0125 0.02375
2 0.3171875 0.027500000000000004 0.0125 0.02375
2 0.496875 0.04 0.0125 0.02375
2 0.64125 0.0484375 0.013750000000000002 0.025
2 0.6265625 0.0484375 0.0125 0.025
2 0.614375 0.04625 0.01 0.02375
2 0.603125 0.046875 0.0125 0.025
2 0.5921875 0.04625 0.0125 0.02375
2 0.5796875 0.044687500000000005 0.0125 0.02375
2 0.5684375 0.04375 0.015 0.025
2 0.55625 0.041249999999999995 0.0125 0.026250000000000002
2 0.5453125 0.0409375 0.0125 0.0225
2 0.534375 0.041249999999999995 0.0125 0.026250000000000002
2 0.520625 0.040625 0.01 0.025
2 0.50875 0.040625 0.01125 0.025
2 0.48531250000000004 0.0390625 0.01125 0.025
2 0.330625 0.027500000000000004 0.01125 0.02375
2 0.4734375 0.035625000000000004 0.0125 0.027500000000000004
2 0.459375 0.034687499999999996 0.0125 0.0225
2 0.44781250000000006 0.03375 0.01125 0.02375
2 0.436875 0.03375 0.01125 0.02375
2 0.425 0.03375 0.0125 0.02375
2 0.4134375 0.033125 0.01125 0.0225
2 0.4025 0.033125 0.01125 0.0225
2 0.3909375 0.0290625 0.01 0.02375
2 0.3775 0.030625000000000003 0.01125 0.02375
2 0.364375 0.0296875 0.01 0.025
2 0.3525 0.0296875 0.01125 0.025
2 0.340625 0.027500000000000004 0.0125 0.02375
2 0.0890625 0.8631249999999999 0.025 0.02
2 0.018125 0.0675 0.02375 0.01625
2 0.963125 0.0121875 0.0075 0.021249999999999998
2 0.9525 0.0121875 0.01125 0.021249999999999998
2 0.93875 0.0115625 0.008749999999999999 0.02
2 0.9262499999999999 0.0121875 0.008749999999999999 0.021249999999999998
2 0.9146875 0.010312499999999999 0.0075 0.017499999999999998
2 0.9046875 0.0090625 0.00625 0.015
2 0.8896875 0.0090625 0.0075 0.015
2 0.8778124999999999 0.0084375 0.008749999999999999 0.013750000000000002
2 0.86625 0.0078125 0.0075 0.0125
2 0.8543749999999999 0.0078125 0.008749999999999999 0.0125
