2 0.8425 0.4184375 0.028749999999999998 0.015
2 0.21000000000000002 0.8721875000000001 0.013750000000000002 0.028749999999999998
2 0.44781250000000006 0.0921875 0.01125 0.025
2 0.46343750000000006 0.090625 0.01125 0.025
2 0.47906250000000006 0.09 0.01125 0.02375
2 0.49468750000000006 0.09281249999999999 0.01125 0.026250000000000002
2 0.51875 0.095 0.0125 0.021249999999999998
2 0.5321875 0.09375 0.01125 0.025
2 0.584375 0.0965625 0.0125 0.027500000000000004
2 0.49031250000000004 0.1628125 0.015 0.028749999999999998
2 0.33625 0.24312499999999998 0.028749999999999998 0.017499999999999998
2 0.1046875 0.2053125 0.025 0.02
2 0.10968750000000001 0.723125 0.028749999999999998 0.015
2 0.105625 0.7396874999999999 0.02375 0.013750000000000002
2 0.104375 0.8246874999999999 0.021249999999999998 0.015
2 0.1034375 0.840625 0.028749999999999998 0.0125
2 0.10500000000000001 0.85375 0.028749999999999998 0.013750000000000002
2 0.10718749999999999 0.865625 0.03 0.0125
2 0.009375 0.905625 0.0125 0.02375
2 0.43937499999999996 0.058750000000000004 0.01 0.02375
2 0.108125 0.9087500000000001 0.0225 0.01125
2 0.26625 0.8778124999999999 0.013750000000000002 0.027500000000000004
2 0.221875 0.050624999999999996 0.0125 0.026250000000000002
2 0.2078125 0.9465625 0.0125 0.027500000000000004
2 0.7303124999999999 0.9484375 0.013750000000000002 0.025
2 0.696875 0.95 0.0125 0.025
2 0.6603125000000001 0.9515625 0.01125 0.025
2 0.775625 0.878125 0.013750000000000002 0.025
2 0.7903125 0.8809374999999999 0.015 0.027500000000000004
2 0.8012499999999999 0.878125 0.015 0.025
2 0.8353125 0.835625 0.02375 0.015
2 0.835625 0.7878125 0.027500000000000004 0.01625
2 0.835625 0.7725 0.027500000000000004 0.013750000000000002
2 0.884375 0.43531250000000005 0.0125 0.03
2 0.309375 0.049062499999999995 0.0125 0.026250000000000002
2 0.2915625 0.049062499999999995 0.01125 0.026250000000000002
2 0.265625 0.0515625 0.0125 0.025
2 0.2525 0.048125 0.01125 0.027500000000000004
2 0.2225 0.94625 0.013750000000000002 0.03
2 0.23781249999999998 0.9453125 0.01 0.025
2 0.265625 0.9478125000000001 0.0125 0.03
2 0.4490625 0.9453125 0.013750000000000002 0.025
2 0.46656250000000005 0.9459375 0.01125 0.026250000000000002
2 0.45093750000000005 0.0521875 0.01125 0.026250000000000002
