2 0.858125 0.5703125 0.01 0.01875
2 0.9737500000000001 0.5475 0.01 0.02
2 0.365625 0.30125 0.0125 0.008749999999999999
2 0.3590625 0.304375 0.015 0.008749999999999999
2 0.364375 0.3128125 0.01625 0.01
2 0.32156250000000003 0.26156250000000003 0.015 0.0075
2 0.178125 0.289375 0.01875 0.01
2 0.28781249999999997 0.286875 0.01625 0.01125
2 0.2865625 0.29562499999999997 0.02 0.01
2 0.2859375 0.30343749999999997 0.01875 0.01
2 0.2821875 0.320625 0.017499999999999998 0.01
2 0.281875 0.32625000000000004 0.013750000000000002 0.008749999999999999
2 0.27937500000000004 0.3325 0.015 0.008749999999999999
2 0.2784375 0.33781249999999996 0.01625 0.01
2 0.2784375 0.34249999999999997 0.01625 0.01
2 0.241875 0.3434375 0.008749999999999999 0.015
2 0.23781249999999998 0.34187500000000004 0.01 0.015
2 0.2325 0.33968750000000003 0.008749999999999999 0.013750000000000002
2 0.22625 0.33875 0.008749999999999999 0.015
2 0.220625 0.3365625 0.01 0.013750000000000002
2 0.21531250000000002 0.335625 0.008749999999999999 0.015
2 0.2071875 0.335 0.01125 0.013750000000000002
2 0.31124999999999997 0.29375 0.01625 0.00625
2 0.31375000000000003 0.28875 0.015 0.008749999999999999
2 0.31625000000000003 0.28312499999999996 0.013750000000000002 0.01
2 0.316875 0.27718750000000003 0.015 0.0075
2 0.316875 0.2725 0.015 0.0075
2 0.31843750000000004 0.26687500000000003 0.015 0.008749999999999999
2 0.1765625 0.2965625 0.01875 0.008749999999999999
2 0.25906250000000003 0.256875 0.015 0.02
2 0.24906250000000002 0.25406249999999997 0.013750000000000002 0.017499999999999998
2 0.1209375 0.1925 0.013750000000000002 0.01
2 0.1546875 0.2690625 0.0125 0.01
2 0.15437499999999998 0.27625 0.015 0.008749999999999999
2 0.1515625 0.28250000000000003 0.0125 0.008749999999999999
2 0.14906250000000001 0.2896875 0.013750000000000002 0.0075
2 0.14750000000000002 0.2975 0.013750000000000002 0.0075
2 0.0265625 0.23718750000000002 0.0125 0.008749999999999999
2 0.0209375 0.2296875 0.013750000000000002 0.00625
2 0.1684375 0.27468750000000003 0.015 0.008749999999999999
2 0.16625 0.2803125 0.013750000000000002 0.0075
2 0.16343749999999999 0.2865625 0.01125 0.0075
2 0.1615625 0.294375 0.013750000000000002 0.0075
2 0.18375 0.2703125 0.017499999999999998 0.01875
2 0.18937500000000002 0.265 0.01625 0.017499999999999998
2 0.195 0.26187499999999997 0.015 0.017499999999999998
2 0.20437500000000003 0.2625 0.015 0.01875
2 0.21125 0.26187499999999997 0.01625 0.017499999999999998
2 0.2190625 0.2625 0.01625 0.01875
2 0.22593749999999999 0.2584375 0.017499999999999998 0.02
2 0.23562500000000003 0.25625 0.015 0.01875
2 0.241875 0.255625 0.015 0.017499999999999998
2 0.3590625 0.3721875 0.008749999999999999 0.01625
2 0.31124999999999997 0.3571875 0.01 0.017499999999999998
2 0.551875 0.42781250000000004 0.01 0.015
2 0.6465625 0.45406250000000004 0.008749999999999999 0.017499999999999998
2 0.650625 0.4346875 0.0075 0.01625
2 0.7846875 0.4653125 0.01 0.015
2 0.9512499999999999 0.5425 0.008749999999999999 0.01625
2 0.9621875 0.5446875 0.008749999999999999 0.017499999999999998
2 0.9684375 0.5990624999999999 0.008749999999999999 0.013750000000000002
2 0.8256249999999999 0.844375 0.0075 0.013750000000000002
