2 0.42718749999999994 0.141875 0.013750000000000002 0.027500000000000004
2 0.4828125 0.0453125 0.01875 0.025
2 0.6643749999999999 0.08687500000000001 0.01 0.02375
2 0.6525000000000001 0.0859375 0.01125 0.01875
2 0.639375 0.0865625 0.01 0.026250000000000002
2 0.6284375 0.08625000000000001 0.01 0.0225
2 0.6159375 0.084375 0.01 0.025
2 0.5912499999999999 0.0803125 0.013750000000000002 0.026250000000000002
2 0.6034375 0.08562499999999999 0.01 0.027500000000000004
2 0.57875 0.078125 0.013750000000000002 0.025
2 0.5678124999999999 0.076875 0.013750000000000002 0.0225
2 0.5549999999999999 0.075 0.01625 0.025
2 0.5275000000000001 0.065625 0.017499999999999998 0.025
2 0.5165625 0.058750000000000004 0.017499999999999998 0.02375
2 0.505 0.0546875 0.01625 0.025
2 0.475 0.0390625 0.01875 0.025
2 0.595 0.1471875 0.008749999999999999 0.0225
2 0.393125 0.07625 0.01125 0.027500000000000004
2 0.38 0.071875 0.01 0.025
2 0.365 0.07125000000000001 0.01125 0.02375
2 0.3525 0.071875 0.01125 0.025
2 0.340625 0.07062500000000001 0.0125 0.0225
2 0.3284375 0.07062500000000001 0.01 0.0225
2 0.58375 0.14625 0.01125 0.02375
2 0.6453125 0.1521875 0.0125 0.026250000000000002
2 0.4140625 0.13999999999999999 0.0125 0.03
2 0.6068749999999999 0.14750000000000002 0.013750000000000002 0.026250000000000002
2 0.40062499999999995 0.13999999999999999 0.013750000000000002 0.03
2 0.6046875 0.0046875 0.0125 0.00625
2 0.47437500000000005 0.138125 0.01125 0.026250000000000002
2 0.48687500000000006 0.1390625 0.01125 0.025
2 0.521875 0.144375 0.0125 0.026250000000000002
2 0.54625 0.148125 0.01125 0.027500000000000004
2 0.5599999999999999 0.14875 0.013750000000000002 0.028749999999999998
2 0.6196875000000001 0.14750000000000002 0.01125 0.026250000000000002
2 0.7203125 0.1509375 0.0125 0.03
2 0.631875 0.1484375 0.013750000000000002 0.025
2 0.6578125 0.1525 0.0125 0.02375
2 0.6809375 0.1515625 0.015 0.025
2 0.6946875 0.1525 0.01125 0.02375
2 0.1653125 0.32875 0.015 0.026250000000000002
2 0.6837500000000001 0.6487499999999999 0.01125 0.028749999999999998
2 0.6975 0.6481250000000001 0.013750000000000002 0.027500000000000004
2 0.7112499999999999 0.6487499999999999 0.01625 0.028749999999999998
2 0.6696875 0.15031250000000002 0.01125 0.0225
2 0.510625 0.1403125 0.008749999999999999 0.021249999999999998
2 0.48375 0.693125 0.01125 0.02375
2 0.4925 0.608125 0.01 0.0225
