2 0.536875 0.441875 0.017499999999999998 0.027500000000000004
2 0.210625 0.35625 0.015 0.025
2 0.198125 0.3559375 0.015 0.027500000000000004
2 0.185 0.3628125 0.013750000000000002 0.0225
2 0.078125 0.36843750000000003 0.0125 0.027500000000000004
2 0.13374999999999998 0.3253125 0.01125 0.0225
2 0.04625 0.16625 0.02375 0.026250000000000002
2 0.175625 0.0859375 0.026250000000000002 0.025
2 0.0821875 0.0725 0.01125 0.026250000000000002
2 0.18 0.055937499999999994 0.028749999999999998 0.027500000000000004
2 0.185 0.027500000000000004 0.026250000000000002 0.02375
2 0.2359375 0.3521875 0.01875 0.026250000000000002
2 0.22374999999999998 0.35281250000000003 0.01625 0.027500000000000004
2 0.2603125 0.346875 0.017499999999999998 0.025
2 0.0303125 0.1871875 0.02 0.021249999999999998
2 0.28312499999999996 0.5912499999999999 0.01625 0.026250000000000002
2 0.03375 0.1209375 0.02375 0.026250000000000002
2 0.03 0.725625 0.028749999999999998 0.013750000000000002
2 0.06875 0.6331249999999999 0.0125 0.028749999999999998
2 0.1840625 0.6059375 0.015 0.027500000000000004
2 0.2084375 0.6025 0.013750000000000002 0.03
2 0.2225 0.603125 0.013750000000000002 0.025
2 0.23500000000000001 0.5990624999999999 0.013750000000000002 0.026250000000000002
2 0.248125 0.5946875 0.015 0.03
2 0.23343750000000002 0.44375 0.013750000000000002 0.025
2 0.29812500000000003 0.34125 0.015 0.026250000000000002
2 0.248125 0.44375 0.015 0.025
2 0.40437500000000004 0.38406250000000003 0.015 0.021249999999999998
2 0.35562499999999997 0.39375 0.017499999999999998 0.03125
2 0.24312499999999998 0.41656250000000006 0.017499999999999998 0.03
2 0.268125 0.406875 0.017499999999999998 0.026250000000000002
2 0.30843750000000003 0.375625 0.026250000000000002 0.013750000000000002
2 0.3975 0.3228125 0.013750000000000002 0.02375
2 0.385 0.3271875 0.013750000000000002 0.026250000000000002
2 0.3725 0.3265625 0.013750000000000002 0.025
2 0.3225 0.3390625 0.013750000000000002 0.025
