2 0.453125 0.59875 0.0125 0.0225
2 0.348125 0.1046875 0.021249999999999998 0.0125
2 0.2296875 0.215625 0.025 0.0125
2 0.2340625 0.20249999999999999 0.027500000000000004 0.01125
2 0.23374999999999999 0.190625 0.02375 0.0125
2 0.1734375 0.21000000000000002 0.025 0.013750000000000002
2 0.171875 0.1975 0.025 0.013750000000000002
2 0.174375 0.184375 0.02375 0.0125
2 0.1765625 0.171875 0.025 0.0125
2 0.258125 0.1390625 0.0225 0.0125
2 0.17906249999999999 0.134375 0.02375 0.0125
2 0.34968750000000004 0.078125 0.021249999999999998 0.0125
2 0.34249999999999997 0.1565625 0.0225 0.01
2 0.23562500000000003 0.11187499999999999 0.021249999999999998 0.01125
2 0.265 0.05 0.02375 0.0125
2 0.25593750000000004 0.215625 0.021249999999999998 0.0125
2 0.3415625 0.18031250000000001 0.02375 0.013750000000000002
2 0.45531249999999995 0.5349999999999999 0.013750000000000002 0.026250000000000002
2 0.40125 0.20875 0.021249999999999998 0.01125
2 0.4625 0.388125 0.0125 0.026250000000000002
2 0.575 0.0684375 0.01875 0.027500000000000004
2 0.559375 0.0721875 0.01875 0.0225
2 0.526875 0.068125 0.0225 0.03
2 0.465625 0.2734375 0.0125 0.025
2 0.46968750000000004 0.16625 0.01125 0.026250000000000002
2 0.403125 0.1203125 0.025 0.0125
2 0.34625 0.24625 0.02375 0.01125
2 0.3175 0.24375 0.0225 0.0125
2 0.17375000000000002 0.236875 0.0225 0.01125
2 0.34562499999999996 0.1921875 0.0225 0.0125
2 0.23156249999999998 0.24 0.0225 0.01125
2 0.25656249999999997 0.23937499999999998 0.0225 0.01
2 0.2578125 0.226875 0.025 0.01
2 0.3415625 0.231875 0.02375 0.013750000000000002
2 0.399375 0.196875 0.02375 0.0125
2 0.3146875 0.22937500000000002 0.026250000000000002 0.015
2 0.343125 0.21812499999999999 0.017499999999999998 0.01125
2 0.316875 0.2046875 0.021249999999999998 0.0125
2 0.318125 0.18 0.02375 0.01625
2 0.4015625 0.16999999999999998 0.025 0.015
2 0.55125 0.0303125 0.021249999999999998 0.02
