2 0.44437499999999996 0.017499999999999998 0.02 0.01
2 0.37625000000000003 0.77125 0.008749999999999999 0.02375
2 0.41187500000000005 0.7175 0.01125 0.028749999999999998
2 0.40031249999999996 0.7196875 0.01 0.02375
2 0.38687499999999997 0.7184375000000001 0.01125 0.021249999999999998
2 0.3759375 0.7171875 0.01125 0.01875
2 0.364375 0.7178125 0.01 0.02
2 0.2784375 0.7150000000000001 0.01 0.02375
2 0.265 0.7109375 0.01125 0.025
2 0.25656249999999997 0.714375 0.01 0.0225
2 0.23374999999999999 0.7162499999999999 0.01125 0.026250000000000002
2 0.03875 0.035625000000000004 0.021249999999999998 0.027500000000000004
2 0.07125000000000001 0.049062499999999995 0.02375 0.0325
2 0.011875 0.0984375 0.017499999999999998 0.03125
2 0.0240625 0.0696875 0.02 0.02375
2 0.39 0.77125 0.01125 0.02375
2 0.32937500000000003 0.7681250000000001 0.008749999999999999 0.02375
2 0.395 0.015625 0.021249999999999998 0.0125
2 0.31656249999999997 0.7671875 0.01125 0.025
2 0.3671875 0.014374999999999999 0.025 0.01
2 0.344375 0.013750000000000002 0.026250000000000002 0.008749999999999999
2 0.3046875 0.0134375 0.025 0.01125
2 0.2703125 0.0125 0.025 0.0125
2 0.213125 0.7931250000000001 0.013750000000000002 0.02375
2 0.2578125 0.790625 0.0125 0.025
2 0.23374999999999999 0.7921875 0.01125 0.025
2 0.24625 0.8421875 0.01125 0.025
2 0.22000000000000003 0.8421875 0.008749999999999999 0.025
2 0.23343750000000002 0.843125 0.0075 0.02375
2 0.29812500000000003 0.8462500000000001 0.008749999999999999 0.02375
2 0.308125 0.8471875000000001 0.01 0.0225
2 0.339375 0.8465624999999999 0.01 0.021249999999999998
2 0.370625 0.8462500000000001 0.01 0.02375
2 0.3825 0.8474999999999999 0.008749999999999999 0.026250000000000002
2 0.375 0.7931250000000001 0.0125 0.02375
2 0.2984375 0.7921875 0.0125 0.025
2 0.2709375 0.79125 0.013750000000000002 0.026250000000000002
2 0.24625 0.7659374999999999 0.01125 0.0225
2 0.258125 0.7678125 0.01 0.02
2 0.353125 0.7715625 0.0125 0.021249999999999998
2 0.32125 0.79375 0.01125 0.025
2 0.3053125 0.765 0.013750000000000002 0.02375
2 0.21531250000000002 0.009375 0.021249999999999998 0.0125
