2 0.93875 0.720625 0.015 0.01625
2 0.9128125 0.6068749999999999 0.01625 0.0075
2 0.9121874999999999 0.6234375 0.015 0.00625
2 0.913125 0.6287499999999999 0.013750000000000002 0.0075
2 0.915 0.6359375 0.01125 0.00625
2 0.8771875 0.6178125 0.013750000000000002 0.0075
2 0.8787499999999999 0.61 0.013750000000000002 0.0075
2 0.875625 0.5756249999999999 0.013750000000000002 0.0075
2 0.8765625 0.5828125 0.0125 0.00625
2 0.8625 0.5912499999999999 0.0125 0.0075
2 0.8640625 0.5984375 0.0125 0.00625
2 0.865 0.6046875 0.01125 0.00625
2 0.8640625 0.6115625 0.0125 0.0075
2 0.85875 0.6375 0.02375 0.01875
2 0.9896874999999999 0.755 0.02 0.01625
2 0.8949999999999999 0.71 0.008749999999999999 0.013750000000000002
2 0.889375 0.7140625 0.01 0.0125
2 0.8790625000000001 0.721875 0.01125 0.0125
2 0.9053125 0.7034374999999999 0.013750000000000002 0.01625
2 0.92875 0.6925 0.013750000000000002 0.01625
2 0.9128125 0.5953125 0.01625 0.00625
2 0.911875 0.588125 0.017499999999999998 0.0075
2 0.9121874999999999 0.58125 0.015 0.00625
2 0.9106249999999999 0.568125 0.015 0.005
2 0.9112500000000001 0.55375 0.01625 0.0075
2 0.9103125000000001 0.5615625 0.017499999999999998 0.0075
2 0.9378125 0.70125 0.01625 0.015
2 0.9337500000000001 0.725625 0.01125 0.013750000000000002
2 0.9275 0.7278125 0.01125 0.015
2 0.9824999999999999 0.9834375 0.015 0.0075
2 0.9650000000000001 0.9875 0.01125 0.00625
2 0.9400000000000001 0.9875 0.01125 0.00625
2 0.996875 0.98375 0.00625 0.01125
2 0.7765625 0.7815624999999999 0.0125 0.01625
2 0.91625 0.7340625000000001 0.013750000000000002 0.015
2 0.9 0.7434375 0.01875 0.021249999999999998
2 0.8400000000000001 0.7459374999999999 0.01125 0.013750000000000002
2 0.8625 0.7309375 0.0125 0.015
2 0.8243750000000001 0.7553124999999999 0.01125 0.013750000000000002
2 0.8143750000000001 0.7625 0.01 0.0125
2 0.8025 0.7671875 0.01125 0.0125
2 0.795625 0.771875 0.01 0.0125
2 0.8462500000000001 0.778125 0.01125 0.0125
2 0.6853125 0.840625 0.01125 0.0125
2 0.840625 0.7834375 0.0125 0.013750000000000002
2 0.8790625000000001 0.756875 0.01125 0.013750000000000002
2 0.8640625 0.77 0.0125 0.015
2 0.7268749999999999 0.8168749999999999 0.01 0.015
2 0.7359375 0.8106249999999999 0.0125 0.015
2 0.72 0.8178124999999999 0.008749999999999999 0.013750000000000002
2 0.7146874999999999 0.8225 0.0075 0.013750000000000002
2 0.70875 0.82875 0.01125 0.013750000000000002
2 0.41375 0.996875 0.008749999999999999 0.00625
2 0.42062499999999997 0.99375 0.01 0.0125
2 0.48312499999999997 0.95625 0.01 0.0125
2 0.5415625000000001 0.9193749999999999 0.01125 0.013750000000000002
2 0.536875 0.9234375 0.01125 0.0125
2 0.533125 0.92875 0.01 0.013750000000000002
2 0.526875 0.93125 0.01 0.0125
2 0.521875 0.9356249999999999 0.0125 0.015
2 0.5159374999999999 0.936875 0.01 0.01125
2 0.5103125000000001 0.9412499999999999 0.01125 0.013750000000000002
2 0.499375 0.9484375 0.01125 0.0125
2 0.478125 0.9615625 0.0125 0.013750000000000002
2 0.428125 0.990625 0.0125 0.0125
2 0.465 0.9678125 0.01125 0.013750000000000002
2 0.4765625 0.8546875 0.0125 0.0125
2 0.46781249999999996 0.8612500000000001 0.013750000000000002 0.01
2 0.46218750000000003 0.868125 0.015 0.01125
2 0.4534375 0.8753125 0.01625 0.01
2 0.43375 0.8862500000000001 0.017499999999999998 0.01
2 0.44312500000000005 0.9809374999999999 0.01125 0.015
2 0.43218750000000006 0.9859375 0.01125 0.0125
2 0.1315625 0.9890625 0.01 0.0125
2 0.9262499999999999 0.4646875 0.008749999999999999 0.03875
2 0.905 0.4803125 0.01 0.045
2 0.82 0.531875 0.008749999999999999 0.03875
2 0.8637499999999999 0.3915625 0.027500000000000004 0.03625
2 0.8387499999999999 0.4078125 0.027500000000000004 0.0375
2 0.8121875 0.42437500000000006 0.027500000000000004 0.03625
2 0.795625 0.43375 0.028749999999999998 0.03625
2 0.7415625 0.46312499999999995 0.02375 0.0325
2 0.7178125 0.48312499999999997 0.026250000000000002 0.034999999999999996
2 0.6746875 0.5078125 0.027500000000000004 0.0375
2 0.6496875 0.524375 0.027500000000000004 0.03625
2 0.5496875 0.586875 0.027500000000000004 0.03625
2 0.425625 0.8121875 0.045 0.015
2 0.37687499999999996 0.838125 0.0475 0.02
2 0.3671875 0.8471875000000001 0.04375 0.01625
2 0.3671875 0.8643750000000001 0.03125 0.01
2 0.21937500000000001 0.8121875 0.05125 0.021249999999999998
2 0.2090625 0.81875 0.04 0.01875
2 0.1990625 0.8262499999999999 0.045 0.021249999999999998
2 0.9153125 0.359375 0.027500000000000004 0.0375
2 0.9237500000000001 0.353125 0.028749999999999998 0.0375
2 0.043125000000000004 0.8331250000000001 0.01125 0.01625
2 0.123125 0.99 0.008749999999999999 0.01125
2 0.014374999999999999 0.8787499999999999 0.01 0.013750000000000002
2 0.1134375 0.92125 0.017499999999999998 0.02375
2 0.02375 0.899375 0.01625 0.02375
2 0.0325 0.89875 0.015 0.0225
2 0.055625 0.89 0.017499999999999998 0.02375
2 0.033125 0.866875 0.01 0.015
2 0.036875000000000005 0.8365625 0.01125 0.013750000000000002
2 0.09812499999999999 0.82 0.015 0.021249999999999998
2 0.9059375 0.991875 0.04625 0.015
2 0.685625 0.14625 0.027500000000000004 0.03625
2 0.54875 0.9171875 0.01 0.0125
2 0.553125 0.913125 0.0125 0.013750000000000002
2 0.5603125 0.9109375 0.01125 0.0125
2 0.6174999999999999 0.9 0.01625 0.0125
2 0.5821875000000001 0.985 0.01125 0.013750000000000002
2 0.6025 0.9721875000000001 0.01125 0.01625
2 0.6103125 0.9675 0.01125 0.01625
2 0.5590625 0.9949999999999999 0.008749999999999999 0.008749999999999999
2 0.5506249999999999 0.9978125 0.0075 0.005
2 0.749375 0.8412499999999999 0.01125 0.013750000000000002
2 0.8134375 0.7975 0.01125 0.013750000000000002
2 0.7975 0.809375 0.013750000000000002 0.0125
2 0.735625 0.8487500000000001 0.008749999999999999 0.01625
2 0.7296875 0.8521875 0.00625 0.013750000000000002
2 0.7259375 0.853125 0.01125 0.0125
2 0.7196875 0.85875 0.01125 0.01125
2 0.7150000000000001 0.86 0.01125 0.013750000000000002
2 0.708125 0.8653124999999999 0.01 0.015
2 0.703125 0.8675 0.0125 0.01625
2 0.6 0.9396875 0.0125 0.013750000000000002
2 0.5540625 0.9503125000000001 0.01125 0.01625
2 0.5446875 0.9724999999999999 0.01125 0.013750000000000002
2 0.5493750000000001 0.9678125 0.01125 0.013750000000000002
2 0.555625 0.9653124999999999 0.01125 0.015
2 0.564375 0.9568749999999999 0.01 0.013750000000000002
2 0.5725 0.9559374999999999 0.013750000000000002 0.015
2 0.583125 0.946875 0.01 0.0125
2 0.6071875 0.93625 0.01125 0.01625
2 0.5650000000000001 0.944375 0.01125 0.013750000000000002
2 0.5384375 0.960625 0.01125 0.015
2 0.571875 0.9412499999999999 0.0125 0.013750000000000002
2 0.5806250000000001 0.9334374999999999 0.01125 0.013750000000000002
2 0.5878125 0.928125 0.01 0.0125
2 0.5925 0.9271874999999999 0.01 0.013750000000000002
2 0.599375 0.923125 0.01125 0.015
2 0.6384375 0.9275 0.01125 0.01125
2 0.6284375 0.91875 0.01625 0.0125
2 0.6228125 0.905 0.01125 0.01
2 0.5440625 0.9584374999999999 0.01 0.013750000000000002
2 0.5321875 0.9653124999999999 0.01125 0.015
2 0.48687500000000006 0.9903124999999999 0.01125 0.015
2 0.47000000000000003 0.996875 0.008749999999999999 0.00625
2 0.4815625 0.9928125 0.01 0.013750000000000002
2 0.490625 0.9862500000000001 0.0125 0.01625
2 0.5275000000000001 0.9678125 0.01125 0.013750000000000002
2 0.5046875 0.99375 0.0125 0.0125
2 0.5040625000000001 0.9803124999999999 0.01125 0.013750000000000002
2 0.51125 0.99125 0.01 0.013750000000000002
2 0.5096875 0.9778125 0.01 0.015
2 0.5165625 0.9890625 0.01125 0.0125
2 0.514375 0.9724999999999999 0.01 0.013750000000000002
2 0.5275000000000001 0.9834375 0.01125 0.013750000000000002
2 0.533125 0.978125 0.01 0.0125
2 0.996875 0.63625 0.00625 0.01
2 0.9956250000000001 0.64125 0.01 0.013750000000000002
2 0.990625 0.6443749999999999 0.0125 0.013750000000000002
2 0.984375 0.6475 0.0125 0.013750000000000002
2 0.9759375 0.6537499999999999 0.01125 0.013750000000000002
2 0.99 0.6599999999999999 0.01125 0.013750000000000002
2 0.9949999999999999 0.65625 0.008749999999999999 0.0125
2 0.9893750000000001 0.609375 0.01 0.0125
2 0.9956250000000001 0.6046875 0.01 0.0125
2 0.9853125 0.6125 0.01125 0.0125
2 0.9775 0.6153125 0.01125 0.015
2 0.9728125000000001 0.6184375 0.01125 0.015
2 0.9675 0.62375 0.01 0.01625
2 0.9628125000000001 0.62625 0.01 0.015
2 0.9574999999999999 0.6415625 0.015 0.01125
2 0.99 0.5396875 0.01125 0.013750000000000002
2 0.9959374999999999 0.5359375 0.0075 0.0125
2 0.943125 0.5349999999999999 0.01125 0.013750000000000002
2 0.9493750000000001 0.5303125 0.01125 0.013750000000000002
2 0.9550000000000001 0.5265625 0.01 0.0125
2 0.9596875 0.5228125 0.01 0.01125
2 0.9959374999999999 0.5 0.0075 0.0125
2 0.9934375 0.503125 0.008749999999999999 0.0125
2 0.9868750000000001 0.506875 0.01125 0.013750000000000002
2 0.9815625000000001 0.5109375 0.01 0.0125
2 0.976875 0.515 0.01 0.01125
2 0.9706250000000001 0.5165625 0.01 0.01125
2 0.9650000000000001 0.5215625 0.01125 0.015
2 0.9978125 0.5853125 0.005 0.01125
2 0.9884375000000001 0.5928125 0.01125 0.013750000000000002
2 0.9946875000000001 0.5912499999999999 0.01125 0.013750000000000002
2 0.98375 0.5974999999999999 0.01125 0.013750000000000002
2 0.9884375000000001 0.556875 0.01125 0.013750000000000002
2 0.996875 0.5490625 0.00625 0.013750000000000002
2 0.993125 0.5543750000000001 0.01125 0.015
2 0.98375 0.5599999999999999 0.01125 0.013750000000000002
2 0.9775 0.5996875 0.01125 0.015
2 0.976875 0.5640625 0.01 0.0125
2 0.9715624999999999 0.5684375 0.008749999999999999 0.015
2 0.9659375000000001 0.5703125 0.01 0.0125
2 0.9621875 0.5756249999999999 0.008749999999999999 0.013750000000000002
2 0.9559374999999999 0.5771875 0.008749999999999999 0.013750000000000002
2 0.960625 0.6115625 0.008749999999999999 0.013750000000000002
2 0.9650000000000001 0.60625 0.01125 0.0125
2 0.9712500000000001 0.603125 0.01125 0.0125
2 0.191875 0.838125 0.04625 0.02
2 0.36875 0.6903125 0.01875 0.027500000000000004
2 0.6103125 0.5378125 0.01125 0.01625
