2 0.44312500000000005 0.615 0.02375 0.01125
2 0.436875 0.5196875000000001 0.02375 0.01125
2 0.43562500000000004 0.5084375 0.021249999999999998 0.013750000000000002
2 0.43499999999999994 0.4959375 0.026250000000000002 0.013750000000000002
2 0.4340625 0.4796875 0.021249999999999998 0.0125
2 0.4325 0.4659375 0.021249999999999998 0.01
2 0.428125 0.45562500000000006 0.025 0.01125
2 0.4265625 0.44343750000000004 0.025 0.008749999999999999
2 0.445625 0.623125 0.0225 0.008749999999999999
2 0.43875000000000003 0.5328125 0.021249999999999998 0.0125
2 0.4371875 0.5453125 0.021249999999999998 0.0125
2 0.4375 0.5571875000000001 0.025 0.01125
2 0.4578125 0.49749999999999994 0.0125 0.026250000000000002
2 0.028125 0.10500000000000001 0.0125 0.034999999999999996
2 0.03125 0.134375 0.0125 0.025
2 0.04 0.24156249999999999 0.01125 0.03
2 0.4225 0.7268749999999999 0.013750000000000002 0.0225
2 0.4515625 0.6609375 0.025 0.0125
2 0.4525 0.673125 0.02375 0.015
2 0.07875 0.868125 0.013750000000000002 0.02375
2 0.061250000000000006 0.62 0.01625 0.03375
2 0.055937499999999994 0.5237499999999999 0.015 0.028749999999999998
2 0.3978125 0.66875 0.01125 0.025
2 0.38687499999999997 0.548125 0.01125 0.027500000000000004
2 0.37875000000000003 0.45625 0.013750000000000002 0.03125
2 0.381875 0.48875 0.013750000000000002 0.027500000000000004
2 0.38375 0.52 0.01125 0.03375
2 0.3909375 0.609375 0.01 0.025
2 0.39187500000000003 0.579375 0.015 0.027500000000000004
2 0.48624999999999996 0.49375 0.01625 0.025
2 0.0059375 0.22218749999999998 0.008749999999999999 0.028749999999999998
2 0.8059375 0.414375 0.008749999999999999 0.0225
