2 0.205 0.8390625 0.0225 0.0125
2 0.33968750000000003 0.6103125 0.026250000000000002 0.04875
2 0.6775 0.276875 0.02375 0.0225
2 0.6996875 0.2984375 0.021249999999999998 0.01875
2 0.765625 0.29093749999999996 0.0125 0.0225
2 0.560625 0.30625 0.021249999999999998 0.025
2 0.354375 0.8409375000000001 0.027500000000000004 0.01
2 0.4525 0.8396874999999999 0.02375 0.013750000000000002
2 0.628125 0.83125 0.025 0.0125
2 0.7059375 0.8321875000000001 0.021249999999999998 0.01125
2 0.17281249999999998 0.8896875 0.02375 0.02
2 0.18937500000000002 0.8990625 0.0225 0.02
2 0.1978125 0.9140625 0.02375 0.01875
2 0.5734375 0.3128125 0.01875 0.0225
2 0.021562500000000002 0.60875 0.015 0.02375
2 0.09406250000000001 0.650625 0.01625 0.026250000000000002
2 0.18687499999999999 0.67875 0.01125 0.0325
2 0.159375 0.9168749999999999 0.01875 0.021249999999999998
