2 0.44312500000000005 0.665 0.02375 0.01125
2 0.436875 0.5696875 0.02375 0.01125
2 0.43562500000000004 0.5584374999999999 0.021249999999999998 0.013750000000000002
2 0.43499999999999994 0.5459375 0.026250000000000002 0.013750000000000002
2 0.4340625 0.5296875 0.021249999999999998 0.0125
2 0.4325 0.5159374999999999 0.021249999999999998 0.01
2 0.428125 0.505625 0.025 0.01125
2 0.4265625 0.49343750000000003 0.025 0.008749999999999999
2 0.445625 0.673125 0.0225 0.008749999999999999
2 0.43875000000000003 0.5828125 0.021249999999999998 0.0125
2 0.4371875 0.5953125 0.021249999999999998 0.0125
2 0.4375 0.6071875 0.025 0.01125
2 0.4578125 0.5475 0.0125 0.026250000000000002
2 0.028125 0.155 0.0125 0.034999999999999996
2 0.03125 0.184375 0.0125 0.025
2 0.04 0.2915625 0.01125 0.03
2 0.4225 0.776875 0.013750000000000002 0.0225
2 0.4515625 0.7109375 0.025 0.0125
2 0.4525 0.723125 0.02375 0.015
2 0.07875 0.9181250000000001 0.013750000000000002 0.02375
2 0.061250000000000006 0.67 0.01625 0.03375
2 0.055937499999999994 0.57375 0.015 0.028749999999999998
2 0.3978125 0.71875 0.01125 0.025
2 0.38687499999999997 0.598125 0.01125 0.027500000000000004
2 0.37875000000000003 0.50625 0.013750000000000002 0.03125
2 0.381875 0.5387500000000001 0.013750000000000002 0.027500000000000004
2 0.38375 0.5700000000000001 0.01125 0.03375
2 0.3909375 0.659375 0.01 0.025
2 0.39187500000000003 0.629375 0.015 0.027500000000000004
2 0.48624999999999996 0.54375 0.01625 0.025
2 0.0071874999999999994 0.270625 0.01125 0.034999999999999996
2 0.01875 0.05375 0.0125 0.026250000000000002
2 0.016875 0.0246875 0.015 0.027500000000000004
