2 0.93875 0.514375 0.015 0.01625
2 0.9128125 0.40062499999999995 0.01625 0.0075
2 0.9121874999999999 0.4171875 0.015 0.00625
2 0.913125 0.4225 0.013750000000000002 0.0075
2 0.915 0.4296875 0.01125 0.00625
2 0.8771875 0.41156249999999994 0.013750000000000002 0.0075
2 0.8787499999999999 0.40374999999999994 0.013750000000000002 0.0075
2 0.875625 0.369375 0.013750000000000002 0.0075
2 0.8765625 0.3765625 0.0125 0.00625
2 0.8625 0.385 0.0125 0.0075
2 0.8640625 0.3921875 0.0125 0.00625
2 0.865 0.3984375 0.01125 0.00625
2 0.8640625 0.40531249999999996 0.0125 0.0075
2 0.85875 0.43125 0.02375 0.01875
2 0.9896874999999999 0.54875 0.02 0.01625
2 0.8949999999999999 0.5037499999999999 0.008749999999999999 0.013750000000000002
2 0.889375 0.5078125 0.01 0.0125
2 0.8790625000000001 0.515625 0.01125 0.0125
2 0.9053125 0.4971875 0.013750000000000002 0.01625
2 0.92875 0.48624999999999996 0.013750000000000002 0.01625
2 0.9128125 0.3890625 0.01625 0.00625
2 0.911875 0.381875 0.017499999999999998 0.0075
2 0.9121874999999999 0.375 0.015 0.00625
2 0.9106249999999999 0.361875 0.015 0.005
2 0.9112500000000001 0.34750000000000003 0.01625 0.0075
2 0.9103125000000001 0.35531250000000003 0.017499999999999998 0.0075
2 0.9378125 0.495 0.01625 0.015
2 0.9337500000000001 0.5193749999999999 0.01125 0.013750000000000002
2 0.9275 0.5215625 0.01125 0.015
2 0.9453125 0.85375 0.00625 0.013750000000000002
2 0.9475 0.8671875 0.0075 0.0125
2 0.9421875 0.86875 0.00625 0.0125
2 0.9390625 0.85625 0.00625 0.0125
2 0.9262499999999999 0.8543749999999999 0.008749999999999999 0.015
2 0.9271874999999999 0.8671875 0.0075 0.0125
2 0.91875 0.866875 0.00625 0.015
2 0.9175000000000001 0.85375 0.01 0.013750000000000002
2 0.9084375 0.8578125 0.0075 0.0125
2 0.8953125 0.86 0.00625 0.013750000000000002
2 0.9434374999999999 0.818125 0.008749999999999999 0.017499999999999998
2 0.9771875 0.8162499999999999 0.0075 0.013750000000000002
2 0.9703125 0.8178124999999999 0.00625 0.013750000000000002
2 0.9818749999999999 0.8012499999999999 0.02 0.008749999999999999
2 0.9824999999999999 0.7771874999999999 0.015 0.0075
2 0.9650000000000001 0.78125 0.01125 0.00625
2 0.9400000000000001 0.78125 0.01125 0.00625
2 0.8543749999999999 0.803125 0.015 0.0125
2 0.925 0.8084374999999999 0.0125 0.0075
2 0.97625 0.85125 0.008749999999999999 0.015
2 0.996875 0.7775000000000001 0.00625 0.01125
2 0.7765625 0.5753125 0.0125 0.01625
2 0.91625 0.5278125 0.013750000000000002 0.015
2 0.9 0.5371875 0.01875 0.021249999999999998
2 0.8400000000000001 0.5396875 0.01125 0.013750000000000002
2 0.8625 0.5246875 0.0125 0.015
2 0.8243750000000001 0.5490625 0.01125 0.013750000000000002
2 0.8143750000000001 0.55625 0.01 0.0125
2 0.8025 0.5609375 0.01125 0.0125
2 0.795625 0.565625 0.01 0.0125
2 0.8462500000000001 0.571875 0.01125 0.0125
2 0.6853125 0.634375 0.01125 0.0125
2 0.840625 0.5771875 0.0125 0.013750000000000002
2 0.8790625000000001 0.5506249999999999 0.01125 0.013750000000000002
2 0.8640625 0.56375 0.0125 0.015
2 0.7268749999999999 0.610625 0.01 0.015
2 0.7359375 0.604375 0.0125 0.015
2 0.72 0.6115625 0.008749999999999999 0.013750000000000002
2 0.7146874999999999 0.61625 0.0075 0.013750000000000002
2 0.70875 0.6224999999999999 0.01125 0.013750000000000002
2 0.9365625 0.8196875 0.0075 0.017499999999999998
2 0.9215625 0.819375 0.008749999999999999 0.013750000000000002
2 0.9021874999999999 0.8278125 0.0075 0.015
2 0.01625 0.9284375 0.013750000000000002 0.01
2 0.3984375 0.8006249999999999 0.0125 0.013750000000000002
2 0.42062499999999997 0.8296875 0.01 0.0125
2 0.42750000000000005 0.8396874999999999 0.01125 0.013750000000000002
2 0.4503125 0.8221875000000001 0.01 0.01
2 0.4375 0.8162499999999999 0.0125 0.013750000000000002
2 0.4484375 0.8584375 0.0125 0.013750000000000002
2 0.4546875 0.85375 0.0125 0.013750000000000002
2 0.44312500000000005 0.8615625 0.01125 0.013750000000000002
2 0.43937499999999996 0.86625 0.01 0.013750000000000002
2 0.433125 0.868125 0.01 0.01125
2 0.42374999999999996 0.9678125 0.01625 0.013750000000000002
2 0.3953125 0.9868750000000001 0.0125 0.01125
2 0.38375 0.9728125000000001 0.01125 0.01125
2 0.378125 0.968125 0.0125 0.01125
2 0.346875 0.8465624999999999 0.0125 0.008749999999999999
2 0.3434375 0.8400000000000001 0.015 0.01125
2 0.3109375 0.849375 0.0125 0.01125
2 0.315625 0.8540625000000001 0.0125 0.01125
2 0.3171875 0.8596875 0.0125 0.01
2 0.384375 0.8256249999999999 0.0125 0.013750000000000002
2 0.41500000000000004 0.79375 0.01125 0.0125
2 0.42125 0.7887500000000001 0.01125 0.015
2 0.48312499999999997 0.75 0.01 0.0125
2 0.5415625000000001 0.713125 0.01125 0.013750000000000002
2 0.536875 0.7171875 0.01125 0.0125
2 0.533125 0.7224999999999999 0.01 0.013750000000000002
2 0.526875 0.725 0.01 0.0125
2 0.521875 0.729375 0.0125 0.015
2 0.5159374999999999 0.7306250000000001 0.01 0.01125
2 0.5103125000000001 0.735 0.01125 0.013750000000000002
2 0.499375 0.7421875 0.01125 0.0125
2 0.478125 0.7553124999999999 0.0125 0.013750000000000002
2 0.428125 0.784375 0.0125 0.0125
2 0.465 0.7615624999999999 0.01125 0.013750000000000002
2 0.4765625 0.6484375 0.0125 0.0125
2 0.46781249999999996 0.655 0.013750000000000002 0.01
2 0.46218750000000003 0.661875 0.015 0.01125
2 0.4534375 0.6690625 0.01625 0.01
2 0.43375 0.6799999999999999 0.017499999999999998 0.01
2 0.44312500000000005 0.7746875 0.01125 0.015
2 0.43218750000000006 0.7796875 0.01125 0.0125
2 0.029375000000000002 0.92125 0.015 0.01125
2 0.045 0.8115625 0.015 0.013750000000000002
2 0.8959374999999999 0.82875 0.0075 0.013750000000000002
2 0.1315625 0.7828125 0.01 0.0125
2 0.9262499999999999 0.2584375 0.008749999999999999 0.03875
2 0.905 0.2740625 0.01 0.045
2 0.82 0.325625 0.008749999999999999 0.03875
2 0.8637499999999999 0.1853125 0.027500000000000004 0.03625
2 0.8387499999999999 0.2015625 0.027500000000000004 0.0375
2 0.8121875 0.21812499999999999 0.027500000000000004 0.03625
2 0.795625 0.22749999999999998 0.028749999999999998 0.03625
2 0.7415625 0.256875 0.02375 0.0325
2 0.7178125 0.276875 0.026250000000000002 0.034999999999999996
2 0.6746875 0.3015625 0.027500000000000004 0.0375
2 0.6496875 0.318125 0.027500000000000004 0.03625
2 0.5496875 0.380625 0.027500000000000004 0.03625
2 0.425625 0.6059375 0.045 0.015
2 0.37687499999999996 0.631875 0.0475 0.02
2 0.3671875 0.6409374999999999 0.04375 0.01625
2 0.3671875 0.658125 0.03125 0.01
2 0.21937500000000001 0.6059375 0.05125 0.021249999999999998
2 0.2090625 0.6125 0.04 0.01875
2 0.1990625 0.62 0.045 0.021249999999999998
2 0.9153125 0.153125 0.027500000000000004 0.0375
2 0.9237500000000001 0.146875 0.028749999999999998 0.0375
2 0.043125000000000004 0.626875 0.01125 0.01625
2 0.123125 0.7837500000000001 0.008749999999999999 0.01125
2 0.014374999999999999 0.6725 0.01 0.013750000000000002
2 0.1134375 0.7150000000000001 0.017499999999999998 0.02375
2 0.02375 0.693125 0.01625 0.02375
2 0.0325 0.6925 0.015 0.0225
2 0.055625 0.6837500000000001 0.017499999999999998 0.02375
2 0.033125 0.660625 0.01 0.015
2 0.036875000000000005 0.6303124999999999 0.01125 0.013750000000000002
2 0.09812499999999999 0.61375 0.015 0.021249999999999998
2 0.9059375 0.7875 0.04625 0.01875
2 0.54875 0.7109375 0.01 0.0125
2 0.553125 0.7068749999999999 0.0125 0.013750000000000002
2 0.5603125 0.7046875 0.01125 0.0125
2 0.6174999999999999 0.69375 0.01625 0.0125
2 0.78 0.8746875 0.01625 0.015
2 0.7675 0.8834375 0.01625 0.013750000000000002
2 0.7496875000000001 0.900625 0.015 0.013750000000000002
2 0.7396874999999999 0.9099999999999999 0.013750000000000002 0.013750000000000002
2 0.729375 0.9225 0.015 0.013750000000000002
2 0.754375 0.9331250000000001 0.015 0.01625
2 0.7296875 0.945 0.0125 0.015
2 0.69375 0.9668749999999999 0.0125 0.015
2 0.6615624999999999 0.9884375000000001 0.013750000000000002 0.017499999999999998
2 0.66125 0.9709375 0.01625 0.02
2 0.628125 0.9262499999999999 0.0125 0.015
2 0.533125 0.9556250000000001 0.01625 0.01125
2 0.529375 0.9475 0.015 0.013750000000000002
2 0.5821875000000001 0.7787499999999999 0.01125 0.013750000000000002
2 0.6025 0.7659374999999999 0.01125 0.01625
2 0.6103125 0.76125 0.01125 0.01625
2 0.5603125 0.791875 0.01125 0.015
2 0.5525 0.7965625000000001 0.01125 0.015
2 0.5431250000000001 0.8021874999999999 0.01125 0.013750000000000002
2 0.7953125 0.8646874999999999 0.01875 0.013750000000000002
2 0.7931250000000001 0.835 0.017499999999999998 0.013750000000000002
2 0.78 0.8428125 0.01625 0.013750000000000002
2 0.749375 0.635 0.01125 0.013750000000000002
2 0.8881249999999999 0.8303125 0.0075 0.013750000000000002
2 0.8828125 0.8318749999999999 0.00625 0.013750000000000002
2 0.858125 0.8290625 0.01625 0.01125
2 0.875 0.8346875 0.00625 0.01625
2 0.86875 0.8359375 0.00625 0.0125
2 0.8625 0.8418749999999999 0.00625 0.015
2 0.8134375 0.5912499999999999 0.01125 0.013750000000000002
2 0.7975 0.603125 0.013750000000000002 0.0125
2 0.735625 0.6425 0.008749999999999999 0.01625
2 0.7653125000000001 0.85375 0.015 0.013750000000000002
2 0.7296875 0.6459374999999999 0.00625 0.013750000000000002
2 0.7259375 0.646875 0.01125 0.0125
2 0.7196875 0.6525000000000001 0.01125 0.01125
2 0.7150000000000001 0.6537499999999999 0.01125 0.013750000000000002
2 0.708125 0.6590625 0.01 0.015
2 0.703125 0.66125 0.0125 0.01625
2 0.845 0.8521875 0.015 0.013750000000000002
2 0.815625 0.850625 0.025 0.02
2 0.5900000000000001 0.8675 0.01125 0.01
2 0.5275000000000001 0.8115625 0.01125 0.013750000000000002
2 0.52125 0.8146875 0.01125 0.013750000000000002
2 0.6 0.7334375 0.0125 0.013750000000000002
2 0.5540625 0.7440625 0.01125 0.01625
2 0.5446875 0.76625 0.01125 0.013750000000000002
2 0.5493750000000001 0.7615624999999999 0.01125 0.013750000000000002
2 0.555625 0.7590625 0.01125 0.015
2 0.564375 0.750625 0.01 0.013750000000000002
2 0.5725 0.7496875000000001 0.013750000000000002 0.015
2 0.583125 0.740625 0.01 0.0125
2 0.6071875 0.73 0.01125 0.01625
2 0.5650000000000001 0.7381249999999999 0.01125 0.013750000000000002
2 0.5384375 0.754375 0.01125 0.015
2 0.571875 0.735 0.0125 0.013750000000000002
2 0.5806250000000001 0.7271875 0.01125 0.013750000000000002
2 0.5878125 0.721875 0.01 0.0125
2 0.5925 0.7209375 0.01 0.013750000000000002
2 0.599375 0.716875 0.01125 0.015
2 0.6384375 0.7212500000000001 0.01125 0.01125
2 0.6284375 0.7125 0.01625 0.0125
2 0.6228125 0.69875 0.01125 0.01
2 0.5440625 0.7521875 0.01 0.013750000000000002
2 0.5321875 0.7590625 0.01125 0.015
2 0.5159374999999999 0.8203125 0.01 0.0125
2 0.48687500000000006 0.7840625 0.01125 0.015
2 0.5096875 0.8225 0.01 0.013750000000000002
2 0.505 0.8265625 0.01 0.0125
2 0.4984375 0.828125 0.0125 0.0125
2 0.4828125 0.838125 0.0125 0.013750000000000002
2 0.46375 0.8478125000000001 0.008749999999999999 0.01125
2 0.4603125 0.8159375000000001 0.01125 0.01625
2 0.47125000000000006 0.7943749999999999 0.01125 0.013750000000000002
2 0.48218750000000005 0.7871875 0.01125 0.015
2 0.490625 0.78 0.0125 0.01625
2 0.5275000000000001 0.7615624999999999 0.01125 0.013750000000000002
2 0.5046875 0.7893749999999999 0.0125 0.01625
2 0.5040625000000001 0.7740625 0.01125 0.013750000000000002
2 0.51125 0.7849999999999999 0.01 0.013750000000000002
2 0.5096875 0.7715625 0.01 0.015
2 0.5165625 0.7828125 0.01125 0.0125
2 0.514375 0.76625 0.01 0.013750000000000002
2 0.5275000000000001 0.7771874999999999 0.01125 0.013750000000000002
2 0.533125 0.771875 0.01 0.0125
2 0.996875 0.43 0.00625 0.01
2 0.9956250000000001 0.43499999999999994 0.01 0.013750000000000002
2 0.990625 0.438125 0.0125 0.013750000000000002
2 0.984375 0.44125 0.0125 0.013750000000000002
2 0.9759375 0.44749999999999995 0.01125 0.013750000000000002
2 0.99 0.45375 0.01125 0.013750000000000002
2 0.9949999999999999 0.45 0.008749999999999999 0.0125
2 0.9893750000000001 0.403125 0.01 0.0125
2 0.9956250000000001 0.3984375 0.01 0.0125
2 0.9853125 0.40625 0.01125 0.0125
2 0.9775 0.4090625 0.01125 0.015
2 0.9728125000000001 0.41218750000000004 0.01125 0.015
2 0.9675 0.4175 0.01 0.01625
2 0.9628125000000001 0.42000000000000004 0.01 0.015
2 0.9574999999999999 0.43531250000000005 0.015 0.01125
2 0.99 0.3334375 0.01125 0.013750000000000002
2 0.9959374999999999 0.3296875 0.0075 0.0125
2 0.943125 0.32875 0.01125 0.013750000000000002
2 0.9493750000000001 0.32406250000000003 0.01125 0.013750000000000002
2 0.9550000000000001 0.3203125 0.01 0.0125
2 0.9596875 0.31656249999999997 0.01 0.01125
2 0.9959374999999999 0.29375 0.0075 0.0125
2 0.9934375 0.296875 0.008749999999999999 0.0125
2 0.9868750000000001 0.30062500000000003 0.01125 0.013750000000000002
2 0.9815625000000001 0.3046875 0.01 0.0125
2 0.976875 0.30874999999999997 0.01 0.01125
2 0.9706250000000001 0.3103125 0.01 0.01125
2 0.9650000000000001 0.3153125 0.01125 0.015
2 0.9978125 0.37906249999999997 0.005 0.01125
2 0.9884375000000001 0.38656250000000003 0.01125 0.013750000000000002
2 0.9946875000000001 0.385 0.01125 0.013750000000000002
2 0.98375 0.39125 0.01125 0.013750000000000002
2 0.9884375000000001 0.350625 0.01125 0.013750000000000002
2 0.996875 0.3428125 0.00625 0.013750000000000002
2 0.993125 0.348125 0.01125 0.015
2 0.98375 0.35375 0.01125 0.013750000000000002
2 0.9775 0.3934375 0.01125 0.015
2 0.976875 0.3578125 0.01 0.0125
2 0.9715624999999999 0.3621875 0.008749999999999999 0.015
2 0.9659375000000001 0.3640625 0.01 0.0125
2 0.9621875 0.369375 0.008749999999999999 0.013750000000000002
2 0.9559374999999999 0.37093750000000003 0.008749999999999999 0.013750000000000002
2 0.960625 0.40531249999999996 0.008749999999999999 0.013750000000000002
2 0.9650000000000001 0.4 0.01125 0.0125
2 0.9712500000000001 0.396875 0.01125 0.0125
2 0.191875 0.631875 0.04625 0.02
2 0.3703125 0.484375 0.01875 0.025
