2 0.7171875 0.9925 0.025 0.01
2 0.7084374999999999 0.73375 0.013750000000000002 0.02375
2 0.719375 0.7306250000000001 0.013750000000000002 0.02375
2 0.7778125 0.985625 0.027500000000000004 0.015
2 0.8209375 0.9793749999999999 0.026250000000000002 0.015
2 0.8465624999999999 0.9765625 0.027500000000000004 0.0125
2 0.9284375 0.9668749999999999 0.0225 0.015
2 0.9009375000000001 0.969375 0.02375 0.013750000000000002
2 0.8731249999999999 0.9724999999999999 0.027500000000000004 0.013750000000000002
2 0.9559374999999999 0.963125 0.027500000000000004 0.013750000000000002
2 0.923125 0.290625 0.015 0.025
2 0.87625 0.2390625 0.015 0.025
2 0.33468749999999997 0.9824999999999999 0.028749999999999998 0.015
2 0.3625 0.9803124999999999 0.03125 0.013750000000000002
2 0.39375 0.9793749999999999 0.025 0.015
2 0.745 0.9896874999999999 0.027500000000000004 0.013750000000000002
2 0.676875 0.9949999999999999 0.0225 0.008749999999999999
2 0.9878125000000001 0.95875 0.0225 0.01125
2 0.7171875 0.9925 0.025 0.01
2 0.7084374999999999 0.73375 0.013750000000000002 0.02375
2 0.719375 0.7306250000000001 0.013750000000000002 0.02375
2 0.7778125 0.985625 0.027500000000000004 0.015
2 0.8209375 0.9793749999999999 0.026250000000000002 0.015
2 0.8465624999999999 0.9765625 0.027500000000000004 0.0125
2 0.9284375 0.9668749999999999 0.0225 0.015
2 0.9009375000000001 0.969375 0.02375 0.013750000000000002
2 0.8731249999999999 0.9724999999999999 0.027500000000000004 0.013750000000000002
2 0.9559374999999999 0.963125 0.027500000000000004 0.013750000000000002
2 0.923125 0.290625 0.015 0.025
2 0.87625 0.2390625 0.015 0.025
2 0.33468749999999997 0.9824999999999999 0.028749999999999998 0.015
2 0.3625 0.9803124999999999 0.03125 0.013750000000000002
2 0.39375 0.9793749999999999 0.025 0.015
2 0.745 0.9896874999999999 0.027500000000000004 0.013750000000000002
2 0.676875 0.9949999999999999 0.0225 0.008749999999999999
2 0.9878125000000001 0.95875 0.0225 0.01125
