2 0.06875 0.79375 0.025 0.0125
2 0.06218749999999999 0.725 0.021249999999999998 0.03125
2 0.061250000000000006 0.0528125 0.0225 0.027500000000000004
2 0.07875 0.0053124999999999995 0.013750000000000002 0.0075
2 0.025937500000000002 0.8159375000000001 0.01125 0.0225
2 0.0696875 0.811875 0.02375 0.01125
2 0.0709375 0.8371875 0.026250000000000002 0.015
2 0.07375000000000001 0.8534375000000001 0.028749999999999998 0.01625
2 0.5084375 0.971875 0.013750000000000002 0.025
2 0.5115624999999999 0.9478125000000001 0.013750000000000002 0.02375
2 0.045 0.0565625 0.021249999999999998 0.0225
2 0.0728125 0.8778124999999999 0.02375 0.015
2 0.764375 0.73625 0.041249999999999995 0.028749999999999998
2 0.6275000000000001 0.8546875 0.017499999999999998 0.025
2 0.44749999999999995 0.8671875 0.026250000000000002 0.01875
2 0.0225 0.9890625 0.026250000000000002 0.01875
2 0.0759375 0.905 0.02375 0.01
2 0.0753125 0.890625 0.0225 0.0125
