2 0.54 0.19 0.01125 0.02375
2 0.52625 0.173125 0.015 0.027500000000000004
2 0.0709375 0.8440625 0.026250000000000002 0.0225
2 0.0871875 0.858125 0.015 0.0225
2 0.11000000000000001 0.8884375 0.013750000000000002 0.02375
2 0.12062500000000001 0.89625 0.01 0.02375
2 0.056874999999999995 0.8996875 0.02 0.015
2 0.064375 0.923125 0.0225 0.015
2 0.06687499999999999 0.9356249999999999 0.021249999999999998 0.015
2 0.0671875 0.9481249999999999 0.025 0.015
2 0.0709375 0.9625 0.026250000000000002 0.01875
2 0.0725 0.9731249999999999 0.026250000000000002 0.015
2 0.46187500000000004 0.9371875 0.017499999999999998 0.03375
2 0.44625000000000004 0.92125 0.01125 0.02375
2 0.4025 0.91625 0.01125 0.026250000000000002
2 0.4359375 0.86875 0.0125 0.025
2 0.4446875 0.690625 0.01125 0.025
2 0.4525 0.5409375 0.017499999999999998 0.028749999999999998
2 0.47750000000000004 0.49812500000000004 0.01125 0.027500000000000004
2 0.49000000000000005 0.40125 0.01125 0.027500000000000004
2 0.075 0.984375 0.025 0.0125
2 0.1 0.9859375 0.025 0.0125
