2 0.448125 0.88125 0.027500000000000004 0.025
2 0.49812500000000004 0.9053125 0.015 0.026250000000000002
2 0.0396875 0.0109375 0.02 0.01875
2 0.050624999999999996 0.0084375 0.02 0.013750000000000002
2 0.06281250000000001 0.0053124999999999995 0.01625 0.0075
2 0.028437499999999998 0.015 0.01625 0.02375
2 0.42125 0.9237500000000001 0.02375 0.034999999999999996
2 0.39 0.9390625 0.02375 0.03125
2 0.403125 0.929375 0.0375 0.04625
2 0.3778125 0.9509375 0.04 0.04875
2 0.365 0.9637499999999999 0.03 0.03375
