2 0.7278125 0.0775 0.027500000000000004 0.01125
2 0.7675 0.0796875 0.028749999999999998 0.0125
2 0.56375 0.0725 0.027500000000000004 0.013750000000000002
2 0.621875 0.07375000000000001 0.03125 0.01625
2 0.5118750000000001 0.128125 0.03 0.0125
2 0.5528125 0.13218749999999999 0.027500000000000004 0.01125
2 0.596875 0.1303125 0.025 0.013750000000000002
2 0.6325000000000001 0.13343750000000001 0.027500000000000004 0.013750000000000002
2 0.6628125 0.134375 0.028749999999999998 0.0125
2 0.7 0.13468750000000002 0.03125 0.01625
2 0.7462500000000001 0.135625 0.03625 0.015
2 0.7775000000000001 0.1153125 0.03625 0.015
2 0.785625 0.1390625 0.027500000000000004 0.0125
2 0.8275 0.1390625 0.03 0.0125
2 0.8825 0.13874999999999998 0.027500000000000004 0.015
2 0.704375 0.7325 0.015 0.027500000000000004
2 0.6743750000000001 0.729375 0.017499999999999998 0.027500000000000004
2 0.6015625 0.7290625000000001 0.0125 0.02375
2 0.5725 0.7334375 0.013750000000000002 0.026250000000000002
2 0.5443749999999999 0.7303124999999999 0.013750000000000002 0.026250000000000002
2 0.5443749999999999 0.7003125 0.013750000000000002 0.028749999999999998
2 0.516875 0.73 0.015 0.028749999999999998
2 0.501875 0.7278125 0.01625 0.027500000000000004
2 0.488125 0.7240624999999999 0.013750000000000002 0.026250000000000002
2 0.51625 0.6975 0.02 0.0325
2 0.49031250000000004 0.69375 0.015 0.03125
2 0.47375 0.7224999999999999 0.01625 0.0325
2 0.5278125 0.071875 0.027500000000000004 0.0125
2 0.48562500000000003 0.0709375 0.027500000000000004 0.013750000000000002
2 0.44718749999999996 0.0678125 0.034999999999999996 0.013750000000000002
2 0.079375 0.0740625 0.027500000000000004 0.013750000000000002
2 0.24874999999999997 0.12156249999999999 0.028749999999999998 0.015
2 0.40531249999999996 0.06625 0.026250000000000002 0.013750000000000002
2 0.2796875 0.12156249999999999 0.03125 0.015
2 0.315 0.121875 0.02375 0.0125
2 0.34500000000000003 0.12125 0.021249999999999998 0.01125
2 0.3871875 0.1240625 0.03375 0.013750000000000002
2 0.44343750000000004 0.128125 0.027500000000000004 0.0125
2 0.478125 0.12875 0.03125 0.013750000000000002
2 0.2340625 0.06 0.027500000000000004 0.013750000000000002
2 0.2684375 0.06 0.027500000000000004 0.013750000000000002
2 0.30625 0.06343750000000001 0.03125 0.01125
2 0.336875 0.065 0.02375 0.01125
2 0.37124999999999997 0.065625 0.03 0.0125
2 0.47750000000000004 0.6925 0.01125 0.028749999999999998
2 0.5646875 0.629375 0.013750000000000002 0.027500000000000004
2 0.54625 0.6259375 0.01125 0.03
2 0.288125 0.6912499999999999 0.013750000000000002 0.026250000000000002
2 0.40437500000000004 0.6240625 0.015 0.026250000000000002
2 0.3584375 0.7246875 0.013750000000000002 0.027500000000000004
2 0.35750000000000004 0.6940625 0.015 0.028749999999999998
2 0.344375 0.721875 0.013750000000000002 0.025
2 0.344375 0.6921875 0.013750000000000002 0.025
2 0.32875 0.6934375 0.013750000000000002 0.027500000000000004
2 0.315625 0.693125 0.0125 0.02375
2 0.32937500000000003 0.7240624999999999 0.015 0.026250000000000002
2 0.31625000000000003 0.723125 0.013750000000000002 0.027500000000000004
2 0.3025 0.7184375000000001 0.01125 0.027500000000000004
2 0.28718750000000004 0.7209375 0.015 0.026250000000000002
2 0.273125 0.720625 0.015 0.0225
2 0.3740625 0.6224999999999999 0.013750000000000002 0.026250000000000002
2 0.26 0.7178125 0.013750000000000002 0.026250000000000002
2 0.258125 0.685625 0.01625 0.027500000000000004
2 0.23125 0.6896875 0.0125 0.026250000000000002
2 0.2296875 0.714375 0.0125 0.0225
2 0.2146875 0.6900000000000001 0.013750000000000002 0.02375
2 0.2 0.684375 0.0125 0.025
2 0.2140625 0.7165625 0.0125 0.02375
2 0.20125 0.7128125 0.015 0.0225
2 0.18687499999999999 0.7125 0.01125 0.025
2 0.17250000000000001 0.713125 0.013750000000000002 0.026250000000000002
2 0.121875 0.7424999999999999 0.025 0.01625
2 0.38875000000000004 0.6215625 0.015 0.027500000000000004
2 0.3615625 0.6234375 0.013750000000000002 0.025
2 0.50625 0.62375 0.0125 0.028749999999999998
2 0.401875 0.6912499999999999 0.01625 0.026250000000000002
2 0.47781250000000003 0.62375 0.015 0.028749999999999998
2 0.44781250000000006 0.6221875 0.017499999999999998 0.028749999999999998
2 0.4178125 0.6234375 0.013750000000000002 0.025
2 0.460625 0.7246875 0.015 0.027500000000000004
2 0.4625 0.6946875 0.0125 0.02375
2 0.4325 0.7240624999999999 0.015 0.026250000000000002
2 0.416875 0.724375 0.015 0.03
2 0.44781250000000006 0.69375 0.017499999999999998 0.03125
2 0.4175 0.6934375 0.01625 0.027500000000000004
2 0.43218750000000006 0.693125 0.017499999999999998 0.03
2 0.40125 0.7212500000000001 0.015 0.02375
2 0.38875000000000004 0.6925 0.015 0.028749999999999998
2 0.3334375 0.623125 0.013750000000000002 0.027500000000000004
2 0.3871875 0.725 0.015 0.03125
2 0.37312500000000004 0.7234375 0.015 0.025
2 0.37374999999999997 0.69375 0.01625 0.03125
2 0.18875 0.615625 0.015 0.025
2 0.20437500000000003 0.6168750000000001 0.015 0.027500000000000004
2 0.2184375 0.6171875 0.015 0.025
2 0.23374999999999999 0.62 0.017499999999999998 0.027500000000000004
2 0.24562499999999998 0.6190625 0.01625 0.028749999999999998
2 0.260625 0.6224999999999999 0.015 0.026250000000000002
2 0.27531249999999996 0.620625 0.01625 0.028749999999999998
2 0.2896875 0.6215625 0.013750000000000002 0.027500000000000004
2 0.303125 0.618125 0.0125 0.02375
2 0.3196875 0.6171875 0.01125 0.025
2 0.24375 0.7162499999999999 0.0125 0.026250000000000002
