2 0.8996875 0.0775 0.027500000000000004 0.01125
2 0.9409375000000001 0.0796875 0.028749999999999998 0.0125
2 0.735625 0.0725 0.027500000000000004 0.013750000000000002
2 0.79375 0.07375000000000001 0.03125 0.01625
2 0.6837500000000001 0.128125 0.03 0.0125
2 0.7246875 0.13218749999999999 0.027500000000000004 0.01125
2 0.7703125 0.1303125 0.025 0.013750000000000002
2 0.804375 0.13343750000000001 0.027500000000000004 0.013750000000000002
2 0.83625 0.134375 0.028749999999999998 0.0125
2 0.871875 0.13468750000000002 0.03125 0.01625
2 0.9196875 0.135625 0.03625 0.015
2 0.9509375 0.1153125 0.03625 0.015
2 0.9590624999999999 0.1390625 0.027500000000000004 0.0125
2 0.991875 0.1390625 0.015 0.0125
2 0.87625 0.7325 0.015 0.027500000000000004
2 0.8462500000000001 0.729375 0.017499999999999998 0.027500000000000004
2 0.7734375 0.7290625000000001 0.0125 0.02375
2 0.744375 0.7334375 0.013750000000000002 0.026250000000000002
2 0.7162499999999999 0.7303124999999999 0.013750000000000002 0.026250000000000002
2 0.7162499999999999 0.7003125 0.013750000000000002 0.028749999999999998
2 0.68875 0.73 0.015 0.028749999999999998
2 0.67375 0.7278125 0.01625 0.027500000000000004
2 0.6599999999999999 0.7240624999999999 0.013750000000000002 0.026250000000000002
2 0.688125 0.6975 0.02 0.0325
2 0.6621875 0.69375 0.015 0.03125
2 0.6471875 0.7224999999999999 0.01625 0.0325
2 0.6996875 0.071875 0.027500000000000004 0.0125
2 0.6575 0.0709375 0.027500000000000004 0.013750000000000002
2 0.620625 0.0678125 0.034999999999999996 0.013750000000000002
2 0.2528125 0.0740625 0.027500000000000004 0.013750000000000002
2 0.4221875 0.12156249999999999 0.028749999999999998 0.015
2 0.57875 0.06625 0.026250000000000002 0.013750000000000002
2 0.4515625 0.12156249999999999 0.03125 0.015
2 0.4884375 0.121875 0.02375 0.0125
2 0.5184375 0.12125 0.021249999999999998 0.01125
2 0.5590625 0.1240625 0.03375 0.013750000000000002
2 0.6168750000000001 0.128125 0.027500000000000004 0.0125
2 0.65 0.12875 0.03125 0.013750000000000002
2 0.4059375 0.06 0.027500000000000004 0.013750000000000002
2 0.441875 0.06 0.027500000000000004 0.013750000000000002
2 0.478125 0.06343750000000001 0.03125 0.01125
2 0.50875 0.065 0.02375 0.01125
2 0.5431250000000001 0.065625 0.03 0.0125
2 0.649375 0.6925 0.01125 0.028749999999999998
2 0.7365625 0.629375 0.013750000000000002 0.027500000000000004
2 0.718125 0.6259375 0.01125 0.03
2 0.45999999999999996 0.6912499999999999 0.013750000000000002 0.026250000000000002
2 0.5778125000000001 0.6240625 0.015 0.026250000000000002
2 0.5303125 0.7246875 0.013750000000000002 0.027500000000000004
2 0.529375 0.6940625 0.015 0.028749999999999998
2 0.51625 0.721875 0.013750000000000002 0.025
2 0.51625 0.6921875 0.013750000000000002 0.025
2 0.5021875 0.6934375 0.013750000000000002 0.027500000000000004
2 0.4890625 0.693125 0.0125 0.02375
2 0.50125 0.7240624999999999 0.015 0.026250000000000002
2 0.488125 0.723125 0.013750000000000002 0.027500000000000004
2 0.47437500000000005 0.7184375000000001 0.01125 0.027500000000000004
2 0.460625 0.7209375 0.015 0.026250000000000002
2 0.44656250000000003 0.720625 0.015 0.0225
2 0.5475 0.6224999999999999 0.013750000000000002 0.026250000000000002
2 0.43187499999999995 0.7178125 0.013750000000000002 0.026250000000000002
2 0.43 0.685625 0.01625 0.027500000000000004
2 0.403125 0.6896875 0.0125 0.026250000000000002
2 0.403125 0.714375 0.0125 0.0225
2 0.38656250000000003 0.6900000000000001 0.013750000000000002 0.02375
2 0.371875 0.684375 0.0125 0.025
2 0.3859375 0.7165625 0.0125 0.02375
2 0.37312500000000004 0.7128125 0.015 0.0225
2 0.35875 0.7125 0.01125 0.025
2 0.3459375 0.713125 0.013750000000000002 0.026250000000000002
2 0.2959375 0.74375 0.026250000000000002 0.01875
2 0.560625 0.6215625 0.015 0.027500000000000004
2 0.5349999999999999 0.6234375 0.013750000000000002 0.025
2 0.678125 0.62375 0.0125 0.028749999999999998
2 0.57375 0.6912499999999999 0.01625 0.026250000000000002
2 0.6496875 0.62375 0.015 0.028749999999999998
2 0.6196875000000001 0.6221875 0.017499999999999998 0.028749999999999998
2 0.5912499999999999 0.6234375 0.013750000000000002 0.025
2 0.6325000000000001 0.7246875 0.015 0.027500000000000004
2 0.634375 0.6946875 0.0125 0.02375
2 0.604375 0.7240624999999999 0.015 0.026250000000000002
2 0.58875 0.724375 0.015 0.03
2 0.6196875000000001 0.69375 0.017499999999999998 0.03125
2 0.5909375 0.6934375 0.01625 0.027500000000000004
2 0.6056250000000001 0.693125 0.017499999999999998 0.03
2 0.573125 0.7212500000000001 0.015 0.02375
2 0.560625 0.6925 0.015 0.028749999999999998
2 0.5059375 0.62375 0.015 0.028749999999999998
2 0.560625 0.725 0.015 0.03125
2 0.545 0.7234375 0.015 0.025
2 0.545625 0.69375 0.01625 0.03125
2 0.36062500000000003 0.615625 0.015 0.025
2 0.3778125 0.6168750000000001 0.015 0.027500000000000004
2 0.39187500000000003 0.6171875 0.015 0.025
2 0.405625 0.62 0.017499999999999998 0.027500000000000004
2 0.4175 0.6190625 0.01625 0.028749999999999998
2 0.4340625 0.6224999999999999 0.015 0.026250000000000002
2 0.44875 0.620625 0.01625 0.028749999999999998
2 0.46218750000000003 0.6221875 0.015 0.028749999999999998
2 0.476875 0.6184375 0.01 0.021249999999999998
2 0.4915625 0.620625 0.01125 0.0225
2 0.4171875 0.716875 0.0125 0.027500000000000004
