2 0.714375 0.0984375 0.01625 0.025
2 0.23374999999999999 0.15 0.01125 0.025
2 0.34875 0.135625 0.01625 0.027500000000000004
2 0.3109375 0.1278125 0.0125 0.021249999999999998
2 0.28531249999999997 0.129375 0.01125 0.021249999999999998
2 0.2365625 0.1203125 0.013750000000000002 0.025
2 0.209375 0.1421875 0.0125 0.025
2 0.1846875 0.13999999999999999 0.01625 0.02375
2 0.159375 0.138125 0.0125 0.02
2 0.1996875 0.2084375 0.015 0.026250000000000002
2 0.2509375 0.2134375 0.01125 0.02375
2 0.2390625 0.21531250000000002 0.0125 0.021249999999999998
2 0.226875 0.2134375 0.01 0.02375
2 0.2146875 0.2109375 0.013750000000000002 0.025
2 0.35375 0.071875 0.013750000000000002 0.03125
2 0.271875 0.1275 0.0125 0.02375
2 0.221875 0.146875 0.0125 0.025
2 0.3209375 0.1540625 0.013750000000000002 0.02375
2 0.196875 0.1471875 0.0125 0.0225
2 0.1434375 0.139375 0.015 0.0225
2 0.2959375 0.15437499999999998 0.013750000000000002 0.021249999999999998
2 0.334375 0.15812500000000002 0.0125 0.0225
2 0.354375 0.042812499999999996 0.015 0.026250000000000002
2 0.27531249999999996 0.73875 0.01 0.021249999999999998
2 0.3359375 0.77625 0.0125 0.021249999999999998
2 0.321875 0.7759375000000001 0.0125 0.02375
2 0.309375 0.77 0.0125 0.021249999999999998
2 0.29625 0.77125 0.01125 0.017499999999999998
2 0.274375 0.7653125000000001 0.01125 0.021249999999999998
2 0.26156250000000003 0.210625 0.013750000000000002 0.027500000000000004
2 0.7162499999999999 0.0740625 0.013750000000000002 0.026250000000000002
2 0.7106250000000001 0.1775 0.015 0.02375
2 0.681875 0.1834375 0.013750000000000002 0.026250000000000002
2 0.7015625 0.25125000000000003 0.0125 0.021249999999999998
2 0.6884375 0.2503125 0.01125 0.0225
2 0.6756249999999999 0.2484375 0.013750000000000002 0.025
2 0.65125 0.24562499999999998 0.015 0.0225
2 0.625625 0.2425 0.013750000000000002 0.0225
2 0.42125 0.16343749999999999 0.01125 0.02375
2 0.4078125 0.1625 0.0125 0.025
2 0.3953125 0.161875 0.0125 0.02375
2 0.3828125 0.16 0.0125 0.026250000000000002
2 0.36875 0.1559375 0.01875 0.027500000000000004
2 0.2865625 0.215 0.013750000000000002 0.02375
2 0.19593750000000001 0.11968749999999999 0.013750000000000002 0.02375
2 0.24625 0.14875 0.01125 0.0225
