2 0.0028125 0.95625 0.0025 0.00625
2 0.0028125 0.961875 0.0025 0.005
2 0.16312500000000002 0.8084374999999999 0.013750000000000002 0.013750000000000002
2 0.171875 0.846875 0.0125 0.00625
2 0.0484375 0.751875 0.0125 0.01
2 0.027187499999999996 0.7559375 0.013750000000000002 0.008749999999999999
2 0.0053124999999999995 0.778125 0.0075 0.0125
2 0.0053124999999999995 0.7675 0.0075 0.01
2 0.7625 0.996875 0.00625 0.00625
2 0.7993750000000001 0.9806250000000001 0.005 0.01125
2 0.791875 0.9868750000000001 0.008749999999999999 0.01125
2 0.7871875 0.9896874999999999 0.008749999999999999 0.013750000000000002
2 0.770625 0.9946875000000001 0.01 0.01125
2 0.755625 0.99875 0.005 0.00375
2 0.1125 0.9959374999999999 0.00625 0.0075
2 0.10625 0.9959374999999999 0.00625 0.0075
2 0.0959375 0.99875 0.0075 0.00375
2 0.078125 0.9796875 0.0125 0.00625
2 0.065625 0.98125 0.0125 0.00625
2 0.053125 0.9796875 0.0125 0.00625
2 0.1640625 0.9881249999999999 0.0125 0.013750000000000002
