2 0.27531249999999996 0.35750000000000004 0.01 0.021249999999999998
2 0.43375 0.8787499999999999 0.01125 0.02
2 0.7390625 0.9228125 0.01875 0.02375
2 0.8053125 0.9765625 0.026250000000000002 0.025
2 0.6396875 0.968125 0.026250000000000002 0.017499999999999998
2 0.284375 0.9099999999999999 0.025 0.013750000000000002
2 0.0753125 0.9184374999999999 0.028749999999999998 0.015
2 0.3359375 0.39656250000000004 0.0125 0.021249999999999998
2 0.321875 0.39625 0.0125 0.02375
2 0.309375 0.3903125 0.0125 0.021249999999999998
2 0.29625 0.3915625 0.01125 0.017499999999999998
2 0.274375 0.385625 0.01125 0.021249999999999998
2 0.35031249999999997 0.3978125 0.01 0.02375
