2 0.32375 0.8484375 0.01625 0.025
2 0.34562499999999996 0.639375 0.0225 0.028749999999999998
2 0.325625 0.8240624999999999 0.013750000000000002 0.026250000000000002
2 0.31843750000000004 0.9275 0.015 0.02375
2 0.29125 0.9334374999999999 0.013750000000000002 0.026250000000000002
2 0.309375 0.9956250000000001 0.0125 0.01
2 0.29625 0.9946875000000001 0.01125 0.01125
2 0.28500000000000003 0.9928125 0.013750000000000002 0.013750000000000002
2 0.260625 0.991875 0.015 0.015
2 0.234375 0.990625 0.0125 0.01875
2 0.0290625 0.9134375 0.01125 0.02375
2 0.015625 0.9125 0.0125 0.025
2 0.0059375 0.911875 0.008749999999999999 0.02375
