2 0.0028125 0.596875 0.0025 0.00625
2 0.0028125 0.6025 0.0025 0.005
2 0.16312500000000002 0.44749999999999995 0.013750000000000002 0.013750000000000002
2 0.171875 0.4875 0.0125 0.00625
2 0.0484375 0.3909375 0.0125 0.01
2 0.027187499999999996 0.395 0.013750000000000002 0.008749999999999999
2 0.0053124999999999995 0.4171875 0.0075 0.0125
2 0.0053124999999999995 0.40812499999999996 0.0075 0.01
2 0.81875 0.650625 0.01875 0.013750000000000002
2 0.6653125 0.6753125 0.015 0.0225
2 0.76375 0.640625 0.008749999999999999 0.0125
2 0.626875 0.6859375 0.01 0.0125
2 0.985 0.790625 0.013750000000000002 0.00625
2 0.7993750000000001 0.6212500000000001 0.005 0.01125
2 0.791875 0.6275000000000001 0.008749999999999999 0.01125
2 0.7871875 0.6287499999999999 0.008749999999999999 0.013750000000000002
2 0.770625 0.635 0.01 0.013750000000000002
2 0.756875 0.6421875 0.0075 0.0125
2 0.47062499999999996 0.780625 0.01 0.01125
2 0.515 0.7109375 0.01125 0.0125
2 0.278125 0.8028124999999999 0.0125 0.008749999999999999
2 0.36531250000000004 0.7368750000000001 0.015 0.01125
2 0.370625 0.7471875 0.01625 0.01
2 0.371875 0.7546875 0.01875 0.0125
2 0.5587500000000001 0.7209375 0.01125 0.0075
2 0.5628124999999999 0.7268749999999999 0.01 0.01
2 0.5118750000000001 0.7615624999999999 0.01125 0.013750000000000002
2 0.50625 0.764375 0.0125 0.01625
2 0.49874999999999997 0.766875 0.01 0.015
2 0.4925 0.7678125 0.01 0.013750000000000002
2 0.4765625 0.7778125 0.0125 0.015
2 0.464375 0.784375 0.01 0.0125
2 0.0225 0.6965625 0.013750000000000002 0.008749999999999999
2 0.181875 0.675 0.013750000000000002 0.01875
2 0.17250000000000001 0.6509375000000001 0.013750000000000002 0.017499999999999998
2 0.029375000000000002 0.7268749999999999 0.015 0.01
2 0.026250000000000002 0.7134375000000001 0.015 0.01125
2 0.15125 0.6975 0.008749999999999999 0.013750000000000002
2 0.145625 0.6978125000000001 0.01 0.01125
2 0.1390625 0.6975 0.0125 0.013750000000000002
2 0.1284375 0.6840625 0.01 0.015
2 0.123125 0.6865625 0.008749999999999999 0.013750000000000002
2 0.11687499999999999 0.688125 0.008749999999999999 0.013750000000000002
2 0.10968750000000001 0.690625 0.01 0.0125
2 0.0203125 0.6903125 0.0125 0.008749999999999999
2 0.459375 0.78625 0.0125 0.01625
2 0.08249999999999999 0.6640625 0.008749999999999999 0.0125
2 0.0365625 0.6643749999999999 0.0075 0.01
2 0.11374999999999999 0.6396875 0.008749999999999999 0.013750000000000002
2 0.1075 0.6403125000000001 0.008749999999999999 0.015
2 0.10687500000000001 0.6534375 0.0075 0.01
2 0.09718750000000001 0.6421875 0.01 0.0125
2 0.078125 0.61875 0.0125 0.00625
2 0.065625 0.6203125 0.0125 0.00625
2 0.053125 0.61875 0.0125 0.00625
2 0.1903125 0.6734375 0.008749999999999999 0.0125
2 0.20249999999999999 0.6756249999999999 0.01125 0.013750000000000002
2 0.20656249999999998 0.665 0.01 0.01125
2 0.24625 0.735 0.01125 0.013750000000000002
2 0.45187499999999997 0.79125 0.01 0.013750000000000002
2 0.4146875 0.7837500000000001 0.013750000000000002 0.01125
2 0.32156250000000003 0.8140625 0.008749999999999999 0.0125
2 0.3096875 0.82 0.01 0.015
2 0.32625000000000004 0.8465624999999999 0.015 0.008749999999999999
2 0.32875 0.851875 0.013750000000000002 0.01
2 0.3328125 0.8590625 0.0125 0.008749999999999999
2 0.365 0.9262499999999999 0.01125 0.015
2 0.3878125 0.9740624999999999 0.01 0.013750000000000002
2 0.028749999999999998 0.9653124999999999 0.013750000000000002 0.008749999999999999
2 0.0853125 0.9703125 0.01125 0.0125
2 0.25625 0.8553124999999999 0.0125 0.0075
2 0.25656249999999997 0.8612500000000001 0.01 0.00375
2 0.260625 0.875625 0.008749999999999999 0.0075
2 0.26625 0.8875 0.013750000000000002 0.00625
2 0.255 0.9015625 0.01 0.0125
2 0.17375000000000002 0.88375 0.01625 0.01125
2 0.08375 0.89625 0.01125 0.01125
2 0.1640625 0.6287499999999999 0.0125 0.013750000000000002
2 0.26187499999999997 0.74375 0.01125 0.0125
