2 0.6084375 0.166875 0.013750000000000002 0.015
2 0.09875 0.014687500000000001 0.01625 0.0075
2 0.77 0.0384375 0.008749999999999999 0.017499999999999998
2 0.7015625 0.0090625 0.0125 0.015
2 0.690625 0.026250000000000002 0.0125 0.008749999999999999
2 0.66625 0.05625 0.013750000000000002 0.00625
2 0.765625 0.11968749999999999 0.00625 0.017499999999999998
2 0.7709374999999999 0.288125 0.0075 0.013750000000000002
2 0.7631249999999999 0.3390625 0.0075 0.0125
2 0.7615624999999999 0.41218750000000004 0.0075 0.015
2 0.9440625 0.6975 0.00375 0.013750000000000002
2 0.9609375 0.7234375 0.00625 0.0125
2 0.9384375 0.7224999999999999 0.005 0.013750000000000002
2 0.931875 0.723125 0.0075 0.015
2 0.9196875 0.723125 0.005 0.015
2 0.9140625 0.72375 0.00625 0.01625
2 0.9084375 0.723125 0.0075 0.015
2 0.896875 0.7224999999999999 0.00625 0.013750000000000002
2 0.884375 0.723125 0.00625 0.015
2 0.8787499999999999 0.7234375 0.0075 0.0125
2 0.8678125 0.7224999999999999 0.0075 0.013750000000000002
2 0.890625 0.694375 0.00625 0.013750000000000002
2 0.8609375 0.7224999999999999 0.00625 0.013750000000000002
2 0.8546875 0.7215625 0.00625 0.015
2 0.849375 0.7224999999999999 0.005 0.013750000000000002
2 0.8421875 0.7224999999999999 0.00625 0.013750000000000002
2 0.938125 0.6956249999999999 0.0075 0.01625
2 0.931875 0.6965625 0.0075 0.015
2 0.9256249999999999 0.696875 0.0075 0.0125
2 0.9203125 0.678125 0.00625 0.0125
2 0.9271874999999999 0.678125 0.0075 0.0125
2 0.9140625 0.693125 0.00625 0.01125
2 0.9021874999999999 0.6928124999999999 0.0075 0.013750000000000002
2 0.884375 0.694375 0.00625 0.013750000000000002
2 0.8734375 0.6946875 0.00625 0.01125
2 0.8678125 0.694375 0.0075 0.013750000000000002
2 0.8724999999999999 0.678125 0.0075 0.0125
2 0.7646875 0.9256249999999999 0.0075 0.013750000000000002
2 0.7546875 0.9715624999999999 0.00625 0.015
2 0.6109375 0.30625 0.0125 0.0125
2 0.4559375 0.17250000000000001 0.015 0.0075
2 0.5434375 0.14625 0.008749999999999999 0.01125
2 0.525 0.14781249999999999 0.00625 0.01125
2 0.52 0.15 0.008749999999999999 0.0125
2 0.510625 0.15531250000000002 0.008749999999999999 0.013750000000000002
2 0.45562500000000006 0.164375 0.01125 0.01
2 0.5549999999999999 0.18625 0.01 0.01
2 0.5696875 0.1828125 0.01125 0.0125
2 0.5759375 0.178125 0.01125 0.0125
2 0.1421875 0.47468750000000004 0.0125 0.008749999999999999
2 0.10500000000000001 0.5353125000000001 0.01625 0.005
2 0.103125 0.725 0.0125 0.00625
2 0.1025 0.771875 0.01125 0.00625
2 0.10874999999999999 0.9496874999999999 0.01125 0.008749999999999999
2 0.0975 0.038125 0.013750000000000002 0.0075
2 0.531875 0.14656249999999998 0.0075 0.015
