2 0.0340625 0.6115625 0.015 0.0075
2 0.06687499999999999 0.6028125 0.015 0.008749999999999999
2 0.1740625 0.6046875 0.013750000000000002 0.00625
2 0.07625 0.569375 0.015 0.0075
2 0.32375 0.6215625 0.01625 0.008749999999999999
2 0.1125 0.19125 0.0125 0.013750000000000002
2 0.105625 0.1953125 0.01125 0.0125
2 0.099375 0.1978125 0.01125 0.01125
2 0.1809375 0.2459375 0.015 0.0075
2 0.1871875 0.23718750000000002 0.015 0.008749999999999999
2 0.18562499999999998 0.224375 0.015 0.005
2 0.18625 0.1975 0.01625 0.0075
2 0.1940625 0.1840625 0.01625 0.008749999999999999
2 0.1953125 0.175625 0.0125 0.0075
2 0.19437500000000002 0.16625 0.013750000000000002 0.0075
2 0.1996875 0.1575 0.015 0.008749999999999999
2 0.18812500000000001 0.20437500000000003 0.013750000000000002 0.008749999999999999
2 0.16875 0.0021874999999999998 0.00625 0.00125
2 0.18656250000000002 0.21375000000000002 0.013750000000000002 0.008749999999999999
2 0.9393750000000001 0.6131249999999999 0.01625 0.0075
2 0.396875 0.58125 0.0125 0.00625
2 0.610625 0.625625 0.015 0.0075
2 0.6859375 0.619375 0.0125 0.0075
2 0.828125 0.6287499999999999 0.01875 0.0075
2 0.6975 0.6078125 0.013750000000000002 0.00625
