2 0.0553125 0.4875 0.013750000000000002 0.00625
2 0.06625 0.475 0.013750000000000002 0.00625
2 0.060312500000000005 0.55625 0.005 0.0125
2 0.06875 0.5609375 0.00625 0.0125
2 0.0609375 0.568125 0.00625 0.01125
2 0.045 0.6725 0.008749999999999999 0.013750000000000002
2 0.0396875 0.7025 0.0075 0.01125
2 0.025625 0.7234375 0.0075 0.0125
2 0.038125 0.733125 0.0075 0.01
2 0.02 0.7884375 0.008749999999999999 0.017499999999999998
2 0.015625 0.8696875000000001 0.00625 0.017499999999999998
2 0.044375 0.500625 0.013750000000000002 0.0075
2 0.39375 0.033437499999999995 0.0125 0.0075
2 0.046875 0.0834375 0.00625 0.013750000000000002
2 0.0234375 0.09125 0.00625 0.013750000000000002
2 0.0046875 0.0440625 0.00625 0.01
2 0.0075 0.080625 0.008749999999999999 0.017499999999999998
2 0.021875 0.0725 0.00625 0.013750000000000002
2 0.018125 0.109375 0.005 0.0125
2 0.05 0.13125 0.00625 0.0125
2 0.011875 0.115625 0.005 0.0125
2 0.005625 0.11687499999999999 0.005 0.015
2 0.027187499999999996 0.1546875 0.0075 0.0125
2 0.028125 0.169375 0.00625 0.013750000000000002
2 0.0296875 0.1840625 0.00625 0.015
2 0.030625000000000003 0.22875 0.005 0.013750000000000002
2 0.031875 0.240625 0.0075 0.0125
2 0.01625 0.22937500000000002 0.0075 0.015
2 0.0521875 0.18937500000000002 0.0075 0.01625
2 0.050624999999999996 0.14750000000000002 0.0075 0.013750000000000002
2 0.653125 0.68875 0.00625 0.015
2 0.66625 0.6871875000000001 0.0075 0.015
2 0.675 0.688125 0.00625 0.013750000000000002
2 0.76875 0.7224999999999999 0.00625 0.013750000000000002
2 0.775625 0.721875 0.0075 0.0125
2 0.7825 0.7234375 0.008749999999999999 0.0125
2 0.1775 0.509375 0.01125 0.00625
2 0.311875 0.499375 0.01125 0.005
2 0.31062500000000004 0.5075000000000001 0.015 0.008749999999999999
2 0.8978125 0.923125 0.017499999999999998 0.008749999999999999
2 0.9256249999999999 0.9246874999999999 0.02 0.008749999999999999
2 0.88375 0.9365625 0.017499999999999998 0.013750000000000002
2 0.64375 0.559375 0.00625 0.0125
2 0.9021874999999999 0.7553124999999999 0.0075 0.013750000000000002
2 0.9046875 0.7321875 0.00625 0.017499999999999998
2 0.80625 0.66875 0.0125 0.00625
2 0.9546875 0.5584374999999999 0.00625 0.013750000000000002
2 0.89375 0.729375 0.00625 0.015
2 0.99125 0.6075 0.0075 0.015
2 0.991875 0.6275000000000001 0.008749999999999999 0.017499999999999998
2 0.990625 0.6740625 0.00625 0.013750000000000002
2 0.89375 0.7515625 0.00625 0.0125
2 0.878125 0.671875 0.00625 0.0125
2 0.8171875 0.538125 0.00625 0.013750000000000002
2 0.615625 0.505625 0.0125 0.005
2 0.6671875 0.5078125 0.0125 0.00625
2 0.716875 0.5078125 0.015 0.00625
2 0.751875 0.531875 0.01 0.013750000000000002
2 0.78125 0.5634375 0.00625 0.01125
2 0.786875 0.5359375 0.005 0.0125
2 0.79375 0.5359375 0.00625 0.0125
2 0.8 0.5359375 0.00625 0.0125
2 0.7925 0.5 0.01625 0.00625
2 0.8928125 0.5021875 0.013750000000000002 0.0075
2 0.8109375 0.5375 0.00625 0.0125
2 0.80625 0.5621875000000001 0.00625 0.015
2 0.871875 0.671875 0.00625 0.0125
2 0.819375 0.563125 0.0075 0.013750000000000002
2 0.8256249999999999 0.56375 0.0075 0.015
2 0.8503125 0.5575 0.01625 0.008749999999999999
2 0.8521875 0.5671875 0.013750000000000002 0.00625
2 0.840625 0.671875 0.00625 0.0125
2 0.931875 0.5584374999999999 0.0075 0.013750000000000002
2 0.88125 0.655625 0.00625 0.017499999999999998
2 0.846875 0.6725 0.00625 0.013750000000000002
2 0.8546875 0.671875 0.00625 0.0125
2 0.86 0.671875 0.0075 0.0125
2 0.8671875 0.6725 0.00625 0.013750000000000002
2 0.9890625 0.7106250000000001 0.00625 0.015
2 0.881875 0.5815625 0.013750000000000002 0.01625
2 0.98125 0.8959374999999999 0.00625 0.013750000000000002
2 0.9721875000000001 0.9646874999999999 0.01625 0.0075
2 0.874375 0.92875 0.017499999999999998 0.0075
2 0.97875 0.9981249999999999 0.013750000000000002 0.0025
2 0.0396875 0.45499999999999996 0.0075 0.01
2 0.6703125 0.7134375000000001 0.00625 0.01125
