2 0.3121875 0.16312500000000002 0.008749999999999999 0.013750000000000002
2 0.053437500000000006 0.45375 0.00375 0.013750000000000002
2 0.06875 0.4796875 0.00625 0.0125
2 0.0478125 0.47874999999999995 0.005 0.013750000000000002
2 0.041249999999999995 0.479375 0.0075 0.015
2 0.0290625 0.479375 0.005 0.015
2 0.0234375 0.48 0.00625 0.01625
2 0.017812500000000002 0.479375 0.0075 0.015
2 0.00625 0.47874999999999995 0.00625 0.013750000000000002
2 0.625625 0.8109375 0.0075 0.0125
2 0.565625 0.9078125 0.0125 0.00625
2 0.5659375 0.903125 0.01 0.00625
2 0.565625 0.8959374999999999 0.0125 0.0075
2 0.5650000000000001 0.8881249999999999 0.01125 0.0075
2 0.5996875 0.971875 0.015 0.00625
2 0.32406250000000003 0.9668749999999999 0.0075 0.015
2 0.294375 0.9668749999999999 0.0075 0.015
2 0.64375 0.9550000000000001 0.00625 0.01625
2 0.5890625 0.840625 0.00625 0.0125
2 0.6325000000000001 0.8387499999999999 0.008749999999999999 0.015
2 0.619375 0.8393750000000001 0.0075 0.01625
2 0.6359375 0.8109375 0.00625 0.0125
2 0.534375 0.9015625 0.0125 0.00625
2 0.573125 0.7581249999999999 0.008749999999999999 0.01625
2 0.556875 0.73625 0.0075 0.0225
2 0.460625 0.0775 0.015 0.01125
2 0.44749999999999995 0.056874999999999995 0.013750000000000002 0.013750000000000002
2 0.45843749999999994 0.048125 0.013750000000000002 0.015
2 0.5359375 0.884375 0.0125 0.00625
2 0.534375 0.913125 0.0125 0.0075
2 0.0021874999999999998 0.45 0.00125 0.0125
2 0.0475 0.45187499999999997 0.0075 0.01625
2 0.041249999999999995 0.4528125 0.0075 0.015
2 0.033437499999999995 0.453125 0.0075 0.0125
2 0.0296875 0.434375 0.00625 0.0125
2 0.0365625 0.434375 0.0075 0.0125
2 0.0234375 0.449375 0.00625 0.01125
2 0.0115625 0.4490625 0.0075 0.013750000000000002
2 0.53625 0.9203125 0.01 0.00625
2 0.1325 0.9621875 0.008749999999999999 0.015
2 0.195625 0.7446875000000001 0.01625 0.01125
2 0.564375 0.9265625 0.01 0.00625
2 0.565625 0.9203125 0.0125 0.00625
2 0.5653125 0.915 0.015 0.005
2 0.4334375 0.9493750000000001 0.0075 0.02375
2 0.596875 0.954375 0.01875 0.008749999999999999
2 0.8625 0.7678125 0.0125 0.013750000000000002
2 0.9637499999999999 0.9453125 0.015 0.00625
2 0.9675 0.9590624999999999 0.01625 0.008749999999999999
2 0.96 0.9715624999999999 0.0075 0.015
2 0.9459375 0.9703125 0.0075 0.0125
2 0.7665625 0.9121874999999999 0.017499999999999998 0.008749999999999999
2 0.8609375 0.813125 0.00625 0.013750000000000002
2 0.8612500000000001 0.79375 0.01 0.0125
2 0.8625 0.7837500000000001 0.0125 0.01125
2 0.8625 0.7771874999999999 0.0125 0.013750000000000002
2 0.8618750000000001 0.75875 0.01125 0.01125
2 0.9668749999999999 0.9196875 0.015 0.01125
2 0.8521875 0.7109375 0.0075 0.0125
2 0.8646874999999999 0.7112499999999999 0.0075 0.01625
2 0.85375 0.5756249999999999 0.0075 0.013750000000000002
2 0.8671875 0.561875 0.00625 0.01125
2 0.8659375 0.5475 0.01 0.013750000000000002
2 0.865625 0.6021875 0.00625 0.013750000000000002
2 0.8678125 0.503125 0.0075 0.01875
2 0.8678125 0.48562500000000003 0.0075 0.015
2 0.86625 0.429375 0.0075 0.015
2 0.8678125 0.4034375 0.0075 0.01625
2 0.88125 0.3540625 0.00625 0.01125
2 0.9637499999999999 0.931875 0.015 0.0075
2 0.8875 0.354375 0.00625 0.015
2 0.890625 0.9703125 0.00625 0.0125
2 0.7634375 0.9203125 0.01125 0.00625
2 0.7084374999999999 0.9546875 0.0075 0.0125
2 0.7975 0.9571875000000001 0.0075 0.01125
2 0.821875 0.9584374999999999 0.00625 0.013750000000000002
2 0.8162499999999999 0.959375 0.0075 0.0125
2 0.8099999999999999 0.9596875 0.0075 0.01
2 0.673125 0.95625 0.008749999999999999 0.0125
2 0.7546875 0.8121875 0.00625 0.015
2 0.7671875 0.8121875 0.00625 0.015
2 0.7725 0.8428125 0.0075 0.013750000000000002
2 0.8834375 0.9703125 0.0075 0.0125
2 0.896875 0.971875 0.00625 0.0125
2 0.9015625 0.8915625 0.0125 0.01125
2 0.9115624999999999 0.9712500000000001 0.0075 0.01125
2 0.9046875 0.971875 0.00625 0.0125
2 0.925 0.9724999999999999 0.00625 0.013750000000000002
2 0.93125 0.971875 0.00625 0.0125
2 0.87625 0.944375 0.015 0.0075
2 0.9146875 0.953125 0.013750000000000002 0.00625
2 0.91625 0.936875 0.013750000000000002 0.005
2 0.91625 0.9296875 0.013750000000000002 0.00625
2 0.8778124999999999 0.9324999999999999 0.015 0.008749999999999999
2 0.875 0.8803124999999999 0.00625 0.013750000000000002
2 0.881875 0.8803124999999999 0.0075 0.013750000000000002
2 0.8931250000000001 0.35531250000000003 0.005 0.013750000000000002
2 0.8990625 0.35375 0.0075 0.013750000000000002
2 0.765 0.875625 0.01125 0.0075
2 0.9553125 0.175 0.0075 0.0125
2 0.9428124999999999 0.175 0.0075 0.01875
2 0.95625 0.0853125 0.00625 0.017499999999999998
2 0.95 0.08562499999999999 0.00625 0.015
2 0.91375 0.349375 0.008749999999999999 0.01125
2 0.871875 0.2734375 0.00625 0.0125
2 0.9309375 0.3471875 0.008749999999999999 0.01
2 0.94375 0.35562499999999997 0.00625 0.01125
2 0.95 0.354375 0.00625 0.015
2 0.9671875 0.35625 0.00625 0.0125
2 0.978125 0.35625 0.00625 0.0125
2 0.9203125 0.2934375 0.0125 0.015
2 0.93125 0.2934375 0.0125 0.015
2 0.9393750000000001 0.294375 0.01 0.013750000000000002
2 0.9425000000000001 0.29375 0.01 0.0125
2 0.9487500000000001 0.29375 0.01 0.0125
2 0.969375 0.2884375 0.013750000000000002 0.01125
2 0.8765625 0.274375 0.00625 0.01125
2 0.96875 0.0896875 0.00625 0.013750000000000002
2 0.871875 0.25375000000000003 0.00625 0.013750000000000002
2 0.98125 0.2553125 0.00625 0.013750000000000002
2 0.9740624999999999 0.241875 0.0075 0.015
2 0.9796875 0.24125000000000002 0.00625 0.013750000000000002
2 0.915 0.174375 0.005 0.01125
2 0.9234375 0.1740625 0.00625 0.013750000000000002
2 0.97 0.1740625 0.008749999999999999 0.013750000000000002
2 0.8881249999999999 0.129375 0.0075 0.015
2 0.8884375 0.1 0.005 0.0125
2 0.9121874999999999 0.0853125 0.008749999999999999 0.017499999999999998
2 0.9625 0.0896875 0.00625 0.013750000000000002
2 0.765625 0.8890625 0.0125 0.00625
2 0.7109375 0.8859375 0.0125 0.0125
2 0.71 0.8734375 0.013750000000000002 0.0125
2 0.6278125 0.590625 0.008749999999999999 0.0125
2 0.77125 0.3415625 0.01125 0.005
2 0.771875 0.3646875 0.0125 0.0075
2 0.7424999999999999 0.37875000000000003 0.01625 0.0075
2 0.8162499999999999 0.330625 0.013750000000000002 0.005
2 0.815625 0.335 0.0125 0.0075
2 0.784375 0.48125 0.0125 0.00625
2 0.784375 0.50625 0.0125 0.00625
2 0.784375 0.5125 0.0125 0.00625
2 0.784375 0.5415625000000001 0.0125 0.005
2 0.7834375 0.5493750000000001 0.013750000000000002 0.005
2 0.7828125 0.555625 0.0125 0.005
2 0.6325000000000001 0.5928125 0.008749999999999999 0.013750000000000002
2 0.7725 0.3296875 0.013750000000000002 0.00625
2 0.8021874999999999 0.525625 0.0075 0.02
2 0.8121875 0.5403125 0.015 0.008749999999999999
2 0.81375 0.55125 0.015 0.008749999999999999
2 0.8146875 0.5584374999999999 0.013750000000000002 0.0075
2 0.8150000000000001 0.5646875 0.01125 0.0075
2 0.815625 0.571875 0.0125 0.00625
2 0.8150000000000001 0.578125 0.01125 0.00625
2 0.8021874999999999 0.68625 0.0075 0.01625
2 0.6771874999999999 0.8428125 0.0075 0.013750000000000002
2 0.688125 0.8418749999999999 0.0075 0.015
2 0.7125 0.8425 0.00625 0.01625
2 0.771875 0.3353125 0.0125 0.005
2 0.7709374999999999 0.319375 0.013750000000000002 0.0075
2 0.725625 0.1384375 0.013750000000000002 0.01125
2 0.8365625 0.0075 0.013750000000000002 0.008749999999999999
2 0.8215625 0.0684375 0.008749999999999999 0.015
2 0.8584375 0.1125 0.0075 0.01875
2 0.721875 0.1278125 0.0125 0.015
2 0.7725 0.3053125 0.013750000000000002 0.0075
2 0.743125 0.206875 0.01125 0.0075
2 0.740625 0.21875 0.0125 0.00625
2 0.7715625 0.2340625 0.015 0.008749999999999999
2 0.740625 0.2959375 0.0125 0.0075
2 0.74125 0.3146875 0.013750000000000002 0.0075
2 0.74125 0.325625 0.013750000000000002 0.0075
2 0.740625 0.33187500000000003 0.0125 0.0075
2 0.7853125000000001 0.2303125 0.01125 0.0075
2 0.784375 0.24125000000000002 0.0125 0.0075
2 0.7849999999999999 0.246875 0.013750000000000002 0.00625
2 0.770625 0.2953125 0.01625 0.00625
2 0.8875 0.206875 0.0125 0.0075
2 0.885 0.2140625 0.013750000000000002 0.00625
2 0.8765625 0.2525 0.00625 0.01125
2 0.87375 0.9209375 0.01 0.0075
2 0.915 0.899375 0.01125 0.005
