2 0.5662499999999999 0.965625 0.026250000000000002 0.0125
2 0.505 0.9640625 0.0225 0.0125
2 0.453125 0.865 0.0125 0.02375
2 0.438125 0.8653124999999999 0.013750000000000002 0.027500000000000004
2 0.348125 0.9112500000000001 0.027500000000000004 0.01625
2 0.344375 0.9265625 0.026250000000000002 0.0125
2 0.34562499999999996 0.9481249999999999 0.028749999999999998 0.015
2 0.468125 0.865625 0.01125 0.025
2 0.510625 0.865625 0.015 0.025
2 0.5234375 0.8653124999999999 0.0125 0.027500000000000004
2 0.5621875000000001 0.93625 0.027500000000000004 0.01625
2 0.4765625 0.9621875 0.03125 0.015
2 0.6596875 0.9178124999999999 0.0225 0.013750000000000002
2 0.6599999999999999 0.9334374999999999 0.026250000000000002 0.013750000000000002
2 0.5953125 0.9665625 0.025 0.01125
2 0.595625 0.9515625 0.028749999999999998 0.0125
2 0.59375 0.9365625 0.025 0.013750000000000002
2 0.5625 0.95 0.025 0.0125
2 0.553125 0.86625 0.0125 0.026250000000000002
2 0.5028125 0.9356249999999999 0.027500000000000004 0.015
2 0.5028125 0.9515625 0.027500000000000004 0.0125
2 0.4759375 0.9484375 0.02375 0.0125
2 0.47468750000000004 0.9349999999999999 0.027500000000000004 0.013750000000000002
2 0.59375 0.8665625 0.0125 0.02375
2 0.579375 0.865 0.015 0.02375
2 0.5662499999999999 0.86625 0.013750000000000002 0.026250000000000002
