2 0.6371875 0.13093749999999998 0.015 0.021249999999999998
2 0.75125 0.26375000000000004 0.008749999999999999 0.015
2 0.9678125 0.041875 0.0075 0.015
2 0.95375 0.044687500000000005 0.0075 0.01125
2 0.600625 0.1278125 0.0075 0.015
2 0.6900000000000001 0.256875 0.017499999999999998 0.0075
2 0.5753125 0.274375 0.0225 0.01125
2 0.6265625 0.37 0.0125 0.021249999999999998
2 0.9034375000000001 0.13374999999999998 0.01 0.017499999999999998
2 0.844375 0.5615625 0.0075 0.013750000000000002
2 0.865625 0.5659375 0.0125 0.01625
2 0.9484375 0.090625 0.00625 0.0125
2 0.96 0.109375 0.0075 0.0125
2 0.760625 0.4609375 0.015 0.0125
2 0.76875 0.405625 0.0125 0.01125
2 0.749375 0.496875 0.017499999999999998 0.0125
2 0.5509375000000001 0.4690625 0.01125 0.01625
2 0.5415625000000001 0.46749999999999997 0.01125 0.01625
2 0.5140625 0.43218750000000006 0.0125 0.01125
2 0.5196875000000001 0.460625 0.01125 0.015
2 0.4715625 0.4725 0.015 0.013750000000000002
2 0.46687500000000004 0.46624999999999994 0.015 0.013750000000000002
2 0.774375 0.370625 0.01125 0.01
2 0.5912499999999999 0.6084375 0.013750000000000002 0.02
2 0.584375 0.6059375 0.0125 0.021249999999999998
2 0.571875 0.6 0.0125 0.01875
2 0.58875 0.525625 0.027500000000000004 0.02
2 0.614375 0.5409375 0.0225 0.01625
2 0.5509375000000001 0.5662499999999999 0.02375 0.02
2 0.545625 0.5599999999999999 0.0225 0.02
2 0.5409375 0.55375 0.0225 0.02
2 0.5378125 0.5465625000000001 0.0225 0.021249999999999998
2 0.526875 0.5349999999999999 0.0225 0.02
2 0.5228125 0.5296875 0.02375 0.01875
2 0.520625 0.5240625 0.0225 0.02
2 0.514375 0.5184375 0.0225 0.021249999999999998
2 0.510625 0.51375 0.021249999999999998 0.021249999999999998
2 0.50625 0.5065625 0.025 0.0225
2 0.596875 0.6125 0.0125 0.01875
2 0.6056250000000001 0.6131249999999999 0.01125 0.02
2 0.6140625 0.6131249999999999 0.0125 0.02
2 0.6475 0.621875 0.0075 0.01875
2 0.639375 0.6196875000000001 0.01 0.017499999999999998
2 0.6275000000000001 0.6171875 0.01125 0.01875
2 0.6196875000000001 0.6153125 0.01125 0.021249999999999998
2 0.6128125 0.1340625 0.01 0.021249999999999998
2 0.7353125 0.254375 0.017499999999999998 0.008749999999999999
2 0.7578125 0.468125 0.0125 0.005
2 0.7537499999999999 0.47531249999999997 0.013750000000000002 0.01
2 0.775625 0.44718749999999996 0.013750000000000002 0.01
2 0.9309375 0.12125 0.008749999999999999 0.017499999999999998
2 0.8800000000000001 0.1390625 0.01 0.01875
2 0.920625 0.41218750000000004 0.01 0.015
2 0.9168749999999999 0.433125 0.015 0.01
