2 0.0040625 0.26375000000000004 0.005 0.015
2 0.21781250000000002 0.041875 0.0075 0.015
2 0.20375000000000001 0.044687500000000005 0.0075 0.01125
2 0.1534375 0.13374999999999998 0.01 0.017499999999999998
2 0.6534375 0.67 0.01 0.015
2 0.666875 0.6743750000000001 0.008749999999999999 0.017499999999999998
2 0.446875 0.6615624999999999 0.0125 0.013750000000000002
2 0.4171875 0.4303125 0.01875 0.013750000000000002
2 0.094375 0.5615625 0.0075 0.013750000000000002
2 0.115625 0.5659375 0.0125 0.01625
2 0.1984375 0.090625 0.00625 0.0125
2 0.21000000000000002 0.109375 0.0075 0.0125
2 0.010624999999999999 0.4609375 0.015 0.0125
2 0.01875 0.405625 0.0125 0.01125
2 0.0046875 0.4971875 0.00625 0.01
2 0.024375 0.370625 0.01125 0.01
2 0.6840625 0.6771874999999999 0.008749999999999999 0.013750000000000002
2 0.67625 0.6743750000000001 0.008749999999999999 0.017499999999999998
2 0.6940625 0.6796875 0.01 0.0125
2 0.7790625 0.06593750000000001 0.017499999999999998 0.01
2 0.36906249999999996 0.3459375 0.01625 0.013750000000000002
2 0.0078125 0.468125 0.0125 0.005
2 0.006562500000000001 0.47531249999999997 0.01 0.01
2 0.025625 0.44718749999999996 0.013750000000000002 0.01
2 0.1809375 0.12125 0.008749999999999999 0.017499999999999998
2 0.13 0.1390625 0.01 0.01875
2 0.170625 0.41218750000000004 0.01 0.015
2 0.166875 0.433125 0.015 0.01
2 0.4659375 0.66875 0.01 0.01875
2 0.72375 0.6896875 0.01 0.013750000000000002
2 0.99375 0.399375 0.0125 0.017499999999999998
2 0.7746875 0.32999999999999996 0.015 0.01625
2 0.7690625 0.32437499999999997 0.01625 0.017499999999999998
2 0.7825 0.3125 0.015 0.01875
2 0.7696875000000001 0.34375 0.017499999999999998 0.01875
2 0.766875 0.35281250000000003 0.015 0.015
2 0.465 0.1690625 0.017499999999999998 0.01
2 0.37124999999999997 0.17250000000000001 0.01125 0.013750000000000002
2 0.5596875 0.44000000000000006 0.01 0.017499999999999998
2 0.5659375 0.4421875 0.01 0.01875
2 0.5753125 0.4446875 0.01 0.017499999999999998
2 0.5109375 0.5543750000000001 0.0125 0.021249999999999998
2 0.859375 0.5625 0.0125 0.00625
2 0.8862500000000001 0.55125 0.01625 0.008749999999999999
2 0.9153125 0.604375 0.015 0.008749999999999999
2 0.9553125 0.70625 0.013750000000000002 0.0125
2 0.945 0.7171875 0.015 0.0125
2 0.914375 0.6246875000000001 0.01625 0.008749999999999999
2 0.70125 0.646875 0.008749999999999999 0.0125
2 0.7403125 0.299375 0.015 0.017499999999999998
2 0.7465625 0.30593750000000003 0.015 0.015
2 0.7509375 0.3109375 0.017499999999999998 0.01875
2 0.7975 0.0046875 0.0075 0.00625
2 0.596875 0.09281249999999999 0.0125 0.013750000000000002
2 0.5725 0.019375 0.02 0.013750000000000002
2 0.7887500000000001 0.0071874999999999994 0.008749999999999999 0.01125
2 0.755 0.3171875 0.01625 0.01875
2 0.6571875 0.11625 0.01125 0.013750000000000002
2 0.6509375000000001 0.11687499999999999 0.01125 0.015
2 0.5806250000000001 0.0959375 0.01125 0.013750000000000002
2 0.5571875000000001 0.1028125 0.01125 0.015
2 0.54625 0.12 0.01125 0.015
2 0.5321875 0.12375 0.01125 0.01625
2 0.77 0.254375 0.015 0.008749999999999999
2 0.7618750000000001 0.321875 0.017499999999999998 0.01875
