2 0.6174999999999999 0.92875 0.01625 0.013750000000000002
2 0.9824999999999999 0.5856250000000001 0.008749999999999999 0.015
2 0.881875 0.8815625 0.02 0.01
2 0.623125 0.921875 0.015 0.0125
2 0.5734375 0.9525 0.01875 0.01125
2 0.5703125 0.959375 0.01875 0.0125
2 0.6621875 0.9990625 0.008749999999999999 0.00125
2 0.5675 0.965625 0.01625 0.0125
2 0.585 0.98125 0.013750000000000002 0.01875
2 0.6525000000000001 0.9418749999999999 0.01125 0.015
2 0.651875 0.9796875 0.01625 0.0125
2 0.6475 0.9871874999999999 0.013750000000000002 0.008749999999999999
2 0.6221875 0.99375 0.01 0.0125
2 0.6168750000000001 0.991875 0.008749999999999999 0.015
2 0.6553125 0.9981249999999999 0.0075 0.0025
