2 0.535625 0.8515625 0.015 0.0125
2 0.4734375 0.6025 0.0125 0.01125
2 0.5421875 0.6553125 0.0125 0.013750000000000002
2 0.510625 0.63125 0.015 0.0125
2 0.414375 0.64 0.01 0.01125
2 0.4015625 0.6315625 0.0125 0.01
2 0.44781250000000006 0.671875 0.01125 0.0125
2 0.45999999999999996 0.6793750000000001 0.013750000000000002 0.015
2 0.495 0.6984375 0.008749999999999999 0.0125
2 0.5159374999999999 0.720625 0.01 0.01625
2 0.561875 0.67125 0.01125 0.01125
2 0.0290625 0.8159375000000001 0.017499999999999998 0.01
2 0.649375 0.746875 0.01125 0.0125
2 0.6596875 0.8474999999999999 0.01 0.013750000000000002
2 0.6775 0.860625 0.01125 0.015
2 0.0475 0.750625 0.0075 0.013750000000000002
2 0.6946875 0.8809374999999999 0.01125 0.015
2 0.708125 0.8965624999999999 0.01 0.015
2 0.719375 0.9037499999999999 0.013750000000000002 0.013750000000000002
2 0.733125 0.9106249999999999 0.01 0.015
2 0.79875 0.9659375000000001 0.01625 0.01625
2 0.238125 0.7125 0.013750000000000002 0.0125
2 0.0375 0.754375 0.00625 0.015
