2 0.246875 0.655625 0.00625 0.01125
2 0.2028125 0.30062500000000003 0.008749999999999999 0.013750000000000002
2 0.56875 0.06875 0.0125 0.00625
2 0.42312500000000003 0.384375 0.015 0.0125
2 0.2084375 0.4959375 0.0075 0.013750000000000002
2 0.49906249999999996 0.2359375 0.013750000000000002 0.0125
2 0.26625 0.21375000000000002 0.0075 0.015
2 0.078125 0.27 0.0125 0.015
2 0.07375000000000001 0.250625 0.01625 0.0075
2 0.17250000000000001 0.24656250000000002 0.013750000000000002 0.008749999999999999
2 0.2625 0.0975 0.00625 0.013750000000000002
2 0.209375 0.13625 0.00625 0.01625
2 0.1996875 0.4984375 0.008749999999999999 0.05
2 0.258125 0.521875 0.01 0.03125
