2 0.504375 0.8515625 0.015 0.0125
2 0.44125 0.603125 0.013750000000000002 0.0125
2 0.509375 0.6553125 0.0125 0.013750000000000002
2 0.479375 0.63125 0.015 0.0125
2 0.38156249999999997 0.64 0.01 0.01125
2 0.36875 0.6315625 0.0125 0.01
2 0.41500000000000004 0.671875 0.01125 0.0125
2 0.42718749999999994 0.678125 0.013750000000000002 0.0125
2 0.46218750000000003 0.6984375 0.008749999999999999 0.0125
2 0.484375 0.7212500000000001 0.0125 0.017499999999999998
2 0.5290625 0.67125 0.01125 0.01125
2 0.6165625 0.746875 0.01125 0.0125
2 0.626875 0.8474999999999999 0.01 0.013750000000000002
2 0.645625 0.86 0.01 0.013750000000000002
2 0.014687500000000001 0.750625 0.0075 0.013750000000000002
2 0.661875 0.8809374999999999 0.01125 0.015
2 0.676875 0.8965624999999999 0.01 0.015
2 0.6865625 0.9037499999999999 0.013750000000000002 0.013750000000000002
2 0.6975 0.911875 0.013750000000000002 0.017499999999999998
2 0.7659374999999999 0.9659375000000001 0.01625 0.01625
2 0.2053125 0.7125 0.013750000000000002 0.0125
2 0.0059375 0.754375 0.008749999999999999 0.015
