2 0.34968750000000004 0.0209375 0.015 0.0075
2 0.380625 0.0125 0.017499999999999998 0.00625
2 0.4190625 0.940625 0.01 0.0125
2 0.16999999999999998 0.5546875 0.008749999999999999 0.0125
2 0.18656250000000002 0.4178125 0.0075 0.013750000000000002
2 0.179375 0.41875 0.008749999999999999 0.0125
2 0.159375 0.418125 0.00625 0.01125
2 0.2384375 0.4721875 0.005 0.01
2 0.2321875 0.4734375 0.005 0.0125
2 0.2234375 0.4725 0.00625 0.013750000000000002
2 0.16312500000000002 0.471875 0.0075 0.0125
2 0.121875 0.4971875 0.00625 0.01625
2 0.143125 0.49749999999999994 0.005 0.013750000000000002
2 0.1859375 0.5009375 0.00625 0.01125
2 0.206875 0.500625 0.0075 0.013750000000000002
2 0.206875 0.5525 0.0075 0.01125
2 0.184375 0.553125 0.00625 0.0125
2 0.1203125 0.553125 0.00625 0.0125
2 0.199375 0.42125 0.005 0.01125
2 0.061875 0.39249999999999996 0.01125 0.00375
2 0.0415625 0.4390625 0.01125 0.00625
2 0.19375 0.41937499999999994 0.00625 0.013750000000000002
2 0.246875 0.42125 0.00625 0.01125
2 0.06625 0.015312500000000001 0.013750000000000002 0.008749999999999999
2 0.2109375 0.015625 0.0125 0.00625
2 0.1446875 0.01875 0.01125 0.00625
2 0.11000000000000001 0.0265625 0.013750000000000002 0.00625
2 0.01625 0.0203125 0.013750000000000002 0.00625
2 0.20625 0.4184375 0.00625 0.015
2 0.028125 0.03125 0.0125 0.00625
2 0.250625 0.6940625 0.0075 0.01625
2 0.0453125 0.316875 0.00625 0.015
2 0.1484375 0.388125 0.00625 0.013750000000000002
2 0.15625 0.3890625 0.00625 0.0125
2 0.1640625 0.390625 0.00625 0.0125
2 0.1703125 0.38937499999999997 0.00625 0.01
2 0.1775 0.38937499999999997 0.005 0.01
2 0.18375 0.3909375 0.005 0.01
2 0.2 0.390625 0.00625 0.0125
2 0.21187499999999998 0.390625 0.005 0.0125
2 0.2290625 0.39249999999999996 0.005 0.01
2 0.350625 0.011875 0.013750000000000002 0.005
2 0.3671875 0.021249999999999998 0.0125 0.005
2 0.37875000000000003 0.03125 0.013750000000000002 0.00625
2 0.3696875 0.8996875 0.01125 0.015
2 0.41500000000000004 0.9253125000000001 0.01125 0.01
2 0.40812499999999996 0.9275 0.01 0.01125
2 0.401875 0.9290625 0.01 0.01125
2 0.39718749999999997 0.9337500000000001 0.01 0.01125
2 0.39 0.9359375 0.01125 0.0125
2 0.3821875 0.9078125 0.01125 0.0125
2 0.3884375 0.9053125 0.01125 0.013750000000000002
2 0.393125 0.9015625 0.01125 0.0125
2 0.44000000000000006 0.875 0.01125 0.0125
2 0.3759375 0.9125 0.01125 0.0125
2 0.37093750000000003 0.91625 0.013750000000000002 0.013750000000000002
2 0.359375 0.9090624999999999 0.0125 0.015
2 0.3640625 0.9046875 0.0125 0.0125
2 0.374375 0.8975 0.01125 0.013750000000000002
2 0.43843750000000004 0.909375 0.01125 0.0125
2 0.380625 0.8934374999999999 0.01125 0.015
2 0.38687499999999997 0.890625 0.01125 0.0125
2 0.39875 0.8984375 0.01 0.0125
2 0.405625 0.896875 0.01125 0.0125
2 0.41187500000000005 0.8921875 0.01125 0.0125
2 0.41656250000000006 0.8890625 0.01125 0.0125
2 0.46343750000000006 0.860625 0.01125 0.015
2 0.4525 0.8665625 0.01125 0.01125
2 0.45875000000000005 0.8640625 0.01125 0.0125
2 0.44437499999999996 0.871875 0.0075 0.0125
2 0.42281250000000004 0.884375 0.01125 0.0125
2 0.40499999999999997 0.8796875 0.01 0.0125
2 0.4103125 0.8771875 0.01125 0.013750000000000002
2 0.42125 0.9209375 0.01125 0.013750000000000002
2 0.433125 0.915625 0.01 0.0125
2 0.38406250000000003 0.021875 0.015 0.00625
2 0.5096875 0.8865624999999999 0.01 0.013750000000000002
2 0.43 0.934375 0.01 0.0125
2 0.43531250000000005 0.9303125 0.01125 0.013750000000000002
2 0.4425 0.9271874999999999 0.01 0.013750000000000002
2 0.44718749999999996 0.9240625 0.01 0.013750000000000002
2 0.4528125 0.9203125 0.008749999999999999 0.0125
2 0.464375 0.9140625 0.01 0.0125
2 0.47000000000000003 0.9087500000000001 0.008749999999999999 0.01125
2 0.475 0.9084375 0.0125 0.013750000000000002
2 0.480625 0.903125 0.01125 0.0125
2 0.48687500000000006 0.9 0.01125 0.0125
2 0.4925 0.896875 0.01 0.0125
2 0.4971875 0.8915625 0.01 0.01125
2 0.5034375 0.89 0.01 0.01125
2 0.5146875 0.8821875 0.0075 0.01125
2 0.428125 0.9171875 0.0125 0.0125
2 0.520625 0.8775000000000001 0.01 0.01125
2 0.526875 0.8765625 0.01 0.0125
2 0.5337500000000001 0.871875 0.01125 0.0125
2 0.5393749999999999 0.86875 0.01 0.0125
2 0.5081249999999999 0.868125 0.01 0.01125
2 0.5118750000000001 0.865 0.01125 0.01125
2 0.5190625 0.8615625 0.01 0.013750000000000002
2 0.525 0.8584375 0.0125 0.013750000000000002
2 0.5328125 0.8546875 0.0125 0.0125
2 0.47781250000000003 0.8853125000000001 0.008749999999999999 0.01125
2 0.47125000000000006 0.89125 0.01125 0.013750000000000002
2 0.46656250000000005 0.89375 0.01125 0.0125
2 0.46125 0.8978125 0.01 0.01125
2 0.4175 0.8724999999999999 0.01 0.013750000000000002
2 0.433125 0.8640625 0.01 0.0125
2 0.440625 0.859375 0.0125 0.0125
2 0.414375 0.7381249999999999 0.01 0.0075
2 0.301875 0.94625 0.01 0.01125
2 0.28500000000000003 0.8612500000000001 0.013750000000000002 0.01625
2 0.2759375 0.846875 0.01125 0.0125
2 0.2665625 0.8324999999999999 0.01125 0.015
2 0.263125 0.8146875 0.0075 0.013750000000000002
2 0.260625 0.7984375 0.008749999999999999 0.0125
2 0.25875 0.7837500000000001 0.005 0.01125
2 0.259375 0.7621875 0.00625 0.015
2 0.25875 0.746875 0.005 0.0125
2 0.2609375 0.73125 0.00625 0.0125
2 0.47125000000000006 0.7696875000000001 0.01125 0.01125
2 0.45999999999999996 0.7618750000000001 0.013750000000000002 0.01125
2 0.4328125 0.745625 0.0125 0.01
2 0.42281250000000004 0.6756249999999999 0.01125 0.0075
2 0.44625000000000004 0.8556250000000001 0.01125 0.01125
2 0.364375 0.719375 0.01 0.0075
2 0.34781249999999997 0.7146874999999999 0.01125 0.0075
2 0.30062500000000003 0.70625 0.013750000000000002 0.00625
2 0.280625 0.70625 0.01125 0.00625
2 0.368125 0.5571875000000001 0.005 0.01125
2 0.3484375 0.5584374999999999 0.00625 0.013750000000000002
2 0.5599999999999999 0.52 0.013750000000000002 0.015
2 0.5003124999999999 0.3259375 0.01 0.01125
2 0.6375 0.1375 0.00625 0.0125
2 0.2896875 0.075625 0.013750000000000002 0.013750000000000002
2 0.47843749999999996 0.09125 0.01 0.013750000000000002
2 0.4721875 0.075 0.01 0.0125
2 0.32999999999999996 0.0125 0.01625 0.00625
2 0.32125 0.965625 0.01125 0.0125
2 0.4728125 0.80625 0.01125 0.0125
2 0.465 0.8087500000000001 0.01125 0.01125
2 0.45875000000000005 0.8109375 0.01125 0.0125
2 0.45187499999999997 0.8525 0.01 0.01125
2 0.45625 0.8474999999999999 0.0125 0.013750000000000002
2 0.46187500000000004 0.8453125 0.01125 0.0125
2 0.46749999999999997 0.8415625 0.01 0.01125
2 0.4684375 0.8578125 0.008749999999999999 0.0125
2 0.47437500000000005 0.853125 0.01125 0.0125
2 0.49031250000000004 0.8415625 0.008749999999999999 0.01125
2 0.495625 0.8390625 0.01 0.0125
2 0.501875 0.835625 0.01 0.015
2 0.496875 0.8265625 0.0125 0.0125
2 0.34249999999999997 0.881875 0.01 0.013750000000000002
2 0.35343749999999996 0.874375 0.01 0.01125
2 0.3596875 0.8712500000000001 0.01 0.01125
2 0.366875 0.868125 0.008749999999999999 0.01125
2 0.3715625 0.865625 0.008749999999999999 0.0125
2 0.37687499999999996 0.8603125 0.01 0.01125
2 0.38375 0.8584375 0.01125 0.013750000000000002
2 0.39 0.85375 0.01125 0.013750000000000002
2 0.395 0.8521875 0.008749999999999999 0.013750000000000002
2 0.40031249999999996 0.846875 0.01 0.0125
2 0.418125 0.8346875 0.01125 0.01
2 0.42374999999999996 0.8328125 0.01 0.0125
2 0.429375 0.828125 0.008749999999999999 0.0125
2 0.43624999999999997 0.8265625 0.01 0.0125
2 0.4425 0.8228125000000001 0.01 0.01125
2 0.44781250000000006 0.8203125 0.01125 0.0125
2 0.45406250000000004 0.8162499999999999 0.01125 0.013750000000000002
2 0.0396875 0.11968749999999999 0.02 0.04875
2 0.0296875 0.6525000000000001 0.03125 0.01125
2 0.576875 0.4390625 0.034999999999999996 0.05
2 0.4340625 0.3309375 0.03375 0.04625
2 0.0203125 0.3640625 0.0125 0.00625
2 0.4253125 0.9375 0.01 0.0125
2 0.4134375 0.9453125 0.01125 0.0125
2 0.7884375 0.480625 0.01125 0.017499999999999998
2 0.795625 0.41187500000000005 0.01 0.005
2 0.79375 0.406875 0.0125 0.0075
2 0.7925 0.399375 0.01 0.005
2 0.7909375 0.3853125 0.01 0.005
2 0.7915625000000001 0.37875000000000003 0.01125 0.0075
2 0.790625 0.3734375 0.0125 0.00625
2 0.790625 0.365625 0.0125 0.00625
2 0.790625 0.359375 0.0125 0.00625
2 0.7896875 0.3525 0.013750000000000002 0.005
2 0.79125 0.3453125 0.013750000000000002 0.00625
2 0.7896875 0.3384375 0.013750000000000002 0.005
2 0.7896875 0.33375 0.013750000000000002 0.005
2 0.7784375 0.45968749999999997 0.01625 0.01
2 0.7878125 0.49031250000000004 0.01625 0.008749999999999999
2 0.7971874999999999 0.425 0.01 0.00625
2 0.791875 0.5003124999999999 0.015 0.01
2 0.7934375 0.5090625 0.015 0.008749999999999999
2 0.79875 0.5178125 0.01625 0.0075
2 0.8028124999999999 0.526875 0.015 0.01
2 0.8078125 0.5359375 0.01875 0.0125
2 0.8128125 0.546875 0.01625 0.0125
2 0.7778125 0.45093750000000005 0.015 0.01125
2 0.7753125 0.4421875 0.01625 0.0125
2 0.7737499999999999 0.434375 0.01625 0.0125
2 0.7681250000000001 0.4059375 0.017499999999999998 0.015
2 0.7675 0.3975 0.01625 0.013750000000000002
2 0.7490625 0.36625 0.013750000000000002 0.0075
2 0.750625 0.381875 0.013750000000000002 0.0075
2 0.795625 0.41968750000000005 0.01 0.005
2 0.8006249999999999 0.4328125 0.013750000000000002 0.00625
2 0.7537499999999999 0.40093750000000006 0.013750000000000002 0.005
2 0.8909375 0.5856250000000001 0.01 0.015
2 0.9400000000000001 0.5803125 0.01125 0.0075
2 0.9190625000000001 0.58 0.01 0.01625
2 0.9275 0.600625 0.01125 0.013750000000000002
2 0.9315625000000001 0.60875 0.01 0.01125
2 0.9353125 0.615 0.01125 0.01125
2 0.944375 0.6309375 0.013750000000000002 0.008749999999999999
2 0.95375 0.645 0.013750000000000002 0.008749999999999999
2 0.8665625 0.5925 0.01125 0.01
2 0.8625 0.5853125 0.0125 0.01125
2 0.835 0.5393749999999999 0.013750000000000002 0.01
2 0.8525 0.5690625 0.01125 0.01
2 0.884375 0.623125 0.0125 0.015
2 0.8809374999999999 0.6171875 0.015 0.0125
2 0.8484375 0.5628124999999999 0.0125 0.01
2 0.8 0.440625 0.0125 0.00625
2 0.8446875 0.5559375 0.01125 0.008749999999999999
2 0.8412499999999999 0.5509375000000001 0.013750000000000002 0.01125
2 0.828125 0.524375 0.0125 0.01125
2 0.828125 0.5190625 0.0125 0.01
2 0.8234375 0.5115624999999999 0.0125 0.0075
2 0.818125 0.500625 0.01125 0.0075
2 0.8140625 0.48656249999999995 0.0125 0.0075
2 0.8103125 0.4803125 0.01125 0.0075
2 0.8087500000000001 0.4725 0.01125 0.0075
2 0.806875 0.46624999999999994 0.013750000000000002 0.0075
2 0.8046875 0.45999999999999996 0.0125 0.0075
2 0.8025 0.453125 0.01125 0.00625
2 0.8015625 0.446875 0.0125 0.00625
2 0.7515625 0.39375 0.0125 0.00625
2 0.7537499999999999 0.40843749999999995 0.013750000000000002 0.0075
2 0.40875000000000006 0.9484375 0.01125 0.0125
2 0.8018750000000001 0.6184375 0.01 0.008749999999999999
2 0.8862500000000001 0.6765625 0.01 0.0125
2 0.880625 0.67875 0.01125 0.013750000000000002
2 0.8768750000000001 0.684375 0.01 0.0125
2 0.8706250000000001 0.6859375 0.01 0.0125
2 0.8643750000000001 0.6890625 0.01 0.0125
2 0.8574999999999999 0.6925 0.008749999999999999 0.01
2 0.6775 0.635 0.01125 0.013750000000000002
2 0.6525000000000001 0.5828125 0.01125 0.0125
2 0.846875 0.6909375 0.0125 0.01
2 0.8425 0.6837500000000001 0.01625 0.01125
2 0.83375 0.6728125 0.01125 0.01125
2 0.8306250000000001 0.6684375 0.01125 0.008749999999999999
2 0.8121875 0.6390625 0.015 0.0125
2 0.7978125 0.61375 0.01125 0.008749999999999999
2 0.8709374999999999 0.6465625 0.0075 0.015
2 0.796875 0.6065625 0.0125 0.01
2 0.7925 0.595 0.01 0.008749999999999999
2 0.7731250000000001 0.5696875 0.015 0.01125
2 0.765625 0.555625 0.0125 0.01125
2 0.750625 0.5271874999999999 0.013750000000000002 0.0075
2 0.744375 0.49437499999999995 0.013750000000000002 0.0075
2 0.7453125 0.48562500000000003 0.0125 0.008749999999999999
2 0.74125 0.47625 0.013750000000000002 0.008749999999999999
2 0.7396874999999999 0.47000000000000003 0.013750000000000002 0.008749999999999999
2 0.7381249999999999 0.46375 0.013750000000000002 0.008749999999999999
2 0.7371875 0.456875 0.015 0.0075
2 0.735 0.45125000000000004 0.013750000000000002 0.008749999999999999
2 0.7340625000000001 0.44437499999999996 0.015 0.0075
2 0.9015625 0.6690625 0.00625 0.01625
2 0.85625 0.656875 0.0125 0.0075
2 0.753125 0.41875 0.0125 0.00625
2 0.798125 0.5546875 0.015 0.0125
2 0.7553124999999999 0.429375 0.013750000000000002 0.008749999999999999
2 0.7553124999999999 0.43562500000000004 0.013750000000000002 0.008749999999999999
2 0.759375 0.44281249999999994 0.0125 0.0075
2 0.75875 0.449375 0.01125 0.005
2 0.760625 0.45531249999999995 0.015 0.0075
2 0.7575000000000001 0.47781250000000003 0.015 0.008749999999999999
2 0.766875 0.484375 0.015 0.0125
2 0.770625 0.48968749999999994 0.01 0.0075
2 0.7725 0.495625 0.013750000000000002 0.01
2 0.7775000000000001 0.50125 0.01125 0.008749999999999999
2 0.7875 0.5325 0.0125 0.008749999999999999
2 0.7896875 0.5393749999999999 0.013750000000000002 0.01
2 0.7928124999999999 0.54625 0.013750000000000002 0.01125
2 0.8021874999999999 0.5650000000000001 0.013750000000000002 0.01125
2 0.8546875 0.6509375000000001 0.0125 0.01125
2 0.8175000000000001 0.5565625 0.01625 0.01
2 0.828125 0.573125 0.0125 0.015
2 0.8099999999999999 0.5790625 0.013750000000000002 0.01125
2 0.8146875 0.586875 0.013750000000000002 0.01125
2 0.840625 0.5965625 0.0125 0.015
2 0.8259375 0.6025 0.01125 0.01125
2 0.8290625 0.6153125 0.01125 0.008749999999999999
2 0.8465624999999999 0.60875 0.015 0.01125
2 0.8534375000000001 0.6190625 0.01625 0.01
2 0.8571875 0.6290625000000001 0.017499999999999998 0.01125
2 0.8415625 0.6331249999999999 0.01125 0.01
2 0.8462500000000001 0.64 0.01125 0.01125
2 0.849375 0.645625 0.01125 0.01
2 0.94625 0.591875 0.01125 0.008749999999999999
2 0.9493750000000001 0.5965625 0.01125 0.008749999999999999
2 0.9525 0.6025 0.01125 0.01125
2 0.931875 0.3765625 0.013750000000000002 0.00625
2 0.9471875000000001 0.4615625 0.01625 0.0075
2 0.9446875 0.456875 0.01125 0.0075
2 0.943125 0.449375 0.01125 0.005
2 0.9403124999999999 0.43624999999999997 0.015 0.01
2 0.9393750000000001 0.44375 0.01 0.00625
2 0.9393750000000001 0.42874999999999996 0.01 0.0075
2 0.9378125 0.42281250000000004 0.01 0.005
2 0.9375 0.4171875 0.0125 0.00625
2 0.9356249999999999 0.40875000000000006 0.015 0.005
2 0.934375 0.4025 0.0125 0.005
2 0.9331250000000001 0.3953125 0.01 0.00625
2 0.9324999999999999 0.388125 0.008749999999999999 0.0075
2 0.9337500000000001 0.38125 0.01125 0.00625
2 0.9328125 0.36875 0.0125 0.00625
2 0.9484375 0.47468750000000004 0.0125 0.008749999999999999
2 0.9328125 0.3640625 0.0125 0.00625
2 0.9328125 0.35625 0.0125 0.00625
2 0.9337500000000001 0.349375 0.01125 0.005
2 0.9009375000000001 0.334375 0.01125 0.00625
2 0.930625 0.343125 0.01125 0.005
2 0.9678125 0.315 0.0075 0.01125
2 0.9609375 0.3171875 0.00625 0.0125
2 0.9571875000000001 0.54875 0.01125 0.01
2 0.953125 0.5409375 0.0125 0.01
2 0.9525 0.535625 0.01125 0.008749999999999999
2 0.9484375 0.53 0.0125 0.01
2 0.94625 0.5221875 0.01125 0.01
2 0.9428124999999999 0.516875 0.013750000000000002 0.008749999999999999
2 0.9481249999999999 0.46781249999999996 0.015 0.0075
2 0.9506249999999999 0.48218750000000005 0.013750000000000002 0.01125
2 0.9571875000000001 0.60875 0.01125 0.01125
2 0.33968750000000003 0.505 0.0075 0.01625
2 0.32625000000000004 0.5037499999999999 0.008749999999999999 0.013750000000000002
2 0.28375 0.414375 0.01125 0.01625
2 0.0115625 0.13 0.0075 0.01625
2 0.9525 0.488125 0.01125 0.0075
2 0.9665625 0.434375 0.005 0.0125
2 0.9640625 0.421875 0.00625 0.0125
2 0.9571875000000001 0.41156249999999994 0.005 0.013750000000000002
2 0.95625 0.39625 0.00625 0.01125
2 0.9625 0.3703125 0.00625 0.0125
2 0.961875 0.3859375 0.005 0.0125
2 0.9556250000000001 0.383125 0.005 0.01625
2 0.95625 0.3665625 0.00625 0.01125
2 0.9637499999999999 0.40750000000000003 0.008749999999999999 0.021249999999999998
2 0.9565625000000001 0.5075000000000001 0.01625 0.008749999999999999
2 0.953125 0.49375 0.0125 0.00625
2 0.940625 0.5075000000000001 0.0125 0.008749999999999999
2 0.9384375 0.5021875 0.01125 0.0075
2 0.934375 0.4953125 0.0125 0.00625
2 0.9099999999999999 0.5075000000000001 0.013750000000000002 0.008749999999999999
2 0.89 0.41312499999999996 0.01125 0.0075
2 0.890625 0.418125 0.0125 0.005
2 0.890625 0.425625 0.0125 0.0075
2 0.8921875 0.4325 0.0125 0.008749999999999999
2 0.89375 0.4390625 0.0125 0.00625
2 0.8959374999999999 0.446875 0.013750000000000002 0.00625
2 0.896875 0.45375 0.0125 0.0075
2 0.896875 0.4615625 0.0125 0.0075
2 0.899375 0.4684375 0.01125 0.008749999999999999
2 0.9037499999999999 0.48187499999999994 0.013750000000000002 0.0075
2 0.9034375000000001 0.48875 0.01 0.008749999999999999
2 0.906875 0.495625 0.013750000000000002 0.01
2 0.9087500000000001 0.50125 0.01125 0.008749999999999999
2 0.9140625 0.514375 0.0125 0.01
2 0.9256249999999999 0.49468750000000006 0.0075 0.01125
2 0.915625 0.52 0.0125 0.008749999999999999
2 0.9171875 0.526875 0.0125 0.01
2 0.921875 0.5403125 0.0125 0.008749999999999999
2 0.925 0.5465625000000001 0.0125 0.008749999999999999
2 0.928125 0.5528125 0.0125 0.008749999999999999
2 0.93125 0.56125 0.0125 0.01
2 0.9550000000000001 0.565625 0.01 0.0125
2 0.9621875 0.57875 0.008749999999999999 0.013750000000000002
2 0.9337500000000001 0.5671875 0.01125 0.00625
2 0.8871874999999999 0.57125 0.008749999999999999 0.01125
2 0.9018750000000001 0.6009375 0.01 0.01125
2 0.936875 0.5709375 0.01125 0.0075
2 0.9478125000000001 0.6121875 0.01125 0.015
2 0.8890625 0.4046875 0.0125 0.00625
2 0.8875 0.396875 0.0125 0.00625
2 0.8868750000000001 0.39 0.01125 0.005
2 0.8868750000000001 0.384375 0.01125 0.00625
2 0.8262499999999999 0.41500000000000004 0.008749999999999999 0.02375
2 0.9337500000000001 0.48875 0.01125 0.008749999999999999
2 0.931875 0.48187499999999994 0.013750000000000002 0.0075
2 0.928125 0.47625 0.0125 0.008749999999999999
2 0.9275 0.46875 0.01125 0.00625
2 0.9265625 0.46218750000000003 0.0125 0.008749999999999999
2 0.9184374999999999 0.468125 0.008749999999999999 0.01125
2 0.9115624999999999 0.44000000000000006 0.0075 0.01125
2 0.921875 0.440625 0.0125 0.00625
2 0.921875 0.4334375 0.0125 0.0075
2 0.91875 0.425625 0.0125 0.0075
2 0.91875 0.41937499999999994 0.0125 0.0075
2 0.9171875 0.4125 0.0125 0.00625
2 0.915625 0.40625 0.0125 0.00625
2 0.91625 0.4 0.013750000000000002 0.00625
2 0.915 0.3928125 0.01125 0.0075
2 0.9053125 0.3959375 0.0075 0.013750000000000002
2 0.9140625 0.38375 0.0125 0.005
2 0.915625 0.378125 0.0125 0.00625
2 0.915 0.36875 0.01125 0.00625
2 0.915 0.35625 0.01125 0.00625
2 0.9 0.34375 0.0125 0.00625
2 0.9146875 0.35 0.013750000000000002 0.00625
2 0.885 0.35625 0.013750000000000002 0.00625
2 0.8865624999999999 0.3625 0.013750000000000002 0.00625
2 0.8859375 0.369375 0.0125 0.0075
2 0.8859375 0.375625 0.0125 0.0075
2 0.7321875 0.436875 0.01125 0.005
2 0.7303124999999999 0.43187499999999995 0.013750000000000002 0.0075
2 0.73 0.4253125 0.01625 0.01
2 0.614375 0.9800000000000001 0.01 0.01
2 0.6103125 0.983125 0.01125 0.01
2 0.5790625 0.98375 0.01125 0.01125
2 0.5909375 0.978125 0.01 0.0125
2 0.5978125000000001 0.9759375 0.01125 0.01125
2 0.6021875 0.97 0.013750000000000002 0.015
2 0.524375 0.9821875 0.005 0.01125
2 0.7246875 0.280625 0.015 0.005
2 0.6849999999999999 0.1403125 0.0075 0.015
2 0.72375 0.263125 0.01625 0.0075
2 0.724375 0.253125 0.017499999999999998 0.00625
2 0.725625 0.244375 0.02 0.0075
2 0.77125 0.1625 0.01125 0.00625
2 0.7703125 0.15562499999999999 0.0125 0.005
2 0.7056250000000001 0.140625 0.005 0.0125
2 0.7171875 0.1409375 0.00625 0.01625
2 0.7296875 0.14125000000000001 0.00625 0.013750000000000002
2 0.7150000000000001 0.094375 0.005 0.013750000000000002
2 0.6859375 0.1 0.0125 0.00625
2 0.6693749999999999 0.11187499999999999 0.0075 0.017499999999999998
2 0.6950000000000001 0.1121875 0.008749999999999999 0.015
2 0.6825 0.11125 0.008749999999999999 0.01625
2 0.6709375 0.141875 0.0075 0.015
2 0.6065625 0.503125 0.0225 0.025
2 0.7246875 0.7965625000000001 0.015 0.015
2 0.8099999999999999 0.8428125 0.013750000000000002 0.013750000000000002
2 0.8412499999999999 0.9090624999999999 0.013750000000000002 0.015
2 0.7975 0.0359375 0.013750000000000002 0.00625
2 0.529375 0.976875 0.008749999999999999 0.01
2 0.535625 0.974375 0.008749999999999999 0.01125
2 0.5403125 0.9721875000000001 0.008749999999999999 0.01
2 0.4409375 0.97875 0.01 0.013750000000000002
2 0.5096875 0.9365625 0.01 0.013750000000000002
2 0.5034375 0.9400000000000001 0.01 0.01125
2 0.49625 0.9290625 0.01125 0.01125
2 0.49093749999999997 0.9315625000000001 0.01 0.01
2 0.4925 0.9478125000000001 0.01 0.01125
2 0.48531250000000004 0.9365625 0.01125 0.013750000000000002
2 0.48 0.9400000000000001 0.01 0.01125
2 0.4859375 0.9525 0.0125 0.01125
2 0.475 0.9584374999999999 0.0125 0.013750000000000002
2 0.47062499999999996 0.9625 0.01 0.0125
2 0.464375 0.965625 0.01 0.0125
2 0.45875000000000005 0.9684375 0.01125 0.015
2 0.44625000000000004 0.975 0.01125 0.0125
2 0.4359375 0.9818749999999999 0.0125 0.013750000000000002
2 0.54625 0.9671875 0.01125 0.0125
2 0.445625 0.9603125 0.01 0.01125
2 0.4671875 0.94625 0.0125 0.01125
2 0.46187500000000004 0.9509375 0.01125 0.01125
2 0.458125 0.9540625 0.01 0.01125
2 0.45093750000000005 0.9578125 0.01125 0.0125
2 0.43937499999999996 0.9650000000000001 0.01 0.01125
2 0.43375 0.9671875 0.01125 0.0125
2 0.426875 0.9706250000000001 0.01 0.01
2 0.4221875 0.9737500000000001 0.01 0.01
2 0.41531250000000003 0.976875 0.008749999999999999 0.01
2 0.405625 0.98375 0.01125 0.01125
2 0.4103125 0.9806250000000001 0.01125 0.01125
2 0.401875 0.953125 0.01 0.0125
2 0.501875 0.9265625 0.01 0.0125
2 0.5071875 0.9225 0.01125 0.013750000000000002
2 0.514375 0.9193749999999999 0.01 0.013750000000000002
2 0.52125 0.915625 0.01125 0.0125
2 0.5525 0.9668749999999999 0.01125 0.008749999999999999
2 0.558125 0.9634375000000001 0.01 0.01125
2 0.5759375 0.953125 0.01125 0.0125
2 0.58125 0.9484375 0.0125 0.0125
2 0.4915625 0.985625 0.01125 0.015
2 0.5040625000000001 0.978125 0.01125 0.0125
2 0.50875 0.9734375 0.01125 0.0125
2 0.515 0.9678125 0.01125 0.013750000000000002
2 0.52125 0.9650000000000001 0.01125 0.01125
2 0.52625 0.9603125 0.008749999999999999 0.01125
2 0.5328125 0.9584374999999999 0.0125 0.013750000000000002
2 0.5440625 0.9515625 0.01 0.0125
2 0.5559375 0.9446875 0.008749999999999999 0.01125
2 0.5775 0.93 0.01125 0.01
2 0.514375 0.9334374999999999 0.01 0.013750000000000002
2 0.520625 0.930625 0.01 0.01125
2 0.526875 0.9259375000000001 0.01 0.01125
2 0.5321875 0.923125 0.01125 0.015
2 0.541875 0.915625 0.008749999999999999 0.0125
2 0.5493750000000001 0.9125 0.01125 0.0125
2 0.5596875 0.9040625 0.01 0.01125
2 0.559375 0.890625 0.0125 0.0125
2 0.5543750000000001 0.89625 0.008749999999999999 0.01125
2 0.5425 0.9015625 0.01 0.0125
2 0.536875 0.903125 0.01125 0.0125
2 0.530625 0.9084375 0.01125 0.013750000000000002
2 0.5240625 0.9112500000000001 0.0075 0.01
2 0.723125 0.271875 0.015 0.00625
2 0.7271875 0.29312499999999997 0.013750000000000002 0.005
2 0.728125 0.4178125 0.0125 0.0075
2 0.721875 0.34187500000000004 0.0125 0.008749999999999999
2 0.900625 0.221875 0.013750000000000002 0.00625
2 0.8603125 0.231875 0.01125 0.013750000000000002
2 0.86 0.2475 0.013750000000000002 0.013750000000000002
2 0.860625 0.26156250000000003 0.015 0.013750000000000002
2 0.85625 0.27718750000000003 0.00625 0.013750000000000002
2 0.81875 0.41281249999999997 0.00625 0.01
2 0.8178124999999999 0.36593749999999997 0.0075 0.01625
2 0.8184374999999999 0.3278125 0.008749999999999999 0.027500000000000004
2 0.7887500000000001 0.31 0.015 0.013750000000000002
2 0.788125 0.320625 0.013750000000000002 0.01
2 0.7631249999999999 0.32406250000000003 0.013750000000000002 0.0075
2 0.75 0.325 0.0125 0.00625
2 0.721875 0.3578125 0.0125 0.00625
2 0.7224999999999999 0.33375 0.013750000000000002 0.01125
2 0.9021874999999999 0.23562500000000003 0.013750000000000002 0.008749999999999999
2 0.720625 0.318125 0.01 0.005
2 0.721875 0.309375 0.0125 0.00625
2 0.7275 0.3025 0.01125 0.005
2 0.765625 0.3071875 0.0125 0.005
2 0.775 0.3175 0.00625 0.01625
2 0.8196875 0.285625 0.01125 0.015
2 0.82 0.26625 0.008749999999999999 0.013750000000000002
2 0.820625 0.24656250000000002 0.01 0.015
2 0.7896875 0.2946875 0.013750000000000002 0.005
2 0.79125 0.2884375 0.013750000000000002 0.005
2 0.7903125 0.280625 0.015 0.005
2 0.79125 0.275 0.013750000000000002 0.00625
2 0.79125 0.268125 0.013750000000000002 0.005
2 0.9009375000000001 0.2290625 0.01125 0.005
2 0.9025000000000001 0.24375 0.01125 0.00625
2 0.76625 0.25968749999999996 0.013750000000000002 0.00375
2 0.953125 0.278125 0.0125 0.00625
2 0.7271875 0.41156249999999994 0.013750000000000002 0.0075
2 0.728125 0.4046875 0.0125 0.00625
2 0.7265625 0.3990625 0.0125 0.0075
2 0.725 0.37875000000000003 0.0125 0.0075
2 0.7234375 0.371875 0.0125 0.00625
2 0.7224999999999999 0.3665625 0.013750000000000002 0.005
2 0.7659374999999999 0.3859375 0.01625 0.0125
2 0.7653125000000001 0.37687499999999996 0.015 0.01
2 0.764375 0.3671875 0.01625 0.0125
2 0.7659374999999999 0.36 0.01625 0.013750000000000002
2 0.748125 0.35375 0.015 0.0075
2 0.95625 0.2546875 0.00625 0.0125
2 0.965625 0.2925 0.0125 0.01
2 0.9578125 0.24 0.0125 0.01125
2 0.9018750000000001 0.253125 0.01 0.00625
2 0.9568749999999999 0.23374999999999999 0.013750000000000002 0.01125
2 0.929375 0.238125 0.015 0.0075
2 0.9321875000000001 0.22749999999999998 0.01125 0.005
2 0.9321875000000001 0.21875 0.01125 0.00625
2 0.93125 0.213125 0.0125 0.0075
2 0.928125 0.2803125 0.0125 0.0075
2 0.9259375000000001 0.2875 0.01125 0.00625
2 0.9525 0.3171875 0.01125 0.0125
2 0.899375 0.2890625 0.01125 0.00625
2 0.9 0.28125 0.0125 0.00625
2 0.8990625 0.274375 0.013750000000000002 0.005
2 0.9 0.265625 0.0125 0.00625
2 0.9 0.259375 0.0125 0.00625
2 0.791875 0.2625 0.015 0.00625
2 0.79125 0.25625 0.013750000000000002 0.00625
2 0.79125 0.2484375 0.013750000000000002 0.00625
2 0.9225 0.1153125 0.0075 0.015
2 0.8943749999999999 0.13125 0.013750000000000002 0.00625
2 0.8934374999999999 0.12562500000000001 0.015 0.0075
2 0.9712500000000001 0.0759375 0.01125 0.01125
2 0.95875 0.0753125 0.01125 0.01
2 0.9478125000000001 0.074375 0.01125 0.01125
2 0.9428124999999999 0.1025 0.013750000000000002 0.01125
2 0.96 0.10375000000000001 0.013750000000000002 0.013750000000000002
2 0.9712500000000001 0.11625 0.005 0.013750000000000002
2 0.9625 0.11625 0.00625 0.013750000000000002
2 0.953125 0.11625 0.00625 0.013750000000000002
2 0.9453125 0.1153125 0.00625 0.015
2 0.9375 0.1153125 0.00625 0.015
2 0.930625 0.1153125 0.005 0.015
2 0.8931250000000001 0.10625 0.01125 0.0125
2 0.7803125 0.221875 0.0075 0.0125
2 0.844375 0.14156249999999998 0.0075 0.01125
2 0.84375 0.15812500000000002 0.00625 0.01625
2 0.791875 0.2421875 0.015 0.00625
2 0.79125 0.23312499999999997 0.013750000000000002 0.01
2 0.7734375 0.2225 0.00625 0.013750000000000002
2 0.76625 0.2190625 0.0075 0.01625
2 0.759375 0.21937500000000001 0.00625 0.013750000000000002
2 0.7525000000000001 0.21937500000000001 0.005 0.013750000000000002
2 0.7653125000000001 0.3 0.015 0.00625
2 0.76625 0.29375 0.013750000000000002 0.00625
2 0.76625 0.286875 0.013750000000000002 0.005
2 0.76625 0.2728125 0.013750000000000002 0.005
2 0.76625 0.2671875 0.013750000000000002 0.00625
2 0.8943749999999999 0.1375 0.013750000000000002 0.00625
2 0.89375 0.1453125 0.0125 0.00625
2 0.8928125 0.1521875 0.013750000000000002 0.0075
2 0.8928125 0.1584375 0.013750000000000002 0.0075
2 0.78625 0.22125 0.00375 0.01125
2 0.95625 0.225 0.0125 0.0125
2 0.9584374999999999 0.216875 0.013750000000000002 0.015
2 0.9581250000000001 0.2034375 0.01 0.01
2 0.9490624999999999 0.1834375 0.013750000000000002 0.013750000000000002
2 0.9653124999999999 0.1375 0.015 0.00625
2 0.9696875 0.148125 0.005 0.015
2 0.9625 0.148125 0.00625 0.015
2 0.9515625 0.14750000000000002 0.00625 0.013750000000000002
2 0.94375 0.14656249999999998 0.00625 0.015
2 0.9390625 0.1359375 0.0125 0.00625
2 0.9375 0.14750000000000002 0.00625 0.013750000000000002
2 0.9296875 0.14750000000000002 0.00625 0.013750000000000002
2 0.9234375 0.1359375 0.0125 0.00625
2 0.9603125 0.17375000000000002 0.005 0.01
2 0.9546875 0.173125 0.00625 0.008749999999999999
2 0.946875 0.17281249999999998 0.00625 0.01125
2 0.9400000000000001 0.17124999999999999 0.005 0.01125
2 0.9328125 0.1721875 0.00625 0.01
2 0.9409375000000001 0.184375 0.01 0.0125
2 0.9278124999999999 0.18375 0.015 0.01125
2 0.9243750000000001 0.17124999999999999 0.005 0.01125
2 0.91875 0.17124999999999999 0.00625 0.01125
2 0.9025000000000001 0.18375 0.005 0.01125
2 0.905625 0.17124999999999999 0.005 0.01125
2 0.8928125 0.171875 0.013750000000000002 0.00625
2 0.8928125 0.16499999999999998 0.013750000000000002 0.005
