2 0.51625 0.3246875 0.0075 0.015
2 0.5084375 0.3259375 0.0075 0.01125
2 0.5015625 0.29562499999999997 0.00625 0.01
2 0.488125 0.29625 0.0075 0.01125
2 0.4796875 0.3246875 0.00625 0.015
2 0.4734375 0.3234375 0.00625 0.0125
2 0.465625 0.3234375 0.00625 0.0125
2 0.4578125 0.3228125 0.00625 0.01125
2 0.45 0.323125 0.00625 0.015
2 0.4409375 0.3046875 0.01 0.00625
2 0.4409375 0.2953125 0.01 0.00625
2 0.4409375 0.28125 0.01 0.00625
2 0.4425 0.2671875 0.01 0.00625
2 0.4859375 0.5818749999999999 0.0125 0.013750000000000002
2 0.381875 0.5650000000000001 0.013750000000000002 0.01125
2 0.45437500000000003 0.6228125 0.015 0.01125
2 0.20968749999999997 0.43499999999999994 0.01625 0.013750000000000002
2 0.20218750000000002 0.42000000000000004 0.013750000000000002 0.015
2 0.191875 0.4028125 0.015 0.015
2 0.10687500000000001 0.334375 0.013750000000000002 0.0125
2 0.034375 0.2975 0.0125 0.013750000000000002
2 0.30625 0.1421875 0.00625 0.0125
2 0.294375 0.134375 0.0075 0.0125
2 0.31843750000000004 0.1153125 0.008749999999999999 0.015
2 0.325 0.088125 0.00625 0.013750000000000002
2 0.28781249999999997 0.025312499999999998 0.01 0.01625
2 0.48125 0.2778125 0.00625 0.015
2 0.4959375 0.27937500000000004 0.0075 0.015
2 0.5037499999999999 0.27875 0.0075 0.013750000000000002
2 0.5628124999999999 0.2875 0.01625 0.00625
2 0.263125 0.7678125 0.0075 0.013750000000000002
2 0.03375 0.2384375 0.01125 0.01125
2 0.5696875 0.196875 0.01125 0.00625
2 0.5650000000000001 0.18812500000000001 0.01125 0.0075
2 0.49000000000000005 0.1696875 0.01125 0.01125
2 0.49812500000000004 0.1625 0.015 0.0125
2 0.476875 0.14625 0.01 0.01125
2 0.43531250000000005 0.0203125 0.005 0.0125
2 0.5621875000000001 0.26687500000000003 0.015 0.008749999999999999
2 0.5621875000000001 0.2740625 0.015 0.0075
2 0.563125 0.280625 0.013750000000000002 0.005
2 0.5640625 0.29375 0.0125 0.00625
2 0.5115624999999999 0.27937500000000004 0.0075 0.015
2 0.5621875000000001 0.30093749999999997 0.015 0.005
2 0.5287499999999999 0.24625 0.0075 0.01125
2 0.5209374999999999 0.24625 0.0075 0.01125
2 0.506875 0.2475 0.0075 0.013750000000000002
2 0.5 0.2475 0.00625 0.013750000000000002
2 0.4921875 0.246875 0.00625 0.0125
2 0.478125 0.246875 0.00625 0.0125
2 0.469375 0.246875 0.0075 0.0125
2 0.46187500000000004 0.24625 0.005 0.01125
2 0.45562500000000006 0.2453125 0.005 0.0125
2 0.5193749999999999 0.27999999999999997 0.0075 0.01625
2 0.3959375 0.504375 0.045 0.04
2 0.58875 0.714375 0.008749999999999999 0.01
2 0.44000000000000006 0.2875 0.01125 0.00625
2 0.5231250000000001 0.29625 0.008749999999999999 0.01125
