2 0.16499999999999998 0.9665625 0.01125 0.005
2 0.1665625 0.9337500000000001 0.01125 0.005
2 0.1671875 0.9384375 0.0125 0.005
2 0.1665625 0.94375 0.01125 0.00625
2 0.1671875 0.9493750000000001 0.0125 0.005
2 0.1665625 0.95625 0.01125 0.00625
2 0.165625 0.9609375 0.0125 0.00625
2 0.16499999999999998 0.9818749999999999 0.01125 0.0075
2 0.576875 0.8318749999999999 0.01 0.02
2 0.1665625 0.9875 0.01125 0.00625
2 0.165625 0.993125 0.0125 0.005
2 0.1665625 0.9290625 0.01125 0.005
2 0.16499999999999998 0.9243750000000001 0.01125 0.005
2 0.165625 0.9125 0.0125 0.00625
2 0.16499999999999998 0.90625 0.01125 0.00625
2 0.1671875 0.9009375000000001 0.0125 0.005
2 0.1665625 0.8953125 0.01125 0.00625
2 0.1665625 0.8915625 0.01125 0.005
2 0.1665625 0.8875 0.01125 0.00625
2 0.1665625 0.86875 0.01125 0.00625
2 0.1671875 0.88125 0.0125 0.00625
2 0.3 0.9828125 0.00625 0.0125
2 0.2921875 0.9828125 0.00625 0.0125
2 0.28125 0.9821875 0.00625 0.01125
2 0.26937500000000003 0.9815625000000001 0.0075 0.01
2 0.25 0.98375 0.00625 0.01125
2 0.2390625 0.9815625000000001 0.00625 0.01
2 0.2265625 0.98125 0.00625 0.0125
2 0.33625 0.9806250000000001 0.01 0.005
2 0.33625 0.9868750000000001 0.01 0.005
2 0.33406250000000004 0.9990625 0.008749999999999999 0.00125
2 0.3359375 0.9921875 0.0125 0.00625
2 0.209375 0.9790625000000001 0.00625 0.01125
2 0.1896875 0.9803124999999999 0.0075 0.013750000000000002
2 0.3115625 0.968125 0.0075 0.01125
2 0.3921875 0.9393750000000001 0.00625 0.01
2 0.27 0.940625 0.008749999999999999 0.0125
2 0.2765625 0.940625 0.00625 0.0125
2 0.29281250000000003 0.9409375000000001 0.0075 0.01
2 0.3 0.9409375000000001 0.00625 0.01
2 0.305625 0.9409375000000001 0.005 0.01
2 0.3109375 0.9415625000000001 0.00625 0.01125
2 0.3390625 0.9400000000000001 0.00625 0.01125
2 0.3446875 0.9400000000000001 0.005 0.01125
2 0.349375 0.9400000000000001 0.005 0.01125
2 0.35625 0.9400000000000001 0.00625 0.01125
2 0.3646875 0.9415625000000001 0.0075 0.01125
2 0.3703125 0.9409375000000001 0.00625 0.01
2 0.3765625 0.940625 0.00625 0.0125
2 0.3821875 0.9415625000000001 0.005 0.01125
2 0.3978125 0.9393750000000001 0.005 0.01
2 0.25625 0.9412499999999999 0.00625 0.013750000000000002
2 0.4021875 0.9400000000000001 0.0075 0.01125
2 0.4253125 0.9390625 0.01 0.00625
2 0.4253125 0.9453125 0.01 0.00625
2 0.4490625 0.9446875 0.013750000000000002 0.005
2 0.4484375 0.9384375 0.0125 0.005
2 0.42437500000000006 0.9275 0.005 0.01125
2 0.43624999999999997 0.9215625 0.01 0.008749999999999999
2 0.2046875 0.9243750000000001 0.00625 0.01125
2 0.2109375 0.9243750000000001 0.00625 0.01125
2 0.215 0.9259375000000001 0.005 0.01125
2 0.2265625 0.9275 0.00625 0.01125
2 0.23374999999999999 0.9259375000000001 0.005 0.01125
2 0.240625 0.9268750000000001 0.00625 0.01
2 0.25 0.9259375000000001 0.00625 0.01125
2 0.2625 0.940625 0.00625 0.0125
2 0.2509375 0.940625 0.005 0.0125
2 0.305625 0.9690625 0.005 0.01
2 0.2390625 0.965625 0.00625 0.0125
2 0.299375 0.968125 0.005 0.01125
2 0.29312499999999997 0.965625 0.005 0.0125
2 0.2875 0.9671875 0.00625 0.0125
2 0.280625 0.968125 0.005 0.01125
2 0.275 0.9659375000000001 0.00625 0.01
2 0.26875 0.9665625 0.00625 0.01125
2 0.2634375 0.965625 0.005 0.0125
2 0.3375 0.9640625 0.00625 0.0125
2 0.353125 0.9662499999999999 0.00625 0.013750000000000002
2 0.3603125 0.9662499999999999 0.005 0.013750000000000002
2 0.364375 0.965625 0.00375 0.0125
2 0.3696875 0.965625 0.005 0.0125
2 0.2571875 0.965625 0.005 0.0125
2 0.25 0.9671875 0.00625 0.0125
2 0.23374999999999999 0.9671875 0.005 0.0125
2 0.23343750000000002 0.9400000000000001 0.0075 0.01125
2 0.2265625 0.965625 0.00625 0.0125
2 0.2203125 0.9665625 0.00625 0.01125
2 0.2109375 0.965625 0.00625 0.0125
2 0.203125 0.9668749999999999 0.00625 0.008749999999999999
2 0.1978125 0.965625 0.005 0.0125
2 0.190625 0.965625 0.00625 0.0125
2 0.1915625 0.9384375 0.005 0.01125
2 0.1921875 0.9243750000000001 0.00625 0.01125
2 0.1984375 0.925 0.00625 0.0125
2 0.19718750000000002 0.9384375 0.00375 0.01125
2 0.21031249999999999 0.9400000000000001 0.005 0.01125
2 0.215625 0.9393750000000001 0.00625 0.01
2 0.22125 0.9393750000000001 0.005 0.01
2 0.22718750000000001 0.940625 0.0075 0.0125
2 0.20406249999999998 0.6725 0.01125 0.0075
2 0.1740625 0.57625 0.013750000000000002 0.008749999999999999
2 0.175 0.5825 0.0125 0.008749999999999999
2 0.1775 0.588125 0.01125 0.0075
2 0.178125 0.5928125 0.0125 0.0075
2 0.17906249999999999 0.5990624999999999 0.01125 0.0075
2 0.183125 0.60375 0.01 0.0075
2 0.18375 0.6084375 0.01125 0.0075
2 0.18625 0.6153125 0.01 0.008749999999999999
2 0.18843749999999998 0.6215625 0.01125 0.008749999999999999
2 0.1903125 0.62625 0.008749999999999999 0.008749999999999999
2 0.19437500000000002 0.63875 0.013750000000000002 0.008749999999999999
2 0.199375 0.6553125 0.01125 0.0075
2 0.203125 0.66625 0.0125 0.0075
2 0.195625 0.650625 0.01 0.0075
2 0.20656249999999998 0.67875 0.01 0.0075
2 0.21187499999999998 0.73375 0.005 0.01125
2 0.20812499999999998 0.6834374999999999 0.01 0.0075
2 0.22374999999999998 0.6490625 0.01 0.0075
2 0.22125 0.6434375 0.01125 0.008749999999999999
2 0.21968749999999998 0.6359375 0.01125 0.00625
2 0.21875 0.6303124999999999 0.0125 0.0075
2 0.2165625 0.625 0.01125 0.00625
2 0.2084375 0.595625 0.013750000000000002 0.01
2 0.20437500000000003 0.5903125 0.015 0.008749999999999999
2 0.21156250000000001 0.6065625 0.013750000000000002 0.01
2 0.2125 0.61375 0.0125 0.008749999999999999
2 0.294375 0.640625 0.0075 0.0125
2 0.30062500000000003 0.64375 0.0075 0.0125
2 0.23125 0.66875 0.0125 0.00625
2 0.20875 0.688125 0.01125 0.0075
2 0.21812499999999999 0.73375 0.005 0.01125
2 0.20625 0.7328125 0.00625 0.0125
2 0.215625 0.7006249999999999 0.0125 0.0075
2 0.019375 0.783125 0.013750000000000002 0.01
2 0.017499999999999998 0.7921875 0.01625 0.0125
2 0.0965625 0.8275 0.015 0.01125
2 0.193125 0.7321875 0.005 0.01125
2 0.121875 0.756875 0.0125 0.0075
2 0.12125 0.7634375 0.01125 0.005
2 0.12562500000000001 0.77625 0.013750000000000002 0.008749999999999999
2 0.129375 0.783125 0.015 0.01
2 0.1303125 0.788125 0.013750000000000002 0.0075
2 0.1340625 0.7946875 0.015 0.01125
2 0.134375 0.8006249999999999 0.0125 0.0075
2 0.14156249999999998 0.8209375 0.01125 0.02
2 0.1390625 0.745625 0.00625 0.01
2 0.145 0.7440625 0.008749999999999999 0.01
2 0.160625 0.7375 0.008749999999999999 0.0125
2 0.1671875 0.7359375 0.00625 0.0125
2 0.18125 0.733125 0.00625 0.01
2 0.18687499999999999 0.733125 0.005 0.01
2 0.21187499999999998 0.694375 0.01125 0.0075
2 0.215 0.70625 0.01125 0.00625
2 0.193125 0.815625 0.005 0.0125
2 0.196875 0.76 0.00625 0.013750000000000002
2 0.190625 0.7603125000000001 0.00625 0.01125
2 0.16343749999999999 0.8009375000000001 0.005 0.01125
2 0.175 0.8018750000000001 0.00625 0.01
2 0.18125 0.8018750000000001 0.00625 0.01
2 0.193125 0.8025 0.005 0.01125
2 0.2 0.8012499999999999 0.00625 0.008749999999999999
2 0.205625 0.8009375000000001 0.005 0.01125
2 0.21156250000000001 0.8009375000000001 0.0075 0.01125
2 0.21812499999999999 0.8018750000000001 0.005 0.01
2 0.230625 0.803125 0.005 0.0125
2 0.175 0.815625 0.00625 0.0125
2 0.18125 0.815625 0.00625 0.0125
2 0.18687499999999999 0.8162499999999999 0.005 0.013750000000000002
2 0.20625 0.8146875 0.00625 0.013750000000000002
2 0.209375 0.7618750000000001 0.00625 0.01125
2 0.21156250000000001 0.81375 0.0075 0.015
2 0.2171875 0.8153124999999999 0.00625 0.015
2 0.2228125 0.815625 0.005 0.0125
2 0.2359375 0.8150000000000001 0.00625 0.01125
2 0.2421875 0.8165625000000001 0.00625 0.01125
2 0.203125 0.7609375 0.00625 0.0125
2 0.21625 0.7618750000000001 0.0075 0.01125
2 0.215625 0.7125 0.0125 0.00625
2 0.3290625 0.7212500000000001 0.005 0.01125
2 0.215625 0.718125 0.0125 0.005
2 0.288125 0.711875 0.0075 0.01125
2 0.271875 0.673125 0.0125 0.008749999999999999
2 0.2953125 0.6853125 0.00625 0.01125
2 0.30062500000000003 0.689375 0.0075 0.01
2 0.306875 0.689375 0.0075 0.01
2 0.31375000000000003 0.6909375 0.008749999999999999 0.01
2 0.3303125 0.696875 0.0075 0.0125
2 0.33625 0.6975 0.01 0.013750000000000002
2 0.29812500000000003 0.7146874999999999 0.008749999999999999 0.013750000000000002
2 0.304375 0.7150000000000001 0.008749999999999999 0.01125
2 0.31 0.7178125 0.0075 0.013750000000000002
2 0.3146875 0.718125 0.0075 0.01125
2 0.3209375 0.719375 0.0075 0.013750000000000002
2 0.33406250000000004 0.7240624999999999 0.008749999999999999 0.013750000000000002
2 0.22125 0.7615624999999999 0.005 0.013750000000000002
2 0.34375 0.728125 0.00625 0.0125
2 0.350625 0.728125 0.0075 0.0125
2 0.356875 0.7303124999999999 0.0075 0.013750000000000002
2 0.151875 0.7703125 0.01 0.0125
2 0.15812500000000002 0.7681250000000001 0.01 0.01125
2 0.164375 0.7665625 0.01 0.01125
2 0.169375 0.765625 0.0075 0.0125
2 0.1671875 0.7796875 0.0125 0.00625
2 0.17906249999999999 0.7734375 0.005 0.0125
2 0.184375 0.774375 0.00625 0.01125
2 0.190625 0.7734375 0.00625 0.0125
2 0.2015625 0.7740625 0.00625 0.013750000000000002
2 0.2078125 0.7740625 0.00625 0.013750000000000002
2 0.215 0.7725 0.005 0.013750000000000002
2 0.2571875 0.9259375000000001 0.005 0.01125
2 0.2634375 0.9259375000000001 0.005 0.01125
2 0.26875 0.9265625 0.00625 0.0125
2 0.4515625 0.83125 0.0125 0.00625
2 0.3071875 0.8171875 0.005 0.0125
2 0.313125 0.8171875 0.0075 0.0125
2 0.32437499999999997 0.8171875 0.005 0.0125
2 0.330625 0.8165625000000001 0.005 0.01125
2 0.35531250000000003 0.81875 0.0075 0.0125
2 0.3665625 0.818125 0.005 0.01125
2 0.3728125 0.8165625000000001 0.005 0.01125
2 0.3828125 0.8196875 0.00625 0.01125
2 0.390625 0.8203125 0.00625 0.0125
2 0.403125 0.8190625 0.00625 0.01
2 0.4140625 0.818125 0.00625 0.01125
2 0.4203125 0.818125 0.00625 0.01125
2 0.4265625 0.818125 0.00625 0.01125
2 0.453125 0.8375 0.0125 0.00625
2 0.4515625 0.8265625 0.0125 0.00625
2 0.2890625 0.8165625000000001 0.00625 0.01125
2 0.4525 0.82125 0.01125 0.005
2 0.453125 0.8165625000000001 0.0125 0.005
2 0.453125 0.811875 0.0125 0.005
2 0.4525 0.805625 0.01125 0.005
2 0.453125 0.8 0.0125 0.00625
2 0.2640625 0.8018750000000001 0.00625 0.01
2 0.2725 0.8025 0.0075 0.01125
2 0.2784375 0.8034375 0.00375 0.01
2 0.284375 0.803125 0.00625 0.0125
2 0.30062500000000003 0.8025 0.0075 0.01125
2 0.3125 0.803125 0.00625 0.0125
2 0.31875 0.803125 0.00625 0.0125
2 0.32437499999999997 0.803125 0.005 0.0125
2 0.33125 0.8034375 0.00625 0.01
2 0.294375 0.8165625000000001 0.0075 0.01125
2 0.28375 0.815625 0.005 0.0125
2 0.34375 0.805 0.00625 0.01
2 0.2578125 0.844375 0.00625 0.013750000000000002
2 0.405625 0.8462500000000001 0.005 0.01125
2 0.4 0.8462500000000001 0.00625 0.01125
2 0.3921875 0.8462500000000001 0.00625 0.01125
2 0.37124999999999997 0.8462500000000001 0.005 0.01125
2 0.3640625 0.8446875 0.00625 0.01125
2 0.19375 0.84375 0.00625 0.0125
2 0.1990625 0.84375 0.0075 0.0125
2 0.205625 0.8453125 0.005 0.0125
2 0.21156250000000001 0.8428125 0.0075 0.013750000000000002
2 0.2225 0.843125 0.0075 0.01125
2 0.2296875 0.84375 0.00625 0.0125
2 0.23531249999999998 0.84375 0.005 0.0125
2 0.24125000000000002 0.8446875 0.0075 0.01125
2 0.2509375 0.84375 0.005 0.0125
2 0.2640625 0.8453125 0.00625 0.0125
2 0.278125 0.8162499999999999 0.00625 0.013750000000000002
2 0.26875 0.844375 0.00625 0.013750000000000002
2 0.275625 0.8453125 0.0075 0.0125
2 0.28375 0.8446875 0.005 0.01125
2 0.290625 0.8456250000000001 0.00625 0.01
2 0.2984375 0.8446875 0.00625 0.01125
2 0.3109375 0.8446875 0.00625 0.01125
2 0.31875 0.8456250000000001 0.00625 0.01
2 0.325625 0.8446875 0.0075 0.01125
2 0.33218749999999997 0.8456250000000001 0.005 0.01
2 0.33999999999999997 0.8462500000000001 0.005 0.01125
2 0.3540625 0.8462500000000001 0.005 0.01125
2 0.25375000000000003 0.8165625000000001 0.0075 0.01125
2 0.2646875 0.815625 0.0075 0.0125
2 0.271875 0.815625 0.00625 0.0125
2 0.3375 0.805 0.00625 0.01
2 0.35 0.805625 0.00625 0.01125
2 0.41500000000000004 0.8603125 0.005 0.01125
2 0.3640625 0.703125 0.0125 0.0125
2 0.5459375 0.86 0.0075 0.013750000000000002
2 0.5428124999999999 0.670625 0.013750000000000002 0.01
2 0.5340625 0.665625 0.008749999999999999 0.00625
2 0.5393749999999999 0.64625 0.01625 0.01125
2 0.5846875 0.6296875 0.01 0.0125
2 0.58 0.64375 0.01 0.0125
2 0.5478125 0.6315625 0.01125 0.01
2 0.5621875000000001 0.6153125 0.021249999999999998 0.015
2 0.5603125 0.6059375 0.017499999999999998 0.015
2 0.678125 0.534375 0.0125 0.0125
2 0.69375 0.5140625 0.0125 0.0125
2 0.7865624999999999 0.434375 0.013750000000000002 0.0125
2 0.464375 0.74 0.01 0.005
2 0.35531250000000003 0.8053125 0.0075 0.013750000000000002
2 0.3196875 0.7753125 0.005 0.01
2 0.371875 0.805625 0.00625 0.01125
2 0.3803125 0.8053125 0.0075 0.013750000000000002
2 0.39125 0.805 0.0075 0.01
2 0.396875 0.8065625000000001 0.00625 0.01
2 0.4021875 0.805625 0.0075 0.01125
2 0.41937499999999994 0.8071875000000001 0.0075 0.01125
2 0.2509375 0.7765625 0.005 0.0125
2 0.2659375 0.7765625 0.00375 0.0125
2 0.2709375 0.775625 0.0075 0.013750000000000002
2 0.278125 0.775 0.00625 0.0125
2 0.284375 0.775625 0.00625 0.013750000000000002
2 0.2959375 0.775625 0.0075 0.013750000000000002
2 0.306875 0.775 0.0075 0.0125
2 0.3140625 0.775 0.00625 0.0125
2 0.32437499999999997 0.7759375000000001 0.005 0.01125
2 0.379375 0.7384375000000001 0.008749999999999999 0.01125
2 0.33125 0.7765625 0.00625 0.0125
2 0.3375 0.7775000000000001 0.00625 0.01125
2 0.356875 0.7775000000000001 0.0075 0.01125
2 0.3678125 0.778125 0.0075 0.0125
2 0.37906249999999997 0.7765625 0.005 0.0125
2 0.385 0.778125 0.0075 0.0125
2 0.3915625 0.7775000000000001 0.005 0.01125
2 0.396875 0.7787499999999999 0.00625 0.013750000000000002
2 0.403125 0.7790625 0.00625 0.01125
2 0.40875000000000006 0.7787499999999999 0.005 0.013750000000000002
2 0.415625 0.7790625 0.00625 0.01125
2 0.421875 0.778125 0.00625 0.0125
2 0.42718749999999994 0.778125 0.0075 0.0125
2 0.3625 0.7334375 0.00625 0.013750000000000002
2 0.418125 0.846875 0.005 0.0125
2 0.409375 0.8603125 0.00625 0.01125
2 0.275 0.9259375000000001 0.00625 0.01125
2 0.3540625 0.9018750000000001 0.005 0.01
2 0.26968749999999997 0.899375 0.005 0.01125
2 0.275 0.8984375 0.00625 0.0125
2 0.28125 0.9 0.00625 0.0125
2 0.286875 0.9009375000000001 0.005 0.01125
2 0.29375 0.9 0.00625 0.0125
2 0.3 0.9009375000000001 0.00625 0.01125
2 0.305625 0.9012499999999999 0.005 0.008749999999999999
2 0.311875 0.9003125000000001 0.005 0.01
2 0.318125 0.9009375000000001 0.005 0.01125
2 0.32437499999999997 0.900625 0.005 0.013750000000000002
2 0.3296875 0.9025000000000001 0.00625 0.01125
2 0.3353125 0.9015625 0.005 0.0125
2 0.340625 0.9009375000000001 0.00625 0.01125
2 0.346875 0.9009375000000001 0.00625 0.01125
2 0.36343749999999997 0.9015625 0.005 0.0125
2 0.2578125 0.9 0.00625 0.0125
2 0.3696875 0.9009375000000001 0.005 0.01125
2 0.375625 0.9018750000000001 0.0075 0.01
2 0.3828125 0.9009375000000001 0.00625 0.01125
2 0.3875 0.9015625 0.00625 0.0125
2 0.39375 0.9015625 0.00625 0.0125
2 0.4 0.9009375000000001 0.00625 0.01125
2 0.4125 0.9021874999999999 0.00625 0.013750000000000002
2 0.41875 0.9015625 0.00625 0.0125
2 0.425 0.9025000000000001 0.00625 0.01125
2 0.4125 0.8875 0.00625 0.0125
2 0.405625 0.8875 0.005 0.0125
2 0.449375 0.905625 0.01125 0.005
2 0.449375 0.9003125000000001 0.01125 0.00375
2 0.4515625 0.875 0.0125 0.00625
2 0.2634375 0.8984375 0.005 0.0125
2 0.2515625 0.9 0.00625 0.0125
2 0.193125 0.88375 0.005 0.01125
2 0.3728125 0.928125 0.005 0.0125
2 0.280625 0.9268750000000001 0.005 0.01
2 0.2875 0.9275 0.00625 0.01125
2 0.29375 0.9265625 0.00625 0.0125
2 0.3 0.9275 0.00625 0.01125
2 0.30625 0.9271874999999999 0.00625 0.013750000000000002
2 0.311875 0.928125 0.005 0.0125
2 0.3325 0.91875 0.008749999999999999 0.0125
2 0.4178125 0.9275 0.0075 0.01125
2 0.40875000000000006 0.9265625 0.005 0.0125
2 0.403125 0.9268750000000001 0.00625 0.01
2 0.3975 0.9265625 0.0075 0.0125
2 0.3921875 0.9275 0.00625 0.01125
2 0.380625 0.928125 0.005 0.0125
2 0.3759375 0.9275 0.005 0.01125
2 0.3390625 0.928125 0.00625 0.0125
2 0.240625 0.899375 0.00625 0.01125
2 0.34375 0.928125 0.00625 0.0125
2 0.35 0.92875 0.00625 0.013750000000000002
2 0.355 0.9275 0.00375 0.01125
2 0.365625 0.9275 0.00625 0.01125
2 0.3603125 0.9271874999999999 0.005 0.013750000000000002
2 0.4484375 0.9125 0.0125 0.00625
2 0.193125 0.8971875 0.005 0.01
2 0.1984375 0.8971875 0.00625 0.01
2 0.2046875 0.8978125 0.00625 0.01125
2 0.209375 0.8984375 0.00625 0.0125
2 0.215625 0.89875 0.00625 0.01
2 0.221875 0.89875 0.00625 0.01
2 0.228125 0.899375 0.00625 0.01125
2 0.234375 0.9 0.00625 0.0125
2 0.4515625 0.880625 0.0125 0.005
2 0.1984375 0.884375 0.00625 0.0125
2 0.403125 0.8609375 0.00625 0.0125
2 0.29312499999999997 0.8571875 0.005 0.01125
2 0.20625 0.8571875 0.00625 0.01125
2 0.2125 0.858125 0.00625 0.01
2 0.2171875 0.8578125 0.00625 0.0125
2 0.2228125 0.8571875 0.005 0.01125
2 0.2290625 0.8556250000000001 0.005 0.01125
2 0.23374999999999999 0.8571875 0.005 0.01125
2 0.241875 0.8571875 0.008749999999999999 0.01125
2 0.25 0.8578125 0.00625 0.0125
2 0.2578125 0.8584375 0.00625 0.013750000000000002
2 0.2640625 0.859375 0.00625 0.0125
2 0.26968749999999997 0.859375 0.005 0.0125
2 0.2765625 0.858125 0.00625 0.01
2 0.28125 0.8578125 0.00625 0.0125
2 0.2884375 0.8571875 0.005 0.01125
2 0.299375 0.8571875 0.005 0.01125
2 0.19375 0.85625 0.00625 0.0125
2 0.305625 0.85875 0.005 0.01125
2 0.3109375 0.858125 0.00625 0.01
2 0.318125 0.858125 0.005 0.01
2 0.32437499999999997 0.8578125 0.005 0.0125
2 0.33125 0.85875 0.00625 0.01125
2 0.336875 0.859375 0.005 0.0125
2 0.3421875 0.859375 0.00625 0.0125
2 0.3546875 0.85875 0.00625 0.01125
2 0.37124999999999997 0.8596875 0.005 0.01
2 0.36343749999999997 0.858125 0.005 0.01
2 0.378125 0.8596875 0.00625 0.01
2 0.384375 0.8596875 0.00625 0.01
2 0.39125 0.859375 0.0075 0.0125
2 0.3978125 0.859375 0.005 0.0125
2 0.2 0.8571875 0.00625 0.01125
2 0.4 0.8884375 0.00625 0.01125
2 0.2046875 0.884375 0.00625 0.0125
2 0.299375 0.8868750000000001 0.005 0.01125
2 0.2109375 0.884375 0.00625 0.0125
2 0.2165625 0.8846875000000001 0.005 0.01
2 0.2234375 0.8853125000000001 0.00625 0.01125
2 0.2296875 0.88375 0.00625 0.01125
2 0.2359375 0.884375 0.00625 0.0125
2 0.2421875 0.88375 0.00625 0.01125
2 0.25 0.88375 0.00625 0.01125
2 0.25625 0.885 0.00625 0.013750000000000002
2 0.2640625 0.88375 0.00625 0.01125
2 0.2703125 0.8846875000000001 0.00625 0.01
2 0.2759375 0.8853125000000001 0.005 0.01125
2 0.2821875 0.884375 0.005 0.0125
2 0.2890625 0.884375 0.00625 0.0125
2 0.29375 0.8868750000000001 0.00625 0.01125
2 0.30625 0.8868750000000001 0.00625 0.01125
2 0.39625 0.8884375 0.005 0.01125
2 0.3125 0.8868750000000001 0.00625 0.01125
2 0.31875 0.8868750000000001 0.00625 0.01125
2 0.32437499999999997 0.8859375 0.005 0.0125
2 0.33125 0.8853125000000001 0.00625 0.01125
2 0.3375 0.8862500000000001 0.00625 0.01
2 0.3421875 0.8846875000000001 0.00625 0.01
2 0.34875 0.8853125000000001 0.00375 0.01125
2 0.3540625 0.8846875000000001 0.005 0.01
2 0.3646875 0.8853125000000001 0.0075 0.01125
2 0.40625 0.9 0.00625 0.0125
2 0.37093750000000003 0.8859375 0.0075 0.0125
2 0.3775 0.8853125000000001 0.005 0.01125
2 0.38375 0.8862500000000001 0.005 0.01
2 0.390625 0.8859375 0.00625 0.0125
