2 0.8753125 0.1684375 0.0225 0.015
2 0.5721875 0.296875 0.01 0.025
2 0.5015625 0.2959375 0.0125 0.026250000000000002
2 0.5118750000000001 0.2946875 0.01125 0.02375
2 0.5228125 0.29562499999999997 0.01125 0.0225
2 0.5349999999999999 0.296875 0.013750000000000002 0.025
2 0.5475 0.296875 0.013750000000000002 0.025
2 0.5599999999999999 0.2975 0.013750000000000002 0.026250000000000002
2 0.584375 0.2984375 0.0125 0.025
2 0.596875 0.296875 0.0125 0.025
2 0.6090625000000001 0.2990625 0.015 0.026250000000000002
2 0.253125 0.35 0.0125 0.025
2 0.26625 0.349375 0.013750000000000002 0.02375
2 0.27875 0.3509375 0.013750000000000002 0.02375
2 0.290625 0.35 0.0125 0.025
2 0.4890625 0.296875 0.0125 0.025
2 0.4765625 0.29874999999999996 0.0125 0.028749999999999998
2 0.4640625 0.29375 0.0125 0.025
2 0.45062499999999994 0.291875 0.013750000000000002 0.027500000000000004
2 0.428125 0.29281250000000003 0.0125 0.026250000000000002
2 0.41500000000000004 0.29312499999999997 0.01125 0.02375
2 0.390625 0.29 0.0125 0.03
2 0.365625 0.2896875 0.0125 0.026250000000000002
2 0.3540625 0.2859375 0.01125 0.03125
2 0.340625 0.29125 0.0125 0.026250000000000002
2 0.2953125 0.2865625 0.0125 0.026250000000000002
2 0.2703125 0.284375 0.0125 0.025
2 0.60875 0.26687500000000003 0.01125 0.027500000000000004
2 0.596875 0.26687500000000003 0.0125 0.027500000000000004
2 0.584375 0.26687500000000003 0.0125 0.027500000000000004
2 0.571875 0.26625 0.0125 0.026250000000000002
2 0.56125 0.26687500000000003 0.01 0.027500000000000004
2 0.3025 0.35 0.01125 0.025
2 0.31437499999999996 0.34750000000000003 0.01 0.026250000000000002
2 0.3640625 0.353125 0.0125 0.025
2 0.615 0.361875 0.01125 0.02375
2 0.12468749999999999 0.8021874999999999 0.015 0.026250000000000002
2 0.1265625 0.7740625 0.0125 0.026250000000000002
2 0.11499999999999999 0.7728125 0.01125 0.02375
2 0.09031249999999999 0.804375 0.015 0.027500000000000004
2 0.0775 0.8021874999999999 0.01125 0.026250000000000002
2 0.065 0.8003125000000001 0.01125 0.028749999999999998
2 0.0515625 0.7993750000000001 0.0125 0.03
2 0.19624999999999998 0.8099999999999999 0.01125 0.026250000000000002
2 0.1984375 0.7634375 0.0125 0.02375
2 0.093125 0.70875 0.01125 0.02375
2 0.0703125 0.70875 0.0125 0.02375
2 0.046875 0.7071875000000001 0.0125 0.02375
2 0.6659375 0.31 0.01625 0.045
2 0.63125 0.361875 0.0125 0.03
2 0.5974999999999999 0.361875 0.013750000000000002 0.02375
2 0.3753125 0.3540625 0.01 0.02375
2 0.584375 0.36312500000000003 0.0125 0.02
2 0.5446875 0.36 0.01125 0.02
2 0.5337500000000001 0.35875 0.01125 0.02375
2 0.509375 0.35875 0.0125 0.02375
2 0.496875 0.35750000000000004 0.0125 0.027500000000000004
2 0.48375 0.3578125 0.01125 0.025
2 0.471875 0.3571875 0.0125 0.02375
2 0.459375 0.35375 0.0125 0.026250000000000002
2 0.44718749999999996 0.353125 0.01 0.025
2 0.43531250000000005 0.3565625 0.01125 0.0225
2 0.42374999999999996 0.35375 0.01 0.026250000000000002
2 0.4096875 0.35375 0.01 0.026250000000000002
2 0.3984375 0.3540625 0.0125 0.02375
2 0.38687499999999997 0.3540625 0.01125 0.02375
2 0.55 0.2646875 0.0125 0.026250000000000002
2 0.5384375 0.2646875 0.01125 0.026250000000000002
2 0.5259375000000001 0.265 0.01125 0.02375
2 0.07375000000000001 0.2521875 0.01625 0.026250000000000002
2 0.3921875 0.19624999999999998 0.0125 0.02375
2 0.36843750000000003 0.196875 0.015 0.025
2 0.3578125 0.1965625 0.0125 0.027500000000000004
2 0.34375 0.19343749999999998 0.0125 0.027500000000000004
2 0.30843750000000003 0.2225 0.026250000000000002 0.013750000000000002
2 0.33218749999999997 0.19375 0.01125 0.025
2 0.308125 0.1925 0.01 0.0225
2 0.28375 0.190625 0.01125 0.025
2 0.270625 0.19125 0.01 0.02
2 0.25968749999999996 0.18875 0.01 0.021249999999999998
2 0.13999999999999999 0.248125 0.01125 0.027500000000000004
2 0.128125 0.25 0.0125 0.03125
2 0.11468750000000001 0.24906250000000002 0.013750000000000002 0.026250000000000002
2 0.09812499999999999 0.2528125 0.015 0.027500000000000004
2 0.058750000000000004 0.2478125 0.01125 0.02375
2 0.41656250000000006 0.1909375 0.01125 0.0225
2 0.405625 0.195625 0.01125 0.0225
2 0.440625 0.1975 0.0125 0.026250000000000002
2 0.5125 0.265 0.0125 0.02375
2 0.28250000000000003 0.2525 0.015 0.03
2 0.500625 0.263125 0.013750000000000002 0.026250000000000002
2 0.4890625 0.2634375 0.0125 0.02375
2 0.478125 0.2640625 0.0125 0.025
2 0.453125 0.26 0.0125 0.026250000000000002
2 0.43968749999999995 0.26 0.013750000000000002 0.026250000000000002
2 0.42750000000000005 0.259375 0.01125 0.025
2 0.415625 0.2603125 0.0125 0.02375
2 0.40499999999999997 0.259375 0.01 0.025
2 0.390625 0.259375 0.0125 0.025
2 0.379375 0.258125 0.008749999999999999 0.0225
2 0.35531250000000003 0.25625 0.013750000000000002 0.025
2 0.3328125 0.254375 0.0125 0.027500000000000004
2 0.3196875 0.255 0.01125 0.028749999999999998
2 0.2953125 0.254375 0.0125 0.027500000000000004
2 0.271875 0.253125 0.0125 0.03125
2 0.465625 0.20031249999999998 0.0125 0.028749999999999998
2 0.25875 0.2528125 0.01125 0.027500000000000004
2 0.6478125 0.20593750000000002 0.01125 0.027500000000000004
2 0.6365624999999999 0.206875 0.013750000000000002 0.026250000000000002
2 0.6224999999999999 0.2046875 0.013750000000000002 0.025
2 0.6103125 0.2046875 0.01125 0.025
2 0.6009375 0.2028125 0.01125 0.027500000000000004
2 0.588125 0.20218750000000002 0.013750000000000002 0.026250000000000002
2 0.575 0.2015625 0.0125 0.025
2 0.5634375 0.20406249999999998 0.01125 0.02375
2 0.5525 0.20218750000000002 0.01125 0.026250000000000002
2 0.5390625 0.203125 0.0125 0.025
2 0.5265625 0.2015625 0.0125 0.025
2 0.515 0.2 0.01125 0.025
2 0.5025000000000001 0.200625 0.01125 0.026250000000000002
2 0.1140625 0.803125 0.0125 0.025
2 0.078125 0.7709374999999999 0.0125 0.026250000000000002
2 0.0625 0.86625 0.0125 0.026250000000000002
2 0.7196875 0.20750000000000002 0.01125 0.027500000000000004
2 0.70875 0.20625 0.01125 0.025
2 0.69625 0.20812499999999998 0.01125 0.0225
2 0.6725 0.20812499999999998 0.013750000000000002 0.0225
2 0.7446875000000001 0.209375 0.01125 0.025
2 0.73125 0.20750000000000002 0.0125 0.027500000000000004
2 0.7581249999999999 0.21000000000000002 0.01 0.026250000000000002
2 0.7728125 0.215625 0.01125 0.025
2 0.9981249999999999 0.215625 0.0025 0.025
2 0.990625 0.21593749999999998 0.0125 0.0225
2 0.975625 0.21625 0.013750000000000002 0.026250000000000002
2 0.9159375000000001 0.4125 0.0225 0.0125
2 0.9168749999999999 0.4390625 0.021249999999999998 0.0125
2 0.8775000000000001 0.21937500000000001 0.01125 0.026250000000000002
2 0.8634375000000001 0.215 0.01125 0.03
2 0.8706250000000001 0.195625 0.0225 0.01
2 0.8025 0.1953125 0.02375 0.0125
2 0.8025 0.183125 0.02375 0.01
2 0.7990625 0.21437499999999998 0.013750000000000002 0.0225
2 0.7853125000000001 0.2125 0.01125 0.025
2 0.0753125 0.86625 0.01 0.026250000000000002
2 0.044375 0.9884375000000001 0.013750000000000002 0.02375
2 0.0571875 0.9884375000000001 0.01125 0.02375
2 0.080625 0.9893750000000001 0.01125 0.0225
2 0.094375 0.9925 0.013750000000000002 0.01625
2 0.105625 0.9915625 0.01125 0.017499999999999998
2 0.118125 0.9887499999999999 0.01125 0.021249999999999998
2 0.173125 0.97875 0.021249999999999998 0.026250000000000002
2 0.121875 0.930625 0.0125 0.02375
2 0.0828125 0.929375 0.0125 0.027500000000000004
2 0.06875 0.928125 0.0125 0.025
2 0.05625 0.929375 0.0125 0.027500000000000004
2 0.044375 0.92875 0.013750000000000002 0.026250000000000002
2 0.18375 0.8699999999999999 0.01125 0.021249999999999998
2 0.1715625 0.865625 0.015 0.025
2 0.15812500000000002 0.8665625 0.01 0.02375
2 0.135 0.868125 0.013750000000000002 0.02375
2 0.121875 0.8675 0.0125 0.0225
2 0.0875 0.865625 0.0125 0.025
