2 0.1253125 0.1684375 0.0225 0.015
2 0.008125 0.21000000000000002 0.01 0.026250000000000002
2 0.29 0.2209375 0.01125 0.026250000000000002
2 0.27749999999999997 0.220625 0.01125 0.028749999999999998
2 0.0228125 0.215625 0.01125 0.025
2 0.265625 0.2165625 0.0125 0.02375
2 0.253125 0.21625 0.0125 0.026250000000000002
2 0.240625 0.21593749999999998 0.0125 0.0225
2 0.22562500000000002 0.21625 0.013750000000000002 0.026250000000000002
2 0.16593750000000002 0.4125 0.0225 0.0125
2 0.166875 0.4390625 0.021249999999999998 0.0125
2 0.1075 0.0925 0.027500000000000004 0.01625
2 0.1275 0.21937500000000001 0.01125 0.026250000000000002
2 0.1134375 0.215 0.01125 0.03
2 0.12062500000000001 0.195625 0.0225 0.01
2 0.052500000000000005 0.1953125 0.02375 0.0125
2 0.052500000000000005 0.183125 0.02375 0.01
2 0.049062499999999995 0.21437499999999998 0.013750000000000002 0.0225
2 0.035312500000000004 0.2125 0.01125 0.025
