2 0.1665625 0.32625000000000004 0.05500000000000001 0.021249999999999998
2 0.29500000000000004 0.43093750000000003 0.03375 0.015
2 0.2925 0.33875 0.0225 0.04625
2 0.5965625 0.8603125 0.052500000000000005 0.03625
2 0.35531250000000003 0.37906249999999997 0.02 0.05500000000000001
2 0.2975 0.600625 0.013750000000000002 0.013750000000000002
2 0.2703125 0.57125 0.0125 0.01125
2 0.07718749999999999 0.4296875 0.013750000000000002 0.0125
2 0.2290625 0.65 0.02375 0.01875
2 0.2028125 0.6346875 0.03375 0.0225
2 0.13 0.58125 0.01625 0.0125
2 0.06999999999999999 0.5421875 0.015 0.0125
2 0.8262499999999999 0.99 0.015 0.01125
2 0.7721875 0.9896874999999999 0.01625 0.013750000000000002
2 0.7384375000000001 0.9621875 0.017499999999999998 0.015
2 0.4059375 0.656875 0.015 0.013750000000000002
2 0.366875 0.3209375 0.015 0.013750000000000002
2 0.416875 0.1171875 0.015 0.0125
2 0.195625 0.11781250000000001 0.01 0.0075
2 0.19343749999999998 0.09718750000000001 0.015 0.01
2 0.165625 0.108125 0.0125 0.01
2 0.16375 0.061250000000000006 0.008749999999999999 0.01
2 0.16375 0.040625 0.015 0.0125
2 0.16625 0.024375 0.013750000000000002 0.01125
2 0.16875 0.0125 0.0125 0.0125
2 0.17875000000000002 0.18 0.0075 0.01625
2 0.19468749999999999 0.10906249999999999 0.01125 0.008749999999999999
