2 0.3775 0.7340625000000001 0.05500000000000001 0.021249999999999998
2 0.5075000000000001 0.8387499999999999 0.03375 0.015
2 0.5034375 0.745 0.0225 0.04625
2 0.5653125 0.788125 0.021249999999999998 0.05125
2 0.48125 0.9775 0.0125 0.01125
2 0.288125 0.8375 0.013750000000000002 0.0125
2 0.123125 0.7371875 0.015 0.015
2 0.0359375 0.6859375 0.0125 0.0125
2 0.020624999999999998 0.6634375 0.0225 0.017499999999999998
2 0.34249999999999997 0.9890625 0.01625 0.0125
2 0.2809375 0.95 0.015 0.0125
2 0.41156249999999994 0.328125 0.013750000000000002 0.0125
2 0.4103125 0.3728125 0.01125 0.01125
2 0.40843749999999995 0.38875000000000004 0.013750000000000002 0.015
2 0.48375 0.276875 0.01125 0.01625
2 0.579375 0.72875 0.015 0.013750000000000002
2 0.6278125 0.525 0.015 0.0125
2 0.5081249999999999 0.2778125 0.01 0.015
2 0.40843749999999995 0.403125 0.013750000000000002 0.0125
2 0.4065625 0.525625 0.01 0.0075
2 0.40437500000000004 0.505 0.015 0.01
2 0.3765625 0.514375 0.0125 0.01
2 0.3775 0.468125 0.01125 0.01125
2 0.3753125 0.44749999999999995 0.01625 0.013750000000000002
2 0.3784375 0.4334375 0.01625 0.013750000000000002
2 0.3796875 0.4203125 0.0125 0.0125
