2 0.195 0.936875 0.008749999999999999 0.01125
2 0.16499999999999998 0.6165625 0.01125 0.005
2 0.1665625 0.58375 0.01125 0.005
2 0.1671875 0.5884375000000001 0.0125 0.005
2 0.1665625 0.59375 0.01125 0.00625
2 0.1671875 0.599375 0.0125 0.005
2 0.1665625 0.60625 0.01125 0.00625
2 0.165625 0.6109375 0.0125 0.00625
2 0.16499999999999998 0.631875 0.01125 0.0075
2 0.576875 0.48187499999999994 0.01 0.02
2 0.1665625 0.6375 0.01125 0.00625
2 0.165625 0.6431250000000001 0.0125 0.005
2 0.1890625 0.6565624999999999 0.00625 0.01
2 0.1890625 0.67125 0.00625 0.01125
2 0.196875 0.6578125 0.00625 0.0125
2 0.25 0.6578125 0.00625 0.0125
2 0.1665625 0.5790625 0.01125 0.005
2 0.16499999999999998 0.5743750000000001 0.01125 0.005
2 0.165625 0.5625 0.0125 0.00625
2 0.16499999999999998 0.55625 0.01125 0.00625
2 0.1671875 0.5509375000000001 0.0125 0.005
2 0.1665625 0.5453125 0.01125 0.00625
2 0.1665625 0.5415625000000001 0.01125 0.005
2 0.1665625 0.5375 0.01125 0.00625
2 0.1665625 0.51875 0.01125 0.00625
2 0.1671875 0.53125 0.0125 0.00625
2 0.3 0.6328125 0.00625 0.0125
2 0.2921875 0.6328125 0.00625 0.0125
2 0.28125 0.6321875 0.00625 0.01125
2 0.26937500000000003 0.6315625 0.0075 0.01
2 0.25 0.63375 0.00625 0.01125
2 0.2390625 0.6315625 0.00625 0.01
2 0.2265625 0.63125 0.00625 0.0125
2 0.275 0.6587500000000001 0.00625 0.01125
2 0.286875 0.658125 0.005 0.01
2 0.33625 0.630625 0.01 0.005
2 0.368125 0.6946875 0.01125 0.01125
2 0.309375 0.7415625 0.00625 0.01125
2 0.3675 0.7165625 0.01 0.01125
2 0.36062500000000003 0.7165625 0.008749999999999999 0.01125
2 0.35343749999999996 0.715625 0.01 0.0125
2 0.3471875 0.7150000000000001 0.01 0.01125
2 0.33999999999999997 0.7150000000000001 0.01125 0.01125
2 0.30843750000000003 0.713125 0.0075 0.013750000000000002
2 0.2984375 0.7134375000000001 0.00625 0.01125
2 0.3103125 0.6993750000000001 0.005 0.01125
2 0.3046875 0.7003125 0.00625 0.01
2 0.296875 0.6993750000000001 0.00625 0.01125
2 0.339375 0.693125 0.01 0.01125
2 0.35375 0.693125 0.0075 0.01125
2 0.36124999999999996 0.6950000000000001 0.01 0.008749999999999999
2 0.3753125 0.6946875 0.01 0.01125
2 0.33625 0.6368750000000001 0.01 0.005
2 0.24 0.69875 0.005 0.01
2 0.2678125 0.6728125 0.0075 0.01125
2 0.275 0.6728125 0.00625 0.01125
2 0.2859375 0.6728125 0.00625 0.01125
2 0.296875 0.6734375 0.00625 0.0125
2 0.3040625 0.6734375 0.005 0.0125
2 0.3096875 0.6734375 0.00375 0.0125
2 0.3353125 0.6734375 0.01125 0.00625
2 0.336875 0.6681250000000001 0.01125 0.005
2 0.29874999999999996 0.658125 0.00375 0.01
2 0.3053125 0.6578125 0.0075 0.0125
2 0.33468749999999997 0.655625 0.01 0.005
2 0.33406250000000004 0.6509375000000001 0.008749999999999999 0.005
2 0.3359375 0.6421875 0.0125 0.00625
2 0.209375 0.6290625000000001 0.00625 0.01125
2 0.1896875 0.6303124999999999 0.0075 0.013750000000000002
2 0.3115625 0.618125 0.0075 0.01125
2 0.3921875 0.589375 0.00625 0.01
2 0.27 0.590625 0.008749999999999999 0.0125
2 0.2765625 0.590625 0.00625 0.0125
2 0.29281250000000003 0.5909375 0.0075 0.01
2 0.3 0.5909375 0.00625 0.01
2 0.305625 0.5909375 0.005 0.01
2 0.3109375 0.5915625 0.00625 0.01125
2 0.3390625 0.5900000000000001 0.00625 0.01125
2 0.3446875 0.5900000000000001 0.005 0.01125
2 0.349375 0.5900000000000001 0.005 0.01125
2 0.35625 0.5900000000000001 0.00625 0.01125
2 0.3646875 0.5915625 0.0075 0.01125
2 0.3703125 0.5909375 0.00625 0.01
2 0.3765625 0.590625 0.00625 0.0125
2 0.3821875 0.5915625 0.005 0.01125
2 0.3978125 0.589375 0.005 0.01
2 0.25625 0.5912499999999999 0.00625 0.013750000000000002
2 0.4021875 0.5900000000000001 0.0075 0.01125
2 0.4253125 0.5890625 0.01 0.00625
2 0.4253125 0.5953125 0.01 0.00625
2 0.4490625 0.5946875 0.013750000000000002 0.005
2 0.4484375 0.5884375000000001 0.0125 0.005
2 0.42437500000000006 0.5775 0.005 0.01125
2 0.43624999999999997 0.5715625 0.01 0.008749999999999999
2 0.2046875 0.5743750000000001 0.00625 0.01125
2 0.2109375 0.5743750000000001 0.00625 0.01125
2 0.215 0.5759375 0.005 0.01125
2 0.2265625 0.5775 0.00625 0.01125
2 0.23374999999999999 0.5759375 0.005 0.01125
2 0.240625 0.576875 0.00625 0.01
2 0.25 0.5759375 0.00625 0.01125
2 0.2625 0.590625 0.00625 0.0125
2 0.2509375 0.590625 0.005 0.0125
2 0.305625 0.6190625 0.005 0.01
2 0.2390625 0.615625 0.00625 0.0125
2 0.299375 0.618125 0.005 0.01125
2 0.29312499999999997 0.615625 0.005 0.0125
2 0.2875 0.6171875 0.00625 0.0125
2 0.280625 0.618125 0.005 0.01125
2 0.275 0.6159375 0.00625 0.01
2 0.26875 0.6165625 0.00625 0.01125
2 0.2634375 0.615625 0.005 0.0125
2 0.3375 0.6140625 0.00625 0.0125
2 0.353125 0.61625 0.00625 0.013750000000000002
2 0.3603125 0.61625 0.005 0.013750000000000002
2 0.364375 0.615625 0.00375 0.0125
2 0.3696875 0.615625 0.005 0.0125
2 0.2571875 0.615625 0.005 0.0125
2 0.25 0.6171875 0.00625 0.0125
2 0.23374999999999999 0.6171875 0.005 0.0125
2 0.23343750000000002 0.5900000000000001 0.0075 0.01125
2 0.2265625 0.615625 0.00625 0.0125
2 0.2203125 0.6165625 0.00625 0.01125
2 0.2109375 0.615625 0.00625 0.0125
2 0.203125 0.6168750000000001 0.00625 0.008749999999999999
2 0.1978125 0.615625 0.005 0.0125
2 0.190625 0.615625 0.00625 0.0125
2 0.1915625 0.5884375000000001 0.005 0.01125
2 0.1921875 0.5743750000000001 0.00625 0.01125
2 0.1984375 0.575 0.00625 0.0125
2 0.19718750000000002 0.5884375000000001 0.00375 0.01125
2 0.21031249999999999 0.5900000000000001 0.005 0.01125
2 0.215625 0.589375 0.00625 0.01
2 0.22125 0.589375 0.005 0.01
2 0.22718750000000001 0.590625 0.0075 0.0125
2 0.303125 0.7415625 0.00625 0.01125
2 0.296875 0.74 0.00625 0.01125
2 0.2915625 0.74 0.005 0.01125
2 0.20406249999999998 0.3225 0.01125 0.0075
2 0.1740625 0.22625 0.013750000000000002 0.008749999999999999
2 0.175 0.2325 0.0125 0.008749999999999999
2 0.1775 0.238125 0.01125 0.0075
2 0.178125 0.24281250000000001 0.0125 0.0075
2 0.17906249999999999 0.24906250000000002 0.01125 0.0075
2 0.183125 0.25375000000000003 0.01 0.0075
2 0.18375 0.2584375 0.01125 0.0075
2 0.18625 0.2653125 0.01 0.008749999999999999
2 0.18843749999999998 0.27156250000000004 0.01125 0.008749999999999999
2 0.1903125 0.27625 0.008749999999999999 0.008749999999999999
2 0.19437500000000002 0.28875 0.013750000000000002 0.008749999999999999
2 0.199375 0.3053125 0.01125 0.0075
2 0.203125 0.31625000000000003 0.0125 0.0075
2 0.195625 0.30062500000000003 0.01 0.0075
2 0.20656249999999998 0.32875 0.01 0.0075
2 0.21187499999999998 0.38375 0.005 0.01125
2 0.20812499999999998 0.3334375 0.01 0.0075
2 0.22374999999999998 0.2990625 0.01 0.0075
2 0.22125 0.2934375 0.01125 0.008749999999999999
2 0.21968749999999998 0.2859375 0.01125 0.00625
2 0.21875 0.2803125 0.0125 0.0075
2 0.2165625 0.275 0.01125 0.00625
2 0.2084375 0.24562499999999998 0.013750000000000002 0.01
2 0.20437500000000003 0.2403125 0.015 0.008749999999999999
2 0.21156250000000001 0.25656249999999997 0.013750000000000002 0.01
2 0.2125 0.26375000000000004 0.0125 0.008749999999999999
2 0.294375 0.290625 0.0075 0.0125
2 0.30062500000000003 0.29375 0.0075 0.0125
2 0.23125 0.31875 0.0125 0.00625
2 0.20875 0.338125 0.01125 0.0075
2 0.21812499999999999 0.38375 0.005 0.01125
2 0.20625 0.3828125 0.00625 0.0125
2 0.215625 0.350625 0.0125 0.0075
2 0.019375 0.433125 0.013750000000000002 0.01
2 0.017499999999999998 0.4421875 0.01625 0.0125
2 0.0965625 0.47750000000000004 0.015 0.01125
2 0.193125 0.3821875 0.005 0.01125
2 0.121875 0.406875 0.0125 0.0075
2 0.12125 0.4134375 0.01125 0.005
2 0.12562500000000001 0.42625 0.013750000000000002 0.008749999999999999
2 0.129375 0.433125 0.015 0.01
2 0.1303125 0.438125 0.013750000000000002 0.0075
2 0.1340625 0.4446875 0.015 0.01125
2 0.134375 0.45062499999999994 0.0125 0.0075
2 0.14156249999999998 0.47093749999999995 0.01125 0.02
2 0.1390625 0.395625 0.00625 0.01
2 0.145 0.3940625 0.008749999999999999 0.01
2 0.160625 0.3875 0.008749999999999999 0.0125
2 0.1671875 0.3859375 0.00625 0.0125
2 0.18125 0.383125 0.00625 0.01
2 0.18687499999999999 0.383125 0.005 0.01
2 0.21187499999999998 0.344375 0.01125 0.0075
2 0.215 0.35625 0.01125 0.00625
2 0.2859375 0.740625 0.00625 0.0125
2 0.193125 0.465625 0.005 0.0125
2 0.196875 0.41 0.00625 0.013750000000000002
2 0.190625 0.4103125 0.00625 0.01125
2 0.16343749999999999 0.45093750000000005 0.005 0.01125
2 0.175 0.45187499999999997 0.00625 0.01
2 0.18125 0.45187499999999997 0.00625 0.01
2 0.193125 0.4525 0.005 0.01125
2 0.2 0.45125000000000004 0.00625 0.008749999999999999
2 0.205625 0.45093750000000005 0.005 0.01125
2 0.21156250000000001 0.45093750000000005 0.0075 0.01125
2 0.21812499999999999 0.45187499999999997 0.005 0.01
2 0.230625 0.453125 0.005 0.0125
2 0.175 0.465625 0.00625 0.0125
2 0.18125 0.465625 0.00625 0.0125
2 0.18687499999999999 0.46624999999999994 0.005 0.013750000000000002
2 0.20625 0.4646875 0.00625 0.013750000000000002
2 0.209375 0.41187500000000005 0.00625 0.01125
2 0.21156250000000001 0.46375 0.0075 0.015
2 0.2171875 0.4653125 0.00625 0.015
2 0.2228125 0.465625 0.005 0.0125
2 0.2359375 0.465 0.00625 0.01125
2 0.2421875 0.46656250000000005 0.00625 0.01125
2 0.183125 0.978125 0.01 0.0125
2 0.1684375 0.9509375 0.008749999999999999 0.01125
2 0.21625 0.974375 0.0075 0.01125
2 0.1915625 0.8259375 0.005 0.01125
2 0.199375 0.8253125000000001 0.005 0.01
2 0.2046875 0.8243750000000001 0.00625 0.01125
2 0.1921875 0.8003125000000001 0.00625 0.01
2 0.31875 0.778125 0.00625 0.0125
2 0.26 0.74 0.0075 0.01125
2 0.203125 0.4109375 0.00625 0.0125
2 0.21625 0.41187500000000005 0.0075 0.01125
2 0.215625 0.3625 0.0125 0.00625
2 0.3290625 0.37124999999999997 0.005 0.01125
2 0.215625 0.368125 0.0125 0.005
2 0.288125 0.361875 0.0075 0.01125
2 0.271875 0.323125 0.0125 0.008749999999999999
2 0.2953125 0.3353125 0.00625 0.01125
2 0.30062500000000003 0.339375 0.0075 0.01
2 0.306875 0.339375 0.0075 0.01
2 0.31375000000000003 0.3409375 0.008749999999999999 0.01
2 0.3303125 0.346875 0.0075 0.0125
2 0.33625 0.34750000000000003 0.01 0.013750000000000002
2 0.29812500000000003 0.3646875 0.008749999999999999 0.013750000000000002
2 0.304375 0.365 0.008749999999999999 0.01125
2 0.31 0.3678125 0.0075 0.013750000000000002
2 0.3146875 0.368125 0.0075 0.01125
2 0.3209375 0.369375 0.0075 0.013750000000000002
2 0.33406250000000004 0.3740625 0.008749999999999999 0.013750000000000002
2 0.22125 0.41156249999999994 0.005 0.013750000000000002
2 0.34375 0.378125 0.00625 0.0125
2 0.350625 0.378125 0.0075 0.0125
2 0.356875 0.3803125 0.0075 0.013750000000000002
2 0.151875 0.4203125 0.01 0.0125
2 0.15812500000000002 0.418125 0.01 0.01125
2 0.164375 0.41656250000000006 0.01 0.01125
2 0.169375 0.415625 0.0075 0.0125
2 0.1671875 0.4296875 0.0125 0.00625
2 0.17906249999999999 0.4234375 0.005 0.0125
2 0.184375 0.42437500000000006 0.00625 0.01125
2 0.190625 0.4234375 0.00625 0.0125
2 0.2015625 0.42406249999999995 0.00625 0.013750000000000002
2 0.2078125 0.42406249999999995 0.00625 0.013750000000000002
2 0.215 0.4225 0.005 0.013750000000000002
2 0.2571875 0.5759375 0.005 0.01125
2 0.2634375 0.5759375 0.005 0.01125
2 0.26875 0.5765625 0.00625 0.0125
2 0.4515625 0.48125 0.0125 0.00625
2 0.3071875 0.4671875 0.005 0.0125
2 0.313125 0.4671875 0.0075 0.0125
2 0.32437499999999997 0.4671875 0.005 0.0125
2 0.330625 0.46656250000000005 0.005 0.01125
2 0.35531250000000003 0.46875 0.0075 0.0125
2 0.3665625 0.468125 0.005 0.01125
2 0.3728125 0.46656250000000005 0.005 0.01125
2 0.3828125 0.46968750000000004 0.00625 0.01125
2 0.390625 0.4703125 0.00625 0.0125
2 0.403125 0.4690625 0.00625 0.01
2 0.4140625 0.468125 0.00625 0.01125
2 0.4203125 0.468125 0.00625 0.01125
2 0.4265625 0.468125 0.00625 0.01125
2 0.453125 0.4875 0.0125 0.00625
2 0.4515625 0.4765625 0.0125 0.00625
2 0.2890625 0.46656250000000005 0.00625 0.01125
2 0.4525 0.47125000000000006 0.01125 0.005
2 0.453125 0.46656250000000005 0.0125 0.005
2 0.453125 0.46187500000000004 0.0125 0.005
2 0.4525 0.45562500000000006 0.01125 0.005
2 0.453125 0.45 0.0125 0.00625
2 0.2640625 0.45187499999999997 0.00625 0.01
2 0.2725 0.4525 0.0075 0.01125
2 0.2784375 0.4534375 0.00375 0.01
2 0.284375 0.453125 0.00625 0.0125
2 0.30062500000000003 0.4525 0.0075 0.01125
2 0.3125 0.453125 0.00625 0.0125
2 0.31875 0.453125 0.00625 0.0125
2 0.32437499999999997 0.453125 0.005 0.0125
2 0.33125 0.4534375 0.00625 0.01
2 0.294375 0.46656250000000005 0.0075 0.01125
2 0.28375 0.465625 0.005 0.0125
2 0.34375 0.45499999999999996 0.00625 0.01
2 0.2578125 0.49437499999999995 0.00625 0.013750000000000002
2 0.405625 0.49625 0.005 0.01125
2 0.4 0.49625 0.00625 0.01125
2 0.3921875 0.49625 0.00625 0.01125
2 0.37124999999999997 0.49625 0.005 0.01125
2 0.3640625 0.49468750000000006 0.00625 0.01125
2 0.19375 0.49375 0.00625 0.0125
2 0.1990625 0.49375 0.0075 0.0125
2 0.205625 0.4953125 0.005 0.0125
2 0.21156250000000001 0.4928125 0.0075 0.013750000000000002
2 0.2225 0.49312500000000004 0.0075 0.01125
2 0.2296875 0.49375 0.00625 0.0125
2 0.23531249999999998 0.49375 0.005 0.0125
2 0.24125000000000002 0.49468750000000006 0.0075 0.01125
2 0.2509375 0.49375 0.005 0.0125
2 0.2640625 0.4953125 0.00625 0.0125
2 0.278125 0.46624999999999994 0.00625 0.013750000000000002
2 0.26875 0.49437499999999995 0.00625 0.013750000000000002
2 0.275625 0.4953125 0.0075 0.0125
2 0.28375 0.49468750000000006 0.005 0.01125
2 0.290625 0.495625 0.00625 0.01
2 0.2984375 0.49468750000000006 0.00625 0.01125
2 0.3109375 0.49468750000000006 0.00625 0.01125
2 0.31875 0.495625 0.00625 0.01
2 0.325625 0.49468750000000006 0.0075 0.01125
2 0.33218749999999997 0.495625 0.005 0.01
2 0.33999999999999997 0.49625 0.005 0.01125
2 0.3540625 0.49625 0.005 0.01125
2 0.25375000000000003 0.46656250000000005 0.0075 0.01125
2 0.2646875 0.465625 0.0075 0.0125
2 0.271875 0.465625 0.00625 0.0125
2 0.3375 0.45499999999999996 0.00625 0.01
2 0.35 0.45562500000000006 0.00625 0.01125
2 0.41500000000000004 0.5103125000000001 0.005 0.01125
2 0.6849999999999999 0.73 0.0075 0.01
2 0.5640625 0.9400000000000001 0.0125 0.01125
2 0.568125 0.9321875000000001 0.01125 0.01125
2 0.5725 0.9215625 0.013750000000000002 0.008749999999999999
2 0.5740624999999999 0.9112500000000001 0.013750000000000002 0.01
2 0.57875 0.905 0.013750000000000002 0.01
2 0.5912499999999999 0.8840625 0.013750000000000002 0.008749999999999999
2 0.591875 0.8784375000000001 0.015 0.01
2 0.598125 0.8659375 0.015 0.01
2 0.560625 0.8846875000000001 0.015 0.01
2 0.5628124999999999 0.8784375000000001 0.01625 0.01
2 0.5662499999999999 0.8731249999999999 0.013750000000000002 0.008749999999999999
2 0.571875 0.858125 0.0125 0.01
2 0.5746875 0.851875 0.015 0.01
2 0.5515625 0.9065625 0.0125 0.01
2 0.681875 0.715625 0.0075 0.0125
2 0.3640625 0.353125 0.0125 0.0125
2 0.5459375 0.51 0.0075 0.013750000000000002
2 0.5428124999999999 0.320625 0.013750000000000002 0.01
2 0.5340625 0.315625 0.008749999999999999 0.00625
2 0.5393749999999999 0.29625 0.01625 0.01125
2 0.5846875 0.2796875 0.01 0.0125
2 0.58 0.29375 0.01 0.0125
2 0.5478125 0.2815625 0.01125 0.01
2 0.5621875000000001 0.2653125 0.021249999999999998 0.015
2 0.5571875000000001 0.2578125 0.02375 0.0125
2 0.678125 0.184375 0.0125 0.0125
2 0.69375 0.1640625 0.0125 0.0125
2 0.7865624999999999 0.084375 0.013750000000000002 0.0125
2 0.7546875 0.960625 0.0125 0.008749999999999999
2 0.56125 0.9459375 0.01 0.0075
2 0.464375 0.39 0.01 0.005
2 0.35531250000000003 0.45531249999999995 0.0075 0.013750000000000002
2 0.3196875 0.4253125 0.005 0.01
2 0.371875 0.45562500000000006 0.00625 0.01125
2 0.3803125 0.45531249999999995 0.0075 0.013750000000000002
2 0.39125 0.45499999999999996 0.0075 0.01
2 0.396875 0.4565625 0.00625 0.01
2 0.4021875 0.45562500000000006 0.0075 0.01125
2 0.41937499999999994 0.4571875 0.0075 0.01125
2 0.2509375 0.4265625 0.005 0.0125
2 0.2659375 0.4265625 0.00375 0.0125
2 0.2709375 0.425625 0.0075 0.013750000000000002
2 0.278125 0.425 0.00625 0.0125
2 0.284375 0.425625 0.00625 0.013750000000000002
2 0.2959375 0.425625 0.0075 0.013750000000000002
2 0.306875 0.425 0.0075 0.0125
2 0.3140625 0.425 0.00625 0.0125
2 0.32437499999999997 0.4259375 0.005 0.01125
2 0.379375 0.3884375 0.008749999999999999 0.01125
2 0.33125 0.4265625 0.00625 0.0125
2 0.3375 0.42750000000000005 0.00625 0.01125
2 0.356875 0.42750000000000005 0.0075 0.01125
2 0.3678125 0.428125 0.0075 0.0125
2 0.37906249999999997 0.4265625 0.005 0.0125
2 0.385 0.428125 0.0075 0.0125
2 0.3915625 0.42750000000000005 0.005 0.01125
2 0.396875 0.42874999999999996 0.00625 0.013750000000000002
2 0.403125 0.4290625 0.00625 0.01125
2 0.40875000000000006 0.42874999999999996 0.005 0.013750000000000002
2 0.415625 0.4290625 0.00625 0.01125
2 0.421875 0.428125 0.00625 0.0125
2 0.42718749999999994 0.428125 0.0075 0.0125
2 0.3625 0.3834375 0.00625 0.013750000000000002
2 0.418125 0.496875 0.005 0.0125
2 0.409375 0.5103125000000001 0.00625 0.01125
2 0.275 0.5759375 0.00625 0.01125
2 0.3540625 0.551875 0.005 0.01
2 0.26968749999999997 0.5493750000000001 0.005 0.01125
2 0.275 0.5484375 0.00625 0.0125
2 0.28125 0.55 0.00625 0.0125
2 0.286875 0.5509375000000001 0.005 0.01125
2 0.29375 0.55 0.00625 0.0125
2 0.3 0.5509375000000001 0.00625 0.01125
2 0.305625 0.55125 0.005 0.008749999999999999
2 0.311875 0.5503125 0.005 0.01
2 0.318125 0.5509375000000001 0.005 0.01125
2 0.32437499999999997 0.5506249999999999 0.005 0.013750000000000002
2 0.3296875 0.5525 0.00625 0.01125
2 0.3353125 0.5515625 0.005 0.0125
2 0.340625 0.5509375000000001 0.00625 0.01125
2 0.346875 0.5509375000000001 0.00625 0.01125
2 0.36343749999999997 0.5515625 0.005 0.0125
2 0.2578125 0.55 0.00625 0.0125
2 0.3696875 0.5509375000000001 0.005 0.01125
2 0.375625 0.551875 0.0075 0.01
2 0.3828125 0.5509375000000001 0.00625 0.01125
2 0.3875 0.5515625 0.00625 0.0125
2 0.39375 0.5515625 0.00625 0.0125
2 0.4 0.5509375000000001 0.00625 0.01125
2 0.4125 0.5521874999999999 0.00625 0.013750000000000002
2 0.41875 0.5515625 0.00625 0.0125
2 0.425 0.5525 0.00625 0.01125
2 0.4125 0.5375 0.00625 0.0125
2 0.405625 0.5375 0.005 0.0125
2 0.449375 0.555625 0.01125 0.005
2 0.449375 0.5503125 0.01125 0.00375
2 0.4515625 0.525 0.0125 0.00625
2 0.2634375 0.5484375 0.005 0.0125
2 0.2515625 0.55 0.00625 0.0125
2 0.193125 0.5337500000000001 0.005 0.01125
2 0.3728125 0.578125 0.005 0.0125
2 0.280625 0.576875 0.005 0.01
2 0.2875 0.5775 0.00625 0.01125
2 0.29375 0.5765625 0.00625 0.0125
2 0.3 0.5775 0.00625 0.01125
2 0.30625 0.5771875 0.00625 0.013750000000000002
2 0.311875 0.578125 0.005 0.0125
2 0.3325 0.56875 0.008749999999999999 0.0125
2 0.4178125 0.5775 0.0075 0.01125
2 0.40875000000000006 0.5765625 0.005 0.0125
2 0.403125 0.576875 0.00625 0.01
2 0.3975 0.5765625 0.0075 0.0125
2 0.3921875 0.5775 0.00625 0.01125
2 0.380625 0.578125 0.005 0.0125
2 0.3759375 0.5775 0.005 0.01125
2 0.3390625 0.578125 0.00625 0.0125
2 0.240625 0.5493750000000001 0.00625 0.01125
2 0.34375 0.578125 0.00625 0.0125
2 0.35 0.57875 0.00625 0.013750000000000002
2 0.355 0.5775 0.00375 0.01125
2 0.365625 0.5775 0.00625 0.01125
2 0.3603125 0.5771875 0.005 0.013750000000000002
2 0.4484375 0.5625 0.0125 0.00625
2 0.193125 0.5471874999999999 0.005 0.01
2 0.1984375 0.5471874999999999 0.00625 0.01
2 0.2046875 0.5478125 0.00625 0.01125
2 0.209375 0.5484375 0.00625 0.0125
2 0.215625 0.54875 0.00625 0.01
2 0.221875 0.54875 0.00625 0.01
2 0.228125 0.5493750000000001 0.00625 0.01125
2 0.234375 0.55 0.00625 0.0125
2 0.4515625 0.530625 0.0125 0.005
2 0.1984375 0.534375 0.00625 0.0125
2 0.403125 0.5109375 0.00625 0.0125
2 0.29312499999999997 0.5071875 0.005 0.01125
2 0.20625 0.5071875 0.00625 0.01125
2 0.2125 0.5081249999999999 0.00625 0.01
2 0.2171875 0.5078125 0.00625 0.0125
2 0.2228125 0.5071875 0.005 0.01125
2 0.2290625 0.505625 0.005 0.01125
2 0.23374999999999999 0.5071875 0.005 0.01125
2 0.241875 0.5071875 0.008749999999999999 0.01125
2 0.25 0.5078125 0.00625 0.0125
2 0.2578125 0.5084375 0.00625 0.013750000000000002
2 0.2640625 0.509375 0.00625 0.0125
2 0.26968749999999997 0.509375 0.005 0.0125
2 0.2765625 0.5081249999999999 0.00625 0.01
2 0.28125 0.5078125 0.00625 0.0125
2 0.2884375 0.5071875 0.005 0.01125
2 0.299375 0.5071875 0.005 0.01125
2 0.19375 0.50625 0.00625 0.0125
2 0.305625 0.50875 0.005 0.01125
2 0.3109375 0.5081249999999999 0.00625 0.01
2 0.318125 0.5081249999999999 0.005 0.01
2 0.32437499999999997 0.5078125 0.005 0.0125
2 0.33125 0.50875 0.00625 0.01125
2 0.336875 0.509375 0.005 0.0125
2 0.3421875 0.509375 0.00625 0.0125
2 0.3546875 0.50875 0.00625 0.01125
2 0.37124999999999997 0.5096875 0.005 0.01
2 0.36343749999999997 0.5081249999999999 0.005 0.01
2 0.378125 0.5096875 0.00625 0.01
2 0.384375 0.5096875 0.00625 0.01
2 0.39125 0.509375 0.0075 0.0125
2 0.3978125 0.509375 0.005 0.0125
2 0.2 0.5071875 0.00625 0.01125
2 0.4 0.5384375 0.00625 0.01125
2 0.2046875 0.534375 0.00625 0.0125
2 0.299375 0.536875 0.005 0.01125
2 0.2109375 0.534375 0.00625 0.0125
2 0.2165625 0.5346875 0.005 0.01
2 0.2234375 0.5353125000000001 0.00625 0.01125
2 0.2296875 0.5337500000000001 0.00625 0.01125
2 0.2359375 0.534375 0.00625 0.0125
2 0.2421875 0.5337500000000001 0.00625 0.01125
2 0.25 0.5337500000000001 0.00625 0.01125
2 0.25625 0.5349999999999999 0.00625 0.013750000000000002
2 0.2640625 0.5337500000000001 0.00625 0.01125
2 0.2703125 0.5346875 0.00625 0.01
2 0.2759375 0.5353125000000001 0.005 0.01125
2 0.2821875 0.534375 0.005 0.0125
2 0.2890625 0.534375 0.00625 0.0125
2 0.29375 0.536875 0.00625 0.01125
2 0.30625 0.536875 0.00625 0.01125
2 0.39625 0.5384375 0.005 0.01125
2 0.3125 0.536875 0.00625 0.01125
2 0.31875 0.536875 0.00625 0.01125
2 0.32437499999999997 0.5359375 0.005 0.0125
2 0.33125 0.5353125000000001 0.00625 0.01125
2 0.3375 0.53625 0.00625 0.01
2 0.3421875 0.5346875 0.00625 0.01
2 0.34875 0.5353125000000001 0.00375 0.01125
2 0.3540625 0.5346875 0.005 0.01
2 0.3646875 0.5353125000000001 0.0075 0.01125
2 0.40625 0.55 0.00625 0.0125
2 0.37093750000000003 0.5359375 0.0075 0.0125
2 0.3775 0.5353125000000001 0.005 0.01125
2 0.38375 0.53625 0.005 0.01
2 0.390625 0.5359375 0.00625 0.0125
