2 0.8574999999999999 0.621875 0.008749999999999999 0.0125
2 0.24125000000000002 0.8321875000000001 0.0075 0.01125
2 0.35625 0.8178124999999999 0.00625 0.013750000000000002
2 0.3509375 0.8171875 0.005 0.0125
2 0.3453125 0.8162499999999999 0.00625 0.013750000000000002
2 0.3328125 0.8146875 0.00625 0.013750000000000002
2 0.369375 0.8203125 0.0075 0.0125
2 0.2475 0.83125 0.0075 0.0125
2 0.26 0.834375 0.0075 0.0125
2 0.381875 0.5928125 0.0075 0.013750000000000002
2 0.375 0.591875 0.00625 0.015
2 0.27625 0.649375 0.008749999999999999 0.01125
2 0.36875 0.8484375 0.00625 0.0125
2 0.3625 0.8484375 0.00625 0.0125
2 0.35625 0.8462500000000001 0.00625 0.01125
2 0.35 0.846875 0.00625 0.0125
2 0.3446875 0.846875 0.005 0.0125
2 0.3384375 0.8462500000000001 0.005 0.01125
2 0.33375 0.8462500000000001 0.005 0.01125
2 0.3290625 0.8456250000000001 0.005 0.01
2 0.321875 0.8412499999999999 0.00625 0.013750000000000002
2 0.30625 0.8425 0.00625 0.01
2 0.311875 0.8415625 0.005 0.01125
2 0.2990625 0.840625 0.0075 0.0125
2 0.27718750000000003 0.8359375 0.0075 0.0125
2 0.284375 0.838125 0.00625 0.013750000000000002
2 0.3275 0.8140625 0.005 0.0125
2 0.32125 0.8140625 0.005 0.0125
2 0.31656249999999997 0.8125 0.005 0.0125
2 0.3125 0.8125 0.00625 0.0125
2 0.23875000000000002 0.7990625 0.008749999999999999 0.013750000000000002
2 0.2340625 0.7975 0.008749999999999999 0.013750000000000002
2 0.22875 0.7975 0.0075 0.013750000000000002
2 0.2225 0.79625 0.0075 0.01125
2 0.21625 0.7946875 0.0075 0.01125
2 0.21125 0.79375 0.01 0.0125
2 0.20593750000000002 0.79125 0.008749999999999999 0.013750000000000002
2 0.1996875 0.790625 0.008749999999999999 0.0125
2 0.1940625 0.7875 0.01 0.0125
2 0.15875 0.7396874999999999 0.01125 0.013750000000000002
2 0.15812500000000002 0.996875 0.01 0.00625
2 0.151875 0.9956250000000001 0.01 0.01
2 0.14781249999999999 0.991875 0.01125 0.015
2 0.250625 0.803125 0.0075 0.0125
2 0.25625 0.8025 0.00625 0.01125
2 0.2625 0.805 0.00625 0.01
2 0.2553125 0.13343750000000001 0.013750000000000002 0.013750000000000002
2 0.3040625 0.8109375 0.005 0.0125
2 0.2921875 0.809375 0.00625 0.0125
2 0.281875 0.8078125 0.0075 0.0125
2 0.33625 0.740625 0.01625 0.00625
2 0.3259375 0.6084375 0.01125 0.013750000000000002
2 0.2359375 0.1140625 0.0125 0.0125
2 0.2525 0.128125 0.01125 0.0125
2 0.2140625 0.036875000000000005 0.0125 0.01125
2 0.274375 0.8053125 0.005 0.013750000000000002
2 0.3915625 0.594375 0.005 0.013750000000000002
2 0.3984375 0.596875 0.00625 0.0125
2 0.4034375 0.596875 0.00375 0.0125
2 0.514375 0.8474999999999999 0.00375 0.013750000000000002
2 0.836875 0.6025 0.01125 0.01125
2 0.825 0.8418749999999999 0.0125 0.008749999999999999
2 0.7153125 0.774375 0.015 0.01125
2 0.6965625 0.7690625 0.015 0.01
2 0.5743750000000001 0.853125 0.005 0.0125
2 0.56875 0.8515625 0.00625 0.0125
2 0.5506249999999999 0.8481249999999999 0.0075 0.015
2 0.5328125 0.846875 0.00625 0.0125
2 0.9690625 0.5390625 0.01 0.0125
2 0.9015625 0.5771875 0.0125 0.0075
2 0.9793749999999999 0.534375 0.008749999999999999 0.0125
2 0.880625 0.5725 0.01125 0.013750000000000002
2 0.5196875000000001 0.8478125000000001 0.005 0.01125
2 0.5015625 0.8478125000000001 0.00625 0.01125
2 0.40843749999999995 0.596875 0.0075 0.0125
2 0.49375 0.8462500000000001 0.00625 0.01125
2 0.5159374999999999 0.818125 0.00375 0.01125
2 0.4984375 0.8178124999999999 0.00625 0.013750000000000002
2 0.4921875 0.818125 0.00625 0.01125
2 0.48687500000000006 0.818125 0.005 0.01125
2 0.48125 0.818125 0.00625 0.01125
2 0.47437500000000005 0.8175000000000001 0.005 0.01
2 0.46875 0.8175000000000001 0.00625 0.01
2 0.46187500000000004 0.8175000000000001 0.005 0.01
2 0.45625 0.818125 0.00625 0.01125
2 0.45062499999999994 0.81875 0.0075 0.0125
2 0.4446875 0.8178124999999999 0.005 0.013750000000000002
2 0.4390625 0.81875 0.00625 0.0125
2 0.43375 0.81875 0.005 0.0125
2 0.42750000000000005 0.81875 0.005 0.0125
2 0.45875000000000005 0.759375 0.017499999999999998 0.00625
2 0.28250000000000003 0.646875 0.008749999999999999 0.0125
2 0.425625 0.57125 0.0075 0.01125
2 0.5203125 0.818125 0.00625 0.01125
2 0.534375 0.83125 0.0125 0.00625
2 0.5625 0.8215625 0.00625 0.015
2 0.4421875 0.8484375 0.00625 0.0125
2 0.4828125 0.849375 0.00625 0.01125
2 0.4771875 0.849375 0.0075 0.01125
2 0.471875 0.85 0.00625 0.0125
2 0.465625 0.8474999999999999 0.00625 0.013750000000000002
2 0.45875000000000005 0.8484375 0.005 0.0125
2 0.453125 0.8478125000000001 0.00625 0.01125
2 0.44781250000000006 0.8484375 0.005 0.0125
2 0.436875 0.8484375 0.005 0.0125
2 0.5859375 0.8253125000000001 0.00625 0.01
2 0.6743750000000001 0.771875 0.01125 0.00625
2 0.6159375 0.6528125 0.01 0.015
2 0.6071875 0.645 0.01125 0.015
2 0.5715625 0.59375 0.008749999999999999 0.0125
2 0.5653125 0.590625 0.008749999999999999 0.0125
2 0.598125 0.8256249999999999 0.008749999999999999 0.013750000000000002
2 0.591875 0.825 0.008749999999999999 0.0125
2 0.143125 0.9890625 0.01125 0.0125
2 0.1384375 0.9853125 0.01125 0.01125
2 0.13218749999999999 0.984375 0.01125 0.0125
2 0.036875000000000005 0.716875 0.01125 0.008749999999999999
2 0.109375 0.701875 0.0125 0.01
2 0.07375000000000001 0.6553125 0.01 0.013750000000000002
2 0.052500000000000005 0.670625 0.01125 0.01
2 0.0225 0.743125 0.013750000000000002 0.01125
2 0.028437499999999998 0.503125 0.01 0.00625
2 0.053125 0.47125000000000006 0.00625 0.01125
2 0.04375 0.46968750000000004 0.00625 0.01125
2 0.0159375 0.48875 0.01 0.008749999999999999
2 0.058437499999999996 0.9337500000000001 0.0075 0.01125
2 0.049062499999999995 0.9775 0.013750000000000002 0.01125
2 0.10093749999999999 0.9956250000000001 0.017499999999999998 0.01
