2 0.11875 0.25656249999999997 0.0125 0.0225
2 0.12875 0.0884375 0.0325 0.02375
2 0.275625 0.075625 0.026250000000000002 0.026250000000000002
2 0.11656249999999999 0.05125 0.02375 0.015
2 0.13218749999999999 0.10906249999999999 0.03 0.021249999999999998
2 0.255 0.9262499999999999 0.01 0.021249999999999998
2 0.6296875 0.9268750000000001 0.0125 0.0225
2 0.65 0.18562499999999998 0.03125 0.015
2 0.721875 0.2646875 0.025 0.013750000000000002
2 0.079375 0.9153125 0.008749999999999999 0.021249999999999998
