2 0.3234375 0.9775 0.00625 0.01125
2 0.118125 0.7725 0.01125 0.013750000000000002
2 0.246875 0.8121875 0.00625 0.008749999999999999
2 0.24937499999999999 0.8353125 0.005 0.01125
2 0.2634375 0.8271875 0.01125 0.0075
2 0.265 0.815625 0.01125 0.00625
2 0.265625 0.8099999999999999 0.0125 0.0075
2 0.22531249999999997 0.7890625 0.00375 0.0125
2 0.271875 0.7515625 0.0125 0.00625
2 0.27125 0.7462500000000001 0.01125 0.005
2 0.2703125 0.7415625 0.0125 0.005
2 0.1109375 0.688125 0.0125 0.013750000000000002
2 0.088125 0.7375 0.013750000000000002 0.0125
2 0.094375 0.735 0.013750000000000002 0.013750000000000002
2 0.13374999999999998 0.7296875 0.01125 0.0125
2 0.1275 0.7328125 0.01125 0.0125
2 0.144375 0.7537499999999999 0.0075 0.013750000000000002
2 0.1378125 0.7578125 0.01 0.0125
2 0.12625 0.765 0.008749999999999999 0.01125
2 0.21875 0.790625 0.00625 0.0125
2 0.2146875 0.79 0.0075 0.01125
2 0.2084375 0.79 0.0075 0.01125
2 0.075 0.8196875 0.0125 0.005
2 0.0803125 0.8578125 0.013750000000000002 0.00625
2 0.0803125 0.8525 0.013750000000000002 0.005
2 0.0796875 0.8453125 0.0125 0.00625
2 0.07843750000000001 0.840625 0.01 0.00625
2 0.078125 0.835 0.0125 0.0075
2 0.0759375 0.8306250000000001 0.01125 0.005
2 0.0759375 0.8243750000000001 0.01125 0.005
2 0.04625 0.8225 0.01125 0.0075
2 0.2046875 0.7931250000000001 0.00625 0.01125
2 0.05375 0.8400000000000001 0.0075 0.01125
2 0.049375 0.828125 0.01125 0.00625
2 0.195625 0.715625 0.01 0.0125
2 0.2453125 0.8603125 0.00625 0.01125
2 0.20406249999999998 0.8428125 0.01125 0.0075
2 0.203125 0.8365625 0.0125 0.0075
2 0.198125 0.79375 0.008749999999999999 0.0125
2 0.12281249999999999 0.76875 0.01125 0.0125
2 0.09375 0.7578125 0.0125 0.0125
2 0.1 0.8140625 0.00625 0.0125
2 0.09875 0.753125 0.01 0.0125
2 0.22937500000000002 0.7234375 0.015 0.00625
2 0.25625 0.724375 0.0125 0.005
2 0.25187499999999996 0.69375 0.01 0.00625
2 0.2640625 0.6865625 0.0125 0.0075
2 0.25187499999999996 0.688125 0.01 0.0075
2 0.215 0.6728125 0.01125 0.01125
2 0.24718749999999998 0.681875 0.01 0.0075
2 0.15 0.6912499999999999 0.0125 0.013750000000000002
2 0.20406249999999998 0.6537499999999999 0.01125 0.013750000000000002
2 0.246875 0.6203125 0.00625 0.0125
2 0.046875 0.595 0.0125 0.008749999999999999
2 0.2925 0.5578125 0.01 0.0125
2 0.2571875 0.5334375 0.01125 0.0075
2 0.255 0.5140625 0.01 0.0125
2 0.22999999999999998 0.7328125 0.01625 0.00625
2 0.23093750000000002 0.74 0.015 0.005
2 0.2303125 0.7453125 0.013750000000000002 0.00625
2 0.165625 0.7693749999999999 0.00625 0.013750000000000002
2 0.058750000000000004 0.78125 0.01125 0.0125
2 0.06593750000000001 0.7784375 0.01625 0.01625
2 0.10218750000000001 0.791875 0.013750000000000002 0.008749999999999999
2 0.115625 0.7887500000000001 0.0125 0.008749999999999999
2 0.128125 0.7865624999999999 0.0125 0.0075
2 0.1390625 0.778125 0.00625 0.0125
2 0.144375 0.778125 0.0075 0.0125
2 0.18656250000000002 0.76625 0.0075 0.013750000000000002
2 0.23093750000000002 0.7521875 0.015 0.0075
2 0.193125 0.7681250000000001 0.005 0.01125
2 0.2015625 0.7625 0.00625 0.0125
2 0.206875 0.7615624999999999 0.0075 0.013750000000000002
2 0.2578125 0.76625 0.0125 0.0075
2 0.258125 0.77125 0.01 0.005
2 0.25625 0.775625 0.0125 0.0075
2 0.25625 0.78125 0.0125 0.00625
2 0.094375 0.8140625 0.0075 0.0125
2 0.10593749999999999 0.8109375 0.008749999999999999 0.0125
2 0.39625 0.9506249999999999 0.01125 0.0075
2 0.18687499999999999 0.9584374999999999 0.01125 0.0075
2 0.22875 0.9521875 0.013750000000000002 0.0075
2 0.23125 0.9625 0.0125 0.00625
2 0.2296875 0.9671875 0.0125 0.00625
2 0.23125 0.9734375 0.0125 0.00625
2 0.23125 0.9790625000000001 0.0125 0.005
2 0.23374999999999999 0.98375 0.01125 0.005
2 0.168125 0.9875 0.01125 0.00625
2 0.16875 0.9921875 0.0125 0.00625
2 0.1703125 0.9978125 0.0125 0.005
2 0.178125 0.9678125 0.0125 0.0075
2 0.1765625 0.9615625 0.0125 0.0075
2 0.159375 0.9481249999999999 0.0125 0.008749999999999999
2 0.15625 0.931875 0.0125 0.0075
2 0.15687500000000001 0.9371875 0.013750000000000002 0.008749999999999999
2 0.17124999999999999 0.928125 0.01125 0.00625
2 0.171875 0.9334374999999999 0.0125 0.0075
2 0.184375 0.9262499999999999 0.0125 0.008749999999999999
2 0.2265625 0.9475 0.0125 0.0075
2 0.225 0.940625 0.0125 0.00625
2 0.224375 0.9349999999999999 0.01125 0.0075
2 0.25 0.936875 0.0125 0.005
2 0.24312499999999998 0.911875 0.01125 0.005
2 0.246875 0.9225 0.0125 0.0075
2 0.2478125 0.93 0.01125 0.00375
2 0.2225 0.925 0.013750000000000002 0.00625
2 0.253125 0.9453125 0.0125 0.00625
2 0.2525 0.953125 0.01125 0.00625
2 0.2578125 0.963125 0.0125 0.0075
2 0.21749999999999997 0.9015625 0.01625 0.00625
2 0.21812499999999999 0.90625 0.017499999999999998 0.00625
2 0.2209375 0.9134375 0.013750000000000002 0.005
2 0.221875 0.91875 0.0125 0.00625
2 0.18625 0.953125 0.01 0.00625
2 0.19 0.9640625 0.01125 0.00625
2 0.1265625 0.8078125 0.00625 0.0125
2 0.190625 0.969375 0.0125 0.0075
2 0.22999999999999998 0.8353125 0.01 0.005
2 0.228125 0.8256249999999999 0.0125 0.0075
2 0.228125 0.8203125 0.0125 0.00625
2 0.2265625 0.8140625 0.0125 0.00625
2 0.175 0.8259375 0.0125 0.005
2 0.1765625 0.8375 0.0125 0.00625
2 0.178125 0.8425 0.0125 0.00375
2 0.184375 0.865625 0.0125 0.00625
2 0.159375 0.8740625 0.0125 0.0075
2 0.159375 0.869375 0.0125 0.0075
2 0.1584375 0.8631249999999999 0.013750000000000002 0.0075
2 0.153125 0.8574999999999999 0.0125 0.008749999999999999
2 0.151875 0.8453125 0.01 0.00625
2 0.1525 0.8334374999999999 0.01125 0.0075
2 0.1509375 0.8246874999999999 0.01125 0.008749999999999999
2 0.13874999999999998 0.805625 0.008749999999999999 0.01125
2 0.13125 0.8081250000000001 0.00625 0.01
2 0.2071875 0.8490624999999999 0.01125 0.0075
2 0.21031249999999999 0.85875 0.01125 0.005
2 0.2109375 0.8631249999999999 0.0125 0.0075
2 0.12562500000000001 0.9256249999999999 0.013750000000000002 0.0075
2 0.134375 0.99875 0.0125 0.00375
2 0.13218749999999999 0.9881249999999999 0.01125 0.0075
2 0.13999999999999999 0.9828125 0.01125 0.00625
2 0.13218749999999999 0.95625 0.01125 0.00625
2 0.12437499999999999 0.9506249999999999 0.01125 0.0075
2 0.121875 0.9412499999999999 0.0125 0.0075
2 0.1203125 0.93125 0.0125 0.00625
2 0.11687499999999999 0.9225 0.015 0.0075
2 0.21125 0.86875 0.01 0.00625
2 0.11687499999999999 0.9168749999999999 0.015 0.008749999999999999
2 0.425 0.8525 0.00625 0.01125
2 0.4125 0.8509375 0.00625 0.01125
2 0.184375 0.875625 0.0125 0.0075
2 0.23531249999999998 0.865625 0.01125 0.00625
2 0.23125 0.8465624999999999 0.0125 0.008749999999999999
2 0.23374999999999999 0.8618750000000001 0.01125 0.005
2 0.9859375 0.8640625 0.0125 0.0125
2 0.99875 0.8784375000000001 0.00375 0.01
2 0.9640625 0.786875 0.0125 0.01125
2 0.9400000000000001 0.6853125 0.01125 0.005
2 0.9412499999999999 0.7009375 0.013750000000000002 0.005
2 0.946875 0.6118750000000001 0.0125 0.01125
2 0.9525 0.6012500000000001 0.01125 0.008749999999999999
2 0.9337500000000001 0.5821875000000001 0.005 0.01125
2 0.9390625 0.5821875000000001 0.00625 0.01125
2 0.99375 0.5431250000000001 0.0125 0.01125
2 0.790625 0.578125 0.0125 0.0125
2 0.10874999999999999 0.7471875 0.01125 0.01
2 0.1025 0.7515625 0.01125 0.0125
2 0.24156249999999999 0.9046875 0.01125 0.00625
2 0.8775000000000001 0.7590625 0.01125 0.008749999999999999
2 0.17875000000000002 0.4534375 0.013750000000000002 0.01
2 0.2575 0.64 0.008749999999999999 0.01125
2 0.135 0.96875 0.013750000000000002 0.00625
