2 0.7121875 0.621875 0.008749999999999999 0.0125
2 0.094375 0.8321875000000001 0.0075 0.01125
2 0.2109375 0.8178124999999999 0.00625 0.013750000000000002
2 0.205625 0.8171875 0.005 0.0125
2 0.2 0.8162499999999999 0.00625 0.013750000000000002
2 0.1875 0.8146875 0.00625 0.013750000000000002
2 0.2240625 0.8203125 0.0075 0.0125
2 0.100625 0.83125 0.0075 0.0125
2 0.113125 0.834375 0.0075 0.0125
2 0.23500000000000001 0.5928125 0.0075 0.013750000000000002
2 0.228125 0.591875 0.00625 0.015
2 0.13093749999999998 0.649375 0.008749999999999999 0.01125
2 0.221875 0.8484375 0.00625 0.0125
2 0.2171875 0.8484375 0.00625 0.0125
2 0.2109375 0.8462500000000001 0.00625 0.01125
2 0.2046875 0.846875 0.00625 0.0125
2 0.199375 0.846875 0.005 0.0125
2 0.193125 0.8462500000000001 0.005 0.01125
2 0.18687499999999999 0.8462500000000001 0.005 0.01125
2 0.1821875 0.8456250000000001 0.005 0.01
2 0.175 0.8412499999999999 0.00625 0.013750000000000002
2 0.159375 0.8425 0.00625 0.01
2 0.16499999999999998 0.8415625 0.005 0.01125
2 0.1521875 0.840625 0.0075 0.0125
2 0.13187500000000002 0.8359375 0.0075 0.0125
2 0.1375 0.838125 0.00625 0.013750000000000002
2 0.18062499999999998 0.8140625 0.005 0.0125
2 0.174375 0.8140625 0.005 0.0125
2 0.1696875 0.8125 0.005 0.0125
2 0.165625 0.8125 0.00625 0.0125
2 0.09343749999999999 0.7990625 0.008749999999999999 0.013750000000000002
2 0.08875 0.7975 0.008749999999999999 0.013750000000000002
2 0.081875 0.7975 0.0075 0.013750000000000002
2 0.075625 0.79625 0.0075 0.01125
2 0.06937499999999999 0.7946875 0.0075 0.01125
2 0.064375 0.79375 0.01 0.0125
2 0.0590625 0.79125 0.008749999999999999 0.013750000000000002
2 0.0528125 0.790625 0.008749999999999999 0.0125
2 0.0471875 0.7875 0.01 0.0125
2 0.011875 0.7396874999999999 0.01125 0.013750000000000002
2 0.0128125 0.996875 0.01 0.00625
2 0.006562500000000001 0.9956250000000001 0.01 0.01
2 0.0046875 0.99125 0.00625 0.013750000000000002
2 0.1053125 0.803125 0.0075 0.0125
2 0.1109375 0.8025 0.00625 0.01125
2 0.1171875 0.805 0.00625 0.01
2 0.11000000000000001 0.13343750000000001 0.013750000000000002 0.013750000000000002
2 0.15718749999999998 0.8109375 0.005 0.0125
2 0.1453125 0.809375 0.00625 0.0125
2 0.135 0.8078125 0.0075 0.0125
2 0.1909375 0.740625 0.01625 0.00625
2 0.17906249999999999 0.6084375 0.01125 0.013750000000000002
2 0.090625 0.1140625 0.0125 0.0125
2 0.105625 0.128125 0.01125 0.0125
2 0.0671875 0.036875000000000005 0.0125 0.01125
2 0.1290625 0.8053125 0.005 0.013750000000000002
2 0.2446875 0.594375 0.005 0.013750000000000002
2 0.2515625 0.596875 0.00625 0.0125
2 0.25656249999999997 0.596875 0.00375 0.0125
2 0.3675 0.8474999999999999 0.00375 0.013750000000000002
2 0.6900000000000001 0.6025 0.01125 0.01125
2 0.678125 0.8418749999999999 0.0125 0.008749999999999999
2 0.5684375 0.774375 0.015 0.01125
2 0.5496875 0.7690625 0.015 0.01
2 0.4290625 0.853125 0.005 0.0125
2 0.4234375 0.8515625 0.00625 0.0125
2 0.40531249999999996 0.8481249999999999 0.0075 0.015
2 0.3875 0.846875 0.00625 0.0125
2 0.8221875000000001 0.5390625 0.01 0.0125
2 0.7546875 0.5771875 0.0125 0.0075
2 0.9009375000000001 0.5387500000000001 0.01125 0.015
2 0.8324999999999999 0.534375 0.008749999999999999 0.0125
2 0.73375 0.5725 0.01125 0.013750000000000002
2 0.95625 0.96125 0.0125 0.01
2 0.9209375 0.9525 0.013750000000000002 0.01125
2 0.374375 0.8478125000000001 0.005 0.01125
2 0.35625 0.8478125000000001 0.00625 0.01125
2 0.263125 0.596875 0.0075 0.0125
2 0.3484375 0.8462500000000001 0.00625 0.01125
2 0.36875 0.818125 0.00625 0.01125
2 0.3515625 0.8178124999999999 0.00625 0.013750000000000002
2 0.3453125 0.818125 0.00625 0.01125
2 0.33999999999999997 0.818125 0.005 0.01125
2 0.334375 0.818125 0.00625 0.01125
2 0.3290625 0.8175000000000001 0.005 0.01
2 0.3234375 0.8175000000000001 0.00625 0.01
2 0.31656249999999997 0.8175000000000001 0.005 0.01
2 0.3109375 0.818125 0.00625 0.01125
2 0.3053125 0.81875 0.0075 0.0125
2 0.299375 0.8178124999999999 0.005 0.013750000000000002
2 0.29375 0.81875 0.00625 0.0125
2 0.286875 0.81875 0.005 0.0125
2 0.2803125 0.8178124999999999 0.0075 0.013750000000000002
2 0.311875 0.759375 0.017499999999999998 0.00625
2 0.135625 0.646875 0.008749999999999999 0.0125
2 0.2803125 0.57125 0.0075 0.01125
2 0.375 0.818125 0.00625 0.01125
2 0.3875 0.83125 0.0125 0.00625
2 0.4171875 0.8215625 0.00625 0.015
2 0.2953125 0.8484375 0.00625 0.0125
2 0.3375 0.849375 0.00625 0.01125
2 0.33187500000000003 0.849375 0.0075 0.01125
2 0.325 0.85 0.00625 0.0125
2 0.31875 0.8474999999999999 0.00625 0.013750000000000002
2 0.311875 0.8484375 0.005 0.0125
2 0.30625 0.8478125000000001 0.00625 0.01125
2 0.30093749999999997 0.8484375 0.005 0.0125
2 0.29 0.8484375 0.005 0.0125
2 0.4390625 0.8253125000000001 0.00625 0.01
2 0.5275000000000001 0.771875 0.01125 0.00625
2 0.47062499999999996 0.6528125 0.01 0.015
2 0.4603125 0.645 0.01125 0.015
2 0.42625 0.59375 0.008749999999999999 0.0125
2 0.42000000000000004 0.590625 0.008749999999999999 0.0125
2 0.45125000000000004 0.8256249999999999 0.008749999999999999 0.013750000000000002
2 0.445 0.825 0.008749999999999999 0.0125
