2 0.01 0.24125000000000002 0.013750000000000002 0.013750000000000002
2 0.044687500000000005 0.37687499999999996 0.01125 0.01
2 0.0196875 0.45875000000000005 0.01125 0.01125
2 0.0265625 0.45125000000000004 0.0125 0.008749999999999999
2 0.0021874999999999998 0.4546875 0.00125 0.00625
2 0.0540625 0.4065625 0.01125 0.01
2 0.0378125 0.38625 0.01 0.01
2 0.034687499999999996 0.3909375 0.01 0.01
2 0.030625000000000003 0.395 0.01125 0.008749999999999999
2 0.0734375 0.3753125 0.0125 0.01
2 0.0671875 0.3853125 0.0125 0.01125
2 0.061250000000000006 0.3953125 0.01625 0.0125
2 0.058437499999999996 0.40093750000000006 0.013750000000000002 0.01125
2 0.0028125 0.446875 0.0025 0.00625
2 0.0496875 0.4103125 0.015 0.01125
2 0.0290625 0.445 0.01125 0.008749999999999999
2 0.0109375 0.4259375 0.0125 0.01125
2 0.0071874999999999994 0.436875 0.01125 0.01125
2 0.0046875 0.4425 0.00625 0.01
2 0.040625 0.380625 0.0125 0.01125
2 0.0540625 0.36124999999999996 0.01125 0.01
2 0.22749999999999998 0.2134375 0.01125 0.01125
2 0.2640625 0.22000000000000003 0.0125 0.008749999999999999
2 0.281875 0.22875 0.013750000000000002 0.0075
2 0.311875 0.24656250000000002 0.01125 0.008749999999999999
2 0.303125 0.24562499999999998 0.0125 0.01
2 0.30062500000000003 0.2634375 0.013750000000000002 0.01125
2 0.29281250000000003 0.28500000000000003 0.0075 0.013750000000000002
2 0.2725 0.343125 0.013750000000000002 0.01125
2 0.018437500000000002 0.3878125 0.008749999999999999 0.01
2 0.109375 0.2784375 0.0125 0.01
2 0.0684375 0.23093750000000002 0.015 0.008749999999999999
2 0.1 0.21593749999999998 0.0125 0.01
2 0.011875 0.10874999999999999 0.01125 0.01125
2 0.006562500000000001 0.10406249999999999 0.01 0.01125
2 0.0046875 0.100625 0.00625 0.013750000000000002
2 0.37124999999999997 0.290625 0.01125 0.0125
2 0.338125 0.23500000000000001 0.0075 0.013750000000000002
2 0.95625 0.07062500000000001 0.0125 0.01
2 0.9209375 0.061875 0.013750000000000002 0.01125
2 0.058750000000000004 0.27375 0.01125 0.01
2 0.009375 0.351875 0.0125 0.01
2 0.0303125 0.21187499999999998 0.013750000000000002 0.01125
2 0.084375 0.205 0.0125 0.01
2 0.1025 0.2575 0.01125 0.008749999999999999
2 0.0821875 0.24562499999999998 0.01125 0.01
2 0.0875 0.2346875 0.0125 0.01
2 0.0609375 0.1978125 0.0125 0.01125
2 0.058437499999999996 0.2034375 0.013750000000000002 0.01
2 0.04375 0.220625 0.0125 0.01
2 0.024375 0.17375000000000002 0.01125 0.01
2 0.2078125 0.20187499999999997 0.0125 0.01
2 0.09125 0.1534375 0.013750000000000002 0.01625
