2 0.555625 0.788125 0.01125 0.013750000000000002
2 0.5862499999999999 0.8071875000000001 0.01 0.01125
2 0.589375 0.8109375 0.01 0.0125
2 0.595625 0.815625 0.01 0.0125
2 0.6003125 0.8178124999999999 0.01 0.013750000000000002
2 0.614375 0.8300000000000001 0.01 0.01625
2 0.564375 0.8271875 0.01 0.013750000000000002
2 0.5596875 0.8240624999999999 0.01 0.013750000000000002
2 0.555625 0.8209375 0.01125 0.013750000000000002
2 0.55125 0.818125 0.008749999999999999 0.01125
2 0.546875 0.8168749999999999 0.0125 0.015
2 0.540625 0.8121875 0.0125 0.015
2 0.5359375 0.8099999999999999 0.0125 0.013750000000000002
2 0.53125 0.80375 0.0125 0.013750000000000002
2 0.5265625 0.8021874999999999 0.0125 0.013750000000000002
2 0.52125 0.7978125 0.01125 0.01125
2 0.515 0.7943749999999999 0.01125 0.013750000000000002
2 0.51 0.791875 0.013750000000000002 0.015
2 0.5796875 0.80375 0.0125 0.013750000000000002
2 0.5525 0.784375 0.01125 0.0125
2 0.5478125 0.78125 0.01125 0.0125
2 0.5765625 0.7490625 0.0125 0.013750000000000002
2 0.61875 0.7787499999999999 0.0125 0.013750000000000002
2 0.6125 0.775625 0.0125 0.013750000000000002
2 0.5296875 0.753125 0.0125 0.0125
2 0.5225 0.7646875 0.013750000000000002 0.013750000000000002
2 0.5275000000000001 0.7665625 0.01125 0.01125
2 0.5303125 0.7703125 0.013750000000000002 0.0125
2 0.5396875 0.759375 0.013750000000000002 0.0125
2 0.5446875 0.7625 0.01125 0.0125
2 0.55 0.76625 0.0125 0.013750000000000002
2 0.5615625 0.7765625 0.013750000000000002 0.0125
2 0.56875 0.779375 0.0125 0.015
2 0.5834374999999999 0.788125 0.013750000000000002 0.013750000000000002
2 0.5890625 0.79125 0.0125 0.013750000000000002
2 0.555625 0.7678125 0.01125 0.013750000000000002
2 0.536875 0.7734375 0.01125 0.0125
2 0.5415625000000001 0.7771874999999999 0.01125 0.013750000000000002
2 0.50625 0.788125 0.0125 0.013750000000000002
2 0.50875 0.8059375 0.01125 0.015
2 0.515 0.8109375 0.01125 0.0125
2 0.5181250000000001 0.8134375 0.01125 0.01125
2 0.47375 0.8150000000000001 0.01 0.01125
2 0.478125 0.8178124999999999 0.0125 0.013750000000000002
2 0.4828125 0.821875 0.0125 0.0125
2 0.4884375 0.8259375 0.01125 0.01125
2 0.49312500000000004 0.828125 0.01125 0.0125
2 0.49781250000000005 0.834375 0.01125 0.0125
2 0.556875 0.8724999999999999 0.013750000000000002 0.013750000000000002
2 0.571875 0.8787499999999999 0.0125 0.013750000000000002
2 0.576875 0.884375 0.01 0.0125
2 0.6709375 0.8234375 0.013750000000000002 0.0125
2 0.666875 0.8296875 0.015 0.0125
2 0.6603125000000001 0.8387499999999999 0.01125 0.008749999999999999
2 0.65625 0.849375 0.0125 0.01125
2 0.6409374999999999 0.866875 0.01625 0.015
2 0.6359375 0.8753125 0.01875 0.01625
2 0.631875 0.88375 0.02 0.017499999999999998
2 0.6275000000000001 0.8896875 0.017499999999999998 0.013750000000000002
2 0.4703125 0.8134375 0.00625 0.01125
2 0.464375 0.8078125 0.01 0.0125
2 0.4571875 0.795625 0.01125 0.01
2 0.595625 0.846875 0.01 0.0125
2 0.524375 0.8150000000000001 0.01125 0.01125
2 0.5275000000000001 0.818125 0.01125 0.01125
2 0.568125 0.8296875 0.01125 0.0125
2 0.5743750000000001 0.83375 0.01125 0.01125
2 0.5790625 0.83625 0.01125 0.01
2 0.58375 0.840625 0.01125 0.0125
2 0.5900000000000001 0.8421875 0.01125 0.0125
2 0.60875 0.85625 0.01125 0.0125
2 0.45875000000000005 0.79 0.01125 0.01125
2 0.5387500000000001 0.8275 0.008749999999999999 0.01125
2 0.5337500000000001 0.821875 0.01125 0.0125
2 0.528125 0.8496874999999999 0.0125 0.015
2 0.558125 0.840625 0.01 0.0125
2 0.4703125 0.7765625 0.0125 0.0125
2 0.4659375 0.78125 0.01 0.0125
2 0.46281249999999996 0.7846875 0.01 0.01
2 0.56875 0.7474999999999999 0.0125 0.013750000000000002
2 0.555625 0.735 0.01125 0.013750000000000002
2 0.565625 0.74375 0.0125 0.0125
2 0.63625 0.640625 0.01 0.0125
2 0.6331249999999999 0.465625 0.01 0.0125
2 0.6534375 0.478125 0.01 0.0125
2 0.5337500000000001 0.4 0.01125 0.0125
2 0.5309375000000001 0.4290625 0.008749999999999999 0.01125
2 0.5759375 0.43156249999999996 0.01125 0.01
2 0.5921875 0.533125 0.0125 0.01
2 0.5615625 0.515625 0.013750000000000002 0.0125
2 0.7121875 0.67125 0.008749999999999999 0.01125
2 0.6603125000000001 0.6390625 0.01125 0.0125
2 0.6134375000000001 0.6240625 0.01125 0.013750000000000002
2 0.6212500000000001 0.63125 0.01125 0.0125
2 0.6275000000000001 0.634375 0.01125 0.0125
2 0.6325000000000001 0.6384375 0.008749999999999999 0.01125
2 0.645625 0.6290625000000001 0.01 0.01125
2 0.5521874999999999 0.7334375 0.013750000000000002 0.013750000000000002
2 0.639375 0.6253124999999999 0.01 0.01
2 0.614375 0.6784375 0.01 0.01
2 0.51875 0.6953125 0.0125 0.0125
2 0.52125 0.68875 0.01125 0.008749999999999999
2 0.525625 0.6853125 0.013750000000000002 0.01125
2 0.51 0.70875 0.013750000000000002 0.01125
2 0.50625 0.71375 0.0125 0.008749999999999999
2 0.5015625 0.7190624999999999 0.0125 0.01
2 0.496875 0.72375 0.0125 0.01
2 0.49749999999999994 0.73 0.013750000000000002 0.01
2 0.4921875 0.735 0.0125 0.013750000000000002
2 0.489375 0.739375 0.01 0.01
2 0.5934375000000001 0.6959375 0.008749999999999999 0.013750000000000002
2 0.5978125000000001 0.6993750000000001 0.01125 0.01125
2 0.5984375 0.7465625 0.0125 0.015
2 0.5921875 0.74125 0.0125 0.013750000000000002
2 0.578125 0.734375 0.0125 0.0125
2 0.5475 0.73 0.013750000000000002 0.01625
2 0.6028125 0.6703125 0.008749999999999999 0.0125
2 0.598125 0.6665625000000001 0.008749999999999999 0.01125
2 0.589375 0.659375 0.01 0.0125
2 0.575 0.608125 0.0125 0.01
2 0.6346875 0.6212500000000001 0.01 0.01125
2 0.6290625000000001 0.6196875000000001 0.01125 0.01125
2 0.62375 0.6159375 0.01 0.01
2 0.6190625 0.6134375000000001 0.01 0.01125
2 0.585 0.595625 0.013750000000000002 0.01
2 0.5828125 0.6003125 0.0125 0.01
2 0.5765625 0.6028125 0.0125 0.008749999999999999
2 0.571875 0.61375 0.0125 0.008749999999999999
2 0.58375 0.65625 0.01125 0.0125
2 0.565625 0.6246875000000001 0.0125 0.008749999999999999
2 0.5634375 0.629375 0.01125 0.008749999999999999
2 0.5587500000000001 0.6340625 0.01125 0.008749999999999999
2 0.6265625 0.6684375 0.0125 0.015
2 0.620625 0.665 0.01 0.01125
2 0.6159375 0.6609375 0.01 0.0125
2 0.61125 0.6578125 0.01 0.0125
2 0.6174999999999999 0.9003125000000001 0.0225 0.01625
2 0.049375 0.6481250000000001 0.01125 0.015
2 0.3234375 0.22749999999999998 0.00625 0.01125
2 0.118125 0.0225 0.01125 0.013750000000000002
2 0.246875 0.06218749999999999 0.00625 0.008749999999999999
2 0.24937499999999999 0.0853125 0.005 0.01125
2 0.2634375 0.07718749999999999 0.01125 0.0075
2 0.265 0.065625 0.01125 0.00625
2 0.265625 0.06 0.0125 0.0075
2 0.22531249999999997 0.0390625 0.00375 0.0125
2 0.27125 0.0034375000000000005 0.01125 0.00375
2 0.144375 0.0059375 0.0075 0.008749999999999999
2 0.1378125 0.0078125 0.01 0.0125
2 0.12625 0.015 0.008749999999999999 0.01125
2 0.21875 0.040625 0.00625 0.0125
2 0.2146875 0.04 0.0075 0.01125
2 0.2084375 0.04 0.0075 0.01125
2 0.075 0.0696875 0.0125 0.005
2 0.0803125 0.1078125 0.013750000000000002 0.00625
2 0.0803125 0.1025 0.013750000000000002 0.005
2 0.0796875 0.0953125 0.0125 0.00625
2 0.07843750000000001 0.090625 0.01 0.00625
2 0.078125 0.08499999999999999 0.0125 0.0075
2 0.0759375 0.080625 0.01125 0.005
2 0.0759375 0.074375 0.01125 0.005
2 0.04625 0.0725 0.01125 0.0075
2 0.2046875 0.043125000000000004 0.00625 0.01125
2 0.05375 0.09 0.0075 0.01125
2 0.049375 0.078125 0.01125 0.00625
2 0.2453125 0.1103125 0.00625 0.01125
2 0.20406249999999998 0.09281249999999999 0.01125 0.0075
2 0.203125 0.0865625 0.0125 0.0075
2 0.198125 0.04375 0.008749999999999999 0.0125
2 0.12281249999999999 0.01875 0.01125 0.0125
2 0.09375 0.0078125 0.0125 0.0125
2 0.1 0.0640625 0.00625 0.0125
2 0.09875 0.0059375 0.01 0.008749999999999999
2 0.165625 0.019375 0.00625 0.013750000000000002
2 0.058750000000000004 0.03125 0.01125 0.0125
2 0.06593750000000001 0.028437499999999998 0.01625 0.01625
2 0.10218750000000001 0.041875 0.013750000000000002 0.008749999999999999
2 0.115625 0.03875 0.0125 0.008749999999999999
2 0.128125 0.0365625 0.0125 0.0075
2 0.1390625 0.028125 0.00625 0.0125
2 0.144375 0.028125 0.0075 0.0125
2 0.18656250000000002 0.01625 0.0075 0.013750000000000002
2 0.23093750000000002 0.0040625 0.015 0.005
2 0.193125 0.018125 0.005 0.01125
2 0.2015625 0.0125 0.00625 0.0125
2 0.206875 0.0115625 0.0075 0.013750000000000002
2 0.2578125 0.01625 0.0125 0.0075
2 0.258125 0.021249999999999998 0.01 0.005
2 0.25625 0.025625 0.0125 0.0075
2 0.25625 0.03125 0.0125 0.00625
2 0.094375 0.0640625 0.0075 0.0125
2 0.10593749999999999 0.0609375 0.008749999999999999 0.0125
2 0.39625 0.200625 0.01125 0.0075
2 0.18687499999999999 0.2084375 0.01125 0.0075
2 0.22875 0.20218750000000002 0.013750000000000002 0.0075
2 0.23125 0.2125 0.0125 0.00625
2 0.2296875 0.2171875 0.0125 0.00625
2 0.23125 0.2234375 0.0125 0.00625
2 0.23125 0.2290625 0.0125 0.005
2 0.23374999999999999 0.23374999999999999 0.01125 0.005
2 0.168125 0.2375 0.01125 0.00625
2 0.16875 0.2421875 0.0125 0.00625
2 0.1703125 0.2478125 0.0125 0.005
2 0.178125 0.21781250000000002 0.0125 0.0075
2 0.1765625 0.21156250000000001 0.0125 0.0075
2 0.159375 0.198125 0.0125 0.008749999999999999
2 0.15625 0.181875 0.0125 0.0075
2 0.15687500000000001 0.1871875 0.013750000000000002 0.008749999999999999
2 0.17124999999999999 0.178125 0.01125 0.00625
2 0.171875 0.1834375 0.0125 0.0075
2 0.184375 0.17625 0.0125 0.008749999999999999
2 0.2265625 0.1975 0.0125 0.0075
2 0.225 0.190625 0.0125 0.00625
2 0.224375 0.185 0.01125 0.0075
2 0.25 0.18687499999999999 0.0125 0.005
2 0.44875 0.305 0.01625 0.01625
2 0.41968750000000005 0.3278125 0.01125 0.008749999999999999
2 0.35875 0.309375 0.01125 0.0125
2 0.4134375 0.263125 0.01125 0.0075
2 0.41125 0.2525 0.01625 0.01125
2 0.24312499999999998 0.161875 0.01125 0.005
2 0.246875 0.17250000000000001 0.0125 0.0075
2 0.2478125 0.18 0.01125 0.00375
2 0.2225 0.175 0.013750000000000002 0.00625
2 0.253125 0.1953125 0.0125 0.00625
2 0.2525 0.203125 0.01125 0.00625
2 0.2578125 0.213125 0.0125 0.0075
2 0.21749999999999997 0.1515625 0.01625 0.00625
2 0.21812499999999999 0.15625 0.017499999999999998 0.00625
2 0.2209375 0.16343749999999999 0.013750000000000002 0.005
2 0.221875 0.16875 0.0125 0.00625
2 0.18625 0.203125 0.01 0.00625
2 0.19 0.2140625 0.01125 0.00625
2 0.1265625 0.0578125 0.00625 0.0125
2 0.190625 0.21937500000000001 0.0125 0.0075
2 0.22999999999999998 0.0853125 0.01 0.005
2 0.228125 0.075625 0.0125 0.0075
2 0.228125 0.0703125 0.0125 0.00625
2 0.2265625 0.0640625 0.0125 0.00625
2 0.175 0.0759375 0.0125 0.005
2 0.1765625 0.0875 0.0125 0.00625
2 0.178125 0.0925 0.0125 0.00375
2 0.184375 0.115625 0.0125 0.00625
2 0.159375 0.1240625 0.0125 0.0075
2 0.159375 0.11937500000000001 0.0125 0.0075
2 0.1584375 0.113125 0.013750000000000002 0.0075
2 0.153125 0.1075 0.0125 0.008749999999999999
2 0.151875 0.0953125 0.01 0.00625
2 0.1525 0.0834375 0.01125 0.0075
2 0.1509375 0.07468749999999999 0.01125 0.008749999999999999
2 0.13874999999999998 0.055625 0.008749999999999999 0.01125
2 0.13125 0.058125 0.00625 0.01
2 0.2071875 0.0990625 0.01125 0.0075
2 0.21031249999999999 0.10874999999999999 0.01125 0.005
2 0.2109375 0.113125 0.0125 0.0075
2 0.12562500000000001 0.175625 0.013750000000000002 0.0075
2 0.134375 0.25 0.0125 0.00625
2 0.13218749999999999 0.238125 0.01125 0.0075
2 0.13999999999999999 0.2328125 0.01125 0.00625
2 0.13218749999999999 0.20625 0.01125 0.00625
2 0.12437499999999999 0.200625 0.01125 0.0075
2 0.121875 0.19125 0.0125 0.0075
2 0.1203125 0.18125 0.0125 0.00625
2 0.11687499999999999 0.17250000000000001 0.015 0.0075
2 0.21125 0.11875 0.01 0.00625
2 0.11687499999999999 0.166875 0.015 0.008749999999999999
2 0.425 0.1025 0.00625 0.01125
2 0.4125 0.10093749999999999 0.00625 0.01125
2 0.184375 0.12562500000000001 0.0125 0.0075
2 0.23531249999999998 0.115625 0.01125 0.00625
2 0.23125 0.0965625 0.0125 0.008749999999999999
2 0.23374999999999999 0.11187499999999999 0.01125 0.005
2 0.99125 0.8321875000000001 0.0075 0.01125
2 0.996875 0.83125 0.00625 0.0125
2 0.9887499999999999 0.7990625 0.008749999999999999 0.013750000000000002
2 0.9840625 0.7975 0.008749999999999999 0.013750000000000002
2 0.97875 0.7975 0.0075 0.013750000000000002
2 0.9724999999999999 0.79625 0.0075 0.01125
2 0.9662499999999999 0.7946875 0.0075 0.01125
2 0.96125 0.79375 0.01 0.0125
2 0.9559374999999999 0.79125 0.008749999999999999 0.013750000000000002
2 0.9496874999999999 0.790625 0.008749999999999999 0.0125
2 0.9440625 0.7875 0.01 0.0125
2 0.9087500000000001 0.7396874999999999 0.01125 0.013750000000000002
2 0.9081250000000001 0.996875 0.01 0.00625
2 0.9018750000000001 0.9956250000000001 0.01 0.01
2 0.8978125 0.991875 0.01125 0.015
2 0.9981249999999999 0.803125 0.0025 0.0125
2 0.9859375 0.1140625 0.0125 0.0125
2 0.99875 0.1284375 0.00375 0.01
2 0.9640625 0.036875000000000005 0.0125 0.01125
2 0.4840625 0.395625 0.008749999999999999 0.01
2 0.1034375 0.0046875 0.01 0.00625
2 0.8931250000000001 0.9890625 0.01125 0.0125
2 0.8884375 0.9853125 0.01125 0.01125
2 0.8821875 0.984375 0.01125 0.0125
2 0.786875 0.716875 0.01125 0.008749999999999999
2 0.859375 0.701875 0.0125 0.01
2 0.8237500000000001 0.6553125 0.01 0.013750000000000002
2 0.8025 0.670625 0.01125 0.01
2 0.7725 0.743125 0.013750000000000002 0.01125
2 0.24156249999999999 0.1546875 0.01125 0.00625
2 0.7375 0.5403125 0.0125 0.008749999999999999
2 0.7784375 0.503125 0.01 0.00625
2 0.803125 0.47125000000000006 0.00625 0.01125
2 0.79375 0.46968750000000004 0.00625 0.01125
2 0.7659374999999999 0.48875 0.01 0.008749999999999999
2 0.7484375 0.52125 0.00625 0.01125
2 0.7375 0.5103125000000001 0.00625 0.01125
2 0.8084374999999999 0.9337500000000001 0.0075 0.01125
2 0.7990625 0.9775 0.013750000000000002 0.01125
2 0.849375 0.9949999999999999 0.017499999999999998 0.008749999999999999
