2 0.7224999999999999 0.7428125 0.026250000000000002 0.02
2 0.719375 0.73 0.026250000000000002 0.01625
2 0.7178125 0.9099999999999999 0.026250000000000002 0.013750000000000002
2 0.9737500000000001 0.764375 0.0225 0.034999999999999996
2 0.8990625 0.7703125 0.0325 0.0125
2 0.93625 0.7725 0.028749999999999998 0.013750000000000002
2 0.719375 0.7575000000000001 0.0325 0.021249999999999998
2 0.7153125 0.771875 0.03375 0.025
2 0.7171875 0.7878125 0.03125 0.0225
2 0.1125 0.5984375 0.03125 0.0125
2 0.195 0.0109375 0.021249999999999998 0.01875
2 0.17375000000000002 0.41218750000000004 0.01625 0.027500000000000004
2 0.1859375 0.41125 0.0125 0.0225
2 0.11125 0.5584374999999999 0.028749999999999998 0.013750000000000002
2 0.11125 0.57125 0.028749999999999998 0.01125
2 0.1109375 0.585 0.03125 0.013750000000000002
2 0.7150000000000001 0.803125 0.03 0.025
2 0.38125 0.7934375 0.0125 0.027500000000000004
2 0.9125 0.22625 0.01875 0.027500000000000004
2 0.9409375000000001 0.226875 0.01625 0.0225
2 0.85375 0.5659375 0.026250000000000002 0.01625
2 0.305 0.79625 0.01625 0.02375
2 0.318125 0.795 0.01125 0.027500000000000004
2 0.33375 0.7971874999999999 0.01125 0.0225
2 0.41500000000000004 0.7915625000000001 0.01125 0.02375
2 0.304375 0.8640625 0.015 0.025
2 0.325 0.8637499999999999 0.0125 0.021249999999999998
2 0.718125 0.875 0.03 0.025
2 0.715625 0.8596875 0.03125 0.0225
2 0.7175 0.8418749999999999 0.028749999999999998 0.021249999999999998
2 0.715625 0.813125 0.03125 0.02
2 0.5565625 0.2525 0.01625 0.02375
2 0.500625 0.2525 0.013750000000000002 0.02375
2 0.4846875 0.254375 0.01625 0.027500000000000004
2 0.448125 0.25125000000000003 0.015 0.027500000000000004
2 0.43499999999999994 0.253125 0.013750000000000002 0.025
2 0.40374999999999994 0.2475 0.013750000000000002 0.026250000000000002
2 0.3746875 0.2503125 0.015 0.028749999999999998
2 0.3175 0.24625 0.01625 0.02375
2 0.2740625 0.24656250000000002 0.013750000000000002 0.021249999999999998
2 0.7849999999999999 0.05375 0.0325 0.013750000000000002
2 0.7403125 0.0503125 0.015 0.028749999999999998
2 0.2228125 0.8628125000000001 0.01125 0.0225
2 0.205 0.859375 0.01625 0.025
2 0.191875 0.858125 0.015 0.0225
2 0.16375 0.859375 0.015 0.025
2 0.16468750000000001 0.774375 0.013750000000000002 0.02375
2 0.11156250000000001 0.76875 0.013750000000000002 0.025
2 0.23875000000000002 0.8618750000000001 0.015 0.02375
