2 0.19125 0.129375 0.013750000000000002 0.027500000000000004
2 0.16499999999999998 0.1284375 0.017499999999999998 0.028749999999999998
2 0.17875000000000002 0.1278125 0.013750000000000002 0.027500000000000004
2 0.22875 0.129375 0.013750000000000002 0.027500000000000004
2 0.24375 0.129375 0.0125 0.027500000000000004
2 0.30625 0.4403125 0.0125 0.027500000000000004
2 0.8625 0.503125 0.03125 0.0125
2 0.9237500000000001 0.316875 0.01625 0.027500000000000004
2 0.9359375 0.31437499999999996 0.0125 0.0225
2 0.8612500000000001 0.4615625 0.028749999999999998 0.013750000000000002
2 0.8612500000000001 0.47437500000000005 0.028749999999999998 0.01125
2 0.2703125 0.128125 0.0125 0.025
2 0.27625 0.240625 0.015 0.025
2 0.33406250000000004 0.6921875 0.015 0.03125
2 0.3209375 0.6900000000000001 0.013750000000000002 0.02375
2 0.303125 0.6900000000000001 0.0125 0.02375
2 0.2740625 0.690625 0.013750000000000002 0.025
2 0.2609375 0.6915625000000001 0.0125 0.02375
2 0.24718749999999998 0.6903125 0.01 0.021249999999999998
2 0.23343750000000002 0.689375 0.013750000000000002 0.0225
2 0.16625 0.6903125 0.013750000000000002 0.027500000000000004
2 0.15375 0.689375 0.013750000000000002 0.028749999999999998
2 0.095 0.6884375 0.015 0.02375
2 0.109375 0.6878124999999999 0.0125 0.0225
2 0.8609375 0.48968749999999994 0.03125 0.013750000000000002
2 0.639375 0.7934375 0.028749999999999998 0.015
2 0.630625 0.7693749999999999 0.02375 0.013750000000000002
2 0.9728125000000001 0.7659374999999999 0.01125 0.0225
2 0.9550000000000001 0.7640625 0.01625 0.025
2 0.9418749999999999 0.7628125 0.015 0.0225
2 0.91375 0.7640625 0.015 0.025
2 0.9146875 0.6775 0.013750000000000002 0.02375
2 0.8615625 0.671875 0.013750000000000002 0.025
2 0.29031250000000003 0.689375 0.015 0.0225
2 0.9884375000000001 0.7646875 0.01125 0.02
2 0.19125 0.129375 0.013750000000000002 0.027500000000000004
2 0.16499999999999998 0.1284375 0.017499999999999998 0.028749999999999998
2 0.17875000000000002 0.1278125 0.013750000000000002 0.027500000000000004
2 0.22875 0.129375 0.013750000000000002 0.027500000000000004
2 0.24375 0.129375 0.0125 0.027500000000000004
2 0.30625 0.4403125 0.0125 0.027500000000000004
2 0.8625 0.503125 0.03125 0.0125
2 0.9237500000000001 0.316875 0.01625 0.027500000000000004
2 0.9359375 0.31437499999999996 0.0125 0.0225
2 0.8612500000000001 0.4615625 0.028749999999999998 0.013750000000000002
2 0.8612500000000001 0.47437500000000005 0.028749999999999998 0.01125
2 0.2703125 0.128125 0.0125 0.025
2 0.27625 0.240625 0.015 0.025
2 0.33406250000000004 0.6921875 0.015 0.03125
2 0.3209375 0.6900000000000001 0.013750000000000002 0.02375
2 0.303125 0.6900000000000001 0.0125 0.02375
2 0.2740625 0.690625 0.013750000000000002 0.025
2 0.2609375 0.6915625000000001 0.0125 0.02375
2 0.24718749999999998 0.6903125 0.01 0.021249999999999998
2 0.23343750000000002 0.689375 0.013750000000000002 0.0225
2 0.16625 0.6903125 0.013750000000000002 0.027500000000000004
2 0.15375 0.689375 0.013750000000000002 0.028749999999999998
2 0.095 0.6884375 0.015 0.02375
2 0.109375 0.6878124999999999 0.0125 0.0225
2 0.8609375 0.48968749999999994 0.03125 0.013750000000000002
2 0.639375 0.7934375 0.028749999999999998 0.015
2 0.630625 0.7693749999999999 0.02375 0.013750000000000002
2 0.9728125000000001 0.7659374999999999 0.01125 0.0225
2 0.9550000000000001 0.7640625 0.01625 0.025
2 0.9418749999999999 0.7628125 0.015 0.0225
2 0.91375 0.7640625 0.015 0.025
2 0.9146875 0.6775 0.013750000000000002 0.02375
2 0.8615625 0.671875 0.013750000000000002 0.025
2 0.29031250000000003 0.689375 0.015 0.0225
2 0.9884375000000001 0.7646875 0.01125 0.02
