2 0.473125 0.0046875 0.008749999999999999 0.00625
2 0.55375 0.88125 0.013750000000000002 0.00625
2 0.6046875 0.915625 0.0125 0.0125
2 0.5240625 0.796875 0.013750000000000002 0.0125
2 0.70375 0.036875000000000005 0.013750000000000002 0.005
2 0.739375 0.036875000000000005 0.01 0.005
2 0.7893749999999999 0.900625 0.01 0.013750000000000002
2 0.7943749999999999 0.9128125 0.0075 0.01
2 0.8006249999999999 0.9259375000000001 0.0075 0.01125
2 0.534375 0.4625 0.0125 0.0125
2 0.7931250000000001 0.8393750000000001 0.01125 0.01
2 0.7975 0.8328125 0.013750000000000002 0.0125
2 0.016875 0.569375 0.015 0.013750000000000002
