2 0.8896875 0.0853125 0.013750000000000002 0.03
2 0.41 0.9453125 0.026250000000000002 0.0125
2 0.6703125 0.20125 0.0125 0.021249999999999998
2 0.8643750000000001 0.06343750000000001 0.01625 0.03
2 0.7565625 0.4134375 0.0225 0.01125
2 0.7537499999999999 0.3978125 0.026250000000000002 0.01125
2 0.75 0.3625 0.025 0.0125
2 0.75125 0.3509375 0.021249999999999998 0.01125
2 0.7515625 0.315625 0.025 0.0125
2 0.74875 0.29093749999999996 0.0225 0.01
2 0.8234375 0.325625 0.0125 0.02
2 0.8490624999999999 0.38687499999999997 0.013750000000000002 0.02375
2 0.8584375 0.30625 0.013750000000000002 0.025
2 0.8768750000000001 0.38468749999999996 0.01 0.0225
2 0.8609375 0.38656250000000003 0.0125 0.02
2 0.8059375 0.150625 0.015 0.026250000000000002
2 0.011875 0.6025 0.01125 0.02375
