2 0.6271875 0.41375 0.026250000000000002 0.015
2 0.484375 0.6234375 0.025 0.0125
2 0.48125 0.6103125 0.025 0.01125
2 0.48343749999999996 0.5974999999999999 0.026250000000000002 0.013750000000000002
2 0.5215625 0.58375 0.015 0.02375
2 0.485 0.584375 0.026250000000000002 0.0125
2 0.480625 0.5665625000000001 0.02375 0.01125
2 0.4203125 0.6 0.025 0.0125
2 0.421875 0.579375 0.025 0.015
2 0.42125 0.5662499999999999 0.02375 0.013750000000000002
2 0.48656249999999995 0.514375 0.013750000000000002 0.0225
2 0.5 0.5146875 0.0125 0.02
2 0.51625 0.515 0.013750000000000002 0.02375
2 0.5346875 0.5784374999999999 0.01 0.0225
2 0.485 0.6359375 0.026250000000000002 0.0125
