2 0.8168749999999999 0.273125 0.027500000000000004 0.027500000000000004
2 0.6224999999999999 0.7021875 0.026250000000000002 0.02
2 0.6303124999999999 0.693125 0.026250000000000002 0.02375
2 0.6403125000000001 0.6796875 0.027500000000000004 0.025
2 0.64625 0.67125 0.02375 0.02375
2 0.6134375000000001 0.7115625 0.02375 0.02
2 0.655 0.66125 0.0225 0.0225
2 0.6625 0.6525000000000001 0.025 0.02375
2 0.671875 0.6403125000000001 0.025 0.021249999999999998
2 0.676875 0.631875 0.0225 0.02
2 0.6878124999999999 0.615625 0.0225 0.025
2 0.69875 0.6059375 0.0225 0.021249999999999998
2 0.7103125 0.6018749999999999 0.017499999999999998 0.0225
2 0.724375 0.595625 0.017499999999999998 0.0225
2 0.7368750000000001 0.5900000000000001 0.017499999999999998 0.02375
2 0.75 0.5859375 0.01875 0.025
2 0.7728125 0.5834374999999999 0.02375 0.026250000000000002
2 0.7978125 0.5900000000000001 0.02375 0.01125
2 0.7068749999999999 0.6553125 0.013750000000000002 0.026250000000000002
2 0.718125 0.655625 0.01125 0.02375
2 0.744375 0.658125 0.013750000000000002 0.0225
2 0.7378125 0.631875 0.01625 0.026250000000000002
2 0.75 0.6331249999999999 0.0125 0.0225
2 0.975625 0.746875 0.013750000000000002 0.025
2 0.990625 0.746875 0.0125 0.025
2 0.99875 0.7474999999999999 0.00375 0.026250000000000002
2 0.9946875000000001 0.6215625 0.01125 0.027500000000000004
2 0.7584375 0.6578125 0.013750000000000002 0.025
2 0.7921875 0.6303124999999999 0.0125 0.026250000000000002
2 0.7728125 0.655625 0.01125 0.02375
2 0.7646875 0.6331249999999999 0.013750000000000002 0.0225
2 0.788125 0.655625 0.013750000000000002 0.02375
2 0.8028124999999999 0.6540625 0.015 0.02375
2 0.818125 0.6515625 0.01125 0.025
2 0.8434375 0.6453125 0.015 0.025
2 0.85875 0.6481250000000001 0.01125 0.027500000000000004
2 0.8553124999999999 0.6174999999999999 0.013750000000000002 0.028749999999999998
2 0.8446875 0.6212500000000001 0.01125 0.02375
2 0.8334374999999999 0.620625 0.013750000000000002 0.028749999999999998
2 0.81875 0.626875 0.0125 0.0225
2 0.8059375 0.6275000000000001 0.015 0.02375
2 0.779375 0.6296875 0.015 0.025
2 0.9868750000000001 0.6178125 0.017499999999999998 0.026250000000000002
2 0.6865625 0.7459374999999999 0.026250000000000002 0.013750000000000002
2 0.655625 0.7731250000000001 0.02375 0.015
2 0.6546875 0.785625 0.025 0.015
2 0.6734375 0.714375 0.0125 0.0225
2 0.6837500000000001 0.7150000000000001 0.01125 0.02375
2 0.6956249999999999 0.7165625 0.01 0.02375
2 0.7056250000000001 0.715625 0.01125 0.025
2 0.68625 0.7318749999999999 0.0225 0.013750000000000002
2 0.9140625 0.5025000000000001 0.025 0.01125
2 0.9493750000000001 0.603125 0.017499999999999998 0.025
2 0.9625 0.61 0.01875 0.026250000000000002
2 0.9753125 0.6131249999999999 0.01625 0.026250000000000002
2 0.698125 0.978125 0.015 0.025
2 0.7303124999999999 0.6559375000000001 0.013750000000000002 0.027500000000000004
