2 0.4134375 0.25187499999999996 0.042499999999999996 0.01625
2 0.5971875 0.263125 0.028749999999999998 0.013750000000000002
2 0.30062500000000003 0.846875 0.026250000000000002 0.0125
2 0.5818749999999999 0.20031249999999998 0.013750000000000002 0.0225
2 0.017499999999999998 0.8315625000000001 0.01625 0.028749999999999998
2 0.3896875 0.2 0.013750000000000002 0.025
2 0.414375 0.20812499999999998 0.0225 0.0225
2 0.4459375 0.1978125 0.013750000000000002 0.02375
2 0.459375 0.19468749999999999 0.0125 0.02375
2 0.480625 0.18875 0.01125 0.021249999999999998
2 0.49375 0.1940625 0.0125 0.028749999999999998
2 0.525625 0.1984375 0.013750000000000002 0.025
2 0.5484375 0.1975 0.0125 0.026250000000000002
2 0.5650000000000001 0.20812499999999998 0.01125 0.0225
2 0.598125 0.20406249999999998 0.015 0.03
2 0.6168750000000001 0.203125 0.015 0.025
2 0.6465625 0.20249999999999999 0.015 0.02375
2 0.6646875 0.20375000000000001 0.013750000000000002 0.026250000000000002
2 0.6796875 0.20218750000000002 0.0125 0.026250000000000002
2 0.69375 0.2009375 0.0125 0.02375
2 0.70875 0.205625 0.01125 0.02375
2 0.729375 0.203125 0.015 0.025
2 0.58375 0.1625 0.02375 0.03125
2 0.603125 0.16312500000000002 0.025 0.0325
2 0.6209374999999999 0.16343749999999999 0.013750000000000002 0.03
2 0.6368750000000001 0.166875 0.017499999999999998 0.027500000000000004
2 0.4025 0.2671875 0.02375 0.0125
2 0.006562500000000001 0.4615625 0.01 0.026250000000000002
2 0.3453125 0.303125 0.03125 0.0125
2 0.028749999999999998 0.460625 0.013750000000000002 0.027500000000000004
2 0.025312499999999998 0.5184375 0.01625 0.03375
2 0.0059375 0.5965625 0.008749999999999999 0.027500000000000004
2 0.0734375 0.51875 0.0125 0.025
2 0.1203125 0.5181250000000001 0.0125 0.02375
2 0.18937500000000002 0.564375 0.01625 0.0225
2 0.1328125 0.5196875000000001 0.0125 0.02375
2 0.14125000000000001 0.45187499999999997 0.013750000000000002 0.028749999999999998
2 0.12156249999999999 0.45218749999999996 0.015 0.026250000000000002
2 0.10687500000000001 0.4546875 0.013750000000000002 0.025
2 0.076875 0.45968749999999997 0.01625 0.028749999999999998
2 0.0615625 0.46187500000000004 0.013750000000000002 0.03
2 0.040625 0.45968749999999997 0.0125 0.0225
2 0.40125 0.2796875 0.027500000000000004 0.0125
2 0.33968750000000003 0.3459375 0.0325 0.013750000000000002
2 0.9465625 0.5734375 0.015 0.03125
2 0.3403125 0.35750000000000004 0.021249999999999998 0.008749999999999999
2 0.39437500000000003 0.2984375 0.02 0.0125
2 0.34187500000000004 0.37124999999999997 0.021249999999999998 0.01125
2 0.3953125 0.34968750000000004 0.025 0.015
2 0.370625 0.3828125 0.0225 0.0125
2 0.42312500000000003 0.3646875 0.027500000000000004 0.013750000000000002
2 0.42125 0.3796875 0.02375 0.0125
2 0.425 0.34781249999999997 0.025 0.01125
2 0.395625 0.3353125 0.0225 0.01125
2 0.42125 0.335 0.02375 0.013750000000000002
2 0.395625 0.3234375 0.0225 0.0125
2 0.41875 0.3228125 0.025 0.01125
2 0.4190625 0.3103125 0.028749999999999998 0.01125
2 0.3940625 0.311875 0.0225 0.01125
2 0.48125 0.3178125 0.025 0.013750000000000002
2 0.9887499999999999 0.2484375 0.021249999999999998 0.0125
2 0.4840625 0.3296875 0.027500000000000004 0.0125
2 0.48375 0.34125 0.02375 0.013750000000000002
2 0.484375 0.355 0.025 0.01
2 0.484375 0.3671875 0.025 0.0125
2 0.4815625 0.37875000000000003 0.0225 0.013750000000000002
2 0.479375 0.39375 0.027500000000000004 0.0125
2 0.619375 0.4534375 0.013750000000000002 0.028749999999999998
2 0.6234375 0.6068749999999999 0.0125 0.026250000000000002
2 0.7056250000000001 0.53125 0.03 0.0125
2 0.40750000000000003 0.75625 0.027500000000000004 0.0125
2 0.500625 0.7778125 0.013750000000000002 0.021249999999999998
2 0.4221875 0.2978125 0.0225 0.01125
