2 0.30125 0.0315625 0.015 0.01625
2 0.29562499999999997 0.021562500000000002 0.01 0.008749999999999999
2 0.2875 0.0075 0.0125 0.008749999999999999
2 0.2340625 0.0040625 0.008749999999999999 0.005
2 0.24625 0.023125 0.01125 0.008749999999999999
2 0.250625 0.027500000000000004 0.013750000000000002 0.01125
2 0.253125 0.03375 0.0125 0.01125
2 0.2646875 0.026875 0.013750000000000002 0.01
2 0.2703125 0.039375 0.0125 0.01
2 0.2625 0.04875 0.0125 0.01
2 0.238125 0.06593750000000001 0.013750000000000002 0.01
2 0.228125 0.051875000000000004 0.0125 0.01
2 0.225 0.045625 0.0125 0.01
2 0.2125 0.026875 0.0125 0.01
2 0.20375000000000001 0.008749999999999999 0.013750000000000002 0.01125
2 0.1609375 0.6996875 0.00625 0.015
2 0.85875 0.018437500000000002 0.01125 0.015
2 0.865 0.0315625 0.01125 0.01625
2 0.49124999999999996 0.1859375 0.013750000000000002 0.0125
2 0.9409375000000001 0.1546875 0.01 0.0125
2 0.9196875 0.1203125 0.01125 0.0125
2 0.95875 0.1890625 0.01125 0.0125
2 0.5025000000000001 0.953125 0.01125 0.00625
2 0.9040625 0.770625 0.01125 0.01
2 0.9453125 0.75625 0.0125 0.00625
2 0.9646874999999999 0.7703125 0.013750000000000002 0.00625
2 0.971875 0.7590625 0.0125 0.008749999999999999
2 0.911875 0.985 0.005 0.013750000000000002
2 0.47562499999999996 0.9915625 0.013750000000000002 0.005
2 0.475 0.984375 0.0125 0.00625
2 0.5025000000000001 0.990625 0.01125 0.00625
2 0.503125 0.9775 0.0125 0.005
2 0.5025000000000001 0.9712500000000001 0.01125 0.005
2 0.503125 0.965625 0.0125 0.00625
2 0.475 0.954375 0.00625 0.015
2 0.503125 0.959375 0.0125 0.00625
2 0.4525 0.98375 0.01125 0.005
2 0.746875 0.826875 0.0125 0.00375
2 0.453125 0.99 0.0125 0.005
2 0.4515625 0.954375 0.00625 0.015
2 0.445 0.9553125 0.008749999999999999 0.013750000000000002
2 0.43968749999999995 0.9578125 0.0075 0.0125
2 0.4334375 0.9603125 0.0075 0.01125
2 0.42718749999999994 0.9625 0.0075 0.0125
2 0.4215625 0.9646874999999999 0.008749999999999999 0.013750000000000002
2 0.41656250000000006 0.9662499999999999 0.01125 0.013750000000000002
2 0.409375 0.9712500000000001 0.0125 0.01125
2 0.405625 0.9771875 0.01125 0.013750000000000002
2 0.40031249999999996 0.9806250000000001 0.01 0.01125
2 0.3928125 0.9828125 0.013750000000000002 0.0125
2 0.8884375 0.82125 0.005 0.01125
2 0.7515625 0.8143750000000001 0.0125 0.00375
2 0.9487500000000001 0.20875 0.01 0.01125
2 0.603125 0.8021874999999999 0.00625 0.013750000000000002
2 0.89875 0.1771875 0.01 0.0075
2 0.8625 0.205625 0.0125 0.01125
2 0.8690625000000001 0.20218750000000002 0.01 0.0075
2 0.868125 0.1925 0.005 0.01
2 0.8959374999999999 0.241875 0.013750000000000002 0.015
2 0.8971875 0.25625 0.01 0.0125
2 0.9221875 0.271875 0.01 0.0125
2 0.9290625 0.271875 0.01125 0.0125
2 0.588125 0.7703125 0.0075 0.0125
2 0.6 0.76875 0.00625 0.0125
2 0.60625 0.7671875 0.00625 0.0125
2 0.6125 0.76625 0.00625 0.013750000000000002
2 0.624375 0.76625 0.005 0.013750000000000002
2 0.6140625 0.8021874999999999 0.00625 0.013750000000000002
2 0.781875 0.8175000000000001 0.013750000000000002 0.00375
2 0.628125 0.7887500000000001 0.0125 0.008749999999999999
2 0.6509375000000001 0.79625 0.01125 0.01125
2 0.6584375 0.7631249999999999 0.013750000000000002 0.0075
2 0.7140625 0.7849999999999999 0.0125 0.0075
2 0.7071875000000001 0.7703125 0.01125 0.00625
2 0.734375 0.78125 0.0125 0.00625
2 0.7390625 0.7681250000000001 0.0125 0.005
2 0.7540625000000001 0.74875 0.01125 0.00375
2 0.753125 0.73125 0.0125 0.00625
2 0.8165625000000001 0.7625 0.01125 0.00625
2 0.7875 0.728125 0.0125 0.00625
2 0.8396874999999999 0.7625 0.013750000000000002 0.00625
2 0.7840625 0.80625 0.015 0.00625
