2 0.9640625 0.37687499999999996 0.025 0.01
2 0.0115625 0.8625 0.02 0.0125
2 0.010312499999999999 0.88375 0.017499999999999998 0.01125
2 0.0084375 0.9634375000000001 0.013750000000000002 0.01125
2 0.7474999999999999 0.23937499999999998 0.026250000000000002 0.01625
2 0.7440625 0.22593749999999999 0.0225 0.01125
2 0.7462500000000001 0.2125 0.02375 0.0125
2 0.7462500000000001 0.1975 0.02375 0.013750000000000002
2 0.7462500000000001 0.18656250000000002 0.02375 0.013750000000000002
2 0.746875 0.17281249999999998 0.025 0.01125
2 0.7478125 0.15875 0.02375 0.01125
2 0.746875 0.146875 0.025 0.0125
2 0.89 0.088125 0.01125 0.026250000000000002
2 0.76875 0.08625000000000001 0.0125 0.0225
2 0.0084375 0.951875 0.013750000000000002 0.01
2 0.96875 0.1921875 0.025 0.0125
2 0.0703125 0.6821875000000001 0.025 0.01125
2 0.0759375 0.6384375 0.02375 0.01125
2 0.015625 0.628125 0.025 0.0125
2 0.071875 0.6640625 0.025 0.0125
2 0.014374999999999999 0.76125 0.0225 0.01
2 0.0115625 0.984375 0.02 0.0125
2 0.0646875 0.9956250000000001 0.026250000000000002 0.01
2 0.06375 0.9853125 0.021249999999999998 0.01125
2 0.06375 0.974375 0.021249999999999998 0.01125
2 0.06343750000000001 0.953125 0.017499999999999998 0.0125
2 0.06375 0.9303125 0.021249999999999998 0.013750000000000002
2 0.06343750000000001 0.9184374999999999 0.02375 0.008749999999999999
2 0.063125 0.8975 0.026250000000000002 0.013750000000000002
2 0.0646875 0.8865624999999999 0.026250000000000002 0.013750000000000002
2 0.0646875 0.851875 0.026250000000000002 0.01
2 0.065 0.840625 0.02375 0.0125
2 0.06625 0.8275 0.026250000000000002 0.01125
2 0.068125 0.8071875000000001 0.02375 0.01125
2 0.06999999999999999 0.7837500000000001 0.027500000000000004 0.01125
2 0.0671875 0.7721875 0.025 0.01
2 0.07062500000000001 0.7628125 0.0225 0.01
2 0.743125 0.253125 0.02375 0.0125
2 0.7428125 0.29281250000000003 0.026250000000000002 0.013750000000000002
2 0.7428125 0.305 0.026250000000000002 0.01
2 0.9087500000000001 0.403125 0.02375 0.0125
2 0.9128125 0.2690625 0.0225 0.01
2 0.911875 0.28312499999999996 0.02375 0.01
2 0.9112500000000001 0.29562499999999997 0.0225 0.01
2 0.9121874999999999 0.30874999999999997 0.021249999999999998 0.01125
2 0.914375 0.32125 0.0225 0.01125
2 0.9128125 0.334375 0.0225 0.0125
2 0.9099999999999999 0.350625 0.026250000000000002 0.013750000000000002
2 0.9112500000000001 0.37687499999999996 0.028749999999999998 0.01
2 0.906875 0.3890625 0.026250000000000002 0.0125
2 0.9090624999999999 0.426875 0.021249999999999998 0.01
2 0.743125 0.32937500000000003 0.02375 0.015
2 0.9081250000000001 0.4409375 0.0225 0.01
2 0.9071875 0.45562500000000006 0.02375 0.01125
2 0.9078125 0.4671875 0.025 0.0125
2 0.9078125 0.4796875 0.025 0.0125
2 0.9087500000000001 0.4928125 0.02375 0.013750000000000002
2 0.8574999999999999 0.203125 0.021249999999999998 0.0125
2 0.8596875 0.1903125 0.028749999999999998 0.015
2 0.858125 0.1765625 0.0225 0.0125
2 0.858125 0.1640625 0.0225 0.0125
2 0.9134375 0.2546875 0.02375 0.0125
2 0.9128125 0.2440625 0.0225 0.01
2 0.9128125 0.20437500000000003 0.0225 0.008749999999999999
2 0.915 0.18875 0.02375 0.008749999999999999
2 0.9715624999999999 0.20656249999999998 0.027500000000000004 0.01
2 0.9712500000000001 0.2325 0.02375 0.015
2 0.9690625 0.2459375 0.0225 0.013750000000000002
2 0.9675 0.26 0.028749999999999998 0.013750000000000002
2 0.969375 0.271875 0.026250000000000002 0.0125
2 0.9703125 0.284375 0.025 0.0125
2 0.9675 0.2975 0.0225 0.013750000000000002
2 0.9665625 0.31 0.02375 0.013750000000000002
2 0.9696875 0.323125 0.02375 0.015
2 0.9671875 0.33968750000000003 0.025 0.013750000000000002
2 0.968125 0.35125 0.02375 0.015
2 0.965625 0.4046875 0.025 0.0125
2 0.9643750000000001 0.44312500000000005 0.0225 0.01125
2 0.9184374999999999 0.1525 0.021249999999999998 0.01125
2 0.91625 0.16343749999999999 0.02 0.01125
2 0.91375 0.1775 0.021249999999999998 0.01125
2 0.8018750000000001 0.184375 0.0225 0.0125
2 0.8568749999999999 0.2146875 0.026250000000000002 0.013750000000000002
2 0.8540625000000001 0.228125 0.02375 0.0125
2 0.8025 0.2509375 0.02375 0.01125
2 0.8028124999999999 0.26375000000000004 0.021249999999999998 0.008749999999999999
2 0.7975 0.27749999999999997 0.02 0.01125
2 0.8025 0.29 0.02375 0.01125
2 0.7990625 0.315625 0.02 0.0125
2 0.795625 0.3296875 0.0225 0.0125
2 0.8018750000000001 0.36843750000000003 0.0225 0.008749999999999999
2 0.7971874999999999 0.396875 0.0225 0.0125
2 0.79625 0.4096875 0.02375 0.01
2 0.7975 0.421875 0.02 0.0125
2 0.795625 0.44781250000000006 0.0225 0.01125
2 0.73875 0.43562500000000004 0.021249999999999998 0.008749999999999999
2 0.96125 0.561875 0.01625 0.02375
2 0.9334374999999999 0.5565625 0.013750000000000002 0.0225
2 0.9078125 0.558125 0.0125 0.0225
2 0.7390625 0.4890625 0.025 0.0125
2 0.7424999999999999 0.384375 0.0225 0.0125
2 0.7418750000000001 0.37 0.027500000000000004 0.015
2 0.7409375 0.3571875 0.0225 0.01125
2 0.7424999999999999 0.3434375 0.0225 0.015
2 0.7775000000000001 0.2684375 0.01125 0.021249999999999998
2 0.8018750000000001 0.23625 0.0225 0.01
2 0.85625 0.240625 0.025 0.0125
2 0.8018750000000001 0.22374999999999998 0.0225 0.01
2 0.858125 0.25406249999999997 0.0225 0.01125
2 0.8553124999999999 0.2703125 0.026250000000000002 0.0125
2 0.8556250000000001 0.2946875 0.02375 0.01125
2 0.8540625000000001 0.3071875 0.02375 0.01125
2 0.8528125 0.3225 0.027500000000000004 0.013750000000000002
2 0.8521875 0.334375 0.026250000000000002 0.0125
2 0.851875 0.3490625 0.0225 0.013750000000000002
2 0.8546875 0.36 0.025 0.013750000000000002
2 0.8565625000000001 0.3728125 0.0225 0.01125
2 0.8543749999999999 0.388125 0.027500000000000004 0.013750000000000002
2 0.8509375 0.40125 0.02375 0.008749999999999999
2 0.8528125 0.4146875 0.027500000000000004 0.013750000000000002
2 0.851875 0.43937499999999996 0.0225 0.01
2 0.8490624999999999 0.453125 0.026250000000000002 0.0125
2 0.8540625000000001 0.4690625 0.02375 0.01
2 0.849375 0.49625 0.02375 0.01125
2 0.8534375000000001 0.480625 0.0225 0.01125
2 0.7731250000000001 0.320625 0.015 0.034999999999999996
2 0.8028124999999999 0.19718750000000002 0.021249999999999998 0.01
2 0.9731249999999999 0.561875 0.008749999999999999 0.02375
