2 0.9921875 0.3271875 0.0125 0.02
2 0.9337500000000001 0.33875 0.01125 0.021249999999999998
2 0.75125 0.2209375 0.03375 0.013750000000000002
2 0.6784375 0.2634375 0.0225 0.01125
2 0.68625 0.20375000000000001 0.028749999999999998 0.013750000000000002
2 0.971875 0.9881249999999999 0.025 0.013750000000000002
2 0.9690625 0.9759375 0.0225 0.01125
2 0.9712500000000001 0.9625 0.02375 0.0125
2 0.9712500000000001 0.9475 0.02375 0.013750000000000002
2 0.9712500000000001 0.9365625 0.02375 0.013750000000000002
2 0.971875 0.9228125 0.025 0.01125
2 0.9728125000000001 0.9087500000000001 0.02375 0.01125
2 0.971875 0.896875 0.025 0.0125
2 0.99375 0.83625 0.0125 0.0225
2 0.99125 0.744375 0.013750000000000002 0.02
2 0.92875 0.553125 0.013750000000000002 0.025
2 0.929375 0.5090625 0.015 0.021249999999999998
2 0.9265625 0.4575 0.0125 0.021249999999999998
2 0.6871875000000001 0.6746875 0.015 0.027500000000000004
2 0.5534375 0.27531249999999996 0.0225 0.01
2 0.9675 0.99875 0.0225 0.00375
2 0.9921875 0.3271875 0.0125 0.02
2 0.9337500000000001 0.33875 0.01125 0.021249999999999998
2 0.75125 0.2209375 0.03375 0.013750000000000002
2 0.6784375 0.2634375 0.0225 0.01125
2 0.68625 0.20375000000000001 0.028749999999999998 0.013750000000000002
2 0.971875 0.9881249999999999 0.025 0.013750000000000002
2 0.9690625 0.9759375 0.0225 0.01125
2 0.9712500000000001 0.9625 0.02375 0.0125
2 0.9712500000000001 0.9475 0.02375 0.013750000000000002
2 0.9712500000000001 0.9365625 0.02375 0.013750000000000002
2 0.971875 0.9228125 0.025 0.01125
2 0.9728125000000001 0.9087500000000001 0.02375 0.01125
2 0.971875 0.896875 0.025 0.0125
2 0.99375 0.83625 0.0125 0.0225
2 0.99125 0.744375 0.013750000000000002 0.02
2 0.92875 0.553125 0.013750000000000002 0.025
2 0.929375 0.5090625 0.015 0.021249999999999998
2 0.9265625 0.4575 0.0125 0.021249999999999998
2 0.6871875000000001 0.6746875 0.015 0.027500000000000004
2 0.5534375 0.27531249999999996 0.0225 0.01
2 0.9675 0.99875 0.0225 0.00375
