2 0.8303125 0.3278125 0.013750000000000002 0.021249999999999998
2 0.818125 0.3278125 0.01125 0.021249999999999998
2 0.790625 0.3271875 0.0125 0.02
2 0.7671875 0.3271875 0.0125 0.02
2 0.78 0.3265625 0.01 0.01875
2 0.70875 0.33875 0.01125 0.021249999999999998
2 0.52625 0.2209375 0.03375 0.013750000000000002
2 0.4534375 0.2634375 0.0225 0.01125
2 0.46125 0.20375000000000001 0.028749999999999998 0.013750000000000002
2 0.843125 0.32937500000000003 0.01125 0.021249999999999998
2 0.8140625 0.38656250000000003 0.0125 0.02
2 0.8296875 0.38468749999999996 0.0125 0.0225
2 0.8706250000000001 0.3875 0.01 0.01875
2 0.7474999999999999 0.9893750000000001 0.026250000000000002 0.01625
2 0.7440625 0.9759375 0.0225 0.01125
2 0.7462500000000001 0.9625 0.02375 0.0125
2 0.7462500000000001 0.9475 0.02375 0.013750000000000002
2 0.7462500000000001 0.9365625 0.02375 0.013750000000000002
2 0.746875 0.9228125 0.025 0.01125
2 0.7478125 0.9087500000000001 0.02375 0.01125
2 0.746875 0.896875 0.025 0.0125
2 0.89 0.838125 0.01125 0.026250000000000002
2 0.76875 0.83625 0.0125 0.0225
2 0.76625 0.744375 0.013750000000000002 0.02
2 0.796875 0.5925 0.0125 0.028749999999999998
2 0.70375 0.553125 0.013750000000000002 0.025
2 0.704375 0.5090625 0.015 0.021249999999999998
2 0.7015625 0.4575 0.0125 0.021249999999999998
2 0.9209375 0.3878125 0.013750000000000002 0.0225
2 0.934375 0.38625 0.0125 0.0225
2 0.89375 0.3871875 0.0125 0.021249999999999998
2 0.880625 0.38656250000000003 0.01125 0.02
2 0.96875 0.9421875 0.025 0.0125
2 0.46218750000000003 0.6746875 0.015 0.027500000000000004
2 0.3284375 0.27531249999999996 0.0225 0.01
2 0.7424999999999999 0.99875 0.0225 0.00375
2 0.8574999999999999 0.953125 0.021249999999999998 0.0125
2 0.8596875 0.9403124999999999 0.028749999999999998 0.015
2 0.858125 0.9265625 0.0225 0.0125
2 0.858125 0.9140625 0.0225 0.0125
2 0.9128125 0.9940625000000001 0.0225 0.01
2 0.9128125 0.954375 0.0225 0.008749999999999999
2 0.915 0.93875 0.02375 0.008749999999999999
2 0.9715624999999999 0.9565625000000001 0.027500000000000004 0.01
2 0.9712500000000001 0.9824999999999999 0.02375 0.015
2 0.8421875 0.3853125 0.0125 0.02375
2 0.9628125000000001 0.3315625 0.01 0.0225
2 0.883125 0.33125 0.01 0.01875
2 0.9684375 0.9946875000000001 0.021249999999999998 0.01125
2 0.9184374999999999 0.9025000000000001 0.021249999999999998 0.01125
2 0.91625 0.9134375 0.02 0.01125
2 0.91375 0.9275 0.021249999999999998 0.01125
2 0.8018750000000001 0.934375 0.0225 0.0125
2 0.8568749999999999 0.9646874999999999 0.026250000000000002 0.013750000000000002
2 0.8540625000000001 0.978125 0.02375 0.0125
2 0.8025 0.9978125 0.02375 0.005
2 0.8018750000000001 0.9862500000000001 0.0225 0.01
2 0.85625 0.990625 0.025 0.0125
2 0.8018750000000001 0.9737500000000001 0.0225 0.01
2 0.8028124999999999 0.9471875000000001 0.021249999999999998 0.01
