2 0.6443749999999999 0.15125 0.0075 0.021249999999999998
2 0.6678124999999999 0.1496875 0.013750000000000002 0.027500000000000004
2 0.6900000000000001 0.17625 0.01125 0.021249999999999998
2 0.68625 0.1496875 0.01 0.021249999999999998
2 0.6778125 0.10718749999999999 0.027500000000000004 0.01125
2 0.6434375 0.0803125 0.008749999999999999 0.02
2 0.7009375 0.07875 0.01125 0.02
2 0.6 0.2734375 0.0125 0.025
2 0.6693749999999999 0.24375 0.013750000000000002 0.025
2 0.7006249999999999 0.24281250000000001 0.02 0.013750000000000002
2 0.701875 0.14750000000000002 0.01 0.02
2 0.733125 0.1365625 0.01 0.02
2 0.8359375 0.064375 0.025 0.01
2 0.84375 0.04625 0.025 0.01125
2 0.8440625 0.006562500000000001 0.0225 0.01
2 0.6678124999999999 0.1834375 0.0075 0.02
2 0.6559375000000001 0.1828125 0.008749999999999999 0.01875
2 0.6012500000000001 0.1890625 0.008749999999999999 0.01875
2 0.588125 0.1925 0.0075 0.01625
2 0.6056250000000001 0.08875 0.01125 0.021249999999999998
2 0.5081249999999999 0.2165625 0.01 0.02375
2 0.5225 0.205 0.013750000000000002 0.0225
2 0.54625 0.19593750000000001 0.01125 0.02
2 0.563125 0.195625 0.0075 0.0225
2 0.5765625 0.19437500000000002 0.0125 0.02
2 0.73 0.23374999999999999 0.01 0.02375
2 0.74125 0.234375 0.013750000000000002 0.025
2 0.753125 0.23625 0.0125 0.0225
2 0.8018750000000001 0.23531249999999998 0.01 0.02375
2 0.8359375 0.236875 0.0125 0.02375
2 0.9584374999999999 0.095625 0.02 0.01
2 0.954375 0.1140625 0.021249999999999998 0.0125
2 0.28781249999999997 0.5475 0.0225 0.013750000000000002
2 0.900625 0.8996875 0.013750000000000002 0.027500000000000004
2 0.865 0.9 0.01125 0.025
2 0.8456250000000001 0.9 0.01 0.025
2 0.8303125 0.905 0.0075 0.0225
2 0.8175000000000001 0.9040625 0.01 0.02375
2 0.7984375 0.9034375000000001 0.0125 0.0225
2 0.7837500000000001 0.9081250000000001 0.01125 0.0225
2 0.76625 0.9081250000000001 0.013750000000000002 0.0225
2 0.7540625000000001 0.9081250000000001 0.01125 0.0225
2 0.7421875 0.9096875000000001 0.0125 0.0225
2 0.72375 0.9140625 0.01 0.01875
2 0.858125 0.9671875 0.01 0.025
2 0.8409375000000001 0.9715624999999999 0.01 0.021249999999999998
2 0.8278125 0.9731249999999999 0.008749999999999999 0.021249999999999998
2 0.8153124999999999 0.9753125 0.008749999999999999 0.0225
2 0.8025 0.975625 0.01125 0.02
2 0.7884375 0.978125 0.01125 0.025
2 0.7737499999999999 0.9775 0.01 0.02375
2 0.73875 0.9887499999999999 0.008749999999999999 0.021249999999999998
2 0.7268749999999999 0.9884375000000001 0.01 0.02375
2 0.6703125 0.9915625 0.0125 0.017499999999999998
2 0.651875 0.9925 0.01 0.01625
2 0.4859375 0.9528125 0.0125 0.027500000000000004
2 0.47625 0.951875 0.008749999999999999 0.0225
2 0.453125 0.9550000000000001 0.0125 0.0225
2 0.41125 0.95875 0.01 0.02375
2 0.35812499999999997 0.6381249999999999 0.01 0.02
2 0.3590625 0.666875 0.008749999999999999 0.021249999999999998
2 0.865 0.8140625 0.02375 0.0125
2 0.8640625 0.7893749999999999 0.01875 0.01
2 0.9256249999999999 0.8009375000000001 0.02 0.01125
2 0.9290625 0.961875 0.01125 0.017499999999999998
2 0.94375 0.9559374999999999 0.0125 0.027500000000000004
2 0.959375 0.9581250000000001 0.0125 0.0225
2 0.983125 0.9515625 0.01 0.01875
2 0.996875 0.9525 0.00625 0.017499999999999998
2 0.9484375 0.8724999999999999 0.01875 0.02
2 0.9887499999999999 0.86875 0.008749999999999999 0.01875
2 0.97625 0.869375 0.008749999999999999 0.02
2 0.9609375 0.8603125 0.0125 0.02375
2 0.30125 0.5759375 0.021249999999999998 0.01125
2 0.21437499999999998 0.564375 0.0225 0.01
2 0.21156250000000001 0.5790625 0.02 0.01125
2 0.09375 0.8793749999999999 0.01875 0.008749999999999999
2 0.0875 0.8671875 0.01875 0.0125
2 0.088125 0.8559374999999999 0.02 0.008749999999999999
2 0.08499999999999999 0.8440625 0.02 0.01
2 0.08499999999999999 0.829375 0.02 0.008749999999999999
2 0.08156250000000001 0.8099999999999999 0.0225 0.013750000000000002
2 0.079375 0.798125 0.021249999999999998 0.008749999999999999
2 0.08875 0.785625 0.021249999999999998 0.008749999999999999
2 0.1596875 0.7484375 0.01625 0.03125
2 0.1253125 0.735 0.01 0.026250000000000002
2 0.104375 0.7359375 0.015 0.01875
2 0.12437499999999999 0.6912499999999999 0.01125 0.026250000000000002
2 0.165625 0.6643749999999999 0.01875 0.01
2 0.1665625 0.651875 0.017499999999999998 0.01
2 0.1628125 0.639375 0.01625 0.01
2 0.160625 0.6165625 0.021249999999999998 0.01125
2 0.06999999999999999 0.59875 0.008749999999999999 0.01625
2 0.1075 0.58875 0.021249999999999998 0.021249999999999998
2 0.16375 0.99375 0.008749999999999999 0.0125
2 0.1678125 0.784375 0.02 0.0125
2 0.1825 0.8134375 0.008749999999999999 0.02375
2 0.14656249999999998 0.795625 0.021249999999999998 0.01
2 0.29375 0.8943749999999999 0.025 0.013750000000000002
2 0.20031249999999998 0.6368750000000001 0.01 0.017499999999999998
2 0.2528125 0.6365624999999999 0.008749999999999999 0.02
2 0.296875 0.72 0.0125 0.021249999999999998
2 0.36375 0.8353125 0.015 0.017499999999999998
2 0.3409375 0.818125 0.0225 0.01125
2 0.3390625 0.8074999999999999 0.01875 0.008749999999999999
2 0.33875 0.7953125 0.021249999999999998 0.0125
2 0.3315625 0.7815624999999999 0.0225 0.01
2 0.344375 0.8306250000000001 0.02 0.01125
2 0.344375 0.843125 0.02 0.01125
2 0.3459375 0.8525 0.02 0.01125
2 0.3584375 0.906875 0.02 0.026250000000000002
2 0.316875 0.9059375 0.015 0.021249999999999998
2 0.28625 0.83625 0.0225 0.01
2 0.14625 0.8074999999999999 0.017499999999999998 0.008749999999999999
2 0.28312499999999996 0.8243750000000001 0.0225 0.01125
2 0.27937500000000004 0.7993750000000001 0.021249999999999998 0.01125
2 0.2778125 0.784375 0.021249999999999998 0.0125
2 0.24500000000000002 0.8059375 0.021249999999999998 0.008749999999999999
2 0.2525 0.82875 0.02375 0.013750000000000002
2 0.2478125 0.85375 0.02375 0.013750000000000002
2 0.25593750000000004 0.8990625 0.021249999999999998 0.013750000000000002
2 0.15625 0.8768750000000001 0.025 0.01
2 0.1559375 0.8603125 0.021249999999999998 0.01125
2 0.15687500000000001 0.8415625 0.02 0.01125
2 0.1521875 0.8290625 0.02 0.01125
2 0.150625 0.8175000000000001 0.02 0.01
2 0.369375 0.6153125 0.0075 0.015
