2 0.141875 0.236875 0.021249999999999998 0.01125
2 0.17375000000000002 0.236875 0.01 0.02375
2 0.058125 0.190625 0.0225 0.0125
2 0.1525 0.150625 0.02375 0.013750000000000002
2 0.15812500000000002 0.13343750000000001 0.028749999999999998 0.013750000000000002
2 0.19375 0.14250000000000002 0.01875 0.01
2 0.1846875 0.1653125 0.01 0.021249999999999998
2 0.19875 0.16999999999999998 0.01 0.021249999999999998
2 0.20812499999999998 0.17250000000000001 0.01 0.02
2 0.2225 0.1740625 0.0075 0.02
2 0.2346875 0.17124999999999999 0.01 0.02375
2 0.26125 0.1065625 0.01 0.028749999999999998
2 0.16875 0.0521875 0.025 0.013750000000000002
2 0.134375 0.0040625 0.025 0.005
2 0.146875 0.25187499999999996 0.01875 0.01
2 0.1375 0.26156250000000003 0.025 0.013750000000000002
2 0.139375 0.276875 0.0225 0.01
2 0.1384375 0.29 0.02375 0.01125
2 0.055937499999999994 0.20750000000000002 0.015 0.008749999999999999
2 0.0540625 0.2209375 0.017499999999999998 0.0075
2 0.052500000000000005 0.2325 0.017499999999999998 0.008749999999999999
2 0.0540625 0.24281250000000001 0.02375 0.013750000000000002
2 0.04875 0.2575 0.01625 0.008749999999999999
2 0.049375 0.270625 0.017499999999999998 0.01
2 0.0465625 0.28312499999999996 0.021249999999999998 0.01
2 0.04875 0.29562499999999997 0.0225 0.01
2 0.0590625 0.32875 0.008749999999999999 0.02
2 0.0753125 0.32437499999999997 0.01 0.02375
2 0.09125 0.3228125 0.0075 0.017499999999999998
2 0.11187499999999999 0.30062500000000003 0.017499999999999998 0.0075
2 0.1390625 0.30375 0.01875 0.0075
2 0.4915625 0.0128125 0.01125 0.0225
2 0.504375 0.013125000000000001 0.008749999999999999 0.02
2 0.515 0.0115625 0.01125 0.02
2 0.525625 0.011875 0.0075 0.017499999999999998
2 0.5387500000000001 0.010312499999999999 0.008749999999999999 0.017499999999999998
2 0.5525 0.0128125 0.01125 0.0225
2 0.578125 0.01625 0.0125 0.02
2 0.58 0.06343750000000001 0.0225 0.01125
2 0.610625 0.02 0.008749999999999999 0.021249999999999998
2 0.6246875000000001 0.02 0.008749999999999999 0.021249999999999998
2 0.6378125 0.024375 0.01 0.017499999999999998
2 0.6487499999999999 0.0221875 0.01 0.0225
2 0.6615624999999999 0.068125 0.026250000000000002 0.017499999999999998
2 0.42781250000000004 0.024375 0.008749999999999999 0.02375
2 0.44437499999999996 0.095625 0.026250000000000002 0.0225
2 0.41968750000000005 0.13187500000000002 0.01125 0.02
2 0.44625000000000004 0.13218749999999999 0.01125 0.02375
2 0.53625 0.20750000000000002 0.0225 0.008749999999999999
2 0.5543750000000001 0.1915625 0.008749999999999999 0.017499999999999998
2 0.5337500000000001 0.22000000000000003 0.017499999999999998 0.008749999999999999
2 0.5349999999999999 0.23125 0.026250000000000002 0.0125
2 0.6174999999999999 0.200625 0.01 0.02
2 0.7215625 0.21125 0.008749999999999999 0.0225
2 0.6525000000000001 0.2034375 0.01125 0.0225
2 0.6628125 0.206875 0.01 0.02
2 0.5900000000000001 0.25593750000000004 0.01125 0.021249999999999998
2 0.6018749999999999 0.2575 0.01 0.021249999999999998
2 0.364375 0.275 0.0225 0.00625
2 0.35125 0.35875 0.021249999999999998 0.01125
2 0.35125 0.34500000000000003 0.021249999999999998 0.008749999999999999
2 0.353125 0.33468749999999997 0.01875 0.01
2 0.351875 0.3209375 0.01625 0.0075
2 0.35750000000000004 0.286875 0.021249999999999998 0.01125
2 0.3625 0.25875 0.01875 0.01125
2 0.3603125 0.2475 0.02375 0.013750000000000002
2 0.32999999999999996 0.22625 0.0225 0.015
2 0.33375 0.20750000000000002 0.02375 0.015
2 0.3675 0.2034375 0.0225 0.01
2 0.374375 0.1953125 0.02375 0.0125
2 0.3921875 0.0034375000000000005 0.00625 0.00375
2 0.0075 0.278125 0.008749999999999999 0.025
2 0.1596875 0.07781249999999999 0.0225 0.008749999999999999
2 0.15875 0.09718750000000001 0.02375 0.01
2 0.6621875 0.265625 0.008749999999999999 0.01875
2 0.6746875 0.26687500000000003 0.008749999999999999 0.021249999999999998
2 0.805 0.48375 0.01 0.02375
2 0.7815624999999999 0.48312499999999997 0.01 0.0225
2 0.770625 0.48375 0.01 0.02375
2 0.760625 0.4640625 0.008749999999999999 0.01875
2 0.7978125 0.458125 0.02375 0.0225
2 0.7993750000000001 0.33375 0.017499999999999998 0.02375
2 0.7896875 0.3384375 0.013750000000000002 0.02375
2 0.76625 0.3490625 0.013750000000000002 0.02
2 0.7559375 0.3559375 0.015 0.021249999999999998
2 0.7428125 0.35812499999999997 0.013750000000000002 0.0225
2 0.7318749999999999 0.3640625 0.013750000000000002 0.01875
2 0.7215625 0.3715625 0.015 0.021249999999999998
2 0.708125 0.37687499999999996 0.01625 0.0225
2 0.691875 0.383125 0.015 0.0225
2 0.67875 0.388125 0.013750000000000002 0.02
2 0.6715625000000001 0.3940625 0.015 0.0225
2 0.66125 0.3990625 0.01625 0.02
2 0.6471875 0.4065625 0.01625 0.0225
2 0.61375 0.44625000000000004 0.021249999999999998 0.01125
2 0.6118750000000001 0.4603125 0.02375 0.01125
2 0.6146874999999999 0.471875 0.026250000000000002 0.0125
2 0.608125 0.48531250000000004 0.0225 0.01125
2 0.600625 0.49906249999999996 0.02 0.0075
2 0.60375 0.5103125000000001 0.026250000000000002 0.01125
2 0.6021875 0.535625 0.026250000000000002 0.008749999999999999
2 0.5996875 0.551875 0.021249999999999998 0.01
2 0.595 0.5628124999999999 0.021249999999999998 0.01
2 0.595 0.57625 0.021249999999999998 0.008749999999999999
2 0.5928125 0.5878125 0.026250000000000002 0.01
2 0.8171875 0.48875 0.0125 0.021249999999999998
2 0.7675 0.5096875 0.01 0.0225
2 0.78 0.5090625 0.01 0.021249999999999998
2 0.7378125 0.3225 0.01625 0.02
2 0.683125 0.26875 0.01 0.01875
2 0.6956249999999999 0.26875 0.01 0.01875
2 0.5853125 0.28125 0.01125 0.01875
2 0.6 0.2834375 0.0125 0.026250000000000002
2 0.610625 0.28500000000000003 0.008749999999999999 0.02
2 0.6221875 0.284375 0.01 0.025
2 0.635 0.288125 0.0075 0.02
2 0.6471875 0.28781249999999997 0.01 0.01625
2 0.658125 0.2875 0.01 0.025
2 0.6825 0.294375 0.008749999999999999 0.02
2 0.691875 0.3459375 0.015 0.02
2 0.7003125 0.33999999999999997 0.01625 0.02375
2 0.714375 0.336875 0.01625 0.02375
2 0.748125 0.32 0.015 0.021249999999999998
2 0.79 0.51125 0.01125 0.0225
2 0.7578125 0.3134375 0.01875 0.02375
2 0.7721875 0.3078125 0.01625 0.025
2 0.9321875000000001 0.1809375 0.017499999999999998 0.027500000000000004
2 0.8162499999999999 0.15125 0.02 0.015
2 0.8309374999999999 0.1965625 0.021249999999999998 0.015
2 0.835625 0.2078125 0.021249999999999998 0.0125
2 0.8459375 0.2146875 0.02 0.013750000000000002
2 0.8484375 0.23937499999999998 0.025 0.01625
2 0.8574999999999999 0.255 0.021249999999999998 0.01625
2 0.8568749999999999 0.26875 0.02 0.0125
2 0.8653124999999999 0.288125 0.021249999999999998 0.013750000000000002
2 0.9512499999999999 0.436875 0.021249999999999998 0.01125
2 0.80625 0.5128125 0.0125 0.0225
2 0.6671875 0.534375 0.01875 0.0125
2 0.6587500000000001 0.6056250000000001 0.02375 0.01125
2 0.14750000000000002 0.9715624999999999 0.013750000000000002 0.027500000000000004
2 0.13343750000000001 0.9634375000000001 0.0075 0.017499999999999998
2 0.11499999999999999 0.9637499999999999 0.01125 0.021249999999999998
2 0.074375 0.959375 0.01125 0.025
2 0.03375 0.9171875 0.01125 0.025
2 0.0040625 0.94625 0.005 0.01125
2 0.19 0.9643750000000001 0.01125 0.0225
2 0.21593749999999998 0.9703125 0.01 0.01875
2 0.6537499999999999 0.6296875 0.026250000000000002 0.0125
2 0.5896874999999999 0.6559375000000001 0.026250000000000002 0.015
2 0.6575 0.73125 0.021249999999999998 0.01875
2 0.63125 0.78125 0.01875 0.01875
2 0.563125 0.8290625 0.02 0.017499999999999998
2 0.2425 0.984375 0.01 0.01875
2 0.023125 0.8875 0.008749999999999999 0.01875
2 0.050937500000000004 0.8884375 0.01125 0.02375
2 0.076875 0.889375 0.01 0.0225
2 0.10187500000000001 0.8915625 0.01 0.017499999999999998
2 0.11750000000000001 0.8921875 0.01 0.025
2 0.13374999999999998 0.8909375 0.01125 0.0225
2 0.14781249999999999 0.8946875000000001 0.01125 0.02375
2 0.17906249999999999 0.9018750000000001 0.01125 0.0225
2 0.20437500000000003 0.9025000000000001 0.008749999999999999 0.017499999999999998
2 0.2346875 0.905 0.01 0.0225
2 0.2475 0.906875 0.0075 0.02
2 0.27625 0.91375 0.008749999999999999 0.021249999999999998
2 0.289375 0.9140625 0.01 0.01875
2 0.20187499999999997 0.9696875 0.01 0.02375
2 0.6018749999999999 0.2 0.01 0.025
2 0.61375 0.25875 0.008749999999999999 0.02375
2 0.6259375 0.260625 0.01125 0.021249999999999998
2 0.6371875 0.26375000000000004 0.008749999999999999 0.021249999999999998
2 0.6487499999999999 0.25968749999999996 0.01 0.0225
