2 0.0059375 0.06375 0.008749999999999999 0.008749999999999999
2 0.029375000000000002 0.02 0.008749999999999999 0.021249999999999998
2 0.043437500000000004 0.020624999999999998 0.008749999999999999 0.01625
2 0.0565625 0.024375 0.01 0.017499999999999998
2 0.0675 0.0221875 0.01 0.0225
2 0.0803125 0.068125 0.026250000000000002 0.017499999999999998
2 0.021875 0.2 0.0125 0.025
2 0.03625 0.200625 0.01 0.02
2 0.14125000000000001 0.2134375 0.0075 0.017499999999999998
2 0.07125000000000001 0.20437500000000003 0.01125 0.021249999999999998
2 0.08156250000000001 0.206875 0.01 0.02
2 0.008125 0.25906250000000003 0.01 0.015
2 0.020624999999999998 0.25968749999999996 0.01 0.01625
2 0.22374999999999998 0.48375 0.01 0.02375
2 0.20031249999999998 0.48312499999999997 0.01 0.0225
2 0.18937500000000002 0.48375 0.01 0.02375
2 0.179375 0.4640625 0.008749999999999999 0.01875
2 0.2165625 0.458125 0.02375 0.0225
2 0.21812499999999999 0.33375 0.017499999999999998 0.02375
2 0.2084375 0.3384375 0.013750000000000002 0.02375
2 0.185 0.3490625 0.013750000000000002 0.02
2 0.1746875 0.3559375 0.015 0.021249999999999998
2 0.1615625 0.35812499999999997 0.013750000000000002 0.0225
2 0.150625 0.3640625 0.013750000000000002 0.01875
2 0.1403125 0.3715625 0.015 0.021249999999999998
2 0.12687500000000002 0.37687499999999996 0.01625 0.0225
2 0.110625 0.383125 0.015 0.0225
2 0.0975 0.388125 0.013750000000000002 0.02
2 0.09031249999999999 0.3940625 0.015 0.0225
2 0.08 0.3990625 0.01625 0.02
2 0.06593750000000001 0.4065625 0.01625 0.0225
2 0.0325 0.44625000000000004 0.021249999999999998 0.01125
2 0.030625000000000003 0.4603125 0.02375 0.01125
2 0.033437499999999995 0.471875 0.026250000000000002 0.0125
2 0.026875 0.48531250000000004 0.0225 0.01125
2 0.019375 0.49906249999999996 0.02 0.0075
2 0.0225 0.5103125000000001 0.026250000000000002 0.01125
2 0.0209375 0.535625 0.026250000000000002 0.008749999999999999
2 0.018437500000000002 0.551875 0.021249999999999998 0.01
2 0.013750000000000002 0.5628124999999999 0.021249999999999998 0.01
2 0.013750000000000002 0.57625 0.021249999999999998 0.008749999999999999
2 0.0134375 0.5878125 0.02375 0.01
2 0.2359375 0.48875 0.0125 0.021249999999999998
2 0.18562499999999998 0.5115624999999999 0.008749999999999999 0.026250000000000002
2 0.1978125 0.5109375 0.01125 0.025
2 0.1565625 0.3225 0.01625 0.02
2 0.1159375 0.26875 0.01 0.01875
2 0.0059375 0.28125 0.008749999999999999 0.01875
2 0.01875 0.2834375 0.0125 0.026250000000000002
2 0.029375000000000002 0.28500000000000003 0.008749999999999999 0.02
2 0.0409375 0.284375 0.01 0.025
2 0.052500000000000005 0.28531249999999997 0.01125 0.02375
2 0.065 0.2846875 0.01125 0.0225
2 0.076875 0.2884375 0.01 0.02375
2 0.10124999999999999 0.294375 0.008749999999999999 0.02
2 0.110625 0.3459375 0.015 0.02
2 0.1190625 0.33999999999999997 0.01625 0.02375
2 0.133125 0.336875 0.01625 0.02375
2 0.166875 0.32 0.015 0.021249999999999998
2 0.20875 0.51125 0.01125 0.0225
2 0.1765625 0.3134375 0.01875 0.02375
2 0.1909375 0.3078125 0.01625 0.025
2 0.3509375 0.1809375 0.017499999999999998 0.027500000000000004
2 0.23500000000000001 0.15125 0.02 0.015
2 0.2496875 0.1965625 0.021249999999999998 0.015
2 0.254375 0.2078125 0.021249999999999998 0.0125
2 0.2646875 0.2146875 0.02 0.013750000000000002
2 0.2671875 0.23937499999999998 0.025 0.01625
2 0.27625 0.255 0.021249999999999998 0.01625
2 0.275625 0.26875 0.02 0.0125
2 0.2840625 0.288125 0.021249999999999998 0.013750000000000002
2 0.37 0.436875 0.021249999999999998 0.01125
2 0.225 0.5128125 0.0125 0.0225
2 0.4846875 0.5528125 0.0225 0.015
2 0.0859375 0.534375 0.01875 0.0125
2 0.0775 0.6056250000000001 0.02375 0.01125
2 0.0725 0.6296875 0.026250000000000002 0.0125
2 0.0115625 0.6553125 0.02 0.013750000000000002
2 0.07625 0.73125 0.021249999999999998 0.01875
2 0.05 0.78125 0.01875 0.01875
2 0.008125 0.19718750000000002 0.01 0.0225
2 0.0309375 0.2584375 0.008749999999999999 0.02
2 0.04375 0.25968749999999996 0.0125 0.0225
2 0.055937499999999994 0.25968749999999996 0.008749999999999999 0.0225
2 0.0675 0.26125 0.01 0.0225
2 0.081875 0.26437499999999997 0.0075 0.0225
2 0.09343749999999999 0.265625 0.008749999999999999 0.025
2 0.1028125 0.265 0.008749999999999999 0.02375
