2 0.5128125 0.54875 0.01 0.01
2 0.515 0.401875 0.005 0.01
2 0.509375 0.40437500000000004 0.00625 0.008749999999999999
2 0.5021875 0.40812499999999996 0.0075 0.01
2 0.4959375 0.41281249999999997 0.0075 0.01
2 0.489375 0.416875 0.01 0.008749999999999999
2 0.47781250000000003 0.42437500000000006 0.008749999999999999 0.005
2 0.37687499999999996 0.505 0.01 0.01
2 0.4109375 0.5231250000000001 0.0125 0.008749999999999999
2 0.4403125 0.5159374999999999 0.008749999999999999 0.01
2 0.43624999999999997 0.5118750000000001 0.01 0.01125
2 0.43156249999999996 0.5081249999999999 0.01 0.01
2 0.42750000000000005 0.495625 0.01125 0.01
2 0.4246875 0.48968749999999994 0.008749999999999999 0.0075
2 0.43375 0.47062499999999996 0.01125 0.01
2 0.4378125 0.48312499999999997 0.01 0.01
2 0.44000000000000006 0.4871875 0.01125 0.008749999999999999
2 0.445625 0.49093749999999997 0.01 0.01
2 0.446875 0.495625 0.0125 0.01
2 0.459375 0.5131249999999999 0.0125 0.0075
2 0.46687500000000004 0.5275000000000001 0.015 0.01125
2 0.471875 0.5371875 0.0125 0.008749999999999999
2 0.49406249999999996 0.5659375 0.01 0.01
2 0.49625 0.5700000000000001 0.01125 0.008749999999999999
2 0.5209374999999999 0.6065625 0.013750000000000002 0.01
2 0.5225 0.6128125 0.013750000000000002 0.01
2 0.5287499999999999 0.620625 0.013750000000000002 0.01
2 0.53 0.6284375 0.01 0.01
2 0.5321875 0.5775 0.01125 0.01125
2 0.524375 0.5700000000000001 0.01125 0.008749999999999999
2 0.43875000000000003 0.4359375 0.008749999999999999 0.0125
2 0.4178125 0.41281249999999997 0.0075 0.01
2 0.368125 0.45437500000000003 0.01125 0.008749999999999999
2 0.359375 0.445625 0.0125 0.01
2 0.5528125 0.9853125 0.008749999999999999 0.01125
2 0.5225 0.94625 0.0075 0.01125
2 0.4703125 0.8903125 0.0125 0.015
2 0.4721875 0.8787499999999999 0.01 0.013750000000000002
2 0.4234375 0.8168749999999999 0.0125 0.015
2 0.37124999999999997 0.74125 0.01125 0.013750000000000002
2 0.2790625 0.5859375 0.01125 0.0125
2 0.215625 0.510625 0.0125 0.015
2 0.38 0.41656250000000006 0.01 0.01125
2 0.3853125 0.426875 0.01125 0.01
2 0.39 0.433125 0.01125 0.01
2 0.5190625 0.5575 0.01 0.008749999999999999
2 0.509375 0.5440625 0.0125 0.01
2 0.503125 0.5393749999999999 0.0125 0.01
2 0.8521875 0.795625 0.013750000000000002 0.01
2 0.670625 0.42000000000000004 0.01 0.008749999999999999
2 0.6784375 0.429375 0.01 0.008749999999999999
2 0.6846875 0.4390625 0.01 0.00625
2 0.74 0.5325 0.01125 0.008749999999999999
2 0.6993750000000001 0.464375 0.01125 0.01
2 0.6659375 0.4659375 0.01 0.01
2 0.40031249999999996 0.51375 0.01 0.008749999999999999
2 0.7125 0.401875 0.0125 0.01
2 0.96125 0.719375 0.01 0.013750000000000002
2 0.851875 0.6303124999999999 0.01 0.0075
2 0.8471875000000001 0.6212500000000001 0.01 0.01125
2 0.795625 0.5778125000000001 0.01 0.008749999999999999
2 0.7996875 0.5725 0.008749999999999999 0.0075
2 0.6615624999999999 0.40406250000000005 0.013750000000000002 0.01125
2 0.50125 0.535625 0.008749999999999999 0.008749999999999999
2 0.48343749999999996 0.49625 0.013750000000000002 0.01125
2 0.47406249999999994 0.48375 0.013750000000000002 0.01125
2 0.7790625 0.5003124999999999 0.01125 0.01
2 0.7553124999999999 0.465 0.013750000000000002 0.01125
2 0.7478125 0.45499999999999996 0.01125 0.01
2 0.74125 0.44437499999999996 0.013750000000000002 0.0075
2 0.739375 0.43875000000000003 0.01 0.008749999999999999
2 0.7296875 0.42437500000000006 0.0125 0.01125
2 0.7259375 0.4203125 0.01125 0.0125
2 0.6896875 0.4453125 0.013750000000000002 0.0125
2 0.7075 0.44625000000000004 0.008749999999999999 0.01125
2 0.71375 0.4559375 0.008749999999999999 0.008749999999999999
2 0.68125 0.35281250000000003 0.0125 0.008749999999999999
2 0.6275000000000001 0.4034375 0.01125 0.01
2 0.63625 0.42125 0.01 0.01125
2 0.7346874999999999 0.5215625 0.01 0.008749999999999999
2 0.649375 0.44000000000000006 0.01125 0.01125
2 0.8393750000000001 0.64125 0.01 0.013750000000000002
2 0.8331250000000001 0.6443749999999999 0.01 0.013750000000000002
2 0.8275 0.6503125 0.01125 0.01
2 0.790625 0.645625 0.0125 0.01
2 0.913125 0.70875 0.013750000000000002 0.01125
2 0.8471875000000001 0.8196875 0.01 0.01125
2 0.8146875 0.6578125 0.0075 0.0125
2 0.5128125 0.54875 0.01 0.01
2 0.515 0.401875 0.005 0.01
2 0.509375 0.40437500000000004 0.00625 0.008749999999999999
2 0.5021875 0.40812499999999996 0.0075 0.01
2 0.4959375 0.41281249999999997 0.0075 0.01
2 0.489375 0.416875 0.01 0.008749999999999999
2 0.47781250000000003 0.42437500000000006 0.008749999999999999 0.005
2 0.37687499999999996 0.505 0.01 0.01
2 0.4109375 0.5231250000000001 0.0125 0.008749999999999999
2 0.4403125 0.5159374999999999 0.008749999999999999 0.01
2 0.43624999999999997 0.5118750000000001 0.01 0.01125
2 0.43156249999999996 0.5081249999999999 0.01 0.01
2 0.42750000000000005 0.495625 0.01125 0.01
2 0.4246875 0.48968749999999994 0.008749999999999999 0.0075
2 0.43375 0.47062499999999996 0.01125 0.01
2 0.4378125 0.48312499999999997 0.01 0.01
2 0.44000000000000006 0.4871875 0.01125 0.008749999999999999
2 0.445625 0.49093749999999997 0.01 0.01
2 0.446875 0.495625 0.0125 0.01
2 0.459375 0.5131249999999999 0.0125 0.0075
2 0.46687500000000004 0.5275000000000001 0.015 0.01125
2 0.471875 0.5371875 0.0125 0.008749999999999999
2 0.49406249999999996 0.5659375 0.01 0.01
2 0.49625 0.5700000000000001 0.01125 0.008749999999999999
2 0.5209374999999999 0.6065625 0.013750000000000002 0.01
2 0.5225 0.6128125 0.013750000000000002 0.01
2 0.5287499999999999 0.620625 0.013750000000000002 0.01
2 0.53 0.6284375 0.01 0.01
2 0.5321875 0.5775 0.01125 0.01125
2 0.524375 0.5700000000000001 0.01125 0.008749999999999999
2 0.43875000000000003 0.4359375 0.008749999999999999 0.0125
2 0.4178125 0.41281249999999997 0.0075 0.01
2 0.368125 0.45437500000000003 0.01125 0.008749999999999999
2 0.359375 0.445625 0.0125 0.01
2 0.5528125 0.9853125 0.008749999999999999 0.01125
2 0.5225 0.94625 0.0075 0.01125
2 0.4703125 0.8903125 0.0125 0.015
2 0.4721875 0.8787499999999999 0.01 0.013750000000000002
2 0.4234375 0.8168749999999999 0.0125 0.015
2 0.37124999999999997 0.74125 0.01125 0.013750000000000002
2 0.2790625 0.5859375 0.01125 0.0125
2 0.215625 0.510625 0.0125 0.015
2 0.38 0.41656250000000006 0.01 0.01125
2 0.3853125 0.426875 0.01125 0.01
2 0.39 0.433125 0.01125 0.01
2 0.5190625 0.5575 0.01 0.008749999999999999
2 0.509375 0.5440625 0.0125 0.01
2 0.503125 0.5393749999999999 0.0125 0.01
2 0.8521875 0.795625 0.013750000000000002 0.01
2 0.670625 0.42000000000000004 0.01 0.008749999999999999
2 0.6784375 0.429375 0.01 0.008749999999999999
2 0.6846875 0.4390625 0.01 0.00625
2 0.74 0.5325 0.01125 0.008749999999999999
2 0.6993750000000001 0.464375 0.01125 0.01
2 0.6659375 0.4659375 0.01 0.01
2 0.40031249999999996 0.51375 0.01 0.008749999999999999
2 0.7125 0.401875 0.0125 0.01
2 0.96125 0.719375 0.01 0.013750000000000002
2 0.851875 0.6303124999999999 0.01 0.0075
2 0.8471875000000001 0.6212500000000001 0.01 0.01125
2 0.795625 0.5778125000000001 0.01 0.008749999999999999
2 0.7996875 0.5725 0.008749999999999999 0.0075
2 0.6615624999999999 0.40406250000000005 0.013750000000000002 0.01125
2 0.50125 0.535625 0.008749999999999999 0.008749999999999999
2 0.48343749999999996 0.49625 0.013750000000000002 0.01125
2 0.47406249999999994 0.48375 0.013750000000000002 0.01125
2 0.7790625 0.5003124999999999 0.01125 0.01
2 0.7553124999999999 0.465 0.013750000000000002 0.01125
2 0.7478125 0.45499999999999996 0.01125 0.01
2 0.74125 0.44437499999999996 0.013750000000000002 0.0075
2 0.739375 0.43875000000000003 0.01 0.008749999999999999
2 0.7296875 0.42437500000000006 0.0125 0.01125
2 0.7259375 0.4203125 0.01125 0.0125
2 0.6896875 0.4453125 0.013750000000000002 0.0125
2 0.7075 0.44625000000000004 0.008749999999999999 0.01125
2 0.71375 0.4559375 0.008749999999999999 0.008749999999999999
2 0.68125 0.35281250000000003 0.0125 0.008749999999999999
2 0.6275000000000001 0.4034375 0.01125 0.01
2 0.63625 0.42125 0.01 0.01125
2 0.7346874999999999 0.5215625 0.01 0.008749999999999999
2 0.649375 0.44000000000000006 0.01125 0.01125
2 0.8393750000000001 0.64125 0.01 0.013750000000000002
2 0.8331250000000001 0.6443749999999999 0.01 0.013750000000000002
2 0.8275 0.6503125 0.01125 0.01
2 0.790625 0.645625 0.0125 0.01
2 0.913125 0.70875 0.013750000000000002 0.01125
2 0.8471875000000001 0.8196875 0.01 0.01125
2 0.8146875 0.6578125 0.0075 0.0125
