2 0.139375 0.7515625 0.0225 0.0125
2 0.17625 0.701875 0.021249999999999998 0.01
2 0.2459375 0.985 0.02 0.013750000000000002
2 0.230625 0.9684375 0.017499999999999998 0.008749999999999999
2 0.2134375 0.8949999999999999 0.01125 0.021249999999999998
2 0.144375 0.776875 0.026250000000000002 0.01
2 0.135 0.7384375000000001 0.02 0.01125
2 0.1446875 0.7268749999999999 0.02375 0.01
2 0.2128125 0.5549999999999999 0.01625 0.028749999999999998
2 0.23562500000000003 0.5603125 0.008749999999999999 0.02375
2 0.1525 0.8753125 0.02375 0.01
2 0.9643750000000001 0.564375 0.0225 0.01
2 0.9615625 0.5790625 0.02 0.01125
2 0.84375 0.8793749999999999 0.01875 0.008749999999999999
2 0.8375 0.8671875 0.01875 0.0125
2 0.838125 0.8559374999999999 0.02 0.008749999999999999
2 0.835 0.8440625 0.02 0.01
2 0.835 0.829375 0.02 0.008749999999999999
2 0.8315625000000001 0.8099999999999999 0.0225 0.013750000000000002
2 0.829375 0.798125 0.021249999999999998 0.008749999999999999
2 0.8387499999999999 0.785625 0.021249999999999998 0.008749999999999999
2 0.9096875000000001 0.7484375 0.01625 0.03125
2 0.8753125 0.735625 0.01 0.027500000000000004
2 0.8543749999999999 0.7359375 0.015 0.01875
2 0.874375 0.6912499999999999 0.01125 0.026250000000000002
2 0.915625 0.6643749999999999 0.01875 0.01
2 0.9165625000000001 0.651875 0.017499999999999998 0.01
2 0.9128125 0.639375 0.01625 0.01
2 0.9106249999999999 0.6165625 0.021249999999999998 0.01125
2 0.82 0.59875 0.008749999999999999 0.01625
2 0.8574999999999999 0.58875 0.021249999999999998 0.021249999999999998
2 0.63 0.9509375 0.01625 0.02375
2 0.649375 0.9337500000000001 0.01125 0.02375
2 0.6578125 0.96 0.0125 0.02
2 0.91375 0.99375 0.008749999999999999 0.0125
2 0.9178124999999999 0.784375 0.02 0.0125
2 0.9324999999999999 0.8134375 0.008749999999999999 0.02375
2 0.8965624999999999 0.795625 0.021249999999999998 0.01
2 0.9503125000000001 0.6368750000000001 0.01 0.017499999999999998
2 0.89625 0.8074999999999999 0.017499999999999998 0.008749999999999999
2 0.991875 0.8059375 0.015 0.008749999999999999
2 0.9949999999999999 0.8290625 0.008749999999999999 0.01125
2 0.9928125 0.853125 0.013750000000000002 0.0125
2 0.74 0.9271874999999999 0.02375 0.02
2 0.90625 0.8768750000000001 0.025 0.01
2 0.9059375 0.8603125 0.021249999999999998 0.01125
2 0.906875 0.8415625 0.02 0.01125
2 0.9021874999999999 0.8290625 0.02 0.01125
2 0.900625 0.8175000000000001 0.02 0.01
