2 0.7690625 0.09125 0.01 0.013750000000000002
2 0.190625 0.88125 0.0125 0.0125
2 0.1025 0.790625 0.01125 0.0125
2 0.0759375 0.7618750000000001 0.01125 0.01125
2 0.7396874999999999 0.043437500000000004 0.0075 0.008749999999999999
2 0.263125 0.445625 0.013750000000000002 0.01
2 0.573125 0.4525 0.008749999999999999 0.01125
2 0.5809375 0.46187500000000004 0.008749999999999999 0.01125
2 0.433125 0.464375 0.01 0.01
2 0.083125 0.06999999999999999 0.01 0.008749999999999999
2 0.08937500000000001 0.079375 0.01 0.008749999999999999
2 0.095625 0.0890625 0.01 0.00625
2 0.1525 0.1825 0.01125 0.008749999999999999
2 0.1103125 0.114375 0.01125 0.01
2 0.076875 0.1159375 0.01 0.01
2 0.1234375 0.051875000000000004 0.0125 0.01
2 0.46687500000000004 0.403125 0.008749999999999999 0.0125
2 0.3721875 0.369375 0.01 0.013750000000000002
2 0.26437499999999997 0.2803125 0.01 0.0075
2 0.258125 0.27125 0.01 0.01125
2 0.20656249999999998 0.22781250000000003 0.01 0.008749999999999999
2 0.210625 0.2225 0.008749999999999999 0.0075
2 0.576875 0.2946875 0.01 0.01125
2 0.5721875 0.47406249999999994 0.01 0.0075
2 0.5756249999999999 0.47874999999999995 0.0075 0.0075
2 0.0725 0.0540625 0.013750000000000002 0.01125
2 0.19 0.15031250000000002 0.01125 0.01
2 0.16625 0.11499999999999999 0.013750000000000002 0.01125
2 0.15875 0.10500000000000001 0.01125 0.01
2 0.15375 0.094375 0.013750000000000002 0.0075
2 0.15031250000000002 0.08875 0.01 0.008749999999999999
2 0.140625 0.074375 0.0125 0.01125
2 0.136875 0.0703125 0.01125 0.0125
2 0.100625 0.0953125 0.013750000000000002 0.0125
2 0.1184375 0.09625 0.008749999999999999 0.01125
2 0.12625 0.10593749999999999 0.008749999999999999 0.008749999999999999
2 0.0921875 0.0046875 0.0125 0.00625
2 0.608125 0.473125 0.01 0.008749999999999999
2 0.0384375 0.053437500000000006 0.01125 0.01
2 0.0471875 0.07125000000000001 0.01 0.01125
2 0.145625 0.1715625 0.01 0.008749999999999999
2 0.060312500000000005 0.09 0.01125 0.01125
2 0.25187499999999996 0.29125 0.01 0.013750000000000002
2 0.24562499999999998 0.294375 0.01 0.013750000000000002
2 0.2384375 0.3003125 0.01125 0.01
2 0.2015625 0.29562499999999997 0.0125 0.01
2 0.32406250000000003 0.35875 0.013750000000000002 0.01125
2 0.258125 0.46968750000000004 0.01 0.01125
2 0.6059375 0.5231250000000001 0.008749999999999999 0.008749999999999999
2 0.5996875 0.514375 0.008749999999999999 0.01
2 0.5815625 0.488125 0.01 0.0075
2 0.6184375 0.5081249999999999 0.008749999999999999 0.01
2 0.6153125 0.4840625 0.008749999999999999 0.008749999999999999
2 0.5890625 0.49437499999999995 0.0125 0.0075
2 0.0640625 0.651875 0.01875 0.01
2 0.22562500000000002 0.3071875 0.0075 0.01125
2 0.215625 0.31656249999999997 0.00625 0.01125
2 0.130625 0.1153125 0.01125 0.008749999999999999
2 0.1775 0.1340625 0.01125 0.008749999999999999
2 0.18375 0.141875 0.01125 0.008749999999999999
2 0.20812499999999998 0.10093749999999999 0.01 0.01125
2 0.20218750000000002 0.0890625 0.0075 0.0125
