2 0.891875 0.9868750000000001 0.021249999999999998 0.01125
2 0.9237500000000001 0.9868750000000001 0.01 0.02375
2 0.8081250000000001 0.940625 0.0225 0.0125
2 0.9025000000000001 0.900625 0.02375 0.013750000000000002
2 0.9081250000000001 0.8834375 0.028749999999999998 0.013750000000000002
2 0.94375 0.8925000000000001 0.01875 0.01
2 0.9346875000000001 0.9153125 0.01 0.021249999999999998
2 0.9487500000000001 0.9199999999999999 0.01 0.021249999999999998
2 0.959375 0.9225 0.00625 0.02
2 0.9724999999999999 0.9240625 0.0075 0.02
2 0.9846875 0.92125 0.01 0.02375
2 0.91875 0.8021874999999999 0.025 0.013750000000000002
2 0.885 0.7509375 0.026250000000000002 0.01125
2 0.760625 0.673125 0.008749999999999999 0.021249999999999998
2 0.7796875 0.6778125 0.0125 0.027500000000000004
2 0.9275 0.719375 0.02375 0.013750000000000002
2 0.89 0.6946875 0.017499999999999998 0.01125
2 0.9337500000000001 0.6684375 0.02375 0.015
2 0.8896875 0.646875 0.02 0.0125
2 0.9393750000000001 0.6059375 0.0225 0.015
2 0.9493750000000001 0.5153125000000001 0.02375 0.015
2 0.8971875 0.5353125000000001 0.0225 0.01125
2 0.896875 0.99875 0.01875 0.00375
2 0.7846875 0.4578125 0.01 0.025
2 0.6503125 0.6534375 0.01 0.0225
2 0.666875 0.655625 0.008749999999999999 0.017499999999999998
2 0.740625 0.6746875 0.0125 0.027500000000000004
2 0.6834374999999999 0.62625 0.0075 0.021249999999999998
2 0.5709375 0.55625 0.0075 0.01875
2 0.6034375 0.5599999999999999 0.01 0.026250000000000002
2 0.620625 0.5584374999999999 0.01 0.026250000000000002
2 0.6371875 0.5584374999999999 0.008749999999999999 0.02
2 0.571875 0.479375 0.0125 0.027500000000000004
2 0.6496875 0.4625 0.008749999999999999 0.025
2 0.6759375000000001 0.468125 0.01125 0.03
2 0.728125 0.4640625 0.0125 0.03125
2 0.755 0.459375 0.01 0.025
2 0.8018750000000001 0.45906250000000004 0.01 0.027500000000000004
2 0.8059375 0.9574999999999999 0.015 0.008749999999999999
2 0.8040625 0.9709375 0.017499999999999998 0.0075
2 0.8025 0.9824999999999999 0.017499999999999998 0.008749999999999999
2 0.8040625 0.9928125 0.02375 0.013750000000000002
2 0.6075 0.655625 0.008749999999999999 0.017499999999999998
2 0.8618750000000001 0.38375 0.02375 0.01125
2 0.9525 0.3384375 0.01125 0.017499999999999998
2 0.9640625 0.34500000000000003 0.0125 0.021249999999999998
2 0.9771875 0.3471875 0.013750000000000002 0.0225
2 0.9881249999999999 0.350625 0.013750000000000002 0.02
2 0.6234375 0.6540625 0.00625 0.017499999999999998
2 0.594375 0.6509375000000001 0.0075 0.017499999999999998
2 0.3075 0.43531250000000005 0.008749999999999999 0.017499999999999998
2 0.0859375 0.8143750000000001 0.025 0.01
2 0.09375 0.79625 0.025 0.01125
2 0.09406250000000001 0.7565625 0.0225 0.01
2 0.2534375 0.6756249999999999 0.01 0.02
2 0.24375 0.5193749999999999 0.01875 0.02
2 0.25656249999999997 0.5115624999999999 0.01625 0.02
2 0.26937500000000003 0.5065625 0.013750000000000002 0.0225
2 0.2809375 0.4996875 0.015 0.021249999999999998
2 0.2953125 0.495625 0.01875 0.0225
2 0.228125 0.5387500000000001 0.01875 0.008749999999999999
2 0.325 0.504375 0.025 0.008749999999999999
2 0.209375 0.43062500000000004 0.00625 0.017499999999999998
2 0.22000000000000003 0.429375 0.008749999999999999 0.015
2 0.23374999999999999 0.4303125 0.01125 0.02
2 0.248125 0.43125 0.008749999999999999 0.01875
2 0.26437499999999997 0.43125 0.01 0.01875
2 0.27718750000000003 0.43187499999999995 0.0075 0.02
2 0.29312499999999997 0.4325 0.01125 0.021249999999999998
2 0.34625 0.4334375 0.01125 0.02
2 0.5825 0.650625 0.008749999999999999 0.02
2 0.38375 0.436875 0.01125 0.017499999999999998
2 0.6303124999999999 0.953125 0.0075 0.025
2 0.6478125 0.875625 0.01125 0.02
2 0.645 0.9503125000000001 0.008749999999999999 0.0225
2 0.705 0.9349999999999999 0.01 0.02
2 0.4371875 0.7150000000000001 0.008749999999999999 0.02375
2 0.48375 0.7175 0.01125 0.0225
2 0.5587500000000001 0.6934375 0.01125 0.021249999999999998
2 0.5900000000000001 0.6953125 0.01125 0.025
2 0.6134375000000001 0.696875 0.01125 0.025
2 0.6340625 0.6965625 0.008749999999999999 0.021249999999999998
2 0.4253125 0.6384375 0.01 0.02375
2 0.44000000000000006 0.6328125 0.01125 0.025
2 0.4559375 0.6378125 0.008749999999999999 0.0225
2 0.47062499999999996 0.64 0.01 0.02375
2 0.48312499999999997 0.6415625 0.01 0.02375
2 0.4965625 0.6459374999999999 0.008749999999999999 0.02
2 0.5125 0.6403125000000001 0.00625 0.021249999999999998
2 0.5290625 0.6443749999999999 0.01125 0.02
2 0.556875 0.64625 0.0075 0.017499999999999998
2 0.56875 0.649375 0.00625 0.017499999999999998
2 0.5553125 0.9981249999999999 0.0075 0.0025
2 0.54375 0.996875 0.00625 0.00625
2 0.5146875 0.9949999999999999 0.0075 0.008749999999999999
2 0.34500000000000003 0.8931250000000001 0.008749999999999999 0.017499999999999998
2 0.29312499999999997 0.346875 0.017499999999999998 0.0125
2 0.3325 0.34500000000000003 0.021249999999999998 0.008749999999999999
2 0.0059375 0.985625 0.008749999999999999 0.021249999999999998
2 0.051875000000000004 0.9853125 0.01 0.02375
2 0.0859375 0.9868750000000001 0.0125 0.02375
2 0.2084375 0.8456250000000001 0.02 0.01
2 0.20437500000000003 0.8640625 0.021249999999999998 0.0125
2 0.44312500000000005 0.8574999999999999 0.01125 0.021249999999999998
2 0.42874999999999996 0.838125 0.0075 0.02
2 0.40875000000000006 0.8481249999999999 0.01125 0.027500000000000004
2 0.37 0.8456250000000001 0.008749999999999999 0.0225
2 0.3440625 0.91875 0.01 0.01875
2 0.490625 0.9956250000000001 0.00625 0.01
2 0.39437500000000003 0.9203125 0.0075 0.01875
2 0.3871875 0.985 0.008749999999999999 0.02
2 0.4103125 0.9887499999999999 0.01125 0.021249999999999998
2 0.43375 0.93125 0.01125 0.01875
2 0.45906250000000004 0.93 0.008749999999999999 0.0225
2 0.56125 0.9440625 0.01 0.0225
2 0.5065625 0.8634375000000001 0.01 0.02375
2 0.591875 0.9081250000000001 0.008749999999999999 0.0225
2 0.5865625 0.943125 0.0075 0.017499999999999998
2 0.9096875000000001 0.8278125 0.0225 0.008749999999999999
2 0.9087500000000001 0.8471875000000001 0.02375 0.01
2 0.47625 0.991875 0.008749999999999999 0.015
2 0.3859375 0.8943749999999999 0.0125 0.026250000000000002
2 0.3978125 0.6346875 0.01125 0.0225
2 0.410625 0.6378125 0.008749999999999999 0.0225
2 0.689375 0.665 0.01 0.02375
