2 0.724375 0.5478125 0.03 0.01125
2 0.304375 0.6646875 0.008749999999999999 0.02
2 0.713125 0.945625 0.026250000000000002 0.01625
2 0.3153125 0.6640625 0.008749999999999999 0.025
2 0.785625 0.5431250000000001 0.008749999999999999 0.02375
2 0.255625 0.8275 0.02375 0.01125
2 0.2546875 0.85125 0.025 0.008749999999999999
2 0.34500000000000003 0.9946875000000001 0.008749999999999999 0.01125
2 0.6487499999999999 0.940625 0.0225 0.0125
2 0.6815625 0.94375 0.0225 0.0125
2 0.3025 0.5962500000000001 0.01125 0.02375
2 0.315 0.6015625 0.01125 0.025
2 0.5465625000000001 0.8853125000000001 0.021249999999999998 0.017499999999999998
