2 0.1103125 0.8162499999999999 0.01125 0.026250000000000002
2 0.8740625 0.064375 0.02 0.01
2 0.8715624999999999 0.0878125 0.021249999999999998 0.01
2 0.875625 0.105625 0.02 0.01125
2 0.7993750000000001 0.06281250000000001 0.02375 0.01
2 0.0678125 0.32156250000000003 0.0075 0.021249999999999998
2 0.8793749999999999 0.026250000000000002 0.021249999999999998 0.008749999999999999
2 0.883125 0.7975 0.01 0.02
2 0.380625 0.8128125 0.02375 0.01625
2 0.40437500000000004 0.8090624999999999 0.021249999999999998 0.021249999999999998
2 0.535625 0.8028124999999999 0.008749999999999999 0.021249999999999998
2 0.5471874999999999 0.8006249999999999 0.01 0.026250000000000002
2 0.7409375 0.7943749999999999 0.01 0.02
2 0.781875 0.8275 0.02 0.01125
2 0.7834375 0.9390625 0.02 0.0125
2 0.851875 0.8931250000000001 0.0225 0.01125
2 0.850625 0.881875 0.02 0.0075
2 0.865 0.4875 0.02375 0.0125
2 0.865625 0.471875 0.025 0.0125
2 0.13187500000000002 0.6034375 0.026250000000000002 0.01
2 0.10375000000000001 0.4221875 0.013750000000000002 0.0225
2 0.0371875 0.32218749999999996 0.008749999999999999 0.01625
2 0.050937500000000004 0.32375 0.01125 0.0225
2 0.21187499999999998 0.3515625 0.017499999999999998 0.01875
2 0.268125 0.22749999999999998 0.01125 0.02375
2 0.049375 0.0203125 0.01125 0.025
2 0.796875 0.301875 0.025 0.01
2 0.79875 0.26187499999999997 0.0225 0.01125
2 0.8009375000000001 0.0765625 0.02375 0.0125
