2 0.0315625 0.0134375 0.00375 0.01125
2 0.18031250000000001 0.013125000000000001 0.0075 0.013750000000000002
2 0.20406249999999998 0.030625000000000003 0.005 0.01125
2 0.17875000000000002 0.0290625 0.0075 0.01125
2 0.1625 0.030625000000000003 0.00625 0.01125
2 0.1625 0.013750000000000002 0.00625 0.008749999999999999
2 0.15562499999999999 0.014374999999999999 0.005 0.01
2 0.14375 0.015 0.00625 0.01125
2 0.1384375 0.0290625 0.005 0.01125
2 0.5015625 0.2284375 0.00625 0.01
2 0.48562500000000003 0.2740625 0.008749999999999999 0.013750000000000002
2 0.11968749999999999 0.0140625 0.005 0.0125
2 0.10718749999999999 0.015312500000000001 0.005 0.015
2 0.0171875 0.176875 0.00625 0.01
2 0.005625 0.1759375 0.005 0.01125
2 0.01125 0.1775 0.00375 0.01125
2 0.0234375 0.1775 0.00625 0.01125
2 0.03 0.1775 0.00375 0.01125
2 0.07125000000000001 0.178125 0.005 0.0125
2 0.065 0.176875 0.005 0.01
2 0.058750000000000004 0.1775 0.005 0.01125
2 0.053125 0.17625 0.00625 0.008749999999999999
2 0.04625 0.176875 0.005 0.01
2 0.0421875 0.1775 0.00625 0.01125
2 0.0359375 0.176875 0.00625 0.01
2 0.065625 0.2078125 0.00625 0.0125
2 0.058750000000000004 0.20656249999999998 0.005 0.01
2 0.052500000000000005 0.205625 0.005 0.01125
2 0.046875 0.205625 0.00625 0.01125
2 0.015 0.20812499999999998 0.005 0.01
2 0.0071874999999999994 0.20812499999999998 0.005 0.01
2 0.0028125 0.20656249999999998 0.0025 0.01
2 0.10874999999999999 0.03 0.005 0.01
2 0.115625 0.2109375 0.00625 0.0125
2 0.08375 0.209375 0.005 0.0125
2 0.075 0.2084375 0.00625 0.013750000000000002
2 0.07843750000000001 0.1775 0.00375 0.01125
2 0.0765625 0.15875 0.00625 0.01125
2 0.0665625 0.1296875 0.005 0.0125
2 0.060312500000000005 0.128125 0.005 0.0125
2 0.0646875 0.11000000000000001 0.0075 0.013750000000000002
2 0.030625000000000003 0.078125 0.005 0.0125
2 0.0234375 0.078125 0.00625 0.0125
2 0.0134375 0.08 0.005 0.01
2 0.006562500000000001 0.07843750000000001 0.00375 0.01
2 0.0034375000000000005 0.08 0.00375 0.01
2 0.024375 0.1103125 0.005 0.01125
2 0.01875 0.11000000000000001 0.00625 0.013750000000000002
2 0.00625 0.1103125 0.00625 0.01125
2 0.0021874999999999998 0.1109375 0.00125 0.0125
2 0.0171875 0.130625 0.00625 0.01125
2 0.009375 0.1296875 0.00625 0.0125
2 0.0821875 0.1775 0.005 0.01125
2 0.0884375 0.1775 0.005 0.01125
2 0.1134375 0.029375000000000002 0.005 0.008749999999999999
2 0.10093749999999999 0.028437499999999998 0.005 0.01
2 0.0953125 0.028437499999999998 0.00625 0.01
2 0.0915625 0.014374999999999999 0.005 0.01
2 0.0875 0.0290625 0.00625 0.01125
2 0.1078125 0.0609375 0.00625 0.0125
2 0.008749999999999999 0.013750000000000002 0.005 0.008749999999999999
2 0.025937500000000002 0.0128125 0.005 0.01
2 0.19718750000000002 0.060312500000000005 0.00375 0.01125
2 0.136875 0.0828125 0.005 0.0125
2 0.13125 0.081875 0.00625 0.013750000000000002
2 0.118125 0.080625 0.005 0.01125
2 0.10687500000000001 0.0796875 0.0075 0.0125
2 0.14937499999999998 0.11000000000000001 0.005 0.013750000000000002
2 0.1925 0.18375 0.00375 0.01125
2 0.1525 0.209375 0.005 0.0125
2 0.1453125 0.21031249999999999 0.00625 0.01125
2 0.130625 0.1784375 0.005 0.01
2 0.12437499999999999 0.18 0.005 0.01
2 0.130625 0.13218749999999999 0.005 0.01125
2 0.13125 0.109375 0.00625 0.0125
2 0.105625 0.178125 0.005 0.0125
2 0.1003125 0.1784375 0.00375 0.01
2 0.09406250000000001 0.18 0.00375 0.01
2 0.021249999999999998 0.2071875 0.005 0.01125
2 0.0265625 0.2078125 0.00625 0.0125
2 0.0328125 0.2071875 0.00625 0.01125
2 0.0390625 0.20625 0.00625 0.0125
2 0.0365625 0.079375 0.0075 0.015
2 0.1265625 0.0140625 0.00625 0.0125
2 0.13187500000000002 0.0125 0.0075 0.0125
