2 0.24312499999999998 0.138125 0.005 0.0075
2 0.321875 0.139375 0.00625 0.01
2 0.31656249999999997 0.1390625 0.005 0.0125
2 0.3103125 0.1378125 0.005 0.01
2 0.3040625 0.1384375 0.005 0.01125
2 0.29874999999999996 0.13874999999999998 0.00375 0.008749999999999999
2 0.29312499999999997 0.138125 0.005 0.0075
2 0.286875 0.139375 0.005 0.01
2 0.28125 0.13968750000000002 0.00625 0.0075
2 0.268125 0.1409375 0.005 0.01
2 0.26125 0.139375 0.00375 0.01
2 0.255625 0.13874999999999998 0.005 0.008749999999999999
2 0.2503125 0.13968750000000002 0.00375 0.0075
2 0.2375 0.138125 0.00625 0.0075
2 0.23125 0.138125 0.00625 0.0075
2 0.22531249999999997 0.139375 0.00375 0.01
2 0.21812499999999999 0.139375 0.005 0.01
2 0.24562499999999998 0.14875 0.01 0.00375
2 0.1978125 0.13874999999999998 0.005 0.008749999999999999
2 0.19 0.1378125 0.005 0.01
2 0.18125 0.136875 0.00625 0.01125
2 0.1628125 0.14781249999999999 0.01 0.005
2 0.17281249999999998 0.138125 0.005 0.013750000000000002
2 0.1665625 0.1384375 0.005 0.01125
2 0.1609375 0.13874999999999998 0.00625 0.008749999999999999
2 0.1525 0.136875 0.005 0.01125
2 0.328125 0.139375 0.00625 0.01
2 0.3359375 0.139375 0.00625 0.01
2 0.343125 0.13999999999999999 0.005 0.01125
2 0.349375 0.13999999999999999 0.005 0.01125
2 0.35562499999999997 0.18 0.005 0.01
2 0.32375 0.18062499999999998 0.01 0.005
2 0.2509375 0.1775 0.005 0.01125
2 0.21812499999999999 0.17906249999999999 0.005 0.01125
2 0.21031249999999999 0.179375 0.005 0.008749999999999999
2 0.2009375 0.179375 0.005 0.008749999999999999
2 0.17281249999999998 0.1796875 0.005 0.0125
2 0.1453125 0.17906249999999999 0.00625 0.01125
2 0.12593749999999998 0.1775 0.005 0.01125
2 0.11750000000000001 0.178125 0.00375 0.0125
2 0.1125 0.17625 0.00625 0.008749999999999999
2 0.0675 0.145625 0.01 0.00375
2 0.08625000000000001 0.14125000000000001 0.00375 0.013750000000000002
2 0.0925 0.140625 0.00375 0.0125
2 0.1034375 0.143125 0.00375 0.01125
2 0.10906249999999999 0.143125 0.0025 0.01125
2 0.11499999999999999 0.14156249999999998 0.005 0.01125
2 0.121875 0.14125000000000001 0.00625 0.013750000000000002
2 0.18125 0.08687500000000001 0.00625 0.01125
2 0.175 0.0878125 0.00625 0.01
2 0.1978125 0.099375 0.01125 0.01125
2 0.383125 0.1078125 0.00375 0.0125
2 0.36875 0.140625 0.00625 0.0125
2 0.361875 0.13999999999999999 0.005 0.01125
2 0.35625 0.140625 0.00625 0.0125
2 0.14781249999999999 0.1378125 0.005 0.01
2 0.39875 0.1509375 0.01 0.005
2 0.395 0.14156249999999998 0.008749999999999999 0.005
2 0.39375 0.1084375 0.00625 0.013750000000000002
2 0.410625 0.1271875 0.021249999999999998 0.0075
2 0.43156249999999996 0.0965625 0.0225 0.008749999999999999
2 0.13125 0.07875 0.00625 0.026250000000000002
2 0.02375 0.028125 0.01 0.0125
2 0.0128125 0.035625000000000004 0.01 0.008749999999999999
2 0.0046875 0.043125000000000004 0.00625 0.01125
2 0.460625 0.9256249999999999 0.008749999999999999 0.0075
2 0.4559375 0.9178124999999999 0.008749999999999999 0.0075
2 0.3353125 0.9087500000000001 0.01125 0.01125
2 0.34500000000000003 0.9112500000000001 0.008749999999999999 0.01
