2 0.08375 0.04 0.01125 0.01125
2 0.04875 0.0625 0.01 0.00625
2 0.0384375 0.050624999999999996 0.01125 0.0075
2 0.0234375 0.0421875 0.0125 0.00625
2 0.0171875 0.0365625 0.0125 0.0075
2 0.02375 0.0684375 0.00375 0.008749999999999999
2 0.011875 0.058750000000000004 0.005 0.01125
2 0.0034375000000000005 0.0553125 0.00375 0.013750000000000002
2 0.280625 0.1615625 0.01125 0.0075
2 0.22312500000000002 0.064375 0.008749999999999999 0.01
2 0.2184375 0.0690625 0.008749999999999999 0.01
2 0.22937500000000002 0.0759375 0.008749999999999999 0.01125
2 0.2246875 0.07906250000000001 0.008749999999999999 0.01125
2 0.2184375 0.0834375 0.008749999999999999 0.013750000000000002
2 0.20593750000000002 0.08156250000000001 0.008749999999999999 0.01
2 0.18656250000000002 0.058750000000000004 0.0075 0.01125
2 0.2603125 0.1953125 0.01125 0.00625
2 0.2628125 0.20875 0.01 0.005
2 0.2790625 0.20625 0.01125 0.00625
2 0.270625 0.2396875 0.01 0.0075
2 0.2684375 0.2328125 0.008749999999999999 0.00625
2 0.28531249999999997 0.23500000000000001 0.01125 0.0075
2 0.29312499999999997 0.24500000000000002 0.01125 0.008749999999999999
2 0.3015625 0.2534375 0.0125 0.01
2 0.476875 0.38937499999999997 0.01 0.01
2 0.47000000000000003 0.383125 0.008749999999999999 0.01
2 0.078125 0.04625 0.0125 0.01125
2 0.0853125 0.03375 0.01125 0.01125
2 0.433125 0.3446875 0.01 0.01125
2 0.090625 0.028749999999999998 0.0125 0.013750000000000002
2 0.46687500000000004 0.379375 0.008749999999999999 0.008749999999999999
2 0.428125 0.3775 0.0125 0.01125
2 0.418125 0.37124999999999997 0.01125 0.01125
2 0.3509375 0.32875 0.01125 0.013750000000000002
2 0.3509375 0.3025 0.01125 0.01125
2 0.38375 0.2940625 0.01125 0.01
2 0.334375 0.290625 0.0125 0.0125
2 0.57375 0.52125 0.01 0.01125
2 0.61 0.5575 0.0075 0.008749999999999999
2 0.5696875 0.5596875 0.01125 0.01
2 0.583125 0.5753125 0.01 0.01
2 0.5903125 0.5784374999999999 0.008749999999999999 0.01
2 0.579375 0.588125 0.008749999999999999 0.0075
2 0.586875 0.596875 0.01125 0.0125
2 0.6003125 0.590625 0.01 0.0125
2 0.63375 0.5828125 0.01125 0.0125
2 0.609375 0.599375 0.0125 0.01125
2 0.5974999999999999 0.60625 0.013750000000000002 0.0125
2 0.614375 0.6321875 0.01 0.01125
2 0.6018749999999999 0.6415625 0.01 0.01125
2 0.5962500000000001 0.6484375 0.01125 0.0125
2 0.63375 0.7359375 0.01125 0.0125
2 0.646875 0.7546875 0.0125 0.0125
2 0.696875 0.30093749999999997 0.0125 0.01125
2 0.7078125 0.2890625 0.0125 0.0125
2 0.7150000000000001 0.284375 0.01125 0.0125
