2 0.8 0.6559375000000001 0.0125 0.008749999999999999
2 0.42374999999999996 0.9353125 0.01 0.01125
2 0.384375 0.9356249999999999 0.0125 0.008749999999999999
2 0.4109375 0.9446875 0.0125 0.01125
2 0.79875 0.63125 0.01 0.00625
2 0.8009375000000001 0.6184375 0.01125 0.008749999999999999
2 0.7993750000000001 0.6115625 0.01125 0.0075
2 0.8015625 0.5974999999999999 0.0125 0.0075
2 0.8003125000000001 0.5912499999999999 0.01 0.0075
2 0.8003125000000001 0.5825 0.01 0.008749999999999999
2 0.795625 0.5503125 0.01 0.01
2 0.783125 0.5384375 0.01 0.01125
2 0.7837500000000001 0.5515625 0.01125 0.0125
2 0.7681250000000001 0.5431250000000001 0.01125 0.01125
2 0.7771874999999999 0.5575 0.013750000000000002 0.008749999999999999
2 0.7737499999999999 0.5625 0.01 0.00625
2 0.7731250000000001 0.5690625 0.008749999999999999 0.00375
2 0.7618750000000001 0.5662499999999999 0.01125 0.0075
2 0.755625 0.575 0.01125 0.00625
2 0.76125 0.58375 0.01 0.005
2 0.765 0.5900000000000001 0.01125 0.005
2 0.7675 0.6021875 0.01 0.0075
2 0.764375 0.6140625 0.01 0.00625
2 0.7596875 0.621875 0.01 0.00625
2 0.39625 0.8331250000000001 0.01125 0.01
2 0.43375 0.8471875000000001 0.01125 0.01
2 0.4759375 0.95875 0.01125 0.01125
2 0.46749999999999997 0.9659375000000001 0.01 0.01
2 0.96125 0.575 0.01 0.0125
2 0.9878125000000001 0.5759375 0.01 0.01125
2 0.9956250000000001 0.5743750000000001 0.01 0.01125
2 0.9784375000000001 0.54 0.01 0.01125
2 0.9706250000000001 0.5393749999999999 0.01 0.01
2 0.8018750000000001 0.6378125 0.01 0.01
2 0.780625 0.6759375000000001 0.005 0.01125
2 0.765 0.67625 0.01125 0.008749999999999999
2 0.05625 0.315 0.00625 0.01125
2 0.118125 0.315625 0.005 0.0125
2 0.11187499999999999 0.339375 0.005 0.01
2 0.109375 0.3540625 0.00625 0.01125
2 0.0978125 0.36124999999999996 0.005 0.01
2 0.0884375 0.35812499999999997 0.005 0.01
2 0.1684375 0.36906249999999996 0.015 0.01
2 0.1796875 0.38687499999999997 0.0125 0.005
2 0.203125 0.3890625 0.0125 0.00625
2 0.2165625 0.3440625 0.005 0.01
2 0.216875 0.5471874999999999 0.015 0.01
2 0.339375 0.6431250000000001 0.01 0.01125
2 0.475 0.58375 0.00625 0.01125
2 0.48531250000000004 0.58375 0.005 0.01125
2 0.50875 0.584375 0.005 0.0125
2 0.5203125 0.584375 0.00625 0.0125
2 0.5453125 0.5853125 0.00625 0.01125
2 0.49625 0.615625 0.005 0.0125
2 0.48375 0.615625 0.005 0.0125
2 0.47375 0.618125 0.00375 0.01125
2 0.46656250000000005 0.6165625 0.005 0.01125
2 0.459375 0.615 0.00625 0.01125
2 0.968125 0.65625 0.01125 0.00625
2 0.9078125 0.655625 0.0125 0.005
2 0.69375 0.6865625 0.0125 0.0075
2 0.2203125 0.3715625 0.00625 0.015
2 0.241875 0.356875 0.015 0.0075
2 0.24656250000000002 0.35 0.008749999999999999 0.00625
2 0.2475 0.3446875 0.013750000000000002 0.005
2 0.246875 0.3375 0.0125 0.00625
