2 0.075 0.14125000000000001 0.00625 0.013750000000000002
2 0.061875 0.15 0.01125 0.00625
2 0.061875 0.1584375 0.01125 0.0075
2 0.061250000000000006 0.16343749999999999 0.01 0.005
2 0.08125 0.1821875 0.00625 0.01125
2 0.074375 0.1828125 0.005 0.0125
2 0.39125 0.2090625 0.013750000000000002 0.008749999999999999
2 0.4265625 0.23562500000000003 0.0125 0.015
2 0.42750000000000005 0.24281250000000001 0.01125 0.013750000000000002
2 0.43187499999999995 0.25906250000000003 0.013750000000000002 0.015
2 0.43375 0.265 0.01125 0.01125
2 0.421875 0.284375 0.0125 0.00625
2 0.3975 0.30593750000000003 0.013750000000000002 0.015
2 0.253125 0.33187500000000003 0.00625 0.013750000000000002
2 0.2765625 0.22749999999999998 0.00625 0.01125
2 0.2071875 0.27375 0.005 0.01
2 0.21968749999999998 0.453125 0.005 0.0125
2 0.22125 0.47468750000000004 0.005 0.015
2 0.228125 0.484375 0.00625 0.0125
2 0.2046875 0.45843749999999994 0.00625 0.013750000000000002
2 0.21187499999999998 0.44625000000000004 0.005 0.01125
2 0.21187499999999998 0.458125 0.005 0.01
2 0.205 0.47906250000000006 0.00375 0.01125
2 0.20406249999999998 0.49312500000000004 0.005 0.01125
2 0.06343750000000001 0.1384375 0.01125 0.005
2 0.08937500000000001 0.161875 0.01 0.005
2 0.21125 0.49093749999999997 0.00375 0.01
2 0.09 0.15562499999999999 0.01125 0.005
2 0.2896875 0.0125 0.013750000000000002 0.00625
2 0.29375 0.00625 0.0125 0.00625
2 0.2571875 0.027500000000000004 0.005 0.01125
2 0.18375 0.08687500000000001 0.01125 0.005
2 0.15875 0.096875 0.01125 0.00625
2 0.15875 0.109375 0.01125 0.00625
2 0.17124999999999999 0.1296875 0.01125 0.0125
2 0.15625 0.2109375 0.0125 0.00625
2 0.1546875 0.2234375 0.0125 0.00625
2 0.184375 0.2171875 0.0125 0.00625
2 0.1846875 0.224375 0.01 0.005
2 0.1846875 0.2290625 0.01 0.005
2 0.1853125 0.2375 0.01125 0.00625
2 0.10874999999999999 0.174375 0.01125 0.005
2 0.1075 0.18 0.008749999999999999 0.00375
2 0.090625 0.14375 0.0125 0.00625
2 0.09 0.14937499999999998 0.01125 0.005
2 0.225 0.529375 0.0125 0.008749999999999999
2 0.220625 0.4925 0.00375 0.01
2 0.23125 0.8306250000000001 0.00625 0.01125
2 0.234375 0.8746875 0.00625 0.015
2 0.24562499999999998 0.8862500000000001 0.00375 0.01
2 0.2375 0.9243750000000001 0.00625 0.01125
2 0.244375 0.9384375 0.0075 0.01125
2 0.24562499999999998 0.976875 0.00375 0.01
2 0.236875 0.9721875000000001 0.005 0.01
2 0.3234375 0.94375 0.00625 0.0125
2 0.303125 0.9790625000000001 0.00625 0.01125
2 0.29093749999999996 0.9828125 0.00375 0.0125
2 0.24656250000000002 0.8481249999999999 0.008749999999999999 0.015
2 0.2421875 0.689375 0.00625 0.01
2 0.2128125 0.47750000000000004 0.00375 0.01125
2 0.246875 0.8134375 0.00625 0.01125
2 0.7106250000000001 0.6168750000000001 0.015 0.008749999999999999
2 0.6537499999999999 0.6012500000000001 0.013750000000000002 0.008749999999999999
2 0.09375 0.5493750000000001 0.0125 0.005
2 0.0809375 0.484375 0.008749999999999999 0.0125
2 0.06 0.4984375 0.013750000000000002 0.00625
2 0.068125 0.5171875 0.005 0.0125
2 0.025625 0.5371875 0.013750000000000002 0.008749999999999999
2 0.23531249999999998 0.5890625 0.005 0.0125
2 0.25 0.59875 0.00625 0.01
2 0.234375 0.609375 0.00625 0.0125
2 0.24156249999999999 0.615625 0.005 0.0125
2 0.2578125 0.6515625 0.00625 0.0125
2 0.234375 0.6275000000000001 0.00625 0.01125
2 0.24937499999999999 0.6331249999999999 0.005 0.01
2 0.2328125 0.6453125 0.00625 0.0125
2 0.23531249999999998 0.6596875 0.005 0.01
2 0.23374999999999999 0.6746875 0.005 0.008749999999999999
2 0.24937499999999999 0.6546875 0.005 0.0125
2 0.15718749999999998 0.5525 0.01125 0.005
2 0.533125 0.5653125 0.01 0.008749999999999999
2 0.2328125 0.724375 0.00625 0.01125
2 0.2484375 0.7381249999999999 0.00625 0.013750000000000002
2 0.24 0.745625 0.005 0.01
2 0.246875 0.7665625 0.00625 0.01125
2 0.246875 0.79 0.00625 0.01125
2 0.76625 0.9668749999999999 0.013750000000000002 0.008749999999999999
2 0.7678125 0.9721875000000001 0.013750000000000002 0.01
2 0.7759375000000001 0.9840625 0.01125 0.008749999999999999
2 0.7884375 0.98125 0.01125 0.00625
2 0.7846875 0.97625 0.01 0.008749999999999999
2 0.7909375 0.996875 0.01 0.00625
2 0.991875 0.9706250000000001 0.008749999999999999 0.01
2 0.724375 0.9256249999999999 0.01125 0.0075
2 0.7259375 0.9324999999999999 0.01125 0.008749999999999999
2 0.73 0.945 0.01 0.008749999999999999
2 0.6128125 0.991875 0.01 0.008749999999999999
2 0.7212500000000001 0.975 0.01125 0.00625
2 0.733125 0.9515625 0.01 0.00625
2 0.73375 0.963125 0.01125 0.0075
2 0.7375 0.9684375 0.0125 0.008749999999999999
2 0.7390625 0.975 0.0125 0.00625
2 0.7390625 0.9803124999999999 0.0125 0.0075
2 0.74125 0.9871874999999999 0.013750000000000002 0.008749999999999999
2 0.7428125 0.9909375 0.013750000000000002 0.01
2 0.7462500000000001 0.9959374999999999 0.01125 0.0075
2 0.205 0.4140625 0.00375 0.0125
2 0.8150000000000001 0.9659375000000001 0.01125 0.00375
2 0.8165625000000001 0.9709375 0.01125 0.0075
2 0.843125 0.9978125 0.01125 0.005
2 0.9978125 0.938125 0.005 0.0075
2 0.1759375 0.49781250000000005 0.01125 0.005
