2 0.378125 0.95 0.00625 0.0125
2 0.36625 0.9515625 0.0075 0.0125
2 0.3875 0.775 0.00625 0.0125
2 0.3675 0.75875 0.00375 0.01125
2 0.37374999999999997 0.7581249999999999 0.00375 0.01
2 0.37906249999999997 0.7571875 0.005 0.01125
2 0.38687499999999997 0.7581249999999999 0.005 0.01
2 0.393125 0.7584375 0.005 0.013750000000000002
2 0.399375 0.759375 0.005 0.0125
2 0.40499999999999997 0.759375 0.00375 0.0125
2 0.409375 0.75875 0.00625 0.01125
2 0.3615625 0.7765625 0.0075 0.0125
2 0.368125 0.7765625 0.005 0.0125
2 0.374375 0.775 0.005 0.0125
2 0.380625 0.7737499999999999 0.005 0.01
2 0.393125 0.776875 0.005 0.01
2 0.0515625 0.6559375000000001 0.0125 0.008749999999999999
2 0.399375 0.77625 0.005 0.008749999999999999
2 0.40499999999999997 0.7759375000000001 0.00375 0.01125
2 0.4103125 0.7753125 0.005 0.01
2 0.42843749999999997 0.775 0.00375 0.0125
2 0.4334375 0.774375 0.0075 0.01125
2 0.43937499999999996 0.775 0.00375 0.0125
2 0.4446875 0.7737499999999999 0.005 0.01
2 0.4515625 0.7759375000000001 0.00625 0.01125
2 0.45875000000000005 0.7753125 0.005 0.01
2 0.46343750000000006 0.774375 0.005 0.01125
2 0.46875 0.7759375000000001 0.00625 0.01125
2 0.47750000000000004 0.7753125 0.005 0.01
2 0.361875 0.7581249999999999 0.005 0.01
2 0.4296875 0.759375 0.00625 0.0125
2 0.4359375 0.7603125000000001 0.00625 0.01125
2 0.4415625 0.7596875 0.005 0.01
2 0.38687499999999997 0.7265625 0.005 0.0125
2 0.393125 0.7275 0.005 0.01125
2 0.4025 0.7265625 0.005 0.0125
2 0.4109375 0.7265625 0.00625 0.0125
2 0.5134375 0.7275 0.005 0.01125
2 0.5071875 0.7275 0.005 0.01125
2 0.5025000000000001 0.7262500000000001 0.005 0.008749999999999999
2 0.49625 0.725625 0.005 0.0075
2 0.4415625 0.7262500000000001 0.005 0.008749999999999999
2 0.44625000000000004 0.7275 0.005 0.01125
2 0.4846875 0.725625 0.00375 0.0075
2 0.47750000000000004 0.7262500000000001 0.005 0.008749999999999999
2 0.47125000000000006 0.7262500000000001 0.005 0.008749999999999999
2 0.4659375 0.7268749999999999 0.00375 0.01
2 0.4603125 0.7262500000000001 0.005 0.008749999999999999
2 0.5009375 0.75875 0.005 0.01125
2 0.495625 0.75875 0.00375 0.01125
2 0.49000000000000005 0.7596875 0.005 0.01
2 0.48375 0.75875 0.005 0.01125
2 0.47750000000000004 0.75875 0.005 0.01125
2 0.471875 0.75875 0.00625 0.01125
2 0.465625 0.75875 0.00625 0.01125
2 0.4603125 0.75875 0.005 0.01125
2 0.453125 0.7581249999999999 0.00625 0.01
2 0.44718749999999996 0.7581249999999999 0.00375 0.01
2 0.48218750000000005 0.7759375000000001 0.005 0.01125
2 0.4884375 0.7753125 0.005 0.01
2 0.49312500000000004 0.7775000000000001 0.005 0.01125
2 0.7471875 0.7321875 0.00375 0.01125
2 0.7815624999999999 0.7634375 0.00375 0.01125
2 0.6431250000000001 0.7775000000000001 0.005 0.01125
2 0.6487499999999999 0.7775000000000001 0.00375 0.01125
2 0.6540625 0.778125 0.005 0.0125
2 0.66125 0.776875 0.00375 0.01
2 0.6775 0.7775000000000001 0.005 0.01125
2 0.828125 0.734375 0.00625 0.0125
2 0.8400000000000001 0.7315625 0.005 0.01
2 0.846875 0.7321875 0.00625 0.01125
2 0.8525 0.7309375 0.005 0.008749999999999999
2 0.85875 0.7309375 0.005 0.008749999999999999
2 0.865 0.7325 0.005 0.008749999999999999
2 0.8696875000000001 0.733125 0.005 0.01
2 0.88125 0.7325 0.00625 0.015
2 0.8953125 0.73375 0.00625 0.01125
2 0.9046875 0.73375 0.00625 0.01125
2 0.930625 0.765 0.005 0.01125
2 0.9540625 0.780625 0.005 0.01125
2 0.92875 0.7790625 0.0075 0.01125
2 0.9125 0.780625 0.00625 0.01125
2 0.9125 0.76375 0.00625 0.008749999999999999
2 0.905625 0.764375 0.005 0.01
2 0.89375 0.765 0.00625 0.01125
2 0.883125 0.764375 0.00375 0.01
2 0.8875 0.7796875 0.00625 0.0125
2 0.7515625 0.7306250000000001 0.00625 0.01125
2 0.69625 0.7609375 0.005 0.0125
2 0.5 0.7775000000000001 0.00625 0.01125
2 0.6421875 0.7603125000000001 0.00625 0.01125
2 0.36124999999999996 0.8065625000000001 0.00375 0.01
2 0.3671875 0.80625 0.00625 0.0125
2 0.37374999999999997 0.8059375 0.00375 0.008749999999999999
2 0.38 0.805625 0.00375 0.01125
2 0.3853125 0.8065625000000001 0.005 0.01
2 0.3909375 0.805625 0.00375 0.01125
2 0.40406250000000005 0.8071875000000001 0.005 0.01125
2 0.409375 0.80375 0.00625 0.013750000000000002
2 0.428125 0.806875 0.00625 0.013750000000000002
2 0.43218750000000006 0.80625 0.005 0.0125
2 0.43843750000000004 0.80625 0.005 0.0125
2 0.4446875 0.8081250000000001 0.005 0.01
2 0.45093750000000005 0.8081250000000001 0.005 0.01
2 0.4578125 0.8071875000000001 0.00625 0.01125
2 0.49375 0.80625 0.00625 0.0125
2 0.500625 0.80625 0.0075 0.0125
2 0.5275000000000001 0.8071875000000001 0.005 0.01125
2 0.6118750000000001 0.7775000000000001 0.005 0.01125
2 0.625 0.7775000000000001 0.00625 0.01125
2 0.6118750000000001 0.7603125000000001 0.005 0.01125
2 0.61875 0.759375 0.00625 0.0125
2 0.380625 0.7275 0.005 0.01125
2 0.37374999999999997 0.7268749999999999 0.00375 0.01
2 0.368125 0.7259375 0.005 0.01125
2 0.04875 0.63125 0.01 0.00625
2 0.050937500000000004 0.6184375 0.01125 0.008749999999999999
2 0.049375 0.6115625 0.01125 0.0075
2 0.0515625 0.5974999999999999 0.0125 0.0075
2 0.0503125 0.5912499999999999 0.01 0.0075
2 0.0503125 0.5825 0.01 0.008749999999999999
2 0.045625 0.5503125 0.01 0.01
2 0.033125 0.5384375 0.01 0.01125
2 0.03375 0.5515625 0.01125 0.0125
2 0.018125 0.5431250000000001 0.01125 0.01125
2 0.027187499999999996 0.5575 0.013750000000000002 0.008749999999999999
2 0.02375 0.5625 0.01 0.00625
2 0.023125 0.5690625 0.008749999999999999 0.00375
2 0.011875 0.5662499999999999 0.01125 0.0075
2 0.006562500000000001 0.575 0.01 0.00625
2 0.01125 0.58375 0.01 0.005
2 0.015 0.5900000000000001 0.01125 0.005
2 0.017499999999999998 0.6021875 0.01 0.0075
2 0.014374999999999999 0.6140625 0.01 0.00625
2 0.0096875 0.621875 0.01 0.00625
2 0.36124999999999996 0.7259375 0.00375 0.01125
2 0.9103125000000001 0.5974999999999999 0.005 0.013750000000000002
2 0.9025000000000001 0.5974999999999999 0.005 0.013750000000000002
2 0.8868750000000001 0.5984375 0.005 0.0125
2 0.42750000000000005 0.590625 0.005 0.0125
2 0.415625 0.5915625 0.00625 0.01125
2 0.21125 0.575 0.01 0.0125
2 0.23781249999999998 0.5759375 0.01 0.01125
2 0.24562499999999998 0.5743750000000001 0.01 0.01125
2 0.2284375 0.54 0.01 0.01125
2 0.220625 0.5393749999999999 0.01 0.01
2 0.3375 0.7240624999999999 0.00625 0.013750000000000002
2 0.34375 0.725 0.00625 0.0125
2 0.35 0.7259375 0.00625 0.01125
2 0.35562499999999997 0.7268749999999999 0.005 0.01
2 0.8784375000000001 0.764375 0.00375 0.01
2 0.8696875000000001 0.7640625 0.005 0.0125
2 0.8571875 0.7653125000000001 0.005 0.015
2 0.7671875 0.9268750000000001 0.00625 0.01
2 0.755625 0.9259375000000001 0.005 0.01125
2 0.749375 0.9268750000000001 0.005 0.01
2 0.7424999999999999 0.9259375000000001 0.00375 0.01125
2 0.73125 0.9271874999999999 0.00625 0.013750000000000002
2 0.724375 0.925 0.005 0.0125
2 0.71875 0.9259375000000001 0.00625 0.01125
2 0.713125 0.9259375000000001 0.0075 0.01125
2 0.70625 0.9243750000000001 0.00625 0.01125
2 0.7 0.9265625 0.00625 0.0125
2 0.693125 0.9275 0.005 0.01125
2 0.6875 0.9262499999999999 0.00625 0.008749999999999999
2 0.68125 0.9253125000000001 0.00625 0.01
2 0.67375 0.9259375000000001 0.00375 0.01125
2 0.6634375 0.9259375000000001 0.005 0.01125
2 0.656875 0.9237500000000001 0.0075 0.01
2 0.64625 0.9253125000000001 0.005 0.01
2 0.628125 0.9253125000000001 0.00625 0.01
2 0.621875 0.9259375000000001 0.00625 0.01125
2 0.61375 0.9253125000000001 0.008749999999999999 0.01
2 0.6025 0.9225 0.005 0.013750000000000002
2 0.5862499999999999 0.925 0.00375 0.0125
2 0.5790625 0.9253125000000001 0.005 0.01
2 0.5665625000000001 0.9237500000000001 0.005 0.01
2 0.5546875 0.9243750000000001 0.00625 0.01125
2 0.5431250000000001 0.9253125000000001 0.005 0.01
2 0.76125 0.9275 0.00375 0.01125
2 0.7734375 0.9275 0.00625 0.01125
2 0.5228125 0.9237500000000001 0.005 0.01
2 0.78 0.9275 0.00375 0.01125
2 0.4515625 0.8265625 0.00625 0.0125
2 0.44625000000000004 0.8259375 0.005 0.01125
2 0.43843750000000004 0.8259375 0.005 0.01125
2 0.42750000000000005 0.8243750000000001 0.005 0.01125
2 0.4096875 0.8259375 0.00375 0.01125
2 0.40406250000000005 0.8253125000000001 0.005 0.01
2 0.39 0.8243750000000001 0.005 0.01125
2 0.384375 0.8243750000000001 0.00625 0.01125
2 0.3671875 0.8253125000000001 0.00625 0.01
2 0.359375 0.8237500000000001 0.00625 0.01
2 0.82125 0.928125 0.005 0.0125
2 0.8150000000000001 0.9268750000000001 0.005 0.01
2 0.8087500000000001 0.9275 0.005 0.01125
2 0.803125 0.9262499999999999 0.00625 0.008749999999999999
2 0.79625 0.9268750000000001 0.005 0.01
2 0.7921875 0.9275 0.00625 0.01125
2 0.7859375 0.9268750000000001 0.00625 0.01
2 0.530625 0.9243750000000001 0.005 0.01125
2 0.50625 0.923125 0.00625 0.008749999999999999
2 0.5446875 0.826875 0.005 0.01
2 0.6775 0.9550000000000001 0.005 0.01
2 0.6728125 0.9540625 0.005 0.01125
2 0.6671875 0.9550000000000001 0.00625 0.01
2 0.6525000000000001 0.9525 0.005 0.01125
2 0.6278125 0.95375 0.008749999999999999 0.013750000000000002
2 0.6203125 0.9556250000000001 0.00625 0.01125
2 0.60875 0.9556250000000001 0.005 0.01125
2 0.599375 0.9556250000000001 0.005 0.01125
2 0.5790625 0.9534375 0.005 0.01
2 0.564375 0.9546875 0.00375 0.0125
2 0.528125 0.9540625 0.00625 0.01125
2 0.5196875000000001 0.9525 0.005 0.01125
2 0.5040625000000001 0.951875 0.005 0.01
2 0.459375 0.9525 0.00625 0.01125
2 0.45406250000000004 0.953125 0.005 0.0125
2 0.4421875 0.9525 0.00625 0.01125
2 0.4359375 0.9525 0.00625 0.01125
2 0.4290625 0.953125 0.005 0.0125
2 0.4103125 0.953125 0.005 0.0125
2 0.49406249999999996 0.9246874999999999 0.00375 0.008749999999999999
2 0.4603125 0.9228125 0.005 0.01125
2 0.453125 0.9237500000000001 0.00625 0.01
2 0.425 0.9240625 0.00625 0.013750000000000002
2 0.4125 0.9221875 0.00625 0.01
2 0.3890625 0.9228125 0.00625 0.01125
2 0.36625 0.921875 0.0075 0.0125
2 0.37906249999999997 0.92125 0.005 0.01125
2 0.3615625 0.921875 0.0075 0.0125
2 0.3540625 0.9221875 0.005 0.01
2 0.34781249999999997 0.920625 0.005 0.01
2 0.33875 0.921875 0.008749999999999999 0.0125
2 0.815625 0.9578125 0.00625 0.0125
2 0.8087500000000001 0.9565625000000001 0.005 0.01
2 0.8025 0.9556250000000001 0.005 0.01125
2 0.796875 0.9556250000000001 0.00625 0.01125
2 0.7890625 0.9556250000000001 0.00625 0.01125
2 0.7828125 0.9578125 0.00625 0.0125
2 0.7775000000000001 0.9578125 0.005 0.0125
2 0.7390625 0.9565625000000001 0.00625 0.01
2 0.5384375 0.8275 0.005 0.01125
2 0.555625 0.826875 0.005 0.01
2 0.85875 0.78 0.005 0.01
2 0.865625 0.9609375 0.00625 0.0125
2 0.83375 0.959375 0.005 0.0125
2 0.825 0.9584374999999999 0.00625 0.013750000000000002
2 0.8284375 0.9275 0.00375 0.01125
2 0.8265625 0.9087500000000001 0.00625 0.01125
2 0.8165625000000001 0.8796875 0.005 0.0125
2 0.8103125 0.878125 0.005 0.0125
2 0.815625 0.86 0.00625 0.013750000000000002
2 0.786875 0.8290625 0.005 0.01125
2 0.780625 0.828125 0.005 0.0125
2 0.7737499999999999 0.8290625 0.00375 0.01125
2 0.7634375 0.8300000000000001 0.005 0.01
2 0.7565625 0.8284375 0.00375 0.01
2 0.7515625 0.8300000000000001 0.00625 0.01
2 0.74375 0.8306250000000001 0.00625 0.01125
2 0.774375 0.8603125 0.005 0.01125
2 0.76875 0.86 0.00625 0.013750000000000002
2 0.75625 0.8603125 0.00625 0.01125
2 0.75 0.8609375 0.00625 0.0125
2 0.74375 0.859375 0.00625 0.0125
2 0.7671875 0.880625 0.00625 0.01125
2 0.76125 0.8790625000000001 0.00375 0.01125
2 0.74875 0.878125 0.00375 0.0125
2 0.75 0.909375 0.00625 0.0125
2 0.725 0.9078125 0.00625 0.0125
2 0.8462500000000001 0.959375 0.005 0.0125
2 0.8321875000000001 0.9275 0.005 0.01125
2 0.7265625 0.82875 0.00625 0.013750000000000002
2 0.8384375000000001 0.9275 0.005 0.01125
2 0.8634375000000001 0.779375 0.005 0.008749999999999999
2 0.8509375 0.7784375 0.005 0.01
2 0.8453125 0.7784375 0.00625 0.01
2 0.8415625 0.764375 0.005 0.01
2 0.8375 0.7790625 0.00625 0.01125
2 0.8578125 0.8109375 0.00625 0.0125
2 0.75875 0.76375 0.005 0.008749999999999999
2 0.7759375000000001 0.7628125 0.005 0.01
2 0.6946875 0.8099999999999999 0.005 0.013750000000000002
2 0.9453125 0.8103125 0.00625 0.01125
2 0.8868750000000001 0.8328125 0.005 0.0125
2 0.88125 0.8318749999999999 0.00625 0.013750000000000002
2 0.868125 0.8306250000000001 0.005 0.01125
2 0.8568749999999999 0.8296875 0.0075 0.0125
2 0.899375 0.86 0.005 0.013750000000000002
2 0.9425000000000001 0.9337500000000001 0.00375 0.01125
2 0.9025000000000001 0.959375 0.005 0.0125
2 0.8953125 0.9603125 0.00625 0.01125
2 0.880625 0.9284375 0.005 0.01
2 0.874375 0.93 0.005 0.01
2 0.880625 0.8821875 0.005 0.01125
2 0.88125 0.859375 0.00625 0.0125
2 0.8556250000000001 0.928125 0.005 0.0125
2 0.8503125 0.9284375 0.00375 0.01
2 0.8440625 0.93 0.00375 0.01
2 0.724375 0.859375 0.005 0.0125
2 0.71875 0.8290625 0.00625 0.01125
2 0.5625 0.826875 0.00625 0.01
2 0.480625 0.85625 0.005 0.0125
2 0.49312500000000004 0.8568749999999999 0.005 0.013750000000000002
2 0.49874999999999997 0.8553124999999999 0.00375 0.013750000000000002
2 0.5493750000000001 0.8553124999999999 0.005 0.013750000000000002
2 0.524375 0.8571875 0.005 0.01125
2 0.5925 0.8571875 0.00375 0.01125
2 0.586875 0.85625 0.005 0.0125
2 0.64 0.858125 0.005 0.01
2 0.6171875 0.8571875 0.00625 0.01125
2 0.6103125 0.8568749999999999 0.005 0.013750000000000002
2 0.621875 0.8571875 0.00625 0.01125
2 0.6775 0.826875 0.005 0.01
2 0.67125 0.8275 0.005 0.01125
2 0.6640625 0.828125 0.00625 0.0125
2 0.6540625 0.8284375 0.005 0.01
2 0.646875 0.8275 0.00625 0.01125
2 0.6415625 0.8275 0.005 0.01125
2 0.618125 0.82875 0.005 0.013750000000000002
2 0.6109375 0.828125 0.00625 0.0125
2 0.593125 0.828125 0.005 0.0125
2 0.5875 0.8265625 0.00625 0.0125
2 0.58 0.8275 0.00375 0.01125
2 0.575 0.826875 0.00625 0.01
2 0.56875 0.8275 0.00625 0.01125
2 0.48687500000000006 0.85625 0.005 0.0125
2 0.7125 0.828125 0.00625 0.0125
2 0.4625 0.8571875 0.00625 0.01125
2 0.7071875000000001 0.826875 0.005 0.01
2 0.7009375 0.8290625 0.005 0.01125
2 0.69625 0.8284375 0.005 0.01
2 0.6890625 0.826875 0.00625 0.01
2 0.6837500000000001 0.826875 0.005 0.01
2 0.686875 0.8565625000000001 0.005 0.01
2 0.6821875000000001 0.85875 0.005 0.01125
2 0.6321875 0.878125 0.005 0.0125
2 0.5921875 0.878125 0.00625 0.0125
2 0.561875 0.8768750000000001 0.005 0.01
2 0.55 0.8768750000000001 0.00625 0.01
2 0.496875 0.875 0.00625 0.0125
2 0.35375 0.9025000000000001 0.0075 0.01125
2 0.3875 0.899375 0.00625 0.01125
2 0.42750000000000005 0.9034375000000001 0.005 0.01
2 0.4515625 0.9040625 0.00625 0.01125
2 0.495625 0.905625 0.00375 0.01125
2 0.5728125000000001 0.90625 0.005 0.0125
2 0.590625 0.90625 0.00625 0.0125
2 0.6068749999999999 0.9046875 0.0075 0.0125
2 0.6381249999999999 0.90625 0.0075 0.0125
2 0.3665625 0.85375 0.005 0.013750000000000002
2 0.38375 0.8525 0.005 0.01125
2 0.4015625 0.8553124999999999 0.00625 0.013750000000000002
2 0.4571875 0.85625 0.005 0.0125
2 0.051875000000000004 0.6378125 0.01 0.01
2 0.030625000000000003 0.6759375000000001 0.005 0.01125
2 0.015 0.67625 0.01125 0.008749999999999999
2 0.2171875 0.65625 0.0125 0.00625
2 0.1578125 0.655625 0.0125 0.005
2 0.4640625 0.80625 0.00625 0.0125
2 0.4703125 0.8065625000000001 0.00625 0.01625
2 0.47562499999999996 0.805 0.0075 0.01625
2 0.48125 0.806875 0.00625 0.013750000000000002
2 0.4625 0.8256249999999999 0.00625 0.013750000000000002
2 0.46875 0.8256249999999999 0.00625 0.013750000000000002
2 0.475 0.8256249999999999 0.00625 0.013750000000000002
2 0.48187499999999994 0.8262499999999999 0.0075 0.015
2 0.4875 0.8256249999999999 0.00625 0.013750000000000002
2 0.49437499999999995 0.8256249999999999 0.0075 0.013750000000000002
2 0.52625 0.826875 0.008749999999999999 0.01625
2 0.475 0.8559374999999999 0.00625 0.015
2 0.396875 0.8240624999999999 0.00625 0.013750000000000002
2 0.36 0.8546875 0.0075 0.0125
2 0.415625 0.953125 0.00625 0.0125
2 0.421875 0.9550000000000001 0.00625 0.01625
2 0.571875 0.9553125 0.00625 0.013750000000000002
2 0.575 0.8574999999999999 0.00625 0.015
2 0.58125 0.8574999999999999 0.00625 0.015
2 0.7428125 0.8787499999999999 0.0075 0.013750000000000002
2 0.690625 0.95625 0.00625 0.0125
2 0.6953125 0.9556250000000001 0.00625 0.01125
2 0.7015625 0.95625 0.00625 0.0125
2 0.7078125 0.9553125 0.00625 0.013750000000000002
2 0.715625 0.95625 0.00625 0.0125
2 0.7203125 0.95625 0.00625 0.0125
2 0.7275 0.9578125 0.005 0.0125
2 0.7321875 0.95625 0.005 0.0125
2 0.7453125 0.9574999999999999 0.00625 0.015
2 0.7515625 0.9568749999999999 0.00625 0.013750000000000002
2 0.7578125 0.9568749999999999 0.00625 0.013750000000000002
2 0.7640625 0.9568749999999999 0.00625 0.013750000000000002
2 0.7703125 0.959375 0.00625 0.0125
