2 0.0496875 0.24500000000000002 0.015 0.008749999999999999
2 0.015 0.20375000000000001 0.01125 0.0075
2 0.01625 0.10906249999999999 0.013750000000000002 0.008749999999999999
2 0.017812500000000002 0.114375 0.013750000000000002 0.01
2 0.025937500000000002 0.12625 0.01125 0.008749999999999999
2 0.0384375 0.1234375 0.01125 0.00625
2 0.034687499999999996 0.1184375 0.01 0.008749999999999999
2 0.03 0.144375 0.01 0.0075
2 0.0328125 0.15031250000000002 0.0125 0.01
2 0.034375 0.1575 0.0125 0.008749999999999999
2 0.04 0.1740625 0.01125 0.0075
2 0.0409375 0.1390625 0.01 0.00625
2 0.045625 0.146875 0.01 0.00625
2 0.055937499999999994 0.215625 0.008749999999999999 0.0125
2 0.130625 0.22781250000000003 0.01125 0.008749999999999999
2 0.056874999999999995 0.1978125 0.0075 0.01125
2 0.0715625 0.196875 0.008749999999999999 0.0125
2 0.1828125 0.18937500000000002 0.0125 0.01
2 0.28781249999999997 0.065 0.01 0.01125
2 0.2846875 0.09 0.01 0.01125
2 0.275 0.0775 0.0125 0.01125
2 0.241875 0.114375 0.008749999999999999 0.01
2 0.013125000000000001 0.31 0.0075 0.013750000000000002
2 0.0125 0.198125 0.0125 0.008749999999999999
2 0.01 0.18875 0.013750000000000002 0.008749999999999999
2 0.0078125 0.17875000000000002 0.0125 0.0075
2 0.0053124999999999995 0.16375 0.0075 0.008749999999999999
2 0.14625 0.6434375 0.01125 0.008749999999999999
2 0.0990625 0.49093749999999997 0.013750000000000002 0.01
2 0.09468750000000001 0.47874999999999995 0.01125 0.0075
2 0.091875 0.4725 0.015 0.0075
2 0.090625 0.4653125 0.0125 0.008749999999999999
2 0.0765625 0.4221875 0.0125 0.01
2 0.064375 0.3959375 0.01 0.013750000000000002
2 0.08249999999999999 0.369375 0.015 0.0075
2 0.055937499999999994 0.369375 0.008749999999999999 0.013750000000000002
2 0.03125 0.278125 0.00625 0.0125
2 0.0203125 0.2796875 0.00625 0.0125
2 0.023125 0.2940625 0.008749999999999999 0.01
2 0.2009375 0.30375 0.005 0.013750000000000002
2 0.11875 0.468125 0.00625 0.01125
2 0.13125 0.4671875 0.00625 0.0125
2 0.1375 0.465625 0.00625 0.0125
2 0.144375 0.4671875 0.0075 0.0125
2 0.15562499999999999 0.464375 0.005 0.01
2 0.169375 0.46624999999999994 0.0075 0.013750000000000002
2 0.175 0.465625 0.00625 0.0125
2 0.18125 0.4646875 0.00625 0.013750000000000002
2 0.1875 0.46656250000000005 0.00625 0.01125
2 0.193125 0.46656250000000005 0.005 0.01125
2 0.213125 0.46624999999999994 0.0075 0.013750000000000002
2 0.21875 0.465625 0.00625 0.0125
2 0.14156249999999998 0.49625 0.005 0.01125
2 0.14156249999999998 0.635 0.01125 0.0075
2 0.155 0.6537499999999999 0.01625 0.0075
2 0.15625 0.663125 0.0125 0.0075
2 0.0115625 0.36593749999999997 0.013750000000000002 0.01
2 0.015 0.3734375 0.01125 0.00625
2 0.0171875 0.38093750000000004 0.0125 0.008749999999999999
2 0.01875 0.39437500000000003 0.0125 0.0075
2 0.0075 0.39125 0.008749999999999999 0.013750000000000002
2 0.0034375000000000005 0.3921875 0.00375 0.0125
2 0.006562500000000001 0.4146875 0.01 0.013750000000000002
2 0.028749999999999998 0.41531250000000003 0.013750000000000002 0.008749999999999999
2 0.024375 0.44375 0.01125 0.00625
2 0.07375000000000001 0.4809375 0.01 0.015
2 0.088125 0.5259375000000001 0.0075 0.01125
2 0.071875 0.535625 0.0125 0.008749999999999999
2 0.0759375 0.551875 0.01125 0.01
2 0.0834375 0.57375 0.013750000000000002 0.01
2 0.0865625 0.5825 0.013750000000000002 0.008749999999999999
2 0.091875 0.6018749999999999 0.015 0.01
2 0.052500000000000005 0.47781250000000003 0.01125 0.008749999999999999
2 0.044687500000000005 0.4575 0.01125 0.008749999999999999
2 0.118125 0.6793750000000001 0.01125 0.008749999999999999
2 0.1125 0.67 0.0125 0.008749999999999999
2 0.1625 0.6849999999999999 0.0125 0.0075
2 0.32875 0.776875 0.013750000000000002 0.0225
2 0.33468749999999997 0.7734375 0.01625 0.025
2 0.40093750000000006 0.751875 0.02375 0.01
2 0.0875 0.383125 0.0125 0.0225
2 0.1996875 0.3515625 0.015 0.025
2 0.0325 0.47843749999999996 0.021249999999999998 0.01
2 0.0690625 0.28875 0.0225 0.008749999999999999
2 0.06593750000000001 0.29500000000000004 0.0225 0.008749999999999999
2 0.14781249999999999 0.4984375 0.005 0.0125
2 0.1540625 0.49625 0.005 0.01125
2 0.1603125 0.496875 0.005 0.0125
2 0.1734375 0.496875 0.00625 0.0125
2 0.375 0.346875 0.00625 0.0125
2 0.40812499999999996 0.3225 0.01 0.013750000000000002
2 0.41312499999999996 0.3234375 0.0075 0.0125
2 0.4215625 0.32875 0.008749999999999999 0.013750000000000002
2 0.4025 0.33406250000000004 0.01125 0.008749999999999999
2 0.390625 0.32625000000000004 0.0125 0.008749999999999999
2 0.36625 0.320625 0.013750000000000002 0.01
2 0.40750000000000003 0.353125 0.008749999999999999 0.0125
2 0.4125 0.365 0.00625 0.01125
2 0.40531249999999996 0.365625 0.0075 0.0125
2 0.3978125 0.3628125 0.005 0.01
2 0.3909375 0.3571875 0.00375 0.01125
2 0.3821875 0.349375 0.005 0.01125
2 0.370625 0.3421875 0.00375 0.0125
2 0.3625 0.3384375 0.00625 0.01125
2 0.35625 0.3315625 0.00625 0.01
2 0.34875 0.3228125 0.00375 0.01125
2 0.3421875 0.320625 0.00625 0.01
2 0.335 0.31625000000000003 0.0075 0.013750000000000002
2 0.3921875 0.3853125 0.00625 0.01125
2 0.384375 0.38125 0.00625 0.0125
2 0.3775 0.3759375 0.005 0.01125
2 0.37124999999999997 0.37093750000000003 0.005 0.013750000000000002
2 0.3640625 0.36625 0.00625 0.013750000000000002
2 0.35562499999999997 0.3603125 0.005 0.01125
2 0.3446875 0.3515625 0.005 0.0125
2 0.40125 0.3196875 0.008749999999999999 0.01125
2 0.3928125 0.315625 0.0075 0.0125
2 0.38468749999999996 0.3125 0.01 0.0125
2 0.3796875 0.3128125 0.00625 0.01
2 0.290625 0.3415625 0.0125 0.01125
2 0.294375 0.32999999999999996 0.013750000000000002 0.01
2 0.29625 0.325625 0.01125 0.0075
2 0.30375 0.315 0.013750000000000002 0.01125
2 0.33375 0.43062500000000004 0.01125 0.01125
2 0.3628125 0.3025 0.01 0.01125
2 0.36906249999999996 0.305 0.00375 0.01
2 0.37374999999999997 0.30874999999999997 0.01 0.01125
2 0.338125 0.346875 0.0075 0.0125
2 0.330625 0.340625 0.005 0.0125
2 0.325625 0.335 0.0075 0.013750000000000002
2 0.67 0.07062500000000001 0.015 0.01
2 0.6884375 0.25375000000000003 0.01125 0.0075
2 0.6378125 0.2425 0.01 0.01
2 0.6018749999999999 0.25593750000000004 0.01 0.008749999999999999
2 0.59875 0.2621875 0.01 0.008749999999999999
2 0.5921875 0.2665625 0.0125 0.01125
2 0.608125 0.2890625 0.01 0.0125
2 0.6025 0.290625 0.01125 0.0125
2 0.631875 0.32125 0.013750000000000002 0.01125
2 0.6368750000000001 0.32687499999999997 0.01125 0.01
2 0.64125 0.3334375 0.013750000000000002 0.0075
2 0.7734375 0.48968749999999994 0.00625 0.013750000000000002
2 0.3753125 0.43062500000000004 0.01 0.01125
2 0.3665625 0.426875 0.01125 0.01
2 0.3765625 0.40437500000000004 0.00625 0.015
2 0.37093750000000003 0.40062499999999995 0.0075 0.013750000000000002
2 0.35812499999999997 0.3903125 0.01 0.015
2 0.336875 0.403125 0.005 0.0125
2 0.3296875 0.3984375 0.00625 0.0125
2 0.325 0.3953125 0.00625 0.0125
2 0.33125 0.37093750000000003 0.00625 0.013750000000000002
2 0.319375 0.3625 0.0075 0.0125
2 0.31375000000000003 0.356875 0.008749999999999999 0.013750000000000002
2 0.31062500000000004 0.384375 0.008749999999999999 0.0125
2 0.29625 0.3703125 0.005 0.0125
2 0.2959375 0.3990625 0.013750000000000002 0.013750000000000002
2 0.296875 0.5946875 0.00625 0.01125
2 0.308125 0.5946875 0.00375 0.01125
2 0.3134375 0.5946875 0.005 0.01125
2 0.3175 0.5953125 0.00375 0.0125
2 0.32406250000000003 0.5934375000000001 0.0075 0.015
2 0.3375 0.596875 0.00625 0.0125
2 0.3796875 0.625 0.0125 0.00625
2 0.315625 0.45625 0.0125 0.00625
2 0.30625 0.4325 0.0125 0.008749999999999999
2 0.3040625 0.42718749999999994 0.01125 0.0075
2 0.35750000000000004 0.775 0.008749999999999999 0.00625
2 0.3578125 0.7809375000000001 0.0125 0.008749999999999999
2 0.05437499999999999 0.875 0.015 0.00625
2 0.0665625 0.8946875000000001 0.005 0.01125
2 0.23718750000000002 0.8509375 0.008749999999999999 0.01125
2 0.22999999999999998 0.8465624999999999 0.01 0.008749999999999999
2 0.18875 0.7890625 0.008749999999999999 0.0125
2 0.20812499999999998 0.7821875 0.01 0.01125
2 0.215 0.795625 0.01125 0.01
2 0.216875 0.8018750000000001 0.008749999999999999 0.01
2 0.220625 0.8165625000000001 0.01 0.01125
2 0.303125 0.5953125 0.00625 0.0125
2 0.28375 0.5953125 0.005 0.0125
2 0.3646875 0.8418749999999999 0.013750000000000002 0.008749999999999999
2 0.2765625 0.5946875 0.00625 0.01125
2 0.184375 0.49749999999999994 0.00625 0.013750000000000002
2 0.19718750000000002 0.496875 0.00375 0.0125
2 0.205 0.49625 0.00375 0.01125
2 0.2125 0.496875 0.00625 0.0125
2 0.1546875 0.5118750000000001 0.0125 0.005
2 0.1853125 0.528125 0.005 0.0125
2 0.15562499999999999 0.531875 0.005 0.013750000000000002
2 0.1484375 0.5334375 0.00625 0.013750000000000002
2 0.1171875 0.5443749999999999 0.0125 0.0075
2 0.11968749999999999 0.5553125 0.01125 0.0075
2 0.12125 0.5615625 0.01125 0.0075
2 0.1240625 0.5690625 0.013750000000000002 0.01
2 0.10187500000000001 0.5790625 0.01 0.017499999999999998
2 0.24562499999999998 0.4146875 0.01 0.013750000000000002
2 0.2303125 0.464375 0.0075 0.01
2 0.1890625 0.5946875 0.00625 0.01125
2 0.1978125 0.59375 0.005 0.0125
2 0.20375000000000001 0.59375 0.0075 0.0125
2 0.21031249999999999 0.593125 0.005 0.01125
2 0.2228125 0.593125 0.005 0.01125
2 0.22749999999999998 0.5953125 0.005 0.0125
2 0.24156249999999999 0.593125 0.005 0.01125
2 0.2478125 0.59375 0.005 0.0125
2 0.25406249999999997 0.595625 0.005 0.01
2 0.25875 0.595625 0.005 0.01
2 0.22531249999999997 0.8237500000000001 0.01 0.01
2 0.39468749999999997 0.8446875 0.01125 0.005
2 0.39375 0.8353125 0.0125 0.005
2 0.4103125 0.8415625 0.01125 0.005
2 0.4109375 0.83375 0.0125 0.005
2 0.4090625 0.825 0.015 0.00625
2 0.410625 0.8171875 0.015 0.00625
2 0.38468749999999996 0.7846875 0.01 0.00375
2 0.40031249999999996 0.784375 0.01 0.00625
2 0.134375 0.18687499999999999 0.00625 0.01125
2 0.1234375 0.184375 0.00625 0.0125
2 0.065 0.108125 0.01125 0.00375
2 0.0665625 0.113125 0.01125 0.0075
2 0.093125 0.140625 0.01125 0.00625
2 0.2509375 0.08375 0.01125 0.01125
2 0.31375000000000003 0.89125 0.008749999999999999 0.013750000000000002
2 0.32218749999999996 0.8868750000000001 0.01 0.01125
2 0.3325 0.8856249999999999 0.008749999999999999 0.015
