2 0.58125 0.24937499999999999 0.01875 0.017499999999999998
2 0.5725 0.2625 0.02 0.01875
2 0.3875 0.280625 0.01875 0.01125
2 0.3953125 0.2678125 0.01875 0.02
2 0.4059375 0.250625 0.021249999999999998 0.02
2 0.41531250000000003 0.24375 0.021249999999999998 0.01875
2 0.42062499999999997 0.2346875 0.0225 0.0225
2 0.181875 0.1525 0.02 0.017499999999999998
2 0.1984375 0.13468750000000002 0.01875 0.01625
2 0.20406249999999998 0.1253125 0.017499999999999998 0.01625
2 0.21218750000000003 0.108125 0.021249999999999998 0.01625
2 0.225 0.09 0.01875 0.017499999999999998
2 0.5903125 0.2359375 0.021249999999999998 0.01875
2 0.6115625 0.10968750000000001 0.02 0.0225
2 0.620625 0.1003125 0.01625 0.01625
2 0.8628125000000001 0.07843750000000001 0.01 0.0225
2 0.905625 0.0496875 0.01125 0.021249999999999998
2 0.9243750000000001 0.07625 0.01125 0.021249999999999998
2 0.8628125000000001 0.0459375 0.01 0.02
2 0.8496874999999999 0.0459375 0.008749999999999999 0.02
2 0.8825 0.0765625 0.008749999999999999 0.01875
2 0.85125 0.07625 0.008749999999999999 0.021249999999999998
2 0.256875 0.15875 0.02 0.017499999999999998
2 0.851875 0.1390625 0.01 0.01875
2 0.8637499999999999 0.13874999999999998 0.008749999999999999 0.015
2 0.8746875 0.13874999999999998 0.008749999999999999 0.015
2 0.8840625 0.1390625 0.008749999999999999 0.01875
2 0.9043749999999999 0.13999999999999999 0.008749999999999999 0.017499999999999998
2 0.915 0.1409375 0.01125 0.0225
2 0.9337500000000001 0.13968750000000002 0.01125 0.02
2 0.954375 0.1428125 0.008749999999999999 0.02
2 0.8840625 0.1653125 0.008749999999999999 0.021249999999999998
2 0.8603125 0.168125 0.01125 0.02375
2 0.2475 0.1678125 0.02 0.02
2 0.263125 0.14875 0.02 0.01625
2 0.7790625 0.6434375 0.01125 0.021249999999999998
2 0.54 0.20593750000000002 0.02375 0.021249999999999998
2 0.526875 0.228125 0.0225 0.025
2 0.25593750000000004 0.1978125 0.021249999999999998 0.017499999999999998
2 0.33625 0.2365625 0.01625 0.013750000000000002
2 0.3290625 0.2440625 0.017499999999999998 0.01625
2 0.3225 0.255 0.013750000000000002 0.01625
2 0.76625 0.509375 0.013750000000000002 0.01875
2 0.745625 0.6684375 0.01 0.021249999999999998
2 0.590625 0.136875 0.01875 0.017499999999999998
2 0.325625 0.21125 0.02 0.01625
2 0.8946875000000001 0.076875 0.01125 0.0225
2 0.915 0.04625 0.01125 0.02375
2 0.8665625 0.2240625 0.017499999999999998 0.013750000000000002
