2 0.645 0.09812499999999999 0.021249999999999998 0.015
2 0.6515625 0.11781250000000001 0.01875 0.02
2 0.6646875 0.13999999999999999 0.02 0.017499999999999998
2 0.66875 0.14937499999999998 0.01875 0.017499999999999998
2 0.996875 0.4025 0.00625 0.01125
2 0.9928125 0.39249999999999996 0.013750000000000002 0.01625
2 0.985625 0.38406250000000003 0.015 0.015
2 0.97625 0.3784375 0.015 0.01625
2 0.9675 0.3696875 0.01625 0.017499999999999998
2 0.961875 0.36124999999999996 0.017499999999999998 0.01625
2 0.9534375 0.3525 0.01625 0.017499999999999998
2 0.945625 0.3446875 0.01625 0.017499999999999998
2 0.9403124999999999 0.335625 0.015 0.015
2 0.6540625 0.2625 0.017499999999999998 0.01875
2 0.666875 0.27999999999999997 0.015 0.01625
2 0.661875 0.26875 0.017499999999999998 0.01875
2 0.8734375 0.38625 0.01875 0.01625
2 0.9425000000000001 0.464375 0.01625 0.01625
2 0.936875 0.45906250000000004 0.017499999999999998 0.015
2 0.930625 0.4503125 0.017499999999999998 0.01625
2 0.925 0.44281249999999994 0.01875 0.013750000000000002
2 0.9178124999999999 0.43624999999999997 0.02 0.01625
2 0.9059375 0.4225 0.015 0.013750000000000002
2 0.899375 0.414375 0.017499999999999998 0.01625
2 0.8909375 0.40750000000000003 0.01625 0.015
2 0.8825 0.40031249999999996 0.015 0.01625
2 0.8793749999999999 0.3940625 0.015 0.01625
2 0.8675 0.37875000000000003 0.01625 0.013750000000000002
2 0.8612500000000001 0.3725 0.01625 0.013750000000000002
2 0.8556250000000001 0.36375 0.017499999999999998 0.015
2 0.8487500000000001 0.35562499999999997 0.01625 0.017499999999999998
2 0.8415625 0.35 0.017499999999999998 0.01875
2 0.83125 0.3359375 0.01875 0.01875
2 0.81875 0.3203125 0.01875 0.01875
2 0.8065625000000001 0.305625 0.01625 0.017499999999999998
2 0.7990625 0.29562499999999997 0.013750000000000002 0.01625
2 0.7928124999999999 0.2884375 0.013750000000000002 0.017499999999999998
2 0.7821875 0.2759375 0.017499999999999998 0.017499999999999998
2 0.9565625000000001 0.4759375 0.01625 0.017499999999999998
2 0.965625 0.48531250000000004 0.01875 0.017499999999999998
2 0.9721875000000001 0.49437499999999995 0.01625 0.013750000000000002
2 0.9903124999999999 0.5096875 0.015 0.01625
2 0.996875 0.5265625 0.00625 0.0125
2 0.9956250000000001 0.5175 0.01 0.01625
2 0.7753125 0.26875 0.01625 0.01875
2 0.7693749999999999 0.2625 0.013750000000000002 0.01875
2 0.7653125000000001 0.25406249999999997 0.015 0.017499999999999998
2 0.8637499999999999 0.291875 0.015 0.015
2 0.87625 0.30874999999999997 0.021249999999999998 0.017499999999999998
2 0.880625 0.31437499999999996 0.017499999999999998 0.01625
2 0.8878125000000001 0.321875 0.01625 0.01875
2 0.89625 0.3271875 0.017499999999999998 0.02
2 0.913125 0.33875 0.02 0.021249999999999998
2 0.9221875 0.35531250000000003 0.01625 0.02
2 0.9296875 0.36343749999999997 0.01875 0.017499999999999998
2 0.8453125 0.3090625 0.01875 0.021249999999999998
2 0.930625 0.375 0.017499999999999998 0.01875
2 0.936875 0.38125 0.017499999999999998 0.01875
2 0.943125 0.3875 0.017499999999999998 0.01875
2 0.9790625000000001 0.42062499999999997 0.017499999999999998 0.01625
2 0.9875 0.425 0.01875 0.01875
2 0.9925 0.434375 0.01625 0.01875
2 0.868125 0.3003125 0.017499999999999998 0.01625
2 0.85625 0.2840625 0.01875 0.015
2 0.8418749999999999 0.2625 0.021249999999999998 0.01875
2 0.8278125 0.2484375 0.021249999999999998 0.01875
