2 0.4190625 0.8221875000000001 0.0225 0.0225
2 0.5146875 0.76 0.0075 0.026250000000000002
2 0.490625 0.676875 0.0125 0.028749999999999998
2 0.5765625 0.0059375 0.0125 0.008749999999999999
2 0.531875 0.026875 0.02 0.0225
2 0.42718749999999994 0.790625 0.02 0.025
2 0.48312499999999997 0.09812499999999999 0.01 0.015
2 0.45218749999999996 0.1378125 0.0075 0.01625
2 0.4640625 0.1990625 0.00625 0.013750000000000002
2 0.4203125 0.176875 0.00625 0.01625
2 0.45625 0.2203125 0.00625 0.0125
2 0.4703125 0.238125 0.00625 0.013750000000000002
2 0.48125 0.2884375 0.00625 0.01125
2 0.488125 0.556875 0.0075 0.013750000000000002
2 0.47562499999999996 0.5021875 0.0075 0.013750000000000002
2 0.5021875 0.5806250000000001 0.0075 0.017499999999999998
2 0.4878125 0.57875 0.01 0.013750000000000002
2 0.6809375 0.566875 0.027500000000000004 0.015
2 0.684375 0.5575 0.0125 0.008749999999999999
2 0.70625 0.5509375000000001 0.0125 0.01125
2 0.7537499999999999 0.53125 0.013750000000000002 0.0125
2 0.7721875 0.83125 0.0225 0.01875
2 0.028437499999999998 0.8059375 0.01 0.008749999999999999
2 0.033125 0.825 0.01 0.0125
2 0.0546875 0.85125 0.0125 0.008749999999999999
2 0.0884375 0.8346875 0.01125 0.01
2 0.12375 0.8825 0.01625 0.008749999999999999
2 0.24312499999999998 0.86625 0.01125 0.0075
2 0.5125 0.8190625 0.00625 0.01
2 0.5078125 0.8728125 0.00625 0.01125
2 0.48312499999999997 0.9634375000000001 0.01 0.01125
2 0.45999999999999996 0.99 0.0075 0.01125
2 0.5234375 0.7146874999999999 0.00625 0.013750000000000002
2 0.5803125 0.459375 0.0075 0.0125
2 0.5865625 0.45375 0.0075 0.013750000000000002
