2 0.11875 0.380625 0.01875 0.017499999999999998
2 0.15875 0.41593749999999996 0.017499999999999998 0.01625
2 0.18125 0.4328125 0.01875 0.01875
2 0.199375 0.4496875 0.017499999999999998 0.015
2 0.225 0.42781250000000004 0.01875 0.021249999999999998
2 0.20406249999999998 0.4109375 0.017499999999999998 0.01875
2 0.296875 0.619375 0.01875 0.02
2 0.2803125 0.640625 0.02 0.01875
2 0.2665625 0.6599999999999999 0.02375 0.02
2 0.135625 0.3940625 0.015 0.01625
2 0.031875 0.26749999999999996 0.02 0.01625
2 0.2515625 0.7178125 0.01875 0.02
2 0.0528125 0.2840625 0.021249999999999998 0.021249999999999998
2 0.125 0.33999999999999997 0.01875 0.017499999999999998
2 0.10874999999999999 0.3271875 0.017499999999999998 0.013750000000000002
2 0.0925 0.3128125 0.01625 0.01625
2 0.07625 0.2984375 0.021249999999999998 0.01875
2 0.2759375 0.6734375 0.017499999999999998 0.01875
2 0.31656249999999997 0.63875 0.017499999999999998 0.021249999999999998
2 0.3275 0.6215625 0.017499999999999998 0.021249999999999998
2 0.34500000000000003 0.6015625 0.021249999999999998 0.01875
2 0.3778125 0.5128125 0.021249999999999998 0.0225
2 0.0121875 0.250625 0.021249999999999998 0.02
2 0.091875 0.36062500000000003 0.027500000000000004 0.027500000000000004
2 0.15687500000000001 0.3696875 0.02 0.02375
2 0.18031250000000001 0.3896875 0.02 0.02
2 0.3278125 0.5181250000000001 0.021249999999999998 0.017499999999999998
2 0.35375 0.526875 0.026250000000000002 0.01625
2 0.3178125 0.5765625 0.013750000000000002 0.01875
2 0.3103125 0.600625 0.017499999999999998 0.02
2 0.4059375 0.4703125 0.015 0.01875
2 0.4103125 0.506875 0.017499999999999998 0.02
2 0.4190625 0.45093750000000005 0.01625 0.02375
2 0.44749999999999995 0.4065625 0.02 0.0225
2 0.434375 0.4296875 0.0125 0.025
2 0.42406249999999995 0.48624999999999996 0.013750000000000002 0.0225
2 0.11875 0.380625 0.01875 0.017499999999999998
2 0.15875 0.41593749999999996 0.017499999999999998 0.01625
2 0.18125 0.4328125 0.01875 0.01875
2 0.199375 0.4496875 0.017499999999999998 0.015
2 0.225 0.42781250000000004 0.01875 0.021249999999999998
2 0.20406249999999998 0.4109375 0.017499999999999998 0.01875
2 0.296875 0.619375 0.01875 0.02
2 0.2803125 0.640625 0.02 0.01875
2 0.2665625 0.6599999999999999 0.02375 0.02
2 0.135625 0.3940625 0.015 0.01625
2 0.031875 0.26749999999999996 0.02 0.01625
2 0.2515625 0.7178125 0.01875 0.02
2 0.0528125 0.2840625 0.021249999999999998 0.021249999999999998
2 0.125 0.33999999999999997 0.01875 0.017499999999999998
2 0.10874999999999999 0.3271875 0.017499999999999998 0.013750000000000002
2 0.0925 0.3128125 0.01625 0.01625
2 0.07625 0.2984375 0.021249999999999998 0.01875
2 0.2759375 0.6734375 0.017499999999999998 0.01875
2 0.31656249999999997 0.63875 0.017499999999999998 0.021249999999999998
2 0.3275 0.6215625 0.017499999999999998 0.021249999999999998
2 0.34500000000000003 0.6015625 0.021249999999999998 0.01875
2 0.3778125 0.5128125 0.021249999999999998 0.0225
2 0.0121875 0.250625 0.021249999999999998 0.02
2 0.091875 0.36062500000000003 0.027500000000000004 0.027500000000000004
2 0.15687500000000001 0.3696875 0.02 0.02375
2 0.18031250000000001 0.3896875 0.02 0.02
2 0.3278125 0.5181250000000001 0.021249999999999998 0.017499999999999998
2 0.35375 0.526875 0.026250000000000002 0.01625
2 0.3178125 0.5765625 0.013750000000000002 0.01875
2 0.3103125 0.600625 0.017499999999999998 0.02
2 0.4059375 0.4703125 0.015 0.01875
2 0.4103125 0.506875 0.017499999999999998 0.02
2 0.4190625 0.45093750000000005 0.01625 0.02375
2 0.44749999999999995 0.4065625 0.02 0.0225
2 0.434375 0.4296875 0.0125 0.025
2 0.42406249999999995 0.48624999999999996 0.013750000000000002 0.0225
