2 0.60625 0.380625 0.01875 0.017499999999999998
2 0.6446875000000001 0.41593749999999996 0.017499999999999998 0.01625
2 0.6671875 0.4328125 0.01875 0.01875
2 0.686875 0.4496875 0.017499999999999998 0.015
2 0.7109375 0.42781250000000004 0.01875 0.021249999999999998
2 0.2425 0.0809375 0.01625 0.015
2 0.21875 0.061875 0.01875 0.017499999999999998
2 0.20187499999999997 0.045625 0.01625 0.01625
2 0.3015625 0.1703125 0.01875 0.01875
2 0.339375 0.2934375 0.01 0.021249999999999998
2 0.31875 0.14750000000000002 0.01875 0.02
2 0.30125 0.1325 0.021249999999999998 0.021249999999999998
2 0.3384375 0.11968749999999999 0.017499999999999998 0.017499999999999998
2 0.315 0.0996875 0.017499999999999998 0.015
2 0.29812500000000003 0.08499999999999999 0.015 0.013750000000000002
2 0.6900000000000001 0.4109375 0.017499999999999998 0.01875
2 0.7828125 0.619375 0.01875 0.02
2 0.76625 0.640625 0.02 0.01875
2 0.7525000000000001 0.6599999999999999 0.02375 0.02
2 0.6215625 0.3940625 0.015 0.01625
2 0.5193749999999999 0.26749999999999996 0.02 0.01625
2 0.7375 0.7178125 0.01875 0.02
2 0.5387500000000001 0.2840625 0.021249999999999998 0.021249999999999998
2 0.190625 0.18687499999999999 0.01875 0.017499999999999998
2 0.1446875 0.2553125 0.017499999999999998 0.013750000000000002
2 0.1896875 0.2978125 0.02 0.017499999999999998
2 0.21531250000000002 0.2703125 0.021249999999999998 0.01875
2 0.2796875 0.21000000000000002 0.01875 0.013750000000000002
2 0.311875 0.19718750000000002 0.017499999999999998 0.0225
2 0.3253125 0.18375 0.01625 0.017499999999999998
2 0.29281250000000003 0.18562499999999998 0.02 0.015
2 0.6109375 0.33999999999999997 0.01875 0.017499999999999998
2 0.5946875 0.3271875 0.017499999999999998 0.013750000000000002
2 0.5784374999999999 0.3128125 0.01625 0.01625
2 0.5621875000000001 0.2984375 0.021249999999999998 0.01875
2 0.7618750000000001 0.6734375 0.017499999999999998 0.01875
2 0.8025 0.63875 0.017499999999999998 0.021249999999999998
2 0.23343750000000002 0.0290625 0.013750000000000002 0.017499999999999998
2 0.21937500000000001 0.015625 0.02 0.01875
2 0.250625 0.044375 0.02 0.02
2 0.8134375 0.6215625 0.017499999999999998 0.021249999999999998
2 0.26625 0.058437499999999996 0.02 0.02
2 0.8324999999999999 0.6015625 0.021249999999999998 0.01875
2 0.8637499999999999 0.5128125 0.021249999999999998 0.0225
2 0.49812500000000004 0.250625 0.021249999999999998 0.02
2 0.479375 0.23562500000000003 0.021249999999999998 0.021249999999999998
2 0.395625 0.3109375 0.0225 0.01875
2 0.368125 0.3146875 0.017499999999999998 0.02
2 0.2125 0.2846875 0.025 0.01625
2 0.2265625 0.2609375 0.01875 0.01875
2 0.1825 0.2 0.021249999999999998 0.01875
2 0.160625 0.231875 0.021249999999999998 0.02
2 0.136875 0.26749999999999996 0.017499999999999998 0.01625
2 0.330625 0.25625 0.02375 0.01875
2 0.3521875 0.27 0.026250000000000002 0.021249999999999998
2 0.2846875 0.196875 0.0225 0.01875
2 0.22000000000000003 0.15 0.021249999999999998 0.01875
2 0.36 0.1384375 0.02 0.017499999999999998
2 0.2828125 0.1171875 0.025 0.01875
2 0.2621875 0.100625 0.021249999999999998 0.02
2 0.28125 0.0728125 0.01875 0.017499999999999998
2 0.3759375 0.1528125 0.017499999999999998 0.015
2 0.3559375 0.178125 0.021249999999999998 0.0125
2 0.37625000000000003 0.195 0.021249999999999998 0.021249999999999998
2 0.3928125 0.1640625 0.02 0.01875
2 0.41937499999999994 0.230625 0.02 0.017499999999999998
2 0.43531250000000005 0.24718749999999998 0.01125 0.0225
2 0.4571875 0.21749999999999997 0.017499999999999998 0.01625
2 0.46125 0.238125 0.0225 0.02
2 0.27937500000000004 0.2321875 0.015 0.017499999999999998
2 0.2009375 0.18125 0.017499999999999998 0.01875
2 0.31875 0.248125 0.01875 0.015
2 0.35750000000000004 0.2765625 0.015 0.0125
2 0.365 0.28312499999999996 0.017499999999999998 0.01625
2 0.3753125 0.29031250000000003 0.01625 0.015
2 0.3853125 0.2975 0.017499999999999998 0.013750000000000002
2 0.578125 0.36062500000000003 0.025 0.027500000000000004
2 0.7978125 0.60375 0.017499999999999998 0.02
2 0.80625 0.5790625 0.0125 0.02375
2 0.8396874999999999 0.5284375 0.026250000000000002 0.01625
2 0.8928125 0.46875 0.013750000000000002 0.01875
2 0.905 0.45062499999999994 0.01625 0.02
2 0.9181250000000001 0.4290625 0.017499999999999998 0.02375
2 0.931875 0.40531249999999996 0.013750000000000002 0.02
2 0.889375 0.29093749999999996 0.0225 0.01625
2 0.7934375 0.8778124999999999 0.021249999999999998 0.021249999999999998
2 0.60625 0.380625 0.01875 0.017499999999999998
2 0.6446875000000001 0.41593749999999996 0.017499999999999998 0.01625
2 0.6671875 0.4328125 0.01875 0.01875
2 0.686875 0.4496875 0.017499999999999998 0.015
2 0.7109375 0.42781250000000004 0.01875 0.021249999999999998
2 0.2425 0.0809375 0.01625 0.015
2 0.21875 0.061875 0.01875 0.017499999999999998
2 0.20187499999999997 0.045625 0.01625 0.01625
2 0.3015625 0.1703125 0.01875 0.01875
2 0.339375 0.2934375 0.01 0.021249999999999998
2 0.31875 0.14750000000000002 0.01875 0.02
2 0.30125 0.1325 0.021249999999999998 0.021249999999999998
2 0.3384375 0.11968749999999999 0.017499999999999998 0.017499999999999998
2 0.315 0.0996875 0.017499999999999998 0.015
2 0.29812500000000003 0.08499999999999999 0.015 0.013750000000000002
2 0.6900000000000001 0.4109375 0.017499999999999998 0.01875
2 0.7828125 0.619375 0.01875 0.02
2 0.76625 0.640625 0.02 0.01875
2 0.7525000000000001 0.6599999999999999 0.02375 0.02
2 0.6215625 0.3940625 0.015 0.01625
2 0.5193749999999999 0.26749999999999996 0.02 0.01625
2 0.7375 0.7178125 0.01875 0.02
2 0.5387500000000001 0.2840625 0.021249999999999998 0.021249999999999998
2 0.190625 0.18687499999999999 0.01875 0.017499999999999998
2 0.1446875 0.2553125 0.017499999999999998 0.013750000000000002
2 0.1896875 0.2978125 0.02 0.017499999999999998
2 0.21531250000000002 0.2703125 0.021249999999999998 0.01875
2 0.2796875 0.21000000000000002 0.01875 0.013750000000000002
2 0.311875 0.19718750000000002 0.017499999999999998 0.0225
2 0.3253125 0.18375 0.01625 0.017499999999999998
2 0.29281250000000003 0.18562499999999998 0.02 0.015
2 0.6109375 0.33999999999999997 0.01875 0.017499999999999998
2 0.5946875 0.3271875 0.017499999999999998 0.013750000000000002
2 0.5784374999999999 0.3128125 0.01625 0.01625
2 0.5621875000000001 0.2984375 0.021249999999999998 0.01875
2 0.7618750000000001 0.6734375 0.017499999999999998 0.01875
2 0.8025 0.63875 0.017499999999999998 0.021249999999999998
2 0.23343750000000002 0.0290625 0.013750000000000002 0.017499999999999998
2 0.21937500000000001 0.015625 0.02 0.01875
2 0.250625 0.044375 0.02 0.02
2 0.8134375 0.6215625 0.017499999999999998 0.021249999999999998
2 0.26625 0.058437499999999996 0.02 0.02
2 0.8324999999999999 0.6015625 0.021249999999999998 0.01875
2 0.8637499999999999 0.5128125 0.021249999999999998 0.0225
2 0.49812500000000004 0.250625 0.021249999999999998 0.02
2 0.479375 0.23562500000000003 0.021249999999999998 0.021249999999999998
2 0.395625 0.3109375 0.0225 0.01875
2 0.368125 0.3146875 0.017499999999999998 0.02
2 0.2125 0.2846875 0.025 0.01625
2 0.2265625 0.2609375 0.01875 0.01875
2 0.1825 0.2 0.021249999999999998 0.01875
2 0.160625 0.231875 0.021249999999999998 0.02
2 0.136875 0.26749999999999996 0.017499999999999998 0.01625
2 0.330625 0.25625 0.02375 0.01875
2 0.3521875 0.27 0.026250000000000002 0.021249999999999998
2 0.2846875 0.196875 0.0225 0.01875
2 0.22000000000000003 0.15 0.021249999999999998 0.01875
2 0.36 0.1384375 0.02 0.017499999999999998
2 0.2828125 0.1171875 0.025 0.01875
2 0.2621875 0.100625 0.021249999999999998 0.02
2 0.28125 0.0728125 0.01875 0.017499999999999998
2 0.3759375 0.1528125 0.017499999999999998 0.015
2 0.3559375 0.178125 0.021249999999999998 0.0125
2 0.37625000000000003 0.195 0.021249999999999998 0.021249999999999998
2 0.3928125 0.1640625 0.02 0.01875
2 0.41937499999999994 0.230625 0.02 0.017499999999999998
2 0.43531250000000005 0.24718749999999998 0.01125 0.0225
2 0.4571875 0.21749999999999997 0.017499999999999998 0.01625
2 0.46125 0.238125 0.0225 0.02
2 0.27937500000000004 0.2321875 0.015 0.017499999999999998
2 0.2009375 0.18125 0.017499999999999998 0.01875
2 0.31875 0.248125 0.01875 0.015
2 0.35750000000000004 0.2765625 0.015 0.0125
2 0.365 0.28312499999999996 0.017499999999999998 0.01625
2 0.3753125 0.29031250000000003 0.01625 0.015
2 0.3853125 0.2975 0.017499999999999998 0.013750000000000002
2 0.578125 0.36062500000000003 0.025 0.027500000000000004
2 0.7978125 0.60375 0.017499999999999998 0.02
2 0.80625 0.5790625 0.0125 0.02375
2 0.8396874999999999 0.5284375 0.026250000000000002 0.01625
2 0.8928125 0.46875 0.013750000000000002 0.01875
2 0.905 0.45062499999999994 0.01625 0.02
2 0.9181250000000001 0.4290625 0.017499999999999998 0.02375
2 0.931875 0.40531249999999996 0.013750000000000002 0.02
2 0.889375 0.29093749999999996 0.0225 0.01625
2 0.7934375 0.8778124999999999 0.021249999999999998 0.021249999999999998
