2 0.4190625 0.2190625 0.0225 0.0225
2 0.0096875 0.504375 0.01625 0.015
2 0.0134375 0.5237499999999999 0.02375 0.01625
2 0.23500000000000001 0.56375 0.026250000000000002 0.008749999999999999
2 0.5146875 0.15531250000000002 0.0075 0.026250000000000002
2 0.490625 0.07375000000000001 0.0125 0.028749999999999998
2 0.42718749999999994 0.1859375 0.02 0.025
2 0.42750000000000005 0.4246875 0.02375 0.027500000000000004
2 0.09125 0.5296875 0.026250000000000002 0.0125
2 0.291875 0.5834374999999999 0.04 0.02
2 0.0290625 0.20125 0.01125 0.008749999999999999
2 0.0890625 0.2321875 0.0125 0.01125
2 0.03375 0.221875 0.01125 0.0125
2 0.0546875 0.24718749999999998 0.0125 0.01
2 0.121875 0.27999999999999997 0.0125 0.01
2 0.24375 0.263125 0.0125 0.0075
2 0.5231250000000001 0.1125 0.008749999999999999 0.0125
2 0.5125 0.215625 0.00625 0.0125
2 0.506875 0.26937500000000003 0.0075 0.013750000000000002
2 0.48343749999999996 0.3590625 0.0075 0.008749999999999999
2 0.45999999999999996 0.38468749999999996 0.0075 0.01
2 0.42843749999999997 0.433125 0.01 0.01
2 0.3953125 0.453125 0.0125 0.0125
2 0.1721875 0.5296875 0.01 0.00625
2 0.260625 0.5196875000000001 0.021249999999999998 0.01125
2 0.38375 0.465 0.01125 0.01125
2 0.34750000000000003 0.496875 0.013750000000000002 0.0125
2 0.0421875 0.521875 0.01875 0.0125
2 0.37625000000000003 0.5387500000000001 0.008749999999999999 0.008749999999999999
2 0.2859375 0.5484375 0.0125 0.00625
2 0.38687499999999997 0.5471874999999999 0.01125 0.01
2 0.35812499999999997 0.67 0.01 0.021249999999999998
2 0.3209375 0.776875 0.013750000000000002 0.0225
2 0.31124999999999997 0.8012499999999999 0.01 0.015
2 0.3021875 0.818125 0.0075 0.01125
2 0.2996875 0.8303125 0.008749999999999999 0.013750000000000002
2 0.3125 0.819375 0.00625 0.013750000000000002
2 0.30625 0.8334374999999999 0.00625 0.013750000000000002
2 0.294375 0.8434375 0.0075 0.015
2 0.30062500000000003 0.8474999999999999 0.0075 0.013750000000000002
2 0.28875 0.8568749999999999 0.008749999999999999 0.013750000000000002
2 0.2784375 0.8796875 0.01 0.0125
2 0.28875 0.8724999999999999 0.008749999999999999 0.013750000000000002
2 0.2646875 0.9778125 0.013750000000000002 0.015
2 0.5565625 0.45375 0.0225 0.026250000000000002
2 0.7731250000000001 0.22937500000000002 0.021249999999999998 0.027500000000000004
2 0.826875 0.0159375 0.01 0.01
2 0.8096875000000001 0.025312499999999998 0.01 0.01
