2 0.5953125 0.036875000000000005 0.01875 0.017499999999999998
2 0.595625 0.017499999999999998 0.0225 0.01625
2 0.615625 0.024375 0.01875 0.017499999999999998
2 0.6196875000000001 0.035312500000000004 0.017499999999999998 0.017499999999999998
2 0.62625 0.049375 0.021249999999999998 0.017499999999999998
2 0.65625 0.053125 0.01875 0.01875
2 0.649375 0.045 0.017499999999999998 0.015
2 0.6443749999999999 0.034375 0.02 0.01875
2 0.6381249999999999 0.025 0.02 0.01875
2 0.7215625 0.140625 0.021249999999999998 0.01875
2 0.7275 0.15125 0.017499999999999998 0.015
2 0.7446875000000001 0.1765625 0.02375 0.01875
2 0.775 0.21812499999999999 0.01875 0.017499999999999998
2 0.4971875 0.0225 0.028749999999999998 0.026250000000000002
