2 0.018125 0.725 0.01125 0.00625
2 0.0034375000000000005 0.7109375 0.00375 0.00625
2 0.0759375 0.6950000000000001 0.01125 0.008749999999999999
2 0.0303125 0.7284375 0.013750000000000002 0.01
2 0.193125 0.6615624999999999 0.01125 0.0075
2 0.1109375 0.70375 0.0125 0.0075
2 0.24375 0.67625 0.0125 0.008749999999999999
2 0.285625 0.40437500000000004 0.015 0.027500000000000004
2 0.29125 0.40062499999999995 0.013750000000000002 0.026250000000000002
2 0.3121875 0.39437500000000003 0.015 0.026250000000000002
2 0.319375 0.39187500000000003 0.013750000000000002 0.027500000000000004
2 0.325625 0.38875000000000004 0.013750000000000002 0.027500000000000004
2 0.3334375 0.3871875 0.013750000000000002 0.027500000000000004
2 0.34125 0.38375 0.013750000000000002 0.02375
2 0.355 0.40750000000000003 0.01625 0.027500000000000004
2 0.348125 0.41312499999999996 0.015 0.026250000000000002
2 0.320625 0.4225 0.01625 0.026250000000000002
2 0.548125 0.57875 0.027500000000000004 0.013750000000000002
2 0.30593750000000003 0.425625 0.015 0.026250000000000002
2 0.2990625 0.42781250000000004 0.013750000000000002 0.027500000000000004
2 0.23562500000000003 0.42093749999999996 0.027500000000000004 0.013750000000000002
2 0.241875 0.440625 0.027500000000000004 0.0125
2 0.27156250000000004 0.44656250000000003 0.027500000000000004 0.015
2 0.273125 0.45437500000000003 0.027500000000000004 0.015
2 0.24874999999999997 0.469375 0.028749999999999998 0.013750000000000002
2 0.2496875 0.47781250000000003 0.027500000000000004 0.015
2 0.29031250000000003 0.51375 0.015 0.027500000000000004
2 0.2990625 0.5153125000000001 0.013750000000000002 0.027500000000000004
2 0.3121875 0.5159374999999999 0.015 0.028749999999999998
2 0.323125 0.504375 0.015 0.027500000000000004
2 0.3303125 0.501875 0.013750000000000002 0.028749999999999998
2 0.335625 0.49749999999999994 0.015 0.026250000000000002
2 0.351875 0.4965625 0.01625 0.027500000000000004
2 0.359375 0.495 0.0125 0.027500000000000004
2 0.33875 0.5340625 0.015 0.027500000000000004
2 0.348125 0.5349999999999999 0.015 0.026250000000000002
2 0.3678125 0.5278125 0.013750000000000002 0.027500000000000004
2 0.37312500000000004 0.49031250000000004 0.015 0.027500000000000004
2 0.38875000000000004 0.49343750000000003 0.015 0.027500000000000004
2 0.635625 0.5053124999999999 0.015 0.013750000000000002
2 0.650625 0.5081249999999999 0.013750000000000002 0.01
2 0.609375 0.545625 0.0125 0.01
2 0.618125 0.5534375 0.01125 0.01
2 0.556875 0.5590625 0.013750000000000002 0.008749999999999999
2 0.4803125 0.5815625 0.013750000000000002 0.01
2 0.72875 0.73375 0.013750000000000002 0.01125
2 0.74 0.7453125 0.01125 0.0125
2 0.7515625 0.76 0.0125 0.013750000000000002
2 0.71875 0.771875 0.0125 0.0125
2 0.598125 0.564375 0.015 0.01
2 0.42000000000000004 0.5909375 0.015 0.01
