2 0.2796875 0.96125 0.01875 0.01625
2 0.178125 0.5325 0.00625 0.027500000000000004
2 0.1575 0.6709375 0.008749999999999999 0.026250000000000002
2 0.5506249999999999 0.9296875 0.02 0.00625
2 0.16312500000000002 0.68875 0.0075 0.027500000000000004
2 0.1525 0.9596875 0.01125 0.0225
2 0.9940625000000001 0.9390625 0.01 0.00625
2 0.9018750000000001 0.9650000000000001 0.01 0.005
2 0.921875 0.9706250000000001 0.0125 0.00375
2 0.8 0.94375 0.0125 0.00625
2 0.840625 0.936875 0.0125 0.005
2 0.3546875 0.8306250000000001 0.00625 0.01125
2 0.3596875 0.8321875000000001 0.00375 0.01125
2 0.3665625 0.8315625000000001 0.005 0.01
2 0.370625 0.8309374999999999 0.00375 0.008749999999999999
2 0.3759375 0.8321875000000001 0.005 0.01125
2 0.471875 0.8321875000000001 0.0125 0.005
2 0.47125000000000006 0.8275 0.01125 0.005
2 0.47125000000000006 0.8209375 0.01125 0.0075
2 0.415625 0.930625 0.0125 0.005
2 0.4571875 0.925 0.01125 0.00625
2 0.3328125 0.9568749999999999 0.0125 0.0075
2 0.35875 0.9493750000000001 0.01125 0.005
2 0.33375 0.936875 0.01125 0.005
2 0.7065625 0.930625 0.01 0.005
2 0.6900000000000001 0.936875 0.01125 0.005
2 0.728125 0.6634375 0.00625 0.01125
2 0.8643750000000001 0.2071875 0.00375 0.01125
2 0.8540625000000001 0.20656249999999998 0.005 0.01
2 0.993125 0.7621875 0.005 0.008749999999999999
2 0.9859375 0.7621875 0.00625 0.008749999999999999
2 0.991875 0.75125 0.0025 0.008749999999999999
2 0.9971875000000001 0.7503124999999999 0.00375 0.01
2 0.99875 0.7621875 0.00375 0.008749999999999999
2 0.7515625 0.6640625 0.0125 0.00625
2 0.7525000000000001 0.6587500000000001 0.01125 0.005
2 0.749375 0.6540625 0.01125 0.005
2 0.7509375 0.649375 0.01125 0.005
2 0.368125 0.764375 0.005 0.01
2 0.3728125 0.764375 0.005 0.01
2 0.3765625 0.764375 0.00625 0.01
2 0.3821875 0.7634375 0.005 0.01125
2 0.37906249999999997 0.7525000000000001 0.01125 0.005
2 0.37124999999999997 0.733125 0.005 0.01
2 0.37687499999999996 0.733125 0.00375 0.01
2 0.2659375 0.676875 0.00375 0.01
2 0.2640625 0.703125 0.00625 0.0125
2 0.7409375 0.453125 0.00375 0.0125
2 0.14625 0.67625 0.005 0.008749999999999999
2 0.1421875 0.705 0.00625 0.01
2 0.16875 0.7071875000000001 0.00625 0.01125
2 0.15875 0.7681250000000001 0.005 0.01125
2 0.15562499999999999 0.7984375 0.005 0.0125
2 0.15875 0.7140625 0.005 0.0125
2 0.153125 0.7056250000000001 0.00625 0.01125
2 0.1515625 0.721875 0.00625 0.0125
2 0.1484375 0.74 0.00625 0.01125
2 0.14375 0.7253125 0.00625 0.01
2 0.14156249999999998 0.7409375 0.005 0.01
2 0.13999999999999999 0.7581249999999999 0.005 0.01
2 0.13625 0.776875 0.00375 0.01
2 0.140625 0.805625 0.00625 0.01125
2 0.14937499999999998 0.8128125 0.005 0.01
2 0.13625 0.83375 0.00375 0.01125
2 0.14250000000000002 0.8440625 0.00375 0.01
2 0.14937499999999998 0.8440625 0.005 0.01
2 0.1384375 0.8556250000000001 0.005 0.01125
2 0.1440625 0.8706250000000001 0.00375 0.01
2 0.1509375 0.8684375 0.005 0.008749999999999999
2 0.45093750000000005 0.73375 0.005 0.01125
2 0.143125 0.6950000000000001 0.005 0.008749999999999999
2 0.14781249999999999 0.663125 0.005 0.0075
2 0.47750000000000004 0.733125 0.005 0.01
2 0.195 0.9509375 0.008749999999999999 0.01125
2 0.23125 0.69875 0.00625 0.01
2 0.21187499999999998 0.6643749999999999 0.005 0.01
2 0.1765625 0.7275 0.00625 0.01125
2 0.175 0.74 0.00625 0.01125
2 0.1734375 0.753125 0.00625 0.0125
2 0.17124999999999999 0.7659374999999999 0.005 0.01
2 0.16875 0.8018750000000001 0.00625 0.01
2 0.1675 0.8159375000000001 0.00375 0.01
2 0.1675 0.8315625000000001 0.00375 0.01
2 0.18687499999999999 0.849375 0.005 0.01125
2 0.16875 0.8462500000000001 0.00625 0.01125
2 0.169375 0.8631249999999999 0.0075 0.013750000000000002
2 0.1825 0.8859375 0.008749999999999999 0.0125
2 0.175625 0.889375 0.0075 0.01
2 0.17875000000000002 0.903125 0.0075 0.0125
2 0.1975 0.9109375 0.0075 0.0125
2 0.1928125 0.9253125000000001 0.0075 0.01
2 0.2053125 0.9393750000000001 0.0075 0.01
2 0.181875 0.915 0.0075 0.01125
2 0.18656250000000002 0.93 0.0075 0.01
2 0.1896875 0.9403124999999999 0.0075 0.008749999999999999
2 0.45625 0.73375 0.00625 0.01125
2 0.45093750000000005 0.6837500000000001 0.005 0.01125
2 0.433125 0.9259375000000001 0.01 0.005
2 0.665 0.9390625 0.01125 0.00625
2 0.6628125 0.9634375000000001 0.01 0.005
2 0.7212500000000001 0.9665625 0.01125 0.005
2 0.765 0.961875 0.01125 0.005
2 0.8346875 0.961875 0.01 0.005
2 0.3703125 0.930625 0.0125 0.005
2 0.36343749999999997 0.9243750000000001 0.01125 0.005
2 0.3171875 0.920625 0.0125 0.00375
2 0.3128125 0.9134375 0.01 0.005
2 0.3246875 0.9140625 0.008749999999999999 0.00625
2 0.33218749999999997 0.92125 0.01125 0.005
2 0.3015625 0.9284375 0.0125 0.00375
2 0.31437499999999996 0.9290625 0.01 0.005
2 0.32687499999999997 0.9290625 0.01 0.005
2 0.33999999999999997 0.93 0.01125 0.00375
2 0.48312499999999997 0.934375 0.01 0.00625
2 0.795 0.9806250000000001 0.008749999999999999 0.01125
2 0.2671875 0.8203125 0.00625 0.0125
2 0.77125 0.9331250000000001 0.01125 0.00375
2 0.7921875 0.9331250000000001 0.0125 0.00375
2 0.7418750000000001 0.9346875000000001 0.008749999999999999 0.00375
2 0.7275 0.9415625000000001 0.01125 0.005
2 0.6743750000000001 0.9556250000000001 0.01125 0.005
2 0.608125 0.930625 0.01 0.005
2 0.45562500000000006 0.6837500000000001 0.005 0.01125
2 0.6203125 0.936875 0.0125 0.005
2 0.46187500000000004 0.6846875 0.005 0.01
2 0.468125 0.6846875 0.005 0.01
2 0.45562500000000006 0.6956249999999999 0.005 0.01
2 0.46187500000000004 0.6956249999999999 0.005 0.01
2 0.468125 0.6956249999999999 0.005 0.01
2 0.42718749999999994 0.7578125 0.013750000000000002 0.00625
2 0.42750000000000005 0.75 0.01125 0.00625
2 0.489375 0.8400000000000001 0.01 0.005
2 0.49000000000000005 0.804375 0.01125 0.008749999999999999
2 0.4871875 0.8140625 0.008749999999999999 0.00625
2 0.145625 0.8931250000000001 0.00375 0.01125
2 0.153125 0.915 0.00625 0.01125
2 0.153125 0.9393750000000001 0.00625 0.01
2 0.4525 0.9071875 0.01125 0.005
2 0.46375 0.9065625 0.008749999999999999 0.00375
2 0.4534375 0.8996875 0.01 0.0025
2 0.4534375 0.89375 0.01 0.00625
2 0.47375 0.8868750000000001 0.00375 0.01125
2 0.3859375 0.95625 0.0125 0.00625
2 0.22156250000000002 0.974375 0.008749999999999999 0.01125
2 0.499375 0.9400000000000001 0.01125 0.005
2 0.21812499999999999 0.8487500000000001 0.005 0.01
2 0.1859375 0.7703125 0.00625 0.0125
2 0.1796875 0.7134375000000001 0.00625 0.01125
2 0.265 0.445 0.005 0.008749999999999999
2 0.234375 0.43156249999999996 0.00625 0.01
2 0.23374999999999999 0.47125000000000006 0.005 0.01125
2 0.280625 0.48531250000000004 0.005 0.01125
2 0.2915625 0.484375 0.005 0.0125
2 0.8712500000000001 0.47437500000000005 0.01125 0.005
2 0.7696875000000001 0.40093750000000006 0.01125 0.005
2 0.21187499999999998 0.42062499999999997 0.005 0.01
2 0.2009375 0.425625 0.005 0.0075
2 0.205625 0.43937499999999996 0.005 0.01
2 0.215 0.4453125 0.005 0.0125
2 0.2165625 0.4259375 0.005 0.01125
2 0.2165625 0.468125 0.005 0.01125
2 0.21031249999999999 0.46281249999999996 0.005 0.01
2 0.20249999999999999 0.476875 0.005 0.01
2 0.215 0.5 0.005 0.0125
2 0.2046875 0.49625 0.00625 0.01125
2 0.20625 0.514375 0.00625 0.01
2 0.29312499999999997 0.5134375 0.005 0.01125
2 0.1759375 0.4984375 0.005 0.0125
2 0.2603125 0.533125 0.005 0.01
2 0.22999999999999998 0.5075000000000001 0.00375 0.008749999999999999
2 0.2459375 0.41187500000000005 0.0075 0.01125
2 0.2634375 0.40125 0.005 0.008749999999999999
2 0.18687499999999999 0.70875 0.005 0.01125
2 0.2634375 0.3153125 0.005 0.008749999999999999
2 0.265625 0.1984375 0.00625 0.0125
2 0.26937500000000003 0.2128125 0.0075 0.01
2 0.2359375 0.221875 0.00625 0.0125
2 0.22125 0.2128125 0.005 0.01
2 0.221875 0.24874999999999997 0.00625 0.01
2 0.234375 0.27125 0.00625 0.01125
2 0.22125 0.29562499999999997 0.005 0.01
2 0.1653125 0.296875 0.008749999999999999 0.0125
2 0.199375 0.305625 0.005 0.01125
2 0.209375 0.33375 0.00625 0.01125
2 0.246875 0.31656249999999997 0.00625 0.01125
2 0.2875 0.34125 0.00625 0.013750000000000002
2 0.205625 0.308125 0.005 0.01
2 0.2 0.3253125 0.00625 0.01
2 0.18031250000000001 0.36593749999999997 0.0075 0.01
2 0.209375 0.355 0.00625 0.01
2 0.21187499999999998 0.3821875 0.005 0.01125
2 0.2015625 0.401875 0.00625 0.01
2 0.21187499999999998 0.40499999999999997 0.005 0.01
2 0.2190625 0.37625000000000003 0.00375 0.008749999999999999
2 0.21875 0.396875 0.00625 0.0125
2 0.19718750000000002 0.51375 0.00375 0.008749999999999999
2 0.20249999999999999 0.458125 0.005 0.01
2 0.21187499999999998 0.5403125 0.005 0.008749999999999999
2 0.20406249999999998 0.545625 0.005 0.01
2 0.170625 0.6134375000000001 0.00375 0.01125
2 0.17124999999999999 0.63 0.005 0.01
2 0.16593750000000002 0.626875 0.00375 0.01
2 0.1625 0.605 0.00625 0.01
2 0.15562499999999999 0.6065625 0.005 0.01
2 0.1690625 0.64625 0.00375 0.01125
2 0.1671875 0.6640625 0.00625 0.0125
2 0.16343749999999999 0.64 0.005 0.01125
2 0.15875 0.63375 0.005 0.01125
2 0.1515625 0.6284375 0.00625 0.01
2 0.15 0.639375 0.00625 0.01
2 0.15625 0.6503125 0.00625 0.01
2 0.14937499999999998 0.651875 0.005 0.01
2 0.199375 0.6118750000000001 0.005 0.01125
2 0.20249999999999999 0.645625 0.005 0.01
2 0.19468749999999999 0.635625 0.005 0.008749999999999999
2 0.199375 0.6659375 0.005 0.01
2 0.1984375 0.684375 0.00625 0.0125
2 0.1859375 0.665625 0.00625 0.0125
2 0.193125 0.6690625 0.005 0.01
2 0.18062499999999998 0.69625 0.005 0.01125
2 0.1675 0.545625 0.00375 0.01
2 0.1596875 0.54875 0.00375 0.01
2 0.24312499999999998 0.8728125 0.005 0.01125
2 0.3159375 0.73 0.01 0.00375
2 0.2203125 0.5596875 0.00625 0.01
2 0.19624999999999998 0.551875 0.005 0.01
2 0.20406249999999998 0.5675 0.005 0.01
2 0.19468749999999999 0.5728125000000001 0.005 0.01125
2 0.199375 0.5884375000000001 0.005 0.01125
2 0.205625 0.6025 0.005 0.01125
2 0.224375 0.6056250000000001 0.005 0.01125
2 0.234375 0.6196875000000001 0.00625 0.01125
2 0.26968749999999997 0.6315625 0.005 0.01
2 0.3278125 0.7290625000000001 0.008749999999999999 0.005
2 0.2509375 0.8853125000000001 0.005 0.01125
2 0.3403125 0.7284375 0.008749999999999999 0.00375
2 0.35343749999999996 0.7259375 0.01 0.005
2 0.35281250000000003 0.7221875 0.008749999999999999 0.00375
2 0.36531250000000004 0.7134375000000001 0.008749999999999999 0.005
2 0.40406250000000005 0.75875 0.005 0.01125
2 0.4134375 0.7581249999999999 0.005 0.01
2 0.46281249999999996 0.8484375 0.01 0.00625
2 0.46375 0.843125 0.008749999999999999 0.005
2 0.2478125 0.825 0.005 0.0125
2 0.401875 0.9243750000000001 0.01 0.005
2 0.5340625 0.9290625 0.008749999999999999 0.005
2 0.9868750000000001 0.749375 0.005 0.01125
2 0.9659375000000001 0.7346874999999999 0.01 0.00375
2 0.9650000000000001 0.739375 0.01125 0.00375
2 0.9665625 0.7440625 0.01125 0.00375
2 0.9659375000000001 0.74875 0.01 0.00375
2 0.9659375000000001 0.755 0.01 0.00375
2 0.9653124999999999 0.760625 0.008749999999999999 0.0025
2 0.9653124999999999 0.7653125000000001 0.008749999999999999 0.0025
2 0.6884375 0.5962500000000001 0.005 0.01125
2 0.983125 0.9650000000000001 0.01 0.005
2 0.8568749999999999 0.021875 0.0075 0.0125
2 0.77125 0.38 0.01125 0.00375
2 0.77125 0.3853125 0.01125 0.005
2 0.7703125 0.39249999999999996 0.0125 0.00375
2 0.7703125 0.39625 0.0125 0.005
2 0.7378125 0.6415625 0.00375 0.01125
2 0.7315625 0.6431250000000001 0.00375 0.01125
2 0.693125 0.596875 0.005 0.0125
2 0.689375 0.6075 0.00375 0.008749999999999999
2 0.6956249999999999 0.608125 0.00375 0.01
2 0.77125 0.46187500000000004 0.01125 0.005
2 0.7693749999999999 0.4525 0.0075 0.01125
2 0.764375 0.4534375 0.00375 0.01
2 0.75875 0.453125 0.005 0.0125
2 0.7978125 0.4534375 0.005 0.01
2 0.2690625 0.6503125 0.00375 0.01
2 0.9581250000000001 0.9546875 0.01 0.00625
2 0.8978125 0.9556250000000001 0.01125 0.005
2 0.8949999999999999 0.945625 0.008749999999999999 0.00375
2 0.9862500000000001 0.7840625 0.00375 0.008749999999999999
2 0.9909375 0.785625 0.00375 0.008749999999999999
2 0.9962500000000001 0.78625 0.005 0.01
2 0.984375 0.798125 0.00625 0.008749999999999999
2 0.990625 0.798125 0.00625 0.008749999999999999
2 0.9962500000000001 0.798125 0.005 0.008749999999999999
2 0.9337500000000001 0.961875 0.01125 0.005
2 0.9659375000000001 0.79625 0.01 0.005
2 0.9653124999999999 0.7909375 0.008749999999999999 0.00375
2 0.9659375000000001 0.78125 0.01 0.00625
2 0.9659375000000001 0.786875 0.01 0.005
2 0.9665625 0.77125 0.01125 0.005
2 0.2725 0.175 0.0075 0.0125
2 0.281875 0.145625 0.0075 0.01
2 0.2896875 0.130625 0.0075 0.01125
2 0.049375 0.0059375 0.01125 0.008749999999999999
2 0.33468749999999997 0.136875 0.01 0.01125
2 0.22125 0.052500000000000005 0.005 0.01125
2 0.2225 0.0915625 0.0075 0.01125
2 0.2203125 0.13999999999999999 0.00625 0.01125
2 0.2228125 0.16999999999999998 0.005 0.008749999999999999
2 0.2359375 0.168125 0.00625 0.01125
2 0.25 0.1715625 0.00625 0.015
2 0.058125 0.027500000000000004 0.01 0.01125
2 0.091875 0.04875 0.008749999999999999 0.01
2 0.029375000000000002 0.0315625 0.008749999999999999 0.01
2 0.14656249999999998 0.1275 0.008749999999999999 0.01125
2 0.15687500000000001 0.1440625 0.0075 0.01
2 0.1340625 0.12437499999999999 0.008749999999999999 0.01125
2 0.15531250000000002 0.16593750000000002 0.0075 0.01
2 0.16312500000000002 0.16499999999999998 0.0075 0.01125
2 0.175625 0.18375 0.0075 0.01125
2 0.185 0.20875 0.0075 0.01125
2 0.16999999999999998 0.199375 0.008749999999999999 0.01125
2 0.1796875 0.22531249999999997 0.00625 0.01
2 0.1896875 0.226875 0.0075 0.01
2 0.19375 0.24562499999999998 0.00625 0.01
2 0.200625 0.2690625 0.0075 0.01
2 0.195 0.2884375 0.008749999999999999 0.01125
2 0.24625 0.0915625 0.005 0.01125
2 0.225 0.025937500000000002 0.00625 0.01125
2 0.24156249999999999 0.0171875 0.005 0.0125
2 0.2453125 0.033125 0.00625 0.01
2 0.24 0.0496875 0.005 0.008749999999999999
2 0.20218750000000002 0.2884375 0.0075 0.01125
2 0.185 0.24500000000000002 0.0075 0.008749999999999999
2 0.18843749999999998 0.26375000000000004 0.005 0.008749999999999999
2 0.43624999999999997 0.0046875 0.01 0.00625
2 0.3728125 0.009375 0.01125 0.0125
2 0.349375 0.034375 0.01125 0.0125
2 0.33406250000000004 0.055625 0.008749999999999999 0.01125
2 0.31906249999999997 0.0759375 0.01 0.01125
2 0.30656249999999996 0.1015625 0.01 0.0125
2 0.29812500000000003 0.11281250000000001 0.008749999999999999 0.01
2 0.3728125 0.09468750000000001 0.01125 0.01125
2 0.8559374999999999 0.0440625 0.015 0.00375
2 0.8553124999999999 0.04875 0.013750000000000002 0.00375
2 0.13968750000000002 0.21187499999999998 0.0075 0.01125
2 0.1209375 0.1746875 0.0075 0.008749999999999999
2 0.11687499999999999 0.2290625 0.008749999999999999 0.01125
2 0.1121875 0.21812499999999999 0.008749999999999999 0.01125
2 0.10687500000000001 0.2071875 0.0075 0.01125
2 0.095625 0.1875 0.01 0.0125
2 0.0840625 0.1665625 0.008749999999999999 0.01125
2 0.051875000000000004 0.12125 0.01 0.01125
2 0.035625000000000004 0.108125 0.008749999999999999 0.01
2 0.02 0.09281249999999999 0.008749999999999999 0.0075
2 0.0071874999999999994 0.94375 0.01125 0.00625
2 0.0296875 0.9400000000000001 0.0125 0.005
2 0.060312500000000005 0.9471875000000001 0.01125 0.00375
2 0.0775 0.9478125000000001 0.01125 0.005
2 0.044687500000000005 0.9393750000000001 0.01125 0.00375
2 0.0565625 0.9400000000000001 0.01 0.005
2 0.07062500000000001 0.9400000000000001 0.01 0.005
2 0.1521875 0.618125 0.0075 0.01125
2 0.159375 0.61875 0.00625 0.0125
