2 0.08499999999999999 0.41281249999999997 0.0075 0.01
2 0.2759375 0.4565625 0.005 0.01
2 0.4175 0.5003124999999999 0.00375 0.01
2 0.426875 0.5271874999999999 0.00375 0.0075
2 0.43062500000000004 0.5065625 0.005 0.01
2 0.2759375 0.3403125 0.02375 0.015
2 0.27718750000000003 0.36312500000000003 0.0325 0.0075
2 0.038125 0.4221875 0.0075 0.01
2 0.063125 0.4175 0.0075 0.01
2 0.09375 0.40812499999999996 0.00625 0.01
2 0.0809375 0.4134375 0.008749999999999999 0.01125
2 0.143125 0.398125 0.005 0.008749999999999999
2 0.41875 0.6909375 0.00625 0.01
2 0.14937499999999998 0.398125 0.005 0.008749999999999999
2 0.1540625 0.39656250000000004 0.005 0.008749999999999999
2 0.16468750000000001 0.395 0.0075 0.008749999999999999
2 0.169375 0.393125 0.0075 0.01125
2 0.1240625 0.34781249999999997 0.0075 0.01125
2 0.343125 0.42437500000000006 0.005 0.01125
2 0.349375 0.42437500000000006 0.005 0.01125
2 0.43375 0.479375 0.005 0.008749999999999999
2 0.43531250000000005 0.468125 0.005 0.01125
2 0.43624999999999997 0.45187499999999997 0.00375 0.01
2 0.286875 0.52625 0.005 0.008749999999999999
2 0.4659375 0.5675 0.01 0.00375
2 0.4659375 0.579375 0.01 0.0025
2 0.465 0.5900000000000001 0.01125 0.005
2 0.4171875 0.6799999999999999 0.00625 0.01
2 0.4134375 0.6690625 0.005 0.01
2 0.42750000000000005 0.6637500000000001 0.005 0.008749999999999999
2 0.43062500000000004 0.6784375 0.005 0.01
2 0.4359375 0.7346874999999999 0.00625 0.01
2 0.4421875 0.7325 0.00625 0.008749999999999999
2 0.4484375 0.73375 0.00625 0.01125
2 0.4534375 0.7315625 0.00375 0.01
2 0.45875000000000005 0.7303124999999999 0.005 0.0075
2 0.47781250000000003 0.693125 0.008749999999999999 0.005
2 0.4484375 0.693125 0.0125 0.005
2 0.445625 0.6840625 0.01 0.0025
2 0.44625000000000004 0.6721874999999999 0.01125 0.00375
2 0.4446875 0.6675 0.01125 0.00375
2 0.44406249999999997 0.655625 0.01 0.005
2 0.44312500000000005 0.6503125 0.01125 0.00375
2 0.471875 0.6487499999999999 0.0125 0.00375
2 0.468125 0.6296875 0.01125 0.00625
2 0.4659375 0.618125 0.01 0.005
2 0.464375 0.6056250000000001 0.01 0.005
2 0.464375 0.6003125 0.01 0.00375
2 0.425 0.4446875 0.00625 0.01125
2 0.4346875 0.3753125 0.00375 0.01
2 0.44312500000000005 0.315 0.005 0.01125
2 0.1925 0.05125 0.028749999999999998 0.015
2 0.1896875 0.028749999999999998 0.026250000000000002 0.013750000000000002
2 0.18656250000000002 0.023125 0.026250000000000002 0.015
2 0.185 0.015312500000000001 0.026250000000000002 0.015
2 0.184375 0.0084375 0.025 0.013750000000000002
2 0.181875 0.0053124999999999995 0.026250000000000002 0.0075
2 0.19125 0.0359375 0.026250000000000002 0.0125
2 0.19343749999999998 0.057499999999999996 0.027500000000000004 0.015
2 0.3178125 0.29312499999999997 0.0075 0.01125
2 0.3134375 0.145625 0.005 0.01
2 0.4728125 0.100625 0.005 0.0075
2 0.47750000000000004 0.15875 0.005 0.01125
2 0.48375 0.114375 0.005 0.01
2 0.489375 0.07781249999999999 0.00375 0.008749999999999999
2 0.4915625 0.064375 0.005 0.01
2 0.4925 0.05125 0.00375 0.008749999999999999
2 0.49468750000000006 0.03875 0.005 0.008749999999999999
2 0.495625 0.028749999999999998 0.00375 0.0075
2 0.49781250000000005 0.017812500000000002 0.005 0.0075
2 0.49874999999999997 0.0075 0.00375 0.008749999999999999
2 0.32125 0.1584375 0.01125 0.0075
2 0.176875 0.08249999999999999 0.01 0.027500000000000004
2 0.32125 0.151875 0.01125 0.01
2 0.3246875 0.145 0.008749999999999999 0.008749999999999999
2 0.3246875 0.13874999999999998 0.008749999999999999 0.008749999999999999
2 0.32437499999999997 0.1325 0.01125 0.008749999999999999
2 0.299375 0.10500000000000001 0.005 0.01
2 0.28625 0.13218749999999999 0.01 0.005
2 0.29874999999999996 0.11750000000000001 0.00375 0.01
2 0.3003125 0.1278125 0.00375 0.008749999999999999
2 0.29562499999999997 0.1275 0.00375 0.01125
2 0.2940625 0.11781250000000001 0.00375 0.0075
2 0.4571875 0.1978125 0.005 0.01125
2 0.45562500000000006 0.21031249999999999 0.005 0.01125
2 0.468125 0.2375 0.005 0.0125
2 0.4525 0.23718750000000002 0.005 0.008749999999999999
2 0.31906249999999997 0.30593750000000003 0.00375 0.008749999999999999
2 0.33218749999999997 0.30874999999999997 0.005 0.01125
2 0.29031250000000003 0.3171875 0.008749999999999999 0.00625
2 0.32437499999999997 0.2784375 0.005 0.01
2 0.29093749999999996 0.30125 0.01 0.008749999999999999
2 0.30093749999999997 0.26749999999999996 0.01125 0.00375
2 0.27125 0.268125 0.01125 0.005
2 0.3003125 0.25968749999999996 0.01 0.00375
2 0.343125 0.24874999999999997 0.005 0.01
2 0.33218749999999997 0.25875 0.005 0.01125
2 0.349375 0.22125 0.005 0.01125
2 0.26125 0.286875 0.01 0.005
2 0.271875 0.25656249999999997 0.0125 0.00375
2 0.3075 0.2284375 0.008749999999999999 0.00375
2 0.26687500000000003 0.22999999999999998 0.008749999999999999 0.00375
2 0.2665625 0.213125 0.01125 0.0075
2 0.3096875 0.2071875 0.01 0.005
2 0.27999999999999997 0.18625 0.00375 0.01
2 0.258125 0.0925 0.01 0.00375
2 0.2503125 0.043125000000000004 0.01 0.005
2 0.21437499999999998 0.035312500000000004 0.01 0.005
2 0.2925 0.1065625 0.00375 0.01
2 0.349375 0.139375 0.005 0.01
2 0.081875 0.048125 0.013750000000000002 0.027500000000000004
2 0.088125 0.045 0.013750000000000002 0.027500000000000004
2 0.095625 0.045 0.01625 0.027500000000000004
2 0.100625 0.0109375 0.013750000000000002 0.01875
2 0.1084375 0.0096875 0.013750000000000002 0.01625
2 0.11499999999999999 0.0084375 0.01125 0.013750000000000002
2 0.12281249999999999 0.0071874999999999994 0.01125 0.01125
2 0.1290625 0.0059375 0.01125 0.008749999999999999
2 0.1615625 0.0375 0.026250000000000002 0.0125
2 0.1628125 0.044375 0.028749999999999998 0.013750000000000002
2 0.16468750000000001 0.06281250000000001 0.026250000000000002 0.01
2 0.13093749999999998 0.07125000000000001 0.027500000000000004 0.017499999999999998
2 0.1125 0.08499999999999999 0.0125 0.026250000000000002
2 0.1284375 0.110625 0.01625 0.027500000000000004
2 0.11937500000000001 0.11374999999999999 0.013750000000000002 0.027500000000000004
2 0.4671875 0.13999999999999999 0.00625 0.01125
2 0.7734375 0.9459375 0.0125 0.0075
2 0.42125 0.5721875 0.005 0.01
2 0.4446875 0.289375 0.005 0.01
