2 0.08499999999999999 0.6487499999999999 0.0075 0.01
2 0.2759375 0.6925 0.005 0.01
2 0.4175 0.73625 0.00375 0.01
2 0.426875 0.7631249999999999 0.00375 0.0075
2 0.43062500000000004 0.7424999999999999 0.005 0.01
2 0.2759375 0.57625 0.02375 0.015
2 0.27718750000000003 0.600625 0.0325 0.0075
2 0.038125 0.658125 0.0075 0.01
2 0.063125 0.6534375 0.0075 0.01
2 0.09375 0.645625 0.00625 0.01
2 0.0809375 0.649375 0.008749999999999999 0.01125
2 0.143125 0.6340625 0.005 0.008749999999999999
2 0.41875 0.9268750000000001 0.00625 0.01
2 0.14937499999999998 0.6340625 0.005 0.008749999999999999
2 0.1540625 0.6325000000000001 0.005 0.008749999999999999
2 0.16468750000000001 0.6309375 0.0075 0.008749999999999999
2 0.169375 0.6290625000000001 0.0075 0.01125
2 0.1240625 0.58375 0.0075 0.01125
2 0.343125 0.6603125000000001 0.005 0.01125
2 0.349375 0.6603125000000001 0.005 0.01125
2 0.43375 0.7153125 0.005 0.008749999999999999
2 0.43531250000000005 0.7040625 0.005 0.01125
2 0.43624999999999997 0.689375 0.00375 0.01
2 0.286875 0.7621875 0.005 0.008749999999999999
2 0.4659375 0.805 0.01 0.00375
2 0.4659375 0.8153124999999999 0.01 0.0025
2 0.465 0.8259375 0.01125 0.005
2 0.4171875 0.9159375000000001 0.00625 0.01
2 0.4134375 0.905 0.005 0.01
2 0.42750000000000005 0.9012499999999999 0.005 0.008749999999999999
2 0.43062500000000004 0.914375 0.005 0.01
2 0.4359375 0.9706250000000001 0.00625 0.01
2 0.4421875 0.97 0.00625 0.008749999999999999
2 0.4484375 0.9696875 0.00625 0.01125
2 0.4534375 0.9675 0.00375 0.01
2 0.45875000000000005 0.9662499999999999 0.005 0.0075
2 0.47781250000000003 0.930625 0.008749999999999999 0.005
2 0.4484375 0.930625 0.0125 0.005
2 0.445625 0.9199999999999999 0.01 0.0025
2 0.44625000000000004 0.9081250000000001 0.01125 0.00375
2 0.4446875 0.9034375000000001 0.01125 0.00375
2 0.44406249999999997 0.8931250000000001 0.01 0.005
2 0.44312500000000005 0.8862500000000001 0.01125 0.00375
2 0.471875 0.8862500000000001 0.0125 0.00375
2 0.468125 0.865625 0.01125 0.00625
2 0.4659375 0.8540625000000001 0.01 0.005
2 0.464375 0.843125 0.01 0.005
2 0.464375 0.83625 0.01 0.00375
2 0.425 0.680625 0.00625 0.01125
2 0.4346875 0.61125 0.00375 0.01
2 0.44312500000000005 0.5525 0.005 0.01125
2 0.1925 0.28718750000000004 0.028749999999999998 0.015
2 0.1896875 0.26625 0.026250000000000002 0.013750000000000002
2 0.18656250000000002 0.25906250000000003 0.026250000000000002 0.015
2 0.185 0.25125000000000003 0.026250000000000002 0.015
2 0.184375 0.244375 0.025 0.013750000000000002
2 0.181875 0.23718750000000002 0.026250000000000002 0.015
2 0.18125 0.22937500000000002 0.025 0.015
2 0.1828125 0.2225 0.025 0.013750000000000002
2 0.196875 0.1990625 0.025 0.013750000000000002
2 0.1640625 0.2084375 0.025 0.013750000000000002
2 0.19125 0.271875 0.026250000000000002 0.0125
2 0.19343749999999998 0.2934375 0.027500000000000004 0.015
2 0.3178125 0.5290625 0.0075 0.01125
2 0.3134375 0.383125 0.005 0.01
2 0.4728125 0.3365625 0.005 0.0075
2 0.47750000000000004 0.39468749999999997 0.005 0.01125
2 0.48375 0.35031249999999997 0.005 0.01
2 0.4884375 0.3134375 0.005 0.01125
2 0.4915625 0.301875 0.005 0.01
2 0.4925 0.28875 0.00375 0.008749999999999999
2 0.49468750000000006 0.27625 0.005 0.008749999999999999
2 0.495625 0.2646875 0.00375 0.0075
2 0.49781250000000005 0.25375000000000003 0.005 0.0075
2 0.49874999999999997 0.24343750000000003 0.00375 0.008749999999999999
2 0.32125 0.39437500000000003 0.01125 0.0075
2 0.176875 0.31843750000000004 0.01 0.027500000000000004
2 0.32125 0.38937499999999997 0.01125 0.01
2 0.3246875 0.38093750000000004 0.008749999999999999 0.008749999999999999
2 0.3246875 0.3746875 0.008749999999999999 0.008749999999999999
2 0.32437499999999997 0.36843750000000003 0.01125 0.008749999999999999
2 0.299375 0.3409375 0.005 0.01
2 0.28625 0.368125 0.01 0.005
2 0.29874999999999996 0.35343749999999996 0.00375 0.01
2 0.3003125 0.36375 0.00375 0.008749999999999999
2 0.29562499999999997 0.365 0.00375 0.01125
2 0.2940625 0.35375 0.00375 0.0075
2 0.4571875 0.43375 0.005 0.01125
2 0.45562500000000006 0.44625000000000004 0.005 0.01125
2 0.468125 0.4734375 0.005 0.0125
2 0.4525 0.473125 0.005 0.008749999999999999
2 0.31906249999999997 0.541875 0.00375 0.008749999999999999
2 0.33218749999999997 0.5446875 0.005 0.01125
2 0.29031250000000003 0.553125 0.008749999999999999 0.00625
2 0.32437499999999997 0.514375 0.005 0.01
2 0.29093749999999996 0.5387500000000001 0.01 0.008749999999999999
2 0.30093749999999997 0.505 0.01125 0.00375
2 0.27125 0.505625 0.01125 0.005
2 0.3003125 0.495625 0.01 0.00375
2 0.343125 0.4846875 0.005 0.01
2 0.33218749999999997 0.49625 0.005 0.01125
2 0.349375 0.45875000000000005 0.005 0.01125
2 0.26125 0.5228125 0.01 0.005
2 0.271875 0.4925 0.0125 0.00375
2 0.3075 0.464375 0.008749999999999999 0.00375
2 0.26687500000000003 0.4659375 0.008749999999999999 0.00375
2 0.2665625 0.4490625 0.01125 0.0075
2 0.3096875 0.44312500000000005 0.01 0.005
2 0.27999999999999997 0.4221875 0.00375 0.01
2 0.258125 0.3284375 0.01 0.00375
2 0.2503125 0.2790625 0.01 0.005
2 0.21437499999999998 0.27125 0.01 0.005
2 0.2925 0.34249999999999997 0.00375 0.01
2 0.349375 0.3753125 0.005 0.01
2 0.5559375 0.146875 0.008749999999999999 0.00625
2 0.081875 0.2840625 0.013750000000000002 0.027500000000000004
2 0.088125 0.2809375 0.013750000000000002 0.027500000000000004
2 0.095625 0.2809375 0.01625 0.027500000000000004
2 0.0996875 0.241875 0.015 0.027500000000000004
2 0.1065625 0.23937499999999998 0.01625 0.028749999999999998
2 0.11374999999999999 0.23625 0.015 0.028749999999999998
2 0.12062500000000001 0.23500000000000001 0.01625 0.026250000000000002
2 0.12687500000000002 0.2325 0.01625 0.027500000000000004
2 0.1615625 0.2734375 0.026250000000000002 0.0125
2 0.1628125 0.2803125 0.028749999999999998 0.013750000000000002
2 0.16468750000000001 0.29874999999999996 0.026250000000000002 0.01
2 0.13093749999999998 0.3071875 0.027500000000000004 0.017499999999999998
2 0.1125 0.3225 0.0125 0.026250000000000002
2 0.1284375 0.3465625 0.01625 0.027500000000000004
2 0.11937500000000001 0.34968750000000004 0.013750000000000002 0.027500000000000004
2 0.5587500000000001 0.1290625 0.01125 0.005
2 0.4671875 0.3759375 0.00625 0.01125
2 0.42125 0.8081250000000001 0.005 0.01
2 0.4446875 0.526875 0.005 0.01
2 0.3703125 0.48656249999999995 0.00625 0.013750000000000002
