2 0.029375000000000002 0.676875 0.027500000000000004 0.01625
2 0.6259375 0.4890625 0.01125 0.00625
2 0.5740624999999999 0.5121875 0.013750000000000002 0.008749999999999999
2 0.60625 0.47625 0.0125 0.008749999999999999
2 0.6837500000000001 0.45906250000000004 0.01125 0.008749999999999999
2 0.6381249999999999 0.4925 0.013750000000000002 0.01
2 0.8009375000000001 0.425625 0.01125 0.0075
2 0.71875 0.46781249999999996 0.0125 0.0075
2 0.8515625 0.43875000000000003 0.0125 0.008749999999999999
2 0.3490625 0.328125 0.0075 0.0125
2 0.34187500000000004 0.2975 0.008749999999999999 0.013750000000000002
2 0.3428125 0.24125000000000002 0.0075 0.013750000000000002
2 0.3296875 0.10874999999999999 0.00625 0.01125
2 0.3384375 0.040625 0.005 0.0125
2 0.33999999999999997 0.0059375 0.005 0.008749999999999999
2 0.891875 0.166875 0.015 0.027500000000000004
2 0.8990625 0.16468750000000001 0.013750000000000002 0.026250000000000002
2 0.9199999999999999 0.1584375 0.015 0.026250000000000002
2 0.9271874999999999 0.15437499999999998 0.013750000000000002 0.027500000000000004
2 0.9334374999999999 0.1528125 0.013750000000000002 0.027500000000000004
2 0.9412499999999999 0.15125 0.013750000000000002 0.027500000000000004
2 0.9475 0.14781249999999999 0.013750000000000002 0.02375
2 0.9628125000000001 0.1715625 0.01625 0.027500000000000004
2 0.9559374999999999 0.1771875 0.015 0.026250000000000002
2 0.9284375 0.185 0.01625 0.026250000000000002
2 0.91375 0.1896875 0.015 0.026250000000000002
2 0.906875 0.191875 0.013750000000000002 0.027500000000000004
2 0.8434375 0.185 0.027500000000000004 0.013750000000000002
2 0.8496874999999999 0.2046875 0.027500000000000004 0.0125
2 0.8793749999999999 0.210625 0.027500000000000004 0.015
2 0.8809374999999999 0.216875 0.027500000000000004 0.015
2 0.8550000000000001 0.23343750000000002 0.028749999999999998 0.013750000000000002
2 0.8574999999999999 0.241875 0.027500000000000004 0.015
2 0.898125 0.2778125 0.015 0.027500000000000004
2 0.906875 0.27937500000000004 0.013750000000000002 0.027500000000000004
2 0.9199999999999999 0.27999999999999997 0.015 0.028749999999999998
2 0.9309375 0.2684375 0.015 0.027500000000000004
2 0.938125 0.2659375 0.013750000000000002 0.028749999999999998
2 0.9434374999999999 0.26156250000000003 0.015 0.026250000000000002
2 0.9596875 0.260625 0.01625 0.027500000000000004
2 0.965625 0.25906250000000003 0.0125 0.027500000000000004
2 0.9465625 0.29812500000000003 0.015 0.027500000000000004
2 0.9559374999999999 0.2990625 0.015 0.026250000000000002
2 0.975625 0.291875 0.013750000000000002 0.027500000000000004
2 0.9793749999999999 0.254375 0.015 0.027500000000000004
2 0.9946875000000001 0.256875 0.01125 0.026250000000000002
2 0.334375 0.24125000000000002 0.00625 0.013750000000000002
2 0.34125 0.110625 0.0075 0.015
2 0.5509375000000001 0.5184375 0.01125 0.008749999999999999
2 0.359375 0.5650000000000001 0.0125 0.01125
2 0.036875000000000005 0.7275 0.01125 0.01125
2 0.06875 0.7228125000000001 0.0125 0.01125
2 0.08687500000000001 0.715625 0.01125 0.0125
2 0.1025 0.7128125 0.01125 0.01
2 0.12875 0.701875 0.013750000000000002 0.01
2 0.1384375 0.6928124999999999 0.01125 0.0075
2 0.1546875 0.6871875000000001 0.0125 0.008749999999999999
2 0.1603125 0.6925 0.01125 0.01
2 0.17250000000000001 0.6871875000000001 0.013750000000000002 0.008749999999999999
2 0.2875 0.9574999999999999 0.00625 0.015
