2 0.8303125 0.991875 0.026250000000000002 0.008749999999999999
2 0.151875 0.9390625 0.01 0.00625
2 0.058125 0.9650000000000001 0.01 0.005
2 0.4609375 0.8462500000000001 0.00625 0.01125
2 0.0796875 0.9706250000000001 0.0125 0.00375
2 0.0028125 0.936875 0.0025 0.005
2 0.220625 0.968125 0.01 0.005
2 0.265 0.94625 0.01125 0.005
2 0.2978125 0.9540625 0.01125 0.005
2 0.0221875 0.2071875 0.00375 0.01125
2 0.011875 0.20656249999999998 0.005 0.01
2 0.3725 0.30625 0.0075 0.0125
2 0.23093750000000002 0.7878125 0.0025 0.01
2 0.22218749999999998 0.7865624999999999 0.00375 0.0075
2 0.14937499999999998 0.7621875 0.005 0.008749999999999999
2 0.14375 0.7621875 0.00625 0.008749999999999999
2 0.1496875 0.75125 0.0025 0.008749999999999999
2 0.155 0.7503124999999999 0.00375 0.01
2 0.19875 0.7215625 0.00375 0.008749999999999999
2 0.18 0.7503124999999999 0.00375 0.01
2 0.155 0.7621875 0.00375 0.008749999999999999
2 0.1609375 0.7621875 0.00625 0.008749999999999999
2 0.16499999999999998 0.760625 0.005 0.008749999999999999
2 0.47437500000000005 0.9753125 0.01125 0.00375
2 0.3596875 0.9721875000000001 0.01 0.00375
2 0.45562500000000006 0.9265625 0.005 0.0125
2 0.25875 0.9675 0.01125 0.00375
2 0.2634375 0.974375 0.01125 0.005
2 0.027500000000000004 0.47437500000000005 0.01125 0.005
2 0.2034375 0.4221875 0.01 0.01
2 0.199375 0.79875 0.005 0.01
2 0.22218749999999998 0.7978125 0.00375 0.01125
2 0.226875 0.7971874999999999 0.00375 0.01
2 0.2171875 0.798125 0.00625 0.008749999999999999
2 0.21125 0.798125 0.00375 0.008749999999999999
2 0.1446875 0.749375 0.005 0.01125
2 0.12375 0.7346874999999999 0.01 0.00375
2 0.12281249999999999 0.739375 0.01125 0.00375
2 0.12437499999999999 0.7440625 0.01125 0.00375
2 0.12375 0.74875 0.01 0.00375
2 0.12375 0.755 0.01 0.00375
2 0.123125 0.760625 0.008749999999999999 0.0025
2 0.123125 0.7653125000000001 0.008749999999999999 0.0025
2 0.18625 0.72 0.00375 0.008749999999999999
2 0.18156250000000002 0.7190624999999999 0.00375 0.01
2 0.1759375 0.7212500000000001 0.005 0.01125
2 0.17124999999999999 0.7212500000000001 0.005 0.01125
2 0.175 0.76125 0.00625 0.01
2 0.18062499999999998 0.7618750000000001 0.005 0.01125
2 0.198125 0.44312500000000005 0.008749999999999999 0.01125
2 0.1996875 0.45093750000000005 0.008749999999999999 0.005
2 0.95625 0.09718750000000001 0.00625 0.01
2 0.9490624999999999 0.06937499999999999 0.013750000000000002 0.0075
2 0.9615625 0.06 0.0075 0.013750000000000002
2 0.859375 0.1340625 0.0125 0.008749999999999999
2 0.875625 0.061875 0.013750000000000002 0.01125
2 0.81875 0.053125 0.0125 0.00625
2 0.7821875 0.078125 0.01125 0.00625
2 0.7753125 0.11875 0.01 0.00625
2 0.7796875 0.096875 0.0125 0.00625
2 0.28375 0.08937500000000001 0.005 0.01
2 0.28531249999999997 0.07625 0.005 0.008749999999999999
2 0.30093749999999997 0.10124999999999999 0.005 0.008749999999999999
2 0.1409375 0.9650000000000001 0.01 0.005
2 0.21968749999999998 0.9868750000000001 0.01125 0.005
2 0.29625 0.9775 0.01125 0.005
2 0.21031249999999999 0.95 0.01125 0.00625
2 0.23312499999999997 0.943125 0.01 0.005
2 0.22125 0.9337500000000001 0.01125 0.005
2 0.41125 0.9734375 0.01 0.00625
2 0.9671875 0.034375 0.00625 0.0125
2 0.1846875 0.7990625 0.00375 0.0075
2 0.18 0.7975 0.00375 0.0075
2 0.174375 0.798125 0.005 0.008749999999999999
2 0.013125000000000001 0.021875 0.0075 0.0125
2 0.2071875 0.76375 0.005 0.008749999999999999
2 0.18625 0.764375 0.00375 0.01
2 0.19624999999999998 0.764375 0.005 0.01
2 0.168125 0.798125 0.005 0.008749999999999999
2 0.226875 0.750625 0.00375 0.0075
2 0.2165625 0.75125 0.005 0.008749999999999999
2 0.205625 0.7509375 0.005 0.01125
2 0.174375 0.7496875000000001 0.005 0.008749999999999999
2 0.114375 0.9546875 0.01 0.00625
2 0.055625 0.9556250000000001 0.01125 0.005
2 0.0528125 0.945625 0.008749999999999999 0.00375
2 0.5359375 0.9784375000000001 0.0125 0.00375
2 0.14250000000000002 0.7840625 0.00375 0.008749999999999999
2 0.14875 0.785625 0.00375 0.008749999999999999
2 0.1540625 0.78625 0.005 0.01
2 0.15875 0.7846875 0.005 0.01
2 0.16499999999999998 0.785625 0.005 0.008749999999999999
2 0.1690625 0.785625 0.00375 0.008749999999999999
2 0.17375000000000002 0.7840625 0.00375 0.008749999999999999
2 0.18 0.7840625 0.00375 0.008749999999999999
2 0.1853125 0.7846875 0.005 0.01
2 0.1915625 0.78625 0.005 0.01
2 0.19624999999999998 0.785625 0.005 0.008749999999999999
2 0.20249999999999999 0.785625 0.005 0.008749999999999999
2 0.1421875 0.798125 0.00625 0.008749999999999999
2 0.1484375 0.798125 0.00625 0.008749999999999999
2 0.1540625 0.798125 0.005 0.008749999999999999
2 0.15875 0.798125 0.005 0.008749999999999999
2 0.16343749999999999 0.7990625 0.005 0.0075
2 0.0915625 0.961875 0.01125 0.005
2 0.290625 0.9356249999999999 0.0125 0.0025
2 0.305625 0.93625 0.01125 0.00375
2 0.3409375 0.9215625 0.00375 0.008749999999999999
2 0.1653125 0.7496875000000001 0.0025 0.008749999999999999
2 0.16125 0.7496875000000001 0.00375 0.008749999999999999
2 0.12375 0.79625 0.01 0.005
2 0.123125 0.7909375 0.008749999999999999 0.00375
2 0.12375 0.78125 0.01 0.00625
2 0.12375 0.786875 0.01 0.005
2 0.12437499999999999 0.77125 0.01125 0.005
2 0.37687499999999996 0.7478125 0.01 0.005
2 0.3353125 0.9215625 0.005 0.008749999999999999
2 0.39875 0.920625 0.00375 0.01
2 0.25 0.9346875000000001 0.0125 0.00375
2 0.4034375 0.9199999999999999 0.00375 0.008749999999999999
2 0.39249999999999996 0.9199999999999999 0.00375 0.008749999999999999
2 0.380625 0.9028124999999999 0.005 0.008749999999999999
2 0.3915625 0.8996875 0.005 0.008749999999999999
2 0.3915625 0.8887499999999999 0.005 0.008749999999999999
2 0.39718749999999997 0.89125 0.00375 0.0075
2 0.20187499999999997 0.9878125000000001 0.01 0.00375
2 0.1840625 0.9659375000000001 0.008749999999999999 0.00375
2 0.1734375 0.9484375 0.0125 0.00625
2 0.013750000000000002 0.0440625 0.015 0.00375
2 0.013125000000000001 0.04875 0.013750000000000002 0.00375
