2 0.764375 0.4453125 0.028749999999999998 0.0125
2 0.8959374999999999 0.460625 0.013750000000000002 0.008749999999999999
2 0.9509375 0.44125 0.01125 0.0075
2 0.9759375 0.445 0.01125 0.008749999999999999
2 0.9806250000000001 0.40875000000000006 0.03 0.01125
2 0.023125 0.8106249999999999 0.021249999999999998 0.008749999999999999
2 0.0246875 0.82 0.021249999999999998 0.008749999999999999
2 0.296875 0.8387499999999999 0.01875 0.008749999999999999
2 0.03 0.8359375 0.0225 0.00625
2 0.07906250000000001 0.859375 0.01125 0.01875
2 0.23374999999999999 0.9140625 0.017499999999999998 0.01875
2 0.21187499999999998 0.8659375 0.017499999999999998 0.01625
2 0.22531249999999997 0.8556250000000001 0.01625 0.017499999999999998
2 0.3003125 0.8081250000000001 0.0225 0.01
2 0.2990625 0.8162499999999999 0.02 0.0075
2 0.2996875 0.8262499999999999 0.021249999999999998 0.008749999999999999
2 0.29562499999999997 0.8628125000000001 0.0225 0.01
2 0.18812500000000001 0.585 0.0325 0.013750000000000002
2 0.0325 0.6196875000000001 0.027500000000000004 0.01125
2 0.89 0.43125 0.01125 0.00625
2 0.7765625 0.48343749999999996 0.0125 0.0075
2 0.771875 0.343125 0.00625 0.01125
2 0.8290625 0.43875000000000003 0.017499999999999998 0.008749999999999999
2 0.49906249999999996 0.515625 0.013750000000000002 0.0125
2 0.8834375 0.97 0.02 0.021249999999999998
2 0.875625 0.16125 0.0325 0.01625
2 0.8115625 0.1834375 0.0325 0.02
2 0.8225 0.4684375 0.013750000000000002 0.008749999999999999
2 0.534375 0.5021875 0.0125 0.0075
2 0.118125 0.6381249999999999 0.01125 0.0075
2 0.365625 0.5709375 0.0125 0.0075
2 0.315 0.5890625 0.01125 0.00625
2 0.321875 0.5434375 0.0125 0.008749999999999999
2 0.3025 0.5599999999999999 0.01125 0.0075
2 0.6003125 0.733125 0.01 0.01
2 0.280625 0.89625 0.01125 0.01125
2 0.2921875 0.9012499999999999 0.0125 0.008749999999999999
2 0.155 0.63125 0.01 0.00625
2 0.6475 0.6599999999999999 0.0075 0.013750000000000002
2 0.1853125 0.6146874999999999 0.01125 0.0075
2 0.24500000000000002 0.561875 0.008749999999999999 0.005
2 0.4484375 0.8793749999999999 0.0125 0.015
2 0.5265625 0.8134375 0.0125 0.01125
2 0.5509375000000001 0.8018750000000001 0.01125 0.01
2 0.5690625 0.7796875 0.01 0.0125
2 0.6490625 0.6956249999999999 0.0075 0.01
2 0.6381249999999999 0.683125 0.0075 0.01
2 0.678125 0.6371875 0.00625 0.008749999999999999
2 0.6678124999999999 0.5996875 0.0075 0.015
2 0.6771874999999999 0.5665625000000001 0.0075 0.01125
2 0.6946875 0.5703125 0.005 0.0125
2 0.6912499999999999 0.5265625 0.0075 0.0125
2 0.713125 0.5071875 0.0075 0.01125
2 0.7571875 0.6384375 0.01125 0.01125
2 0.8949999999999999 0.54 0.015 0.01125
2 0.6171875 0.5153125000000001 0.0125 0.008749999999999999
2 0.1696875 0.5806250000000001 0.01125 0.005
2 0.14156249999999998 0.588125 0.01125 0.0075
2 0.153125 0.595 0.0125 0.008749999999999999
2 0.108125 0.6125 0.01 0.00625
2 0.52 0.1 0.021249999999999998 0.00625
2 0.589375 0.1221875 0.0225 0.01
2 0.5900000000000001 0.1409375 0.02375 0.01
2 0.0378125 0.6090625000000001 0.01625 0.008749999999999999
2 0.51875 0.7996875 0.01875 0.021249999999999998
