2 0.7696875000000001 0.5165625 0.005 0.01125
2 0.2290625 0.440625 0.01125 0.00625
2 0.9759375 0.44000000000000006 0.01125 0.005
2 0.8143750000000001 0.436875 0.01 0.005
2 0.6890625 0.44375 0.0125 0.00625
2 0.6178125 0.44781250000000006 0.013750000000000002 0.005
2 0.5978125000000001 0.453125 0.01125 0.00625
2 0.5578125 0.45187499999999997 0.0125 0.00375
2 0.930625 0.4 0.01125 0.00625
2 0.9237500000000001 0.405625 0.01 0.005
2 0.8984375 0.396875 0.0125 0.00625
2 0.8671875 0.399375 0.0125 0.005
2 0.9025000000000001 0.3775 0.01125 0.005
2 0.7993750000000001 0.4109375 0.01125 0.00625
2 0.8231249999999999 0.39875 0.008749999999999999 0.00375
2 0.8009375000000001 0.380625 0.01125 0.005
2 0.8546875 0.34625 0.0125 0.005
2 0.95375 0.39875 0.013750000000000002 0.00375
2 0.7418750000000001 0.4109375 0.015 0.00625
2 0.7384375000000001 0.40093750000000006 0.01125 0.005
2 0.7634375 0.399375 0.01125 0.005
2 0.696875 0.41281249999999997 0.0125 0.00375
2 0.7150000000000001 0.3859375 0.01125 0.00625
2 0.6640625 0.3890625 0.0125 0.00625
2 0.79 0.440625 0.01125 0.00625
2 0.9634375000000001 0.43968749999999995 0.01125 0.0075
2 0.6540625 0.40875000000000006 0.01125 0.005
2 0.896875 0.4390625 0.0125 0.00625
2 0.9759375 0.270625 0.005 0.01
2 0.98375 0.3103125 0.005 0.01125
2 0.974375 0.31124999999999997 0.005 0.01
2 0.930625 0.3134375 0.005 0.01125
2 0.9353125 0.3134375 0.005 0.01125
2 0.8265625 0.31656249999999997 0.00625 0.01125
2 0.81125 0.31656249999999997 0.00375 0.01125
2 0.805 0.31656249999999997 0.00375 0.01125
2 0.7993750000000001 0.318125 0.005 0.01125
2 0.7940625 0.3203125 0.00375 0.0125
2 0.78125 0.31875 0.00625 0.0125
2 0.7775000000000001 0.321875 0.005 0.0125
2 0.7725 0.319375 0.0075 0.013750000000000002
2 0.7671875 0.321875 0.00625 0.0125
2 0.759375 0.321875 0.00625 0.0125
2 0.2934375 0.221875 0.008749999999999999 0.0125
2 0.27999999999999997 0.2146875 0.01 0.013750000000000002
2 0.255 0.231875 0.01 0.013750000000000002
2 0.22937500000000002 0.2165625 0.008749999999999999 0.01125
2 0.2240625 0.215 0.0075 0.01125
2 0.1840625 0.190625 0.008749999999999999 0.0125
2 0.6515625 0.41656250000000006 0.0125 0.005
2 0.6171875 0.41968750000000005 0.0125 0.005
2 0.1084375 0.4771875 0.013750000000000002 0.0075
2 0.41187500000000005 0.6525000000000001 0.005 0.01125
2 0.790625 0.555625 0.0125 0.005
2 0.7009375 0.5525 0.01125 0.005
2 0.5912499999999999 0.5665625000000001 0.013750000000000002 0.005
2 0.5615625 0.6778125 0.0075 0.015
2 0.179375 0.5146875 0.015 0.0075
2 0.17250000000000001 0.5209374999999999 0.013750000000000002 0.0075
2 0.36625 0.545 0.013750000000000002 0.008749999999999999
2 0.3890625 0.5443749999999999 0.0125 0.0075
2 0.29 0.47437500000000005 0.01125 0.005
2 0.359375 0.45 0.0125 0.00625
2 0.220625 0.46875 0.01 0.00625
2 0.24093749999999997 0.465 0.01 0.005
2 0.1525 0.478125 0.01125 0.00625
2 0.133125 0.48125 0.01 0.00625
2 0.114375 0.484375 0.01 0.00625
2 0.1525 0.468125 0.01125 0.005
2 0.1821875 0.44625000000000004 0.01125 0.005
2 0.0796875 0.45093750000000005 0.0125 0.005
2 0.56125 0.6221875 0.00375 0.01
2 0.44312500000000005 0.64625 0.005 0.01125
2 0.44749999999999995 0.5615625 0.013750000000000002 0.0075
2 0.505625 0.5662499999999999 0.01125 0.0075
2 0.604375 0.4134375 0.015 0.005
2 0.50625 0.5584374999999999 0.0125 0.0075
2 0.6071875 0.3859375 0.01125 0.00625
2 0.5378125 0.4290625 0.01 0.005
2 0.5587500000000001 0.4265625 0.01125 0.00625
2 0.5415625000000001 0.418125 0.01125 0.005
2 0.4765625 0.39875 0.025 0.01
2 0.4265625 0.441875 0.025 0.008749999999999999
2 0.059687500000000004 0.48312499999999997 0.028749999999999998 0.01
2 0.32437499999999997 0.46968750000000004 0.03 0.01125
2 0.42781250000000004 0.6637500000000001 0.027500000000000004 0.008749999999999999
2 0.39249999999999996 0.4453125 0.01 0.00625
2 0.9771875 0.5984375 0.013750000000000002 0.00625
2 0.8890625 0.594375 0.0125 0.0075
2 0.9240625 0.5587500000000001 0.013750000000000002 0.005
2 0.9296875 0.5765625 0.0125 0.00625
2 0.8959374999999999 0.5584374999999999 0.013750000000000002 0.0075
2 0.8978125 0.5046875 0.01125 0.00625
2 0.71875 0.575 0.0125 0.00625
2 0.753125 0.55625 0.0125 0.00625
2 0.608125 0.5771875 0.01 0.0075
2 0.6693749999999999 0.58125 0.013750000000000002 0.00625
2 0.659375 0.5703125 0.0125 0.00625
2 0.9821875 0.27125 0.005 0.01125
2 0.9728125000000001 0.24343750000000003 0.005 0.008749999999999999
2 0.9493750000000001 0.2425 0.005 0.01
2 0.199375 0.47125000000000006 0.01125 0.005
2 0.08937500000000001 0.5875 0.01 0.00625
2 0.0221875 0.905625 0.00375 0.01125
2 0.011875 0.905 0.005 0.01
2 0.17906249999999999 0.58375 0.01125 0.005
2 0.17875000000000002 0.5728125000000001 0.013750000000000002 0.005
2 0.22374999999999998 0.584375 0.01 0.00625
2 0.2390625 0.5853125 0.0125 0.005
2 0.25906250000000003 0.5859375 0.015 0.00625
2 0.48125 0.5875 0.0125 0.00625
2 0.5650000000000001 0.5962500000000001 0.005 0.01125
2 0.95625 0.24312499999999998 0.00625 0.01125
2 0.6859375 0.405625 0.0125 0.005
2 0.6837500000000001 0.380625 0.01125 0.005
2 0.9259375000000001 0.3375 0.01125 0.00625
2 0.9234375 0.3696875 0.0125 0.005
2 0.878125 0.3696875 0.0125 0.005
2 0.9637499999999999 0.40499999999999997 0.008749999999999999 0.00375
2 0.725625 0.440625 0.013750000000000002 0.00625
2 0.77125 0.44312500000000005 0.01125 0.005
2 0.7825 0.43531250000000005 0.008749999999999999 0.005
2 0.7996875 0.434375 0.008749999999999999 0.00625
2 0.8315625000000001 0.4346875 0.01 0.00375
2 0.8821875 0.43375 0.01125 0.005
2 0.8971875 0.43218750000000006 0.01 0.005
2 0.8503125 0.559375 0.01 0.00625
2 0.1940625 0.5828125 0.01 0.00625
2 0.1603125 0.5640625 0.01125 0.00625
2 0.8196875 0.5578125 0.01125 0.00625
2 0.8790625000000001 0.5603125 0.01125 0.005
2 0.7737499999999999 0.5675 0.01 0.00375
2 0.819375 0.6290625000000001 0.0075 0.005
2 0.95625 0.795625 0.00625 0.01
2 0.9490624999999999 0.7693749999999999 0.013750000000000002 0.0075
2 0.9615625 0.76 0.0075 0.013750000000000002
2 0.859375 0.8324999999999999 0.0125 0.008749999999999999
2 0.875625 0.7603125000000001 0.013750000000000002 0.01125
2 0.81875 0.7515625 0.0125 0.00625
2 0.7821875 0.7765625 0.01125 0.00625
2 0.7753125 0.8171875 0.01 0.00625
2 0.7796875 0.7953125 0.0125 0.00625
2 0.28375 0.7893749999999999 0.005 0.01
2 0.28531249999999997 0.77625 0.005 0.008749999999999999
2 0.30093749999999997 0.8012499999999999 0.005 0.008749999999999999
2 0.13999999999999999 0.44312500000000005 0.01125 0.005
2 0.13187500000000002 0.4546875 0.013750000000000002 0.00625
2 0.9671875 0.7328125 0.00625 0.0125
2 0.8409375000000001 0.630625 0.01 0.005
2 0.5103125000000001 0.6121875 0.005 0.008749999999999999
2 0.8521875 0.630625 0.0075 0.005
2 0.61875 0.6212500000000001 0.0125 0.005
2 0.6765625 0.6228125 0.0125 0.005
2 0.6440625 0.6212500000000001 0.01 0.005
2 0.6596875 0.6221875 0.01 0.00375
2 0.7009375 0.624375 0.017499999999999998 0.005
2 0.720625 0.624375 0.01 0.005
2 0.739375 0.6253124999999999 0.01 0.00375
2 0.900625 0.6643749999999999 0.0075 0.01
2 0.8775000000000001 0.6503125 0.01125 0.00375
2 0.883125 0.641875 0.01 0.0025
2 0.9581250000000001 0.6471875 0.01 0.00375
2 0.8340624999999999 0.6875 0.008749999999999999 0.00625
2 0.969375 0.6368750000000001 0.0075 0.005
2 0.9534375 0.6346875 0.01 0.00375
2 0.9409375000000001 0.63375 0.01 0.005
2 0.9284375 0.6321875 0.01 0.005
2 0.914375 0.6331249999999999 0.01 0.00375
2 0.9034375000000001 0.6315625 0.01 0.00375
2 0.8925000000000001 0.6315625 0.01 0.00375
2 0.8778124999999999 0.630625 0.008749999999999999 0.005
2 0.8653124999999999 0.63 0.008749999999999999 0.00375
2 0.2690625 0.4534375 0.01 0.00375
2 0.5578125 0.5640625 0.0125 0.00625
2 0.45625 0.553125 0.0125 0.00625
2 0.25406249999999997 0.6587500000000001 0.01125 0.005
2 0.09875 0.5478125 0.01 0.005
2 0.12593749999999998 0.5540625 0.01125 0.005
2 0.0203125 0.555625 0.0125 0.005
2 0.058750000000000004 0.5565625 0.01125 0.00375
2 0.021875 0.5806250000000001 0.0125 0.005
2 0.10406249999999999 0.658125 0.005 0.01
2 0.1034375 0.6746875 0.00375 0.008749999999999999
2 0.013125000000000001 0.721875 0.0075 0.0125
2 0.3446875 0.42437500000000006 0.01125 0.005
2 0.3328125 0.453125 0.0125 0.00625
2 0.31437499999999996 0.45562500000000006 0.01 0.005
2 0.033125 0.465 0.01 0.005
2 0.503125 0.42437500000000006 0.0125 0.005
2 0.5071875 0.43218750000000006 0.01125 0.005
2 0.4578125 0.43062500000000004 0.0125 0.005
2 0.40750000000000003 0.43531250000000005 0.008749999999999999 0.005
2 0.355 0.44312500000000005 0.01 0.005
2 0.3296875 0.4446875 0.0125 0.005
2 0.265 0.46187500000000004 0.01125 0.005
2 0.18687499999999999 0.465 0.01125 0.005
2 0.1734375 0.47437500000000005 0.0125 0.005
2 0.2203125 0.459375 0.0125 0.00625
2 0.25968749999999996 0.476875 0.01 0.00375
2 0.0034375000000000005 0.49124999999999996 0.00375 0.0075
2 0.013750000000000002 0.7424999999999999 0.015 0.00375
2 0.013125000000000001 0.74875 0.013750000000000002 0.00375
2 0.1234375 0.47406249999999994 0.0125 0.0075
2 0.021562500000000002 0.5928125 0.015 0.0075
2 0.7278125 0.5546875 0.015 0.00625
