2 0.385625 0.971875 0.008749999999999999 0.0125
2 0.3721875 0.9646874999999999 0.01 0.013750000000000002
2 0.3471875 0.9818749999999999 0.01 0.013750000000000002
2 0.32156250000000003 0.9665625 0.008749999999999999 0.01125
2 0.31625000000000003 0.9650000000000001 0.0075 0.01125
2 0.27625 0.940625 0.008749999999999999 0.0125
2 0.925 0.05 0.0125 0.00625
2 0.385625 0.971875 0.008749999999999999 0.0125
2 0.3721875 0.9646874999999999 0.01 0.013750000000000002
2 0.3471875 0.9818749999999999 0.01 0.013750000000000002
2 0.32156250000000003 0.9665625 0.008749999999999999 0.01125
2 0.31625000000000003 0.9650000000000001 0.0075 0.01125
2 0.27625 0.940625 0.008749999999999999 0.0125
2 0.925 0.05 0.0125 0.00625
