2 0.515 0.8571875 0.01125 0.005
2 0.47750000000000004 0.8625 0.01125 0.00625
2 0.46187500000000004 0.865 0.01125 0.005
2 0.41281249999999997 0.8859375 0.01 0.0125
2 0.4225 0.9196875 0.0075 0.01125
2 0.42437500000000006 0.9421875 0.005 0.0125
2 0.49625 0.8609375 0.01125 0.00625
2 0.690625 0.825 0.0125 0.00625
2 0.330625 0.9268750000000001 0.005 0.01
2 0.3140625 0.17281249999999998 0.00625 0.01125
2 0.365625 0.3625 0.00625 0.0125
2 0.388125 0.453125 0.0075 0.0125
2 0.1596875 0.3825 0.00375 0.008749999999999999
2 0.14156249999999998 0.42437500000000006 0.005 0.01125
2 0.14937499999999998 0.453125 0.005 0.0125
2 0.140625 0.5625 0.00625 0.0125
2 0.14937499999999998 0.6068749999999999 0.005 0.02
2 0.165625 0.683125 0.00625 0.01625
2 0.29312499999999997 0.6596875 0.005 0.01
2 0.1759375 0.711875 0.005 0.01125
2 0.170625 0.745625 0.00375 0.01
2 0.18687499999999999 0.7837500000000001 0.005 0.01125
2 0.17906249999999999 0.79875 0.005 0.01
2 0.139375 0.8634375000000001 0.034999999999999996 0.01125
2 0.043437500000000004 0.8462500000000001 0.008749999999999999 0.005
2 0.08249999999999999 0.85875 0.008749999999999999 0.005
2 0.06 0.9337500000000001 0.0075 0.01125
2 0.07625 0.9821875 0.008749999999999999 0.01125
2 0.18687499999999999 0.8971875 0.005 0.01
2 0.171875 0.921875 0.00625 0.0125
2 0.2053125 0.9521875 0.0075 0.013750000000000002
2 0.19437500000000002 0.9800000000000001 0.0075 0.01
2 0.34125 0.173125 0.0075 0.015
2 0.1775 0.11656249999999999 0.005 0.01125
2 0.16312500000000002 0.14937499999999998 0.013750000000000002 0.042499999999999996
2 0.8109375 0.23500000000000001 0.00625 0.0075
2 0.9337500000000001 0.750625 0.01125 0.0075
2 0.9171875 0.55 0.0125 0.0125
2 0.8525 0.380625 0.01125 0.01125
2 0.9775 0.276875 0.01125 0.01
2 0.8231249999999999 0.253125 0.008749999999999999 0.0125
2 0.8175000000000001 0.23937499999999998 0.01 0.01
2 0.80375 0.23156249999999998 0.0075 0.01
2 0.29312499999999997 0.2015625 0.01125 0.04375
2 0.343125 0.014374999999999999 0.005 0.01
2 0.3171875 0.051875000000000004 0.00625 0.01
2 0.18843749999999998 0.014374999999999999 0.005 0.01
2 0.7184375000000001 0.3025 0.008749999999999999 0.01125
2 0.28500000000000003 0.42125 0.0075 0.017499999999999998
2 0.2965625 0.3571875 0.008749999999999999 0.02375
2 0.89 0.145 0.01125 0.008749999999999999
2 0.9215625 0.0646875 0.008749999999999999 0.0075
2 0.00375 0.6546875 0.0075 0.0125
2 0.01875 0.663125 0.00625 0.013750000000000002
2 0.0053124999999999995 0.84375 0.0075 0.00625
2 0.0321875 0.8546875 0.01125 0.00625
2 0.025937500000000002 0.7540625000000001 0.005 0.01125
2 0.0128125 0.778125 0.00375 0.0125
2 0.018125 0.7446875000000001 0.005 0.01125
2 0.021875 0.6015625 0.00625 0.0125
2 0.025 0.5287499999999999 0.00625 0.013750000000000002
2 0.02375 0.5565625 0.00375 0.01
2 0.890625 0.06687499999999999 0.0125 0.008749999999999999
