2 0.715625 0.3753125 0.0125 0.01625
2 0.751875 0.501875 0.01 0.01
2 0.0046875 0.6756249999999999 0.00625 0.013750000000000002
2 0.3703125 0.3309375 0.00625 0.015
2 0.3675 0.36625 0.01 0.013750000000000002
2 0.4175 0.421875 0.01 0.0125
2 0.416875 0.448125 0.008749999999999999 0.015
2 0.384375 0.416875 0.00625 0.015
2 0.36 0.4453125 0.0075 0.0125
2 0.375625 0.3928125 0.0075 0.02
2 0.2834375 0.0478125 0.0075 0.03
2 0.35031249999999997 0.241875 0.01 0.015
2 0.348125 0.2796875 0.008749999999999999 0.0125
2 0.3590625 0.24 0.008749999999999999 0.01125
2 0.1925 0.008749999999999999 0.01 0.01125
2 0.335625 0.185 0.008749999999999999 0.013750000000000002
2 0.1903125 0.03375 0.008749999999999999 0.01125
2 0.2284375 0.104375 0.01 0.015
2 0.3284375 0.1028125 0.01 0.015
2 0.4096875 0.04375 0.01 0.0125
2 0.41375 0.01625 0.008749999999999999 0.013750000000000002
2 0.35125 0.028749999999999998 0.008749999999999999 0.013750000000000002
2 0.3090625 0.1234375 0.008749999999999999 0.0125
2 0.2628125 0.15687500000000001 0.01 0.013750000000000002
2 0.9884375000000001 0.91875 0.02375 0.01875
2 0.7328125 0.7525000000000001 0.04375 0.03625
2 0.15531250000000002 0.465625 0.0075 0.0125
2 0.97625 0.9025000000000001 0.015 0.01125
2 0.8834375 0.7953125 0.0075 0.0125
2 0.9259375000000001 0.8628125000000001 0.01125 0.01
2 0.7503124999999999 0.7321875 0.01 0.01125
2 0.9134375 0.868125 0.01125 0.01125
2 0.9065625 0.8734375 0.01625 0.0125
2 0.828125 0.7978125 0.0125 0.01125
2 0.586875 0.6368750000000001 0.01125 0.01125
2 0.6587500000000001 0.7040625 0.01125 0.01125
2 0.7121875 0.3228125 0.008749999999999999 0.01125
2 0.6849999999999999 0.41218750000000004 0.013750000000000002 0.015
2 0.78625 0.4259375 0.01 0.01125
2 0.7275 0.4609375 0.01125 0.0125
2 0.67375 0.4721875 0.01 0.01
2 0.74375 0.5934375000000001 0.0125 0.008749999999999999
2 0.8087500000000001 0.559375 0.01125 0.0125
2 0.865 0.6003125 0.01125 0.01
2 0.33875 0.8703125 0.008749999999999999 0.0125
2 0.19593750000000001 0.8453125 0.0075 0.0125
2 0.025 0.8175000000000001 0.00625 0.01
2 0.0340625 0.821875 0.008749999999999999 0.0125
2 0.045 0.82125 0.008749999999999999 0.01125
2 0.060625 0.8234375 0.008749999999999999 0.0125
2 0.24656250000000002 0.8896875 0.008749999999999999 0.013750000000000002
2 0.24500000000000002 0.9365625 0.008749999999999999 0.013750000000000002
2 0.2778125 0.875625 0.008749999999999999 0.013750000000000002
2 0.31062500000000004 0.940625 0.008749999999999999 0.0125
2 0.375625 0.9481249999999999 0.013750000000000002 0.015
2 0.6228125 0.19125 0.01125 0.013750000000000002
2 0.47625 0.1596875 0.008749999999999999 0.01
2 0.6775 0.965625 0.005 0.0125
2 0.270625 0.8503125 0.01 0.01625
2 0.3403125 0.8240624999999999 0.008749999999999999 0.013750000000000002
2 0.3871875 0.73375 0.008749999999999999 0.01125
2 0.39187500000000003 0.775 0.008749999999999999 0.0125
2 0.42312500000000003 0.6459374999999999 0.008749999999999999 0.013750000000000002
2 0.6056250000000001 0.3196875 0.01125 0.01125
2 0.5125 0.37124999999999997 0.00625 0.01125
2 0.51375 0.40062499999999995 0.008749999999999999 0.013750000000000002
2 0.50875 0.45406250000000004 0.005 0.01125
2 0.4265625 0.5378125 0.0125 0.01
2 0.4559375 0.5625 0.008749999999999999 0.0125
2 0.5912499999999999 0.67375 0.013750000000000002 0.01625
2 0.433125 0.646875 0.01 0.0125
2 0.42000000000000004 0.6975 0.008749999999999999 0.013750000000000002
2 0.525 0.328125 0.00625 0.0125
2 0.058125 0.576875 0.01 0.01
2 0.153125 0.6575 0.0125 0.008749999999999999
2 0.1509375 0.6693749999999999 0.01125 0.0075
2 0.1290625 0.7396874999999999 0.01125 0.0075
2 0.33875 0.6646875 0.008749999999999999 0.013750000000000002
2 0.3303125 0.7571875 0.0075 0.01125
2 0.304375 0.7584375 0.008749999999999999 0.013750000000000002
2 0.40125 0.71875 0.008749999999999999 0.0125
2 0.5684375 0.309375 0.008749999999999999 0.0125
2 0.536875 0.30375 0.005 0.013750000000000002
2 0.5384375 0.226875 0.005 0.01
2 0.49124999999999996 0.0515625 0.0075 0.0125
2 0.51625 0.0984375 0.0075 0.0125
2 0.5856250000000001 0.09375 0.008749999999999999 0.0125
2 0.5078125 0.1446875 0.00625 0.01125
2 0.525 0.17281249999999998 0.00625 0.01125
2 0.495 0.038125 0.008749999999999999 0.013750000000000002
2 0.5059375 0.0925 0.008749999999999999 0.01625
2 0.67125 0.25625 0.01125 0.0125
2 0.44343750000000004 0.0984375 0.008749999999999999 0.0125
2 0.47562499999999996 0.1290625 0.0075 0.01125
2 0.5196875000000001 0.8684375 0.01125 0.008749999999999999
2 0.1384375 0.7115625 0.01125 0.0075
2 0.13968750000000002 0.705 0.013750000000000002 0.01
