2 0.333125 0.52 0.01 0.008749999999999999
2 0.375 0.5131249999999999 0.0125 0.0075
2 0.39 0.503125 0.01125 0.00625
2 0.3909375 0.51 0.01 0.0075
2 0.40406250000000005 0.5053124999999999 0.01125 0.0075
2 0.4359375 0.40406250000000005 0.00625 0.01125
2 0.43375 0.41968750000000005 0.005 0.01125
2 0.43375 0.43375 0.005 0.01125
2 0.43187499999999995 0.44656250000000003 0.0075 0.008749999999999999
2 0.43968749999999995 0.45375 0.0075 0.013750000000000002
2 0.440625 0.4178125 0.00625 0.013750000000000002
2 0.44125 0.405625 0.0075 0.01125
2 0.45062499999999994 0.3715625 0.0075 0.008749999999999999
2 0.45437500000000003 0.3571875 0.008749999999999999 0.01125
2 0.45906250000000004 0.33999999999999997 0.008749999999999999 0.01125
2 0.45968749999999997 0.323125 0.01 0.015
2 0.47062499999999996 0.2953125 0.01 0.0125
2 0.4878125 0.284375 0.01 0.0125
2 0.4996875 0.271875 0.008749999999999999 0.0125
2 0.510625 0.258125 0.008749999999999999 0.01
2 0.52125 0.246875 0.01125 0.0125
2 0.11187499999999999 0.7134375000000001 0.017499999999999998 0.02375
2 0.9949999999999999 0.8634375000000001 0.008749999999999999 0.01125
2 0.9775 0.878125 0.02375 0.01875
2 0.36124999999999996 0.49031250000000004 0.0225 0.015
2 0.47375 0.3128125 0.01625 0.0225
2 0.571875 0.43875000000000003 0.0125 0.008749999999999999
2 0.34625 0.5153125000000001 0.01125 0.008749999999999999
2 0.2521875 0.53125 0.013750000000000002 0.0125
2 0.256875 0.061875 0.0075 0.01125
2 0.2546875 0.5471874999999999 0.0125 0.01
2 0.9275 0.8765625 0.01125 0.0125
2 0.915 0.869375 0.01125 0.013750000000000002
2 0.9337500000000001 0.8568749999999999 0.01125 0.013750000000000002
2 0.9243750000000001 0.8625 0.01125 0.0125
2 0.9256249999999999 0.9081250000000001 0.0075 0.01
2 0.9371875 0.9034375000000001 0.008749999999999999 0.01
2 0.9475 0.89875 0.0075 0.01
2 0.9315625000000001 0.7931250000000001 0.01 0.01125
2 0.9403124999999999 0.7884375 0.008749999999999999 0.01125
2 0.9209375 0.7978125 0.0075 0.01125
2 0.9121874999999999 0.8025 0.008749999999999999 0.01125
2 0.9709375 0.7753125 0.0075 0.01
2 0.975625 0.77125 0.0075 0.01125
2 0.9818749999999999 0.76875 0.0075 0.0125
2 0.03875 0.850625 0.008749999999999999 0.013750000000000002
2 0.13468750000000002 0.665625 0.01 0.0125
2 0.134375 0.684375 0.0125 0.0125
2 0.183125 0.61 0.01 0.013750000000000002
2 0.22875 0.5587500000000001 0.013750000000000002 0.01125
2 0.24312499999999998 0.0440625 0.005 0.01
2 0.26437499999999997 0.0171875 0.01 0.0125
2 0.93875 0.8675 0.008749999999999999 0.01
2 0.6525000000000001 0.1684375 0.01125 0.008749999999999999
2 0.649375 0.1275 0.01125 0.01125
2 0.6900000000000001 0.09625 0.01125 0.01125
2 0.9324999999999999 0.871875 0.008749999999999999 0.0125
2 0.920625 0.8815625 0.01 0.01
2 0.9053125 0.8778124999999999 0.0075 0.008749999999999999
2 0.9090624999999999 0.8731249999999999 0.008749999999999999 0.008749999999999999
2 0.9262499999999999 0.8393750000000001 0.008749999999999999 0.01
2 0.014374999999999999 0.9025000000000001 0.01 0.01125
2 0.44000000000000006 0.48375 0.01125 0.01125
2 0.1575 0.614375 0.008749999999999999 0.01
2 0.15437499999999998 0.6331249999999999 0.008749999999999999 0.01
2 0.1653125 0.615 0.008749999999999999 0.01125
2 0.181875 0.6003125 0.0075 0.01
2 0.17124999999999999 0.5021875 0.01125 0.0075
2 0.170625 0.49124999999999996 0.01 0.0075
2 0.170625 0.48687500000000006 0.01 0.005
2 0.1628125 0.4425 0.01 0.00375
2 0.15718749999999998 0.3721875 0.005 0.01
2 0.176875 0.3128125 0.00375 0.01
2 0.25875 0.0496875 0.005 0.008749999999999999
2 0.9634375000000001 0.270625 0.01125 0.01
2 0.914375 0.88375 0.01 0.01125
2 0.9846875 0.83125 0.01 0.0125
2 0.9684375 0.8390625 0.008749999999999999 0.0125
2 0.9646874999999999 0.851875 0.0075 0.01
2 0.9581250000000001 0.858125 0.01 0.01
2 0.9509375 0.8490624999999999 0.01125 0.013750000000000002
2 0.95875 0.84375 0.01125 0.0125
2 0.9740624999999999 0.8353125 0.0075 0.01125
2 0.9959374999999999 0.8253125000000001 0.0075 0.01
2 0.89625 0.89625 0.01125 0.01125
2 0.9018750000000001 0.8931250000000001 0.01 0.01125
2 0.906875 0.889375 0.0075 0.01
2 0.35875 0.5178125 0.01125 0.0075
2 0.359375 0.510625 0.0125 0.008749999999999999
2 0.3753125 0.5053124999999999 0.01 0.0075
2 0.93125 0.906875 0.00625 0.013750000000000002
