2 0.7996875 0.7618750000000001 0.008749999999999999 0.005
2 0.9168749999999999 0.7025 0.008749999999999999 0.005
2 0.3928125 0.2915625 0.0075 0.01125
2 0.4046875 0.1509375 0.00625 0.01125
2 0.3984375 0.1384375 0.00625 0.01125
2 0.064375 0.2184375 0.01 0.015
2 0.0684375 0.22593749999999999 0.008749999999999999 0.01125
2 0.076875 0.230625 0.01 0.01125
2 0.08249999999999999 0.23312499999999997 0.008749999999999999 0.01
2 0.09343749999999999 0.236875 0.008749999999999999 0.01125
2 0.10124999999999999 0.24 0.008749999999999999 0.01125
2 0.1075 0.2425 0.008749999999999999 0.01
2 0.07781249999999999 0.215 0.008749999999999999 0.01125
2 0.0834375 0.2165625 0.0075 0.01125
2 0.09718750000000001 0.2234375 0.01 0.0125
2 0.3978125 0.24 0.005 0.01125
2 0.11781250000000001 0.23125 0.0075 0.0125
2 0.20031249999999998 0.4615625 0.01 0.0075
2 0.18562499999999998 0.45625 0.008749999999999999 0.00625
2 0.289375 0.49437499999999995 0.01 0.0075
2 0.25968749999999996 0.49031250000000004 0.01 0.008749999999999999
2 0.24625 0.4840625 0.01125 0.008749999999999999
2 0.38937499999999997 0.4234375 0.01 0.00625
2 0.29 0.288125 0.01125 0.0075
2 0.375 0.27937500000000004 0.00625 0.015
2 0.3775 0.265 0.005 0.01125
2 0.1075 0.22749999999999998 0.008749999999999999 0.01125
2 0.10375000000000001 0.195625 0.0075 0.01
2 0.1084375 0.19624999999999998 0.0075 0.01125
2 0.129375 0.205625 0.008749999999999999 0.01125
2 0.1328125 0.20875 0.00625 0.01125
2 0.138125 0.20968749999999997 0.0075 0.01
2 0.144375 0.2128125 0.0075 0.01
2 0.081875 0.1878125 0.0075 0.01
2 0.078125 0.18375 0.00625 0.01125
2 0.1421875 0.195625 0.00625 0.01
2 0.115625 0.1840625 0.00625 0.008749999999999999
2 0.10687500000000001 0.18156250000000002 0.0075 0.01
2 0.1015625 0.1784375 0.00625 0.01
2 0.0975 0.176875 0.0075 0.01
2 0.09281249999999999 0.1746875 0.0075 0.008749999999999999
2 0.16499999999999998 0.075 0.01125 0.00625
2 0.125 0.0590625 0.0125 0.008749999999999999
2 0.42000000000000004 0.48656249999999995 0.008749999999999999 0.0075
2 0.4884375 0.5090625 0.01125 0.008749999999999999
2 0.35031249999999997 0.063125 0.01 0.0075
2 0.3884375 0.12625 0.005 0.008749999999999999
2 0.170625 0.45125000000000004 0.01 0.008749999999999999
2 0.25875 0.5109375 0.01125 0.00625
2 0.5228125 0.588125 0.01125 0.0075
2 0.8165625000000001 0.6381249999999999 0.01125 0.0075
2 0.7946875 0.6259375 0.01125 0.005
2 0.82125 0.7709374999999999 0.01125 0.0075
2 0.858125 0.76875 0.01 0.00625
2 0.5237499999999999 0.709375 0.01 0.00625
2 0.834375 0.6590625 0.0125 0.008749999999999999
2 0.7575000000000001 0.6715625000000001 0.015 0.008749999999999999
2 0.775625 0.6834374999999999 0.013750000000000002 0.0075
2 0.4875 0.5865625 0.0125 0.0075
2 0.5962500000000001 0.66875 0.01125 0.00625
2 0.5759375 0.6725 0.01125 0.0075
2 0.38156249999999997 0.200625 0.00375 0.0075
2 0.09 0.51625 0.01125 0.0075
2 0.9493750000000001 0.7796875 0.01125 0.00625
2 0.676875 0.6665625000000001 0.01 0.005
2 0.9112500000000001 0.15531250000000002 0.01 0.0075
2 0.92125 0.1575 0.01125 0.008749999999999999
2 0.364375 0.9809374999999999 0.01 0.008749999999999999
2 0.54 0.9403124999999999 0.01125 0.008749999999999999
2 0.7696875000000001 0.17375000000000002 0.005 0.01
2 0.7140625 0.575 0.0125 0.00625
2 0.365 0.43624999999999997 0.005 0.01
2 0.365625 0.425 0.00625 0.0125
2 0.3675 0.4096875 0.00375 0.01
2 0.18375 0.48875 0.01125 0.008749999999999999
2 0.0878125 0.41624999999999995 0.01 0.0075
2 0.074375 0.41312499999999996 0.01125 0.0075
2 0.1353125 0.43562500000000004 0.02375 0.015
2 0.11000000000000001 0.4246875 0.026250000000000002 0.015
2 0.033125 0.3825 0.01 0.008749999999999999
2 0.0096875 0.655 0.01 0.028749999999999998
2 0.0034375000000000005 0.8865624999999999 0.00375 0.013750000000000002
2 0.06937499999999999 0.5959375 0.013750000000000002 0.0075
2 0.35812499999999997 0.6084375 0.01 0.0075
2 0.31625000000000003 0.5715625 0.013750000000000002 0.008749999999999999
2 0.228125 0.5543750000000001 0.0125 0.008749999999999999
2 0.8728125 0.1375 0.01125 0.00625
2 0.9 0.150625 0.0125 0.0075
2 0.9353125 0.16468750000000001 0.01125 0.0075
2 0.6443749999999999 0.48125 0.02 0.025
2 0.8534375000000001 0.36312500000000003 0.01 0.0075
2 0.5884375000000001 0.52 0.01125 0.008749999999999999
2 0.59875 0.5037499999999999 0.01 0.0075
2 0.595625 0.5084375 0.01 0.0075
2 0.6025 0.495625 0.01125 0.01
2 0.851875 0.47625 0.01 0.008749999999999999
2 0.7275 0.366875 0.02375 0.027500000000000004
2 0.6534375 0.4571875 0.01 0.01125
2 0.7515625 0.32625000000000004 0.01875 0.021249999999999998
2 0.7693749999999999 0.28375 0.013750000000000002 0.02375
2 0.7537499999999999 0.28250000000000003 0.0075 0.008749999999999999
2 0.7571875 0.27156250000000004 0.005 0.008749999999999999
2 0.488125 0.38468749999999996 0.0075 0.01
2 0.48250000000000004 0.38156249999999997 0.008749999999999999 0.01
2 0.3796875 0.240625 0.00625 0.0125
2 0.3796875 0.22562500000000002 0.00625 0.013750000000000002
2 0.3834375 0.184375 0.0075 0.0125
2 0.4021875 0.1640625 0.0075 0.0125
2 0.4015625 0.17875000000000002 0.00625 0.013750000000000002
2 0.4 0.20249999999999999 0.00625 0.01125
2 0.3984375 0.21781250000000002 0.00625 0.013750000000000002
2 0.39437500000000003 0.27937500000000004 0.0075 0.015
2 0.41156249999999994 0.044687500000000005 0.0075 0.01125
2 0.4125 0.0546875 0.00625 0.0125
2 0.3375 0.0578125 0.0125 0.0125
2 0.506875 0.5146875 0.0075 0.013750000000000002
2 0.1975 0.5475 0.013750000000000002 0.0075
2 0.7696875000000001 0.59375 0.01125 0.0125
2 0.896875 0.49124999999999996 0.0125 0.0075
