2 0.7996875 0.055625 0.008749999999999999 0.005
2 0.66625 0.683125 0.0075 0.01
2 0.5393749999999999 0.3728125 0.01 0.01125
2 0.5675 0.34125 0.01 0.0075
2 0.583125 0.32687499999999997 0.01 0.01
2 0.9550000000000001 0.42843749999999997 0.00375 0.01
2 0.9087500000000001 0.596875 0.005 0.0125
2 0.60625 0.40499999999999997 0.00625 0.01
2 0.6303124999999999 0.475 0.0075 0.0125
2 0.7409375 0.4815625 0.00375 0.01
2 0.6665625000000001 0.5621875000000001 0.005 0.008749999999999999
2 0.6743750000000001 0.5700000000000001 0.005 0.008749999999999999
2 0.65625 0.5549999999999999 0.00625 0.01
2 0.925 0.6178125 0.00625 0.013750000000000002
2 0.925 0.64125 0.00625 0.013750000000000002
2 0.914375 0.6775 0.01 0.01125
2 0.484375 0.72375 0.00625 0.01
2 0.5650000000000001 0.72875 0.01125 0.0075
2 0.5690625 0.34968750000000004 0.01 0.008749999999999999
2 0.426875 0.5025000000000001 0.01 0.01125
2 0.3565625 0.39249999999999996 0.01 0.01
2 0.366875 0.38937499999999997 0.021249999999999998 0.0225
2 0.82125 0.0646875 0.01125 0.0075
2 0.858125 0.0625 0.01 0.00625
2 0.5237499999999999 0.0040625 0.01 0.005
2 0.526875 0.3728125 0.01 0.01125
2 0.524375 0.39 0.01125 0.01125
2 0.9493750000000001 0.07375000000000001 0.01125 0.00375
2 0.0028125 0.42750000000000005 0.0025 0.005
2 0.364375 0.27468750000000003 0.01 0.008749999999999999
2 0.54 0.2340625 0.01125 0.008749999999999999
2 0.6690625 0.299375 0.01 0.005
2 0.6509375000000001 0.30874999999999997 0.01125 0.005
2 0.6503125 0.3015625 0.01 0.00625
2 0.0034375000000000005 0.18031250000000001 0.00375 0.013750000000000002
2 0.656875 0.6681250000000001 0.0075 0.01125
2 0.676875 0.6993750000000001 0.01 0.005
2 0.0046875 0.8715624999999999 0.00625 0.008749999999999999
2 0.0303125 0.8387499999999999 0.0075 0.008749999999999999
2 0.028437499999999998 0.8315625000000001 0.01 0.01
2 0.1371875 0.8025 0.008749999999999999 0.01125
2 0.1371875 0.8175000000000001 0.008749999999999999 0.01
2 0.15125 0.8237500000000001 0.008749999999999999 0.01
2 0.16593750000000002 0.8565625000000001 0.01 0.01
2 0.179375 0.8612500000000001 0.008749999999999999 0.01
2 0.195 0.8778124999999999 0.008749999999999999 0.008749999999999999
2 0.21031249999999999 0.9012499999999999 0.01125 0.008749999999999999
2 0.22625 0.9021874999999999 0.008749999999999999 0.0075
2 0.23312499999999997 0.91375 0.01 0.008749999999999999
2 0.26437499999999997 0.931875 0.01 0.0075
2 0.28781249999999997 0.9512499999999999 0.01 0.008749999999999999
2 0.0246875 0.8568749999999999 0.008749999999999999 0.0075
2 0.088125 0.7853125000000001 0.0075 0.01125
2 0.078125 0.7878125 0.0125 0.01
2 0.061875 0.7775000000000001 0.005 0.01125
2 0.07843750000000001 0.8115625 0.01 0.0075
2 0.07781249999999999 0.795625 0.008749999999999999 0.01
2 0.09718750000000001 0.795625 0.01 0.01
2 0.1075 0.79625 0.008749999999999999 0.01125
2 0.0984375 0.811875 0.00625 0.01125
2 0.125 0.8262499999999999 0.00625 0.008749999999999999
2 0.1290625 0.838125 0.005 0.0075
2 0.128125 0.8574999999999999 0.00625 0.008749999999999999
2 0.1203125 0.8565625000000001 0.00625 0.01
2 0.1446875 0.8793749999999999 0.005 0.008749999999999999
2 0.140625 0.9059375 0.00625 0.008749999999999999
2 0.7262500000000001 0.6925 0.008749999999999999 0.00375
2 0.3246875 0.583125 0.008749999999999999 0.01
2 0.22625 0.71375 0.008749999999999999 0.008749999999999999
2 0.23875000000000002 0.7028125000000001 0.008749999999999999 0.008749999999999999
2 0.248125 0.694375 0.008749999999999999 0.0075
2 0.2625 0.68125 0.0125 0.0125
2 0.078125 0.6728125 0.00625 0.01125
2 0.0321875 0.5978125000000001 0.005 0.01125
2 0.03125 0.618125 0.00625 0.01125
2 0.017812500000000002 0.6178125 0.0075 0.013750000000000002
2 0.02 0.6465625 0.008749999999999999 0.008749999999999999
2 0.013125000000000001 0.650625 0.0075 0.0075
2 0.033125 0.6643749999999999 0.01 0.01
2 0.213125 0.6912499999999999 0.0075 0.0075
2 0.195625 0.7068749999999999 0.01 0.0075
2 0.17625 0.7240624999999999 0.008749999999999999 0.0075
2 0.20656249999999998 0.7309375 0.01 0.008749999999999999
2 0.31437499999999996 0.591875 0.01 0.008749999999999999
2 0.065 0.8256249999999999 0.01125 0.0075
2 0.30874999999999997 0.605 0.01125 0.01
2 0.7681250000000001 0.6900000000000001 0.01125 0.005
2 0.8525 0.6921875 0.01125 0.00625
2 0.2740625 0.38125 0.013750000000000002 0.00625
2 0.0046875 0.48218750000000005 0.00625 0.01125
2 0.16593750000000002 0.7675 0.01 0.01
2 0.25125000000000003 0.6637500000000001 0.008749999999999999 0.008749999999999999
2 0.23718750000000002 0.67 0.008749999999999999 0.008749999999999999
2 0.24093749999999997 0.658125 0.01 0.01
2 0.25593750000000004 0.65125 0.008749999999999999 0.008749999999999999
2 0.2690625 0.6481250000000001 0.01 0.008749999999999999
2 0.27218749999999997 0.6381249999999999 0.01 0.0075
2 0.2809375 0.63875 0.008749999999999999 0.008749999999999999
2 0.28625 0.6253124999999999 0.01 0.01
2 0.291875 0.6278125 0.008749999999999999 0.008749999999999999
2 0.2965625 0.614375 0.008749999999999999 0.01
2 0.17124999999999999 0.73875 0.01125 0.008749999999999999
2 0.2128125 0.6996875 0.01 0.008749999999999999
2 0.1909375 0.720625 0.01 0.01
2 0.195 0.74375 0.008749999999999999 0.00625
2 0.2575 0.869375 0.008749999999999999 0.0075
2 0.24093749999999997 0.8928125 0.01 0.0075
2 0.2325 0.8765625 0.008749999999999999 0.00625
2 0.230625 0.885 0.01125 0.0075
2 0.100625 0.87375 0.0075 0.01
2 0.110625 0.8978125 0.008749999999999999 0.01125
2 0.044687500000000005 0.6821875000000001 0.01125 0.01125
2 0.07062500000000001 0.7128125 0.01 0.01
2 0.0740625 0.7034374999999999 0.0075 0.01
2 0.11000000000000001 0.75875 0.0075 0.01125
2 0.10687500000000001 0.770625 0.0075 0.01
2 0.1184375 0.77625 0.008749999999999999 0.008749999999999999
2 0.0415625 0.8215625 0.01125 0.008749999999999999
2 0.043437500000000004 0.8318749999999999 0.008749999999999999 0.0075
2 0.058125 0.8412499999999999 0.01 0.0075
2 0.26375000000000004 0.8778124999999999 0.008749999999999999 0.008749999999999999
2 0.27468750000000003 0.8715624999999999 0.008749999999999999 0.008749999999999999
2 0.27531249999999996 0.8574999999999999 0.01 0.008749999999999999
2 0.401875 0.77625 0.01 0.008749999999999999
2 0.15531250000000002 0.7428125 0.0075 0.0075
2 0.1496875 0.75625 0.008749999999999999 0.00625
2 0.133125 0.753125 0.01 0.00625
2 0.3246875 0.626875 0.008749999999999999 0.01
2 0.3628125 0.795 0.01 0.008749999999999999
2 0.414375 0.77 0.01 0.008749999999999999
2 0.3275 0.8143750000000001 0.01125 0.01
2 0.3003125 0.8543749999999999 0.01 0.008749999999999999
2 0.270625 0.8521875 0.01 0.0075
2 0.355 0.819375 0.01 0.0075
2 0.34249999999999997 0.8271875 0.01 0.0075
2 0.3284375 0.835625 0.01 0.008749999999999999
2 0.3109375 0.8403124999999999 0.0125 0.008749999999999999
2 0.2846875 0.8637499999999999 0.01 0.008749999999999999
