2 0.428125 0.9581250000000001 0.0125 0.01
2 0.5746875 0.8625 0.015 0.00625
2 0.48687500000000006 0.8574999999999999 0.01125 0.008749999999999999
2 0.305625 0.87625 0.01125 0.008749999999999999
2 0.35375 0.9025000000000001 0.013750000000000002 0.01125
2 0.1984375 0.8290625 0.0125 0.01125
2 0.384375 0.9706250000000001 0.0125 0.01
2 0.31875 0.9324999999999999 0.0125 0.008749999999999999
2 0.24156249999999999 0.8949999999999999 0.01125 0.008749999999999999
2 0.265 0.8940625000000001 0.01125 0.01
2 0.196875 0.8675 0.0125 0.01
2 0.1809375 0.8699999999999999 0.015 0.008749999999999999
2 0.1153125 0.8484375 0.015 0.0125
2 0.12875 0.8440625 0.013750000000000002 0.01
2 0.084375 0.8393750000000001 0.0125 0.01
