2 0.565625 0.734375 0.0125 0.00625
2 0.7581249999999999 0.774375 0.01 0.005
2 0.7884375 0.7681250000000001 0.01125 0.005
2 0.8390625 0.7490625 0.0125 0.0075
2 0.9684375 0.780625 0.008749999999999999 0.005
2 0.54 0.975625 0.01125 0.0075
2 0.5337500000000001 0.7296875 0.01125 0.00625
2 0.0953125 0.441875 0.00625 0.008749999999999999
2 0.421875 0.7453125 0.0125 0.00625
2 0.359375 0.7234375 0.0125 0.00625
2 0.11000000000000001 0.7278125 0.013750000000000002 0.008749999999999999
2 0.4328125 0.7259375 0.0125 0.005
2 0.8428125 0.7849999999999999 0.013750000000000002 0.0075
2 0.9265625 0.7959375 0.0125 0.0075
2 0.8640625 0.7796875 0.0125 0.00625
2 0.940625 0.804375 0.0125 0.008749999999999999
2 0.21812499999999999 0.6221875 0.01125 0.01
2 0.15812500000000002 0.5696875 0.01 0.01125
