2 0.6978125000000001 0.568125 0.01125 0.01125
2 0.73375 0.44312500000000005 0.01125 0.01125
2 0.7515625 0.44625000000000004 0.0125 0.01125
2 0.8446875 0.514375 0.01125 0.01
2 0.81125 0.44406249999999997 0.01 0.01
2 0.7971874999999999 0.421875 0.01 0.0125
2 0.7746875 0.37906249999999997 0.008749999999999999 0.01125
2 0.5946875 0.333125 0.01125 0.01
2 0.428125 0.20812499999999998 0.0125 0.01
2 0.5746875 0.1125 0.015 0.00625
2 0.48687500000000006 0.1075 0.01125 0.008749999999999999
2 0.306875 0.1275 0.013750000000000002 0.01125
2 0.35375 0.1525 0.013750000000000002 0.01125
2 0.1984375 0.07906250000000001 0.0125 0.01125
2 0.384375 0.220625 0.0125 0.01
2 0.31875 0.1825 0.0125 0.008749999999999999
2 0.24156249999999999 0.145 0.01125 0.008749999999999999
2 0.265 0.1440625 0.01125 0.01
2 0.196875 0.11750000000000001 0.0125 0.01
2 0.1809375 0.12 0.015 0.008749999999999999
2 0.1153125 0.0984375 0.015 0.0125
2 0.12875 0.09406250000000001 0.013750000000000002 0.01
2 0.084375 0.08937500000000001 0.0125 0.01
2 0.751875 0.6928124999999999 0.01 0.013750000000000002
2 0.9925 0.6853125 0.01 0.005
2 0.9225 0.945625 0.013750000000000002 0.01
2 0.8637499999999999 0.89625 0.008749999999999999 0.01125
2 0.7787499999999999 0.7703125 0.0075 0.0125
2 0.8456250000000001 0.8428125 0.01 0.013750000000000002
2 0.5765625 0.6334375 0.0125 0.0075
2 0.5818749999999999 0.645625 0.013750000000000002 0.01
2 0.58875 0.666875 0.008749999999999999 0.008749999999999999
2 0.5962500000000001 0.6828125 0.01125 0.0125
2 0.6134375000000001 0.701875 0.01125 0.01
2 0.6296875 0.7125 0.0125 0.0125
2 0.7025 0.8568749999999999 0.01125 0.0075
2 0.7025 0.89375 0.01125 0.0125
2 0.5506249999999999 0.976875 0.0075 0.01
2 0.625625 0.70875 0.0075 0.01125
2 0.813125 0.9453125 0.0075 0.0125
