2 0.33187500000000003 0.651875 0.013750000000000002 0.01
2 0.0046875 0.44625000000000004 0.00625 0.01125
2 0.09468750000000001 0.514375 0.01125 0.01
2 0.061250000000000006 0.44406249999999997 0.01 0.01
2 0.0471875 0.421875 0.01 0.0125
2 0.0246875 0.37906249999999997 0.008749999999999999 0.01125
2 0.40093750000000006 0.1846875 0.01125 0.01
2 0.26968749999999997 0.1375 0.01125 0.00625
2 0.3890625 0.623125 0.0125 0.008749999999999999
2 0.0046875 0.6928124999999999 0.00625 0.013750000000000002
2 0.2425 0.6853125 0.01 0.005
2 0.383125 0.890625 0.01 0.0125
2 0.3428125 0.9078125 0.013750000000000002 0.0125
2 0.17250000000000001 0.945625 0.013750000000000002 0.01
2 0.11499999999999999 0.8978125 0.01125 0.01125
2 0.028749999999999998 0.7703125 0.0075 0.0125
2 0.095625 0.8428125 0.01 0.013750000000000002
2 0.7375 0.441875 0.00625 0.008749999999999999
2 0.521875 0.08125 0.0125 0.00625
2 0.45093750000000005 0.6381249999999999 0.01125 0.0075
2 0.501875 0.7006249999999999 0.01 0.0075
2 0.5900000000000001 0.7065625 0.01125 0.00375
2 0.5315624999999999 0.654375 0.01 0.008749999999999999
2 0.99875 0.7234375 0.00375 0.00625
2 0.7537499999999999 0.7278125 0.013750000000000002 0.008749999999999999
2 0.5393749999999999 0.5990624999999999 0.01 0.013750000000000002
2 0.563125 0.5578125 0.0075 0.0125
2 0.5809375 0.596875 0.008749999999999999 0.0125
2 0.598125 0.55 0.008749999999999999 0.0125
2 0.594375 0.27218749999999997 0.013750000000000002 0.01625
2 0.61625 0.3265625 0.013750000000000002 0.03125
2 0.44437499999999996 0.8103125 0.02 0.02375
2 0.6125 0.490625 0.0125 0.025
2 0.5465625000000001 0.603125 0.015 0.025
2 0.47843749999999996 0.7212500000000001 0.01 0.01125
2 0.54625 0.70625 0.01125 0.00625
2 0.490625 0.915625 0.0125 0.0125
2 0.6140625 0.8409375000000001 0.0125 0.01
2 0.8018750000000001 0.5706249999999999 0.01 0.01
2 0.860625 0.623125 0.008749999999999999 0.008749999999999999
2 0.426875 0.205 0.01 0.01
2 0.063125 0.9446875 0.0075 0.01125
2 0.32 0.97625 0.008749999999999999 0.008749999999999999
