2 0.7921875 0.7478125 0.0125 0.01125
2 0.7849999999999999 0.7056250000000001 0.0075 0.01125
2 0.790625 0.711875 0.00625 0.01125
2 0.795 0.7212500000000001 0.008749999999999999 0.01125
2 0.8018750000000001 0.7265625 0.01 0.0125
2 0.8078125 0.7384375000000001 0.0125 0.01125
2 0.8 0.743125 0.0125 0.01125
2 0.783125 0.74125 0.01 0.013750000000000002
2 0.776875 0.734375 0.01 0.0125
2 0.7731250000000001 0.728125 0.008749999999999999 0.0125
2 0.7681250000000001 0.7203125 0.01125 0.0125
2 0.76375 0.715625 0.008749999999999999 0.0125
2 0.75875 0.709375 0.01125 0.0125
2 0.7509375 0.70375 0.01125 0.013750000000000002
2 0.7809375000000001 0.6984375 0.008749999999999999 0.0125
2 0.7734375 0.696875 0.00625 0.0125
2 0.7640625 0.696875 0.00625 0.0125
2 0.6496875 0.7028125000000001 0.015 0.008749999999999999
2 0.053125 0.8699999999999999 0.0125 0.008749999999999999
2 0.115625 0.860625 0.0125 0.008749999999999999
2 0.278125 0.8128125 0.0125 0.01
