2 0.2796875 0.8115625 0.00625 0.013750000000000002
2 0.305625 0.815625 0.005 0.0125
2 0.299375 0.815625 0.005 0.0125
2 0.290625 0.8162499999999999 0.00625 0.013750000000000002
2 0.271875 0.8109375 0.00625 0.0125
2 0.27718750000000003 0.8240624999999999 0.013750000000000002 0.0075
2 0.27375 0.8303125 0.01625 0.0075
2 0.2740625 0.838125 0.013750000000000002 0.0075
2 0.3 0.8334374999999999 0.00625 0.013750000000000002
2 0.3140625 0.8171875 0.00625 0.0125
2 0.3203125 0.8178124999999999 0.00625 0.013750000000000002
2 0.21781250000000002 0.8240624999999999 0.013750000000000002 0.0075
2 0.328125 0.8178124999999999 0.00625 0.013750000000000002
2 0.3384375 0.821875 0.01125 0.0125
2 0.335625 0.8328125 0.015 0.0125
2 0.25875 0.8390625 0.01125 0.00625
2 0.271875 0.871875 0.0125 0.00625
2 0.2740625 0.8474999999999999 0.013750000000000002 0.0075
2 0.273125 0.8553124999999999 0.015 0.0075
2 0.259375 0.8615625 0.0125 0.0075
2 0.259375 0.85375 0.0125 0.0075
2 0.26 0.8459375 0.013750000000000002 0.0075
2 0.2578125 0.8265625 0.0125 0.00625
2 0.335 0.8415625 0.013750000000000002 0.01125
2 0.2578125 0.8203125 0.0125 0.00625
2 0.255625 0.809375 0.005 0.0125
2 0.21875 0.80375 0.0125 0.0075
2 0.2325 0.8115625 0.015 0.0075
2 0.23312499999999997 0.804375 0.01625 0.008749999999999999
2 0.21937500000000001 0.8178124999999999 0.013750000000000002 0.0075
2 0.2725 0.8803124999999999 0.013750000000000002 0.0075
2 0.26937500000000003 0.89125 0.013750000000000002 0.013750000000000002
2 0.28875 0.8984375 0.008749999999999999 0.0125
2 0.2996875 0.9021874999999999 0.008749999999999999 0.013750000000000002
2 0.308125 0.9021874999999999 0.01 0.013750000000000002
2 0.32125 0.906875 0.01125 0.013750000000000002
2 0.3296875 0.90625 0.0125 0.0125
2 0.3309375 0.8921875 0.015 0.0125
2 0.316875 0.8881249999999999 0.015 0.0075
2 0.334375 0.88375 0.0125 0.01125
2 0.31625000000000003 0.875 0.013750000000000002 0.00625
2 0.335625 0.874375 0.015 0.01125
2 0.33406250000000004 0.8615625 0.015 0.013750000000000002
2 0.335 0.8525 0.013750000000000002 0.01125
2 0.3171875 0.859375 0.0125 0.00625
2 0.319375 0.85 0.013750000000000002 0.00625
2 0.3203125 0.8421875 0.0125 0.00625
2 0.234375 0.825 0.0125 0.00625
2 0.21781250000000002 0.83125 0.013750000000000002 0.00625
2 0.21625 0.8375 0.013750000000000002 0.00625
2 0.36312500000000003 0.803125 0.013750000000000002 0.0125
2 0.1921875 0.8021874999999999 0.0125 0.0075
2 0.35375 0.9078125 0.0075 0.0125
2 0.35531250000000003 0.8959374999999999 0.013750000000000002 0.013750000000000002
2 0.36 0.8637499999999999 0.013750000000000002 0.015
2 0.3615625 0.8428125 0.013750000000000002 0.013750000000000002
2 0.3609375 0.8243750000000001 0.0125 0.01125
2 0.36312500000000003 0.7875 0.013750000000000002 0.0125
2 0.36375 0.775625 0.015 0.013750000000000002
2 0.365625 0.765625 0.0125 0.0125
2 0.365625 0.7565625 0.0125 0.01
2 0.366875 0.746875 0.015 0.0125
2 0.19343749999999998 0.7765625 0.015 0.00625
2 0.270625 0.7887500000000001 0.01625 0.008749999999999999
2 0.19125 0.8150000000000001 0.013750000000000002 0.005
2 0.1890625 0.821875 0.0125 0.00625
2 0.191875 0.828125 0.015 0.00625
2 0.191875 0.835625 0.015 0.008749999999999999
2 0.190625 0.8428125 0.0125 0.0075
2 0.18812500000000001 0.8553124999999999 0.013750000000000002 0.0075
2 0.1875 0.869375 0.0125 0.0075
2 0.1675 0.8809374999999999 0.01625 0.008749999999999999
2 0.22937500000000002 0.8787499999999999 0.015 0.0075
2 0.22875 0.884375 0.013750000000000002 0.00625
2 0.238125 0.898125 0.013750000000000002 0.008749999999999999
2 0.215 0.8625 0.01125 0.00625
2 0.228125 0.871875 0.0125 0.00625
2 0.22749999999999998 0.8640625 0.01125 0.00625
2 0.228125 0.8578125 0.0125 0.00625
2 0.228125 0.844375 0.0125 0.0075
2 0.2296875 0.838125 0.0125 0.0075
2 0.18 0.4928125 0.01625 0.0075
2 0.2184375 0.48875 0.015 0.008749999999999999
2 0.725625 0.7984375 0.013750000000000002 0.00625
2 0.925 0.74125 0.00625 0.013750000000000002
2 0.9453125 0.74125 0.00625 0.013750000000000002
2 0.959375 0.7434375 0.00625 0.015
2 0.9671875 0.7428125 0.00625 0.013750000000000002
2 0.99125 0.746875 0.0075 0.01875
2 0.9215625 0.598125 0.015 0.008749999999999999
2 0.4646875 0.52625 0.013750000000000002 0.008749999999999999
2 0.42000000000000004 0.526875 0.015 0.01
2 0.21437499999999998 0.5709375 0.01625 0.0075
2 0.2340625 0.5021875 0.015 0.0075
2 0.4703125 0.364375 0.01875 0.01
2 0.6168750000000001 0.388125 0.021249999999999998 0.013750000000000002
2 0.6403125000000001 0.390625 0.021249999999999998 0.0125
2 0.59875 0.3678125 0.01625 0.013750000000000002
2 0.5875 0.36375 0.01875 0.015
2 0.62375 0.383125 0.01625 0.01
2 0.5671875 0.38625 0.0125 0.01625
2 0.575 0.38625 0.0125 0.01625
2 0.5828125 0.3871875 0.0125 0.015
2 0.595625 0.39125 0.01 0.013750000000000002
2 0.590625 0.3878125 0.0125 0.01625
2 0.49124999999999996 0.1625 0.013750000000000002 0.00625
2 0.49124999999999996 0.1575 0.013750000000000002 0.008749999999999999
2 0.43968749999999995 0.13343750000000001 0.0075 0.013750000000000002
2 0.500625 0.038125 0.013750000000000002 0.0075
2 0.49812500000000004 0.044375 0.015 0.0075
2 0.496875 0.103125 0.0125 0.00625
2 0.496875 0.1109375 0.0125 0.00625
2 0.495625 0.11656249999999999 0.01625 0.005
2 0.495 0.1234375 0.015 0.00625
2 0.49343750000000003 0.1303125 0.015 0.0075
2 0.4925 0.136875 0.01625 0.005
2 0.49437499999999995 0.14375 0.013750000000000002 0.00625
2 0.438125 0.1484375 0.0075 0.0125
2 0.57625 0.36343749999999997 0.008749999999999999 0.01125
