2 0.8915625 0.5349999999999999 0.01125 0.013750000000000002
2 0.75 0.996875 0.00625 0.00625
2 0.7515625 0.9834375 0.00625 0.013750000000000002
2 0.8678125 0.9271874999999999 0.013750000000000002 0.0075
2 0.828125 0.921875 0.0125 0.00625
2 0.8256249999999999 0.9053125 0.0075 0.013750000000000002
2 0.9809374999999999 0.8481249999999999 0.008749999999999999 0.015
2 0.9184374999999999 0.9365625 0.015 0.0075
2 0.99375 0.6171875 0.00625 0.0125
2 0.9800000000000001 0.6115625 0.01 0.013750000000000002
2 0.9868750000000001 0.5540625 0.017499999999999998 0.01125
2 0.9887499999999999 0.5465625000000001 0.015 0.008749999999999999
2 0.9956250000000001 0.5271874999999999 0.01 0.0075
2 0.878125 0.56875 0.0125 0.01875
2 0.9196875 0.469375 0.01125 0.013750000000000002
2 0.8868750000000001 0.9309375 0.01125 0.008749999999999999
2 0.9315625000000001 0.9371875 0.01 0.008749999999999999
2 0.7240624999999999 0.9896874999999999 0.0075 0.013750000000000002
2 0.725625 0.976875 0.0075 0.01
2 0.53125 0.9709375 0.0125 0.0075
2 0.5284375 0.9596875 0.01625 0.01
2 0.5278125 0.9528125 0.015 0.008749999999999999
2 0.52625 0.9465625 0.015 0.008749999999999999
2 0.52625 0.9412499999999999 0.015 0.0075
2 0.97875 0.984375 0.013750000000000002 0.00625
2 0.959375 0.940625 0.0125 0.00625
2 0.946875 0.99125 0.0125 0.0075
2 0.9459375 0.984375 0.013750000000000002 0.00625
2 0.94625 0.9709375 0.01125 0.0075
2 0.9481249999999999 0.963125 0.015 0.0075
2 0.890625 0.9921875 0.0125 0.00625
2 0.8790625000000001 0.9634375000000001 0.01125 0.005
2 0.9303125 0.9578125 0.013750000000000002 0.00625
2 0.9881249999999999 0.944375 0.013750000000000002 0.0075
2 0.9734375 0.94375 0.0125 0.00625
2 0.9106249999999999 0.490625 0.008749999999999999 0.0125
2 0.8706250000000001 0.5365624999999999 0.01 0.013750000000000002
2 0.8878125000000001 0.49749999999999994 0.01 0.013750000000000002
2 0.5546875 0.5575 0.00625 0.015
2 0.54375 0.5543750000000001 0.00625 0.015
2 0.5359375 0.55375 0.00625 0.013750000000000002
2 0.5278125 0.55375 0.008749999999999999 0.013750000000000002
2 0.5209374999999999 0.5528125 0.0075 0.015
2 0.49375 0.515625 0.00625 0.0125
2 0.48312499999999997 0.5159374999999999 0.01 0.01625
2 0.8428125 0.0059375 0.0075 0.008749999999999999
2 0.9075 0.0046875 0.015 0.00625
2 0.885 0.0021874999999999998 0.0075 0.00125
2 0.8796875 0.0028125 0.00625 0.0025
2 0.8724999999999999 0.0040625 0.0075 0.005
2 0.86625 0.0046875 0.0075 0.00625
2 0.8943749999999999 0.0328125 0.013750000000000002 0.00625
2 0.8787499999999999 0.03875 0.013750000000000002 0.008749999999999999
2 0.8496874999999999 0.006562500000000001 0.008749999999999999 0.01
2 0.835625 0.006875000000000001 0.008749999999999999 0.013750000000000002
2 0.8121875 0.014687500000000001 0.008749999999999999 0.013750000000000002
2 0.8628125000000001 0.0409375 0.01625 0.01
2 0.21937500000000001 0.48312499999999997 0.0075 0.0225
2 0.06999999999999999 0.075625 0.008749999999999999 0.013750000000000002
2 0.0696875 0.118125 0.01125 0.017499999999999998
2 0.0809375 0.075625 0.008749999999999999 0.013750000000000002
2 0.9084375 0.0090625 0.013750000000000002 0.008749999999999999
2 0.92125 0.00375 0.01125 0.0075
2 0.8915625 0.48250000000000004 0.01125 0.015
2 0.8971875 0.46749999999999997 0.01 0.01625
2 0.914375 0.42874999999999996 0.01 0.013750000000000002
2 0.9678125 0.031875 0.0075 0.013750000000000002
2 0.93875 0.0396875 0.008749999999999999 0.013750000000000002
2 0.945 0.0365625 0.008749999999999999 0.013750000000000002
2 0.9528125 0.03625 0.008749999999999999 0.01625
2 0.9615625 0.033437499999999995 0.0075 0.013750000000000002
2 0.9740624999999999 0.028125 0.0075 0.0125
2 0.9824999999999999 0.03 0.008749999999999999 0.01625
2 0.9887499999999999 0.028749999999999998 0.008749999999999999 0.013750000000000002
2 0.9959374999999999 0.027187499999999996 0.0075 0.013750000000000002
2 0.9978125 0.0090625 0.005 0.008749999999999999
2 0.9546875 0.25375000000000003 0.0125 0.013750000000000002
2 0.9956250000000001 0.319375 0.01 0.013750000000000002
2 0.654375 0.231875 0.015 0.0075
