2 0.9784375000000001 0.9578125 0.01 0.0125
2 0.8768750000000001 0.984375 0.01 0.0125
2 0.8696875000000001 0.9946875000000001 0.01125 0.01125
2 0.8387499999999999 0.9956250000000001 0.008749999999999999 0.01
2 0.96875 0.9356249999999999 0.0125 0.015
2 0.9571875000000001 0.9278124999999999 0.01125 0.015
2 0.9525 0.9240625 0.01125 0.013750000000000002
2 0.9728125000000001 0.95375 0.01125 0.013750000000000002
2 0.8884375 0.9921875 0.01125 0.0125
2 0.9665625 0.9515625 0.01125 0.0125
2 0.9609375 0.9475 0.0125 0.013750000000000002
2 0.9546875 0.944375 0.0125 0.013750000000000002
2 0.9503125000000001 0.9396875 0.01 0.013750000000000002
2 0.94375 0.93875 0.0125 0.015
2 0.9625 0.9650000000000001 0.0125 0.01125
2 0.8828125 0.9865625 0.0125 0.013750000000000002
2 0.8768750000000001 0.9959374999999999 0.01 0.0075
2 0.899375 0.9949999999999999 0.01125 0.008749999999999999
2 0.8940625000000001 0.9946875000000001 0.01 0.01125
2 0.9581250000000001 0.9809374999999999 0.01 0.015
2 0.9525 0.9765625 0.01125 0.0125
2 0.94625 0.9709375 0.01125 0.013750000000000002
2 0.8625 0.8396874999999999 0.0125 0.013750000000000002
2 0.9134375 0.8709374999999999 0.01125 0.013750000000000002
2 0.9071875 0.86625 0.01125 0.013750000000000002
2 0.8965624999999999 0.859375 0.008749999999999999 0.0125
2 0.8909375 0.85625 0.01 0.0125
2 0.8853125000000001 0.8521875 0.01125 0.013750000000000002
2 0.8721875000000001 0.846875 0.01 0.0125
2 0.8565625000000001 0.8359375 0.01 0.0125
2 0.9346875000000001 0.9668749999999999 0.01 0.015
2 0.8462500000000001 0.829375 0.01125 0.015
2 0.834375 0.8225 0.0125 0.013750000000000002
2 0.8162499999999999 0.8265625 0.013750000000000002 0.0125
2 0.7725 0.8015625 0.013750000000000002 0.0125
2 0.9637499999999999 0.750625 0.015 0.013750000000000002
2 0.760625 0.5912499999999999 0.015 0.013750000000000002
2 0.928125 0.9121874999999999 0.0125 0.015
2 0.920625 0.9234375 0.01 0.0125
2 0.905 0.9521875 0.01 0.013750000000000002
2 0.9112500000000001 0.95375 0.01 0.013750000000000002
2 0.8925000000000001 0.96 0.01 0.013750000000000002
2 0.8971875 0.9609375 0.01 0.0125
2 0.9040625 0.9640625 0.01125 0.0125
2 0.9103125000000001 0.9678125 0.01125 0.013750000000000002
2 0.9165625000000001 0.971875 0.01125 0.0125
2 0.920625 0.9765625 0.01 0.0125
2 0.9275 0.9803124999999999 0.01125 0.013750000000000002
2 0.9331250000000001 0.9834375 0.01 0.013750000000000002
2 0.9440625 0.9881249999999999 0.01 0.013750000000000002
2 0.9509375 0.991875 0.01125 0.015
2 0.9565625000000001 0.9956250000000001 0.01 0.01
2 0.9228125 0.96 0.01125 0.013750000000000002
2 0.928125 0.9653124999999999 0.0125 0.015
2 0.0365625 0.74125 0.013750000000000002 0.013750000000000002
2 0.028749999999999998 0.815625 0.013750000000000002 0.0125
2 0.040625 0.8065625000000001 0.0125 0.01625
2 0.049375 0.7996875 0.01125 0.015
2 0.059375 0.7224999999999999 0.0125 0.013750000000000002
2 0.048125 0.7303124999999999 0.015 0.013750000000000002
2 0.041249999999999995 0.735 0.013750000000000002 0.013750000000000002
2 0.0265625 0.7125 0.0125 0.0125
2 0.059375 0.82875 0.0125 0.013750000000000002
2 0.0921875 0.7215625 0.0125 0.008749999999999999
2 0.078125 0.7056250000000001 0.0125 0.01125
2 0.074375 0.7 0.01125 0.0125
2 0.06875 0.69375 0.0125 0.0125
2 0.0625 0.6859375 0.0125 0.0125
2 0.059375 0.6796875 0.0125 0.0125
2 0.015625 0.82875 0.0125 0.013750000000000002
2 0.028749999999999998 0.850625 0.013750000000000002 0.013750000000000002
2 0.10375000000000001 0.61 0.013750000000000002 0.013750000000000002
2 0.1640625 0.703125 0.0125 0.0125
2 0.171875 0.7390625 0.0125 0.0125
2 0.1671875 0.734375 0.0125 0.0125
2 0.1609375 0.728125 0.0125 0.0125
2 0.1584375 0.721875 0.013750000000000002 0.0125
2 0.1759375 0.6928124999999999 0.01125 0.013750000000000002
2 0.170625 0.6978125000000001 0.01 0.01125
2 0.15875 0.7078125 0.01125 0.0125
2 0.0225 0.86 0.013750000000000002 0.013750000000000002
2 0.1525 0.7109375 0.01125 0.0125
2 0.14625 0.715625 0.01125 0.0125
2 0.13999999999999999 0.7209375 0.01125 0.013750000000000002
2 0.140625 0.735 0.0125 0.013750000000000002
2 0.134375 0.7303124999999999 0.0125 0.013750000000000002
2 0.13125 0.725625 0.0125 0.013750000000000002
2 0.053125 0.675 0.0125 0.0125
2 0.1484375 0.6953125 0.0125 0.0125
2 0.165625 0.68125 0.0125 0.0125
2 0.10874999999999999 0.630625 0.01125 0.01125
2 0.1384375 0.6040625000000001 0.01125 0.01125
2 0.13187500000000002 0.6084375 0.013750000000000002 0.013750000000000002
2 0.1265625 0.6115625 0.0125 0.013750000000000002
2 0.121875 0.6171875 0.0125 0.0125
2 0.1171875 0.621875 0.0125 0.0125
2 0.1109375 0.6265625 0.0125 0.0125
2 0.1025 0.634375 0.01125 0.0125
2 0.11875 0.6615624999999999 0.0125 0.013750000000000002
2 0.09875 0.6390625 0.01 0.0125
2 0.09468750000000001 0.64125 0.01125 0.013750000000000002
2 0.0890625 0.646875 0.0125 0.0125
2 0.11875 0.6046875 0.0125 0.0125
2 0.10874999999999999 0.615 0.01125 0.01125
2 0.08937500000000001 0.62 0.01625 0.015
2 0.140625 0.590625 0.0125 0.0125
2 0.14750000000000002 0.5974999999999999 0.013750000000000002 0.013750000000000002
2 0.10968750000000001 0.6428125 0.01 0.013750000000000002
2 0.0765625 0.6621875 0.0125 0.015
2 0.08375 0.6690625 0.01125 0.01625
2 0.090625 0.6778125 0.0125 0.015
2 0.121875 0.678125 0.0125 0.00625
2 0.13 0.6703125 0.01 0.00625
2 0.1390625 0.6596875 0.00625 0.01
2 0.1484375 0.653125 0.00625 0.0125
2 0.15687500000000001 0.646875 0.0075 0.0125
2 0.1625 0.6375 0.00625 0.0125
2 0.176875 0.628125 0.01 0.0125
2 0.16312500000000002 0.61375 0.013750000000000002 0.015
2 0.15875 0.6224999999999999 0.01125 0.013750000000000002
2 0.1471875 0.625 0.01 0.00625
2 0.140625 0.6365624999999999 0.0125 0.0075
2 0.1734375 0.7453125 0.0125 0.0125
2 0.1834375 0.7559375 0.013750000000000002 0.015
2 0.18875 0.75125 0.015 0.015
2 0.24093749999999997 0.811875 0.01625 0.017499999999999998
2 0.284375 0.7921875 0.0125 0.0125
2 0.2728125 0.783125 0.01125 0.01
2 0.265625 0.771875 0.0125 0.0125
2 0.25625 0.8121875 0.0125 0.015
2 0.2453125 0.8012499999999999 0.0125 0.015
2 0.2503125 0.795 0.01625 0.015
2 0.23343750000000002 0.821875 0.013750000000000002 0.0125
2 0.200625 0.8418749999999999 0.013750000000000002 0.015
2 0.2515625 0.82875 0.0125 0.013750000000000002
2 0.244375 0.8318749999999999 0.013750000000000002 0.013750000000000002
2 0.23500000000000001 0.845 0.013750000000000002 0.015
2 0.230625 0.8515625 0.01125 0.0125
2 0.2234375 0.840625 0.0125 0.0125
2 0.21375000000000002 0.8340624999999999 0.015 0.015
2 0.2890625 0.796875 0.0125 0.0125
2 0.2953125 0.8 0.0125 0.0125
2 0.2875 0.809375 0.0125 0.0125
2 0.29281250000000003 0.8140625 0.013750000000000002 0.0125
2 0.2959375 0.81875 0.013750000000000002 0.0125
2 0.285625 0.85375 0.015 0.013750000000000002
2 0.2921875 0.85 0.0125 0.0125
2 0.3046875 0.8421875 0.0125 0.0125
2 0.29812500000000003 0.8456250000000001 0.015 0.01625
2 0.27749999999999997 0.7631249999999999 0.01125 0.013750000000000002
2 0.2875 0.7771874999999999 0.0125 0.013750000000000002
2 0.290625 0.7703125 0.0125 0.0125
2 0.2828125 0.7584375 0.0125 0.013750000000000002
2 0.2884375 0.7496875000000001 0.01125 0.015
2 0.29281250000000003 0.754375 0.013750000000000002 0.015
2 0.296875 0.759375 0.0125 0.0125
2 0.30062500000000003 0.765625 0.013750000000000002 0.0125
2 0.20875 0.8375 0.01125 0.0125
2 0.198125 0.8481249999999999 0.015 0.015
2 0.19437500000000002 0.746875 0.013750000000000002 0.0125
2 0.19593750000000001 0.7234375 0.013750000000000002 0.0125
2 0.2078125 0.694375 0.0125 0.013750000000000002
2 0.2225 0.7 0.013750000000000002 0.0125
2 0.21781250000000002 0.7040625 0.013750000000000002 0.01125
2 0.2125 0.70875 0.0125 0.01125
2 0.206875 0.713125 0.013750000000000002 0.013750000000000002
2 0.2015625 0.71875 0.0125 0.0125
2 0.19 0.7303124999999999 0.01125 0.013750000000000002
2 0.2225 0.853125 0.013750000000000002 0.0125
2 0.22875 0.7140625 0.013750000000000002 0.0125
2 0.2225 0.71875 0.013750000000000002 0.0125
2 0.21625 0.7234375 0.013750000000000002 0.0125
2 0.21156250000000001 0.7296875 0.013750000000000002 0.0125
2 0.20593750000000002 0.735625 0.015 0.015
2 0.2 0.740625 0.0125 0.0125
2 0.21156250000000001 0.690625 0.013750000000000002 0.0125
2 0.19875 0.6709375 0.01 0.013750000000000002
2 0.2071875 0.671875 0.01125 0.0125
2 0.21437499999999998 0.6725 0.01 0.013750000000000002
2 0.2203125 0.678125 0.0125 0.0125
2 0.225 0.6837500000000001 0.0125 0.01125
2 0.2296875 0.6890625 0.0125 0.0125
2 0.23343750000000002 0.71 0.013750000000000002 0.013750000000000002
2 0.23562500000000003 0.6928124999999999 0.015 0.013750000000000002
2 0.24125000000000002 0.6990624999999999 0.013750000000000002 0.013750000000000002
2 0.24656250000000002 0.7046875 0.015 0.0125
2 0.260625 0.7325 0.015 0.015
2 0.1859375 0.8634375000000001 0.0125 0.01125
2 0.1915625 0.8556250000000001 0.01125 0.01125
2 0.2015625 0.8671875 0.0125 0.0125
2 0.21000000000000002 0.8631249999999999 0.013750000000000002 0.013750000000000002
2 0.215625 0.8574999999999999 0.0125 0.015
2 0.084375 0.615625 0.0125 0.0125
2 0.09625 0.603125 0.01125 0.0125
2 0.12875 0.575 0.013750000000000002 0.0125
2 0.5065625 0.0090625 0.01625 0.015
2 0.50125 0.01625 0.015 0.013750000000000002
2 0.0865625 0.49749999999999994 0.013750000000000002 0.013750000000000002
2 0.0734375 0.48624999999999996 0.0125 0.01625
2 0.0515625 0.4609375 0.0125 0.0125
2 0.041249999999999995 0.4496875 0.013750000000000002 0.015
2 0.01875 0.42781250000000004 0.0125 0.015
2 0.10500000000000001 0.5184375 0.01625 0.015
2 0.1153125 0.5271874999999999 0.008749999999999999 0.013750000000000002
2 0.12250000000000001 0.5349999999999999 0.013750000000000002 0.013750000000000002
2 0.14125000000000001 0.5546875 0.013750000000000002 0.0125
2 0.153125 0.5678124999999999 0.0125 0.013750000000000002
2 0.16875 0.584375 0.0125 0.0125
2 0.07875 0.5825 0.013750000000000002 0.015
2 0.084375 0.579375 0.0125 0.015
2 0.090625 0.5740624999999999 0.0125 0.013750000000000002
2 0.0978125 0.56875 0.01125 0.0125
2 0.1025 0.5650000000000001 0.01125 0.01125
2 0.1065625 0.57875 0.01 0.013750000000000002
2 0.10375000000000001 0.5493750000000001 0.013750000000000002 0.01125
2 0.1084375 0.55375 0.013750000000000002 0.013750000000000002
2 0.1140625 0.559375 0.0125 0.0125
2 0.11781250000000001 0.5662499999999999 0.013750000000000002 0.013750000000000002
2 0.12250000000000001 0.5709375 0.013750000000000002 0.013750000000000002
2 0.4959375 0.021249999999999998 0.013750000000000002 0.01125
2 0.7675 0.14656249999999998 0.01625 0.015
2 0.8021874999999999 0.17250000000000001 0.013750000000000002 0.013750000000000002
2 0.7537499999999999 0.17124999999999999 0.013750000000000002 0.01125
2 0.759375 0.16499999999999998 0.0125 0.01125
2 0.7631249999999999 0.159375 0.013750000000000002 0.0125
2 0.746875 0.15875 0.0125 0.01125
2 0.753125 0.153125 0.0125 0.0125
2 0.753125 0.1359375 0.0125 0.0125
2 0.73875 0.13343750000000001 0.015 0.013750000000000002
2 0.7340625000000001 0.1384375 0.015 0.01125
2 0.628125 0.09281249999999999 0.0125 0.013750000000000002
2 0.618125 0.10375000000000001 0.01125 0.013750000000000002
2 0.60875 0.11781250000000001 0.01125 0.013750000000000002
2 0.5615625 0.18031250000000001 0.013750000000000002 0.013750000000000002
2 0.8125 0.17906249999999999 0.0125 0.01125
2 0.8243750000000001 0.1878125 0.01125 0.01
2 0.75625 0.22937500000000002 0.0125 0.015
2 0.7693749999999999 0.24343750000000003 0.013750000000000002 0.015
2 0.790625 0.25593750000000004 0.0125 0.015
2 0.8231249999999999 0.2815625 0.015 0.01625
2 0.8428125 0.40875000000000006 0.013750000000000002 0.01125
2 0.846875 0.40125 0.0125 0.008749999999999999
2 0.6571875 0.525 0.03625 0.03125
2 0.6793750000000001 0.7212500000000001 0.04 0.03625
2 0.73125 0.760625 0.04375 0.03375
2 0.3046875 0.76875 0.0125 0.0125
2 0.31 0.775 0.013750000000000002 0.0125
2 0.31625000000000003 0.7803125 0.013750000000000002 0.013750000000000002
2 0.3203125 0.7849999999999999 0.0125 0.013750000000000002
2 0.23781249999999998 0.6021875 0.01 0.013750000000000002
2 0.21937500000000001 0.579375 0.013750000000000002 0.015
2 0.465 0.640625 0.01125 0.0125
2 0.3584375 0.878125 0.013750000000000002 0.0125
2 0.38656250000000003 0.978125 0.013750000000000002 0.0125
2 0.4303125 0.8834375 0.013750000000000002 0.013750000000000002
2 0.456875 0.8418749999999999 0.013750000000000002 0.015
2 0.4828125 0.8087500000000001 0.0125 0.01125
2 0.47406249999999994 0.8125 0.013750000000000002 0.0125
2 0.22562500000000002 0.634375 0.0075 0.0125
2 0.265 0.5650000000000001 0.01125 0.01125
2 0.28375 0.551875 0.01125 0.01
2 0.228125 0.5715625 0.0125 0.015
2 0.2303125 0.5634375 0.013750000000000002 0.01125
2 0.2384375 0.561875 0.01125 0.01125
2 0.2446875 0.5584374999999999 0.01125 0.013750000000000002
2 0.24937499999999999 0.553125 0.01125 0.0125
2 0.25375000000000003 0.5490625 0.013750000000000002 0.013750000000000002
2 0.259375 0.5475 0.0125 0.013750000000000002
2 0.2634375 0.540625 0.01125 0.0125
2 0.2684375 0.535625 0.015 0.015
2 0.2728125 0.5303125 0.01125 0.013750000000000002
2 0.2015625 0.5553125 0.0125 0.013750000000000002
2 0.2071875 0.5490625 0.01125 0.013750000000000002
2 0.21875 0.538125 0.0125 0.013750000000000002
2 0.2240625 0.529375 0.013750000000000002 0.015
2 0.47062499999999996 0.6453125 0.01 0.0125
2 0.4609375 0.6365624999999999 0.0125 0.013750000000000002
2 0.24156249999999999 0.51625 0.01125 0.013750000000000002
2 0.44281249999999994 0.734375 0.013750000000000002 0.0125
2 0.4703125 0.7121875 0.0125 0.015
2 0.4625 0.7171875 0.0125 0.0125
2 0.4578125 0.7224999999999999 0.0125 0.013750000000000002
2 0.365 0.704375 0.02375 0.021249999999999998
2 0.34187500000000004 0.7090625 0.015 0.015
2 0.34500000000000003 0.7209375 0.021249999999999998 0.02
2 0.43093750000000003 0.7465625 0.015 0.015
2 0.45625 0.6328125 0.0125 0.0125
2 0.4171875 0.756875 0.0125 0.013750000000000002
2 0.4 0.7474999999999999 0.0125 0.013750000000000002
2 0.390625 0.75625 0.0125 0.0125
2 0.3725 0.748125 0.013750000000000002 0.015
2 0.365 0.74375 0.01125 0.0125
2 0.3225 0.7921875 0.013750000000000002 0.0125
2 0.4759375 0.7078125 0.01125 0.0125
2 0.478125 0.703125 0.0125 0.0125
2 0.42093749999999996 0.653125 0.013750000000000002 0.0125
2 0.429375 0.6625 0.015 0.0125
2 0.4415625 0.6696875 0.01125 0.01125
2 0.436875 0.67125 0.01125 0.01125
2 0.4453125 0.68125 0.0125 0.0125
2 0.45 0.678125 0.0125 0.0125
2 0.45406250000000004 0.6743750000000001 0.01125 0.01125
2 0.453125 0.665 0.0125 0.01125
2 0.459375 0.661875 0.0125 0.01125
2 0.4684375 0.6725 0.015 0.013750000000000002
2 0.465625 0.678125 0.0125 0.0125
2 0.4603125 0.684375 0.01125 0.0125
2 0.45875000000000005 0.6875 0.01125 0.0125
2 0.44749999999999995 0.650625 0.013750000000000002 0.013750000000000002
2 0.4515625 0.6287499999999999 0.0125 0.013750000000000002
2 0.2375 0.5225 0.0125 0.013750000000000002
2 0.246875 0.51 0.0125 0.013750000000000002
2 0.2521875 0.5037499999999999 0.013750000000000002 0.013750000000000002
2 0.321875 0.4375 0.0125 0.0125
2 0.3171875 0.48531250000000004 0.0125 0.01125
2 0.3103125 0.488125 0.01125 0.013750000000000002
2 0.34125 0.42062499999999997 0.013750000000000002 0.01625
2 0.334375 0.42406249999999995 0.0125 0.013750000000000002
2 0.3303125 0.42874999999999996 0.013750000000000002 0.013750000000000002
2 0.3265625 0.434375 0.0125 0.0125
2 0.31625000000000003 0.44125 0.013750000000000002 0.013750000000000002
2 0.31 0.446875 0.013750000000000002 0.0125
2 0.3021875 0.456875 0.013750000000000002 0.013750000000000002
2 0.29125 0.46624999999999994 0.013750000000000002 0.013750000000000002
2 0.28718750000000004 0.4725 0.015 0.013750000000000002
2 0.2821875 0.47562499999999996 0.01125 0.013750000000000002
2 0.2584375 0.500625 0.013750000000000002 0.013750000000000002
2 0.3234375 0.47874999999999995 0.0125 0.013750000000000002
2 0.339375 0.4653125 0.01625 0.015
2 0.3078125 0.5084375 0.0125 0.013750000000000002
2 0.3125 0.5028125 0.0125 0.015
2 0.31875 0.4984375 0.0125 0.0125
2 0.3296875 0.49375 0.0125 0.0125
2 0.335 0.49031250000000004 0.013750000000000002 0.015
2 0.34125 0.48562500000000003 0.013750000000000002 0.015
2 0.34500000000000003 0.479375 0.015 0.015
2 0.35375 0.473125 0.013750000000000002 0.015
2 0.3590625 0.46687500000000004 0.015 0.015
2 0.3615625 0.45625 0.013750000000000002 0.0125
2 0.340625 0.503125 0.0125 0.0125
2 0.350625 0.49468750000000006 0.013750000000000002 0.01125
2 0.3765625 0.47874999999999995 0.0125 0.013750000000000002
2 0.545625 0.44343750000000004 0.01625 0.015
2 0.8290625 0.0590625 0.017499999999999998 0.015
2 0.849375 0.093125 0.02375 0.02375
