2 0.016875 0.8240624999999999 0.008749999999999999 0.013750000000000002
2 0.00625 0.8265625 0.00625 0.0125
2 0.1084375 0.47468750000000004 0.013750000000000002 0.008749999999999999
2 0.114375 0.48562500000000003 0.01 0.015
2 0.108125 0.4890625 0.01 0.0125
2 0.13093749999999998 0.5553125 0.015 0.0075
2 0.0325 0.410625 0.008749999999999999 0.015
2 0.04625 0.45375 0.01125 0.013750000000000002
2 0.039375 0.45531249999999995 0.01 0.013750000000000002
2 0.026250000000000002 0.3796875 0.008749999999999999 0.0125
2 0.018437500000000002 0.383125 0.008749999999999999 0.01625
2 0.15031250000000002 0.49124999999999996 0.01 0.013750000000000002
2 0.1421875 0.48187499999999994 0.0125 0.0075
2 0.1434375 0.4921875 0.008749999999999999 0.0125
2 0.140625 0.0115625 0.0125 0.0075
2 0.108125 0.06343750000000001 0.01 0.017499999999999998
2 0.115625 0.100625 0.00625 0.013750000000000002
2 0.200625 0.16999999999999998 0.013750000000000002 0.008749999999999999
2 0.348125 0.0803125 0.008749999999999999 0.013750000000000002
2 0.5575 0.1528125 0.015 0.008749999999999999
2 0.36 0.084375 0.0075 0.0125
2 0.5421875 0.148125 0.0125 0.008749999999999999
2 0.196875 0.4959375 0.0125 0.0075
2 0.133125 0.1903125 0.01 0.015
2 0.39187500000000003 0.17875000000000002 0.008749999999999999 0.013750000000000002
2 0.401875 0.21781250000000002 0.01 0.013750000000000002
2 0.3784375 0.21937500000000001 0.01 0.013750000000000002
2 0.383125 0.23343750000000002 0.01 0.013750000000000002
2 0.38687499999999997 0.25187499999999996 0.01125 0.01625
2 0.33406250000000004 0.2934375 0.008749999999999999 0.015
2 0.230625 0.169375 0.01125 0.0075
2 0.159375 0.15687500000000001 0.0125 0.0075
2 0.13999999999999999 0.1871875 0.01125 0.015
2 0.138125 0.335625 0.0075 0.015
2 0.36375 0.33406250000000004 0.008749999999999999 0.015
2 0.13125 0.33718750000000003 0.00625 0.015
2 0.125 0.33875 0.00625 0.015
2 0.11781250000000001 0.340625 0.0075 0.0125
2 0.11000000000000001 0.339375 0.0075 0.01625
2 0.24937499999999999 0.45531249999999995 0.01125 0.02
2 0.34125 0.5509375000000001 0.013750000000000002 0.01125
2 0.33718750000000003 0.5359375 0.015 0.0125
2 0.2740625 0.5003124999999999 0.013750000000000002 0.01
2 0.21749999999999997 0.45843749999999994 0.01 0.013750000000000002
2 0.36062500000000003 0.34750000000000003 0.008749999999999999 0.013750000000000002
2 0.321875 0.276875 0.0125 0.0225
2 0.43656249999999996 0.1325 0.013750000000000002 0.008749999999999999
2 0.42125 0.215 0.01125 0.01125
2 0.4221875 0.145 0.01 0.015
2 0.4021875 0.1390625 0.013750000000000002 0.0125
2 0.403125 0.1471875 0.0125 0.01
2 0.40531249999999996 0.1534375 0.013750000000000002 0.01
2 0.40843749999999995 0.1603125 0.013750000000000002 0.01125
2 0.4375 0.2009375 0.00625 0.01125
2 0.4303125 0.2 0.0075 0.0125
2 0.4203125 0.2009375 0.0125 0.01125
2 0.42000000000000004 0.20875 0.015 0.01125
2 0.43968749999999995 0.22937500000000002 0.013750000000000002 0.008749999999999999
2 0.43875000000000003 0.51875 0.008749999999999999 0.0125
2 0.428125 0.23343750000000002 0.0125 0.0075
2 0.45125000000000004 0.39125 0.008749999999999999 0.013750000000000002
2 0.45499999999999996 0.40843749999999995 0.01 0.013750000000000002
2 0.458125 0.4265625 0.01 0.0125
2 0.4403125 0.4125 0.008749999999999999 0.0125
2 0.504375 0.62 0.008749999999999999 0.015
2 0.34968750000000004 0.5990624999999999 0.015 0.0075
2 0.28125 0.6131249999999999 0.0125 0.0075
2 0.45187499999999997 0.5246875 0.01 0.015
2 0.01625 0.228125 0.0075 0.0125
2 0.081875 0.2053125 0.0075 0.013750000000000002
2 0.0340625 0.21937500000000001 0.008749999999999999 0.013750000000000002
2 0.07906250000000001 0.17875000000000002 0.01125 0.0075
2 0.065625 0.1840625 0.0125 0.008749999999999999
2 0.028125 0.193125 0.0125 0.01125
2 0.18812500000000001 0.86 0.0075 0.013750000000000002
2 0.1565625 0.7618750000000001 0.01 0.017499999999999998
2 0.16999999999999998 0.8106249999999999 0.008749999999999999 0.015
2 0.1896875 0.8178124999999999 0.0075 0.013750000000000002
2 0.200625 0.86 0.0075 0.013750000000000002
2 0.36312500000000003 0.8265625 0.0075 0.0125
2 0.290625 0.8631249999999999 0.0125 0.0075
2 0.303125 0.860625 0.0125 0.008749999999999999
2 0.3375 0.8625 0.00625 0.0125
2 0.4490625 0.85375 0.0075 0.013750000000000002
2 0.3753125 0.8559374999999999 0.01 0.015
2 0.3875 0.88375 0.00625 0.01125
2 0.3309375 0.878125 0.008749999999999999 0.0125
2 0.20187499999999997 0.93 0.01 0.01625
2 0.2365625 0.9865625 0.0075 0.013750000000000002
2 0.288125 0.9775 0.0075 0.01125
2 0.55125 0.99125 0.008749999999999999 0.013750000000000002
2 0.8403124999999999 0.0453125 0.008749999999999999 0.0125
2 0.7715625 0.3984375 0.015 0.0125
2 0.7853125000000001 0.38937499999999997 0.01125 0.01
2 0.8203125 0.36593749999999997 0.0125 0.01
2 0.8099999999999999 0.3484375 0.013750000000000002 0.0125
2 0.8496874999999999 0.321875 0.015 0.0125
2 0.6840625 0.1715625 0.008749999999999999 0.015
2 0.8550000000000001 0.0396875 0.01 0.013750000000000002
2 0.8471875000000001 0.041249999999999995 0.01 0.013750000000000002
2 0.8340624999999999 0.0484375 0.008749999999999999 0.0125
2 0.9268750000000001 0.2709375 0.01 0.013750000000000002
2 0.9275 0.010624999999999999 0.01125 0.015
2 0.920625 0.0121875 0.01 0.015
2 0.915 0.013750000000000002 0.01125 0.015
2 0.9081250000000001 0.016875 0.01 0.015
2 0.8528125 0.24500000000000002 0.015 0.008749999999999999
2 0.9331250000000001 0.2734375 0.01 0.0125
2 0.61 0.9671875 0.0075 0.0125
2 0.531875 0.7025 0.0075 0.01125
2 0.6134375000000001 0.8699999999999999 0.01125 0.015
2 0.6321875 0.86625 0.01125 0.013750000000000002
2 0.6681250000000001 0.8168749999999999 0.01125 0.015
2 0.658125 0.8225 0.01 0.013750000000000002
2 0.6159375 0.8375 0.01 0.0125
2 0.564375 0.8237500000000001 0.01 0.01625
2 0.5434375 0.775625 0.008749999999999999 0.013750000000000002
2 0.5506249999999999 0.77 0.0075 0.015
2 0.5475 0.7540625000000001 0.0075 0.01125
2 0.5231250000000001 0.66125 0.008749999999999999 0.01625
2 0.9559374999999999 0.315 0.015 0.01125
2 0.5559375 0.6646875 0.008749999999999999 0.013750000000000002
2 0.5756249999999999 0.6590625 0.0075 0.015
2 0.985625 0.5625 0.008749999999999999 0.0125
2 0.9940625000000001 0.471875 0.01 0.0125
2 0.6365624999999999 0.46312499999999995 0.013750000000000002 0.0075
2 0.6215625 0.47125000000000006 0.015 0.01125
2 0.993125 0.45 0.01125 0.00625
2 0.993125 0.4421875 0.01125 0.00625
2 0.9678125 0.3178125 0.013750000000000002 0.013750000000000002
