2 0.49124999999999996 0.9125 0.013750000000000002 0.00625
2 0.49124999999999996 0.9075 0.013750000000000002 0.008749999999999999
2 0.43968749999999995 0.8834375 0.0075 0.013750000000000002
2 0.49406249999999996 0.6012500000000001 0.01625 0.008749999999999999
2 0.456875 0.5734375 0.0075 0.0125
2 0.456875 0.58875 0.0075 0.015
2 0.49343750000000003 0.609375 0.015 0.00625
2 0.500625 0.788125 0.013750000000000002 0.0075
2 0.49812500000000004 0.7943749999999999 0.015 0.0075
2 0.496875 0.853125 0.0125 0.00625
2 0.496875 0.8609375 0.0125 0.00625
2 0.495625 0.8665625 0.01625 0.005
2 0.495 0.8734375 0.015 0.00625
2 0.49343750000000003 0.8803124999999999 0.015 0.0075
2 0.4925 0.8868750000000001 0.01625 0.005
2 0.49437499999999995 0.89375 0.013750000000000002 0.00625
2 0.49812500000000004 0.5615625 0.015 0.0075
2 0.499375 0.5521874999999999 0.017499999999999998 0.0075
2 0.501875 0.525625 0.01625 0.0075
2 0.521875 0.469375 0.0125 0.0075
2 0.521875 0.4625 0.0125 0.00625
2 0.8509375 0.32625000000000004 0.01125 0.008749999999999999
2 0.85 0.290625 0.00625 0.0125
2 0.4875 0.18656250000000002 0.00625 0.013750000000000002
2 0.8571875 0.3365625 0.017499999999999998 0.0075
2 0.8556250000000001 0.353125 0.017499999999999998 0.00625
2 0.8556250000000001 0.36312500000000003 0.017499999999999998 0.0075
2 0.438125 0.8984375 0.0075 0.0125
