2 0.85375 0.5640625 0.013750000000000002 0.0125
2 0.844375 0.5234375 0.013750000000000002 0.0125
2 0.835625 0.5359375 0.015 0.0125
2 0.49124999999999996 0.559375 0.013750000000000002 0.0125
2 0.4646875 0.575 0.013750000000000002 0.0125
2 0.465625 0.560625 0.0125 0.015
2 0.4725 0.5543750000000001 0.013750000000000002 0.015
2 0.4959375 0.565625 0.013750000000000002 0.0125
2 0.500625 0.571875 0.013750000000000002 0.0125
2 0.5037499999999999 0.5765625 0.013750000000000002 0.0125
2 0.5084375 0.58125 0.013750000000000002 0.0125
2 0.46781249999999996 0.5796875 0.013750000000000002 0.0125
2 0.47125000000000006 0.5853125 0.01125 0.01125
2 0.4765625 0.590625 0.0125 0.0125
2 0.515625 0.5853125 0.0125 0.01125
2 0.48125 0.596875 0.0125 0.0125
2 0.484375 0.603125 0.0125 0.0125
2 0.490625 0.60625 0.0125 0.0125
2 0.4928125 0.6118750000000001 0.013750000000000002 0.01125
2 0.49781250000000005 0.618125 0.01125 0.01125
2 0.5228125 0.596875 0.01125 0.0125
2 0.8596875 0.5565625 0.01625 0.01625
2 0.85375 0.5109375 0.013750000000000002 0.0125
2 0.8590625 0.5084375 0.015 0.013750000000000002
2 0.9865625 0.291875 0.0075 0.015
2 0.434375 0.0203125 0.0125 0.0125
2 0.42874999999999996 0.0465625 0.013750000000000002 0.008749999999999999
2 0.47093749999999995 0.04375 0.013750000000000002 0.0125
2 0.48125 0.07875 0.0125 0.013750000000000002
2 0.5053124999999999 0.11000000000000001 0.013750000000000002 0.013750000000000002
2 0.8928125 0.10218750000000001 0.013750000000000002 0.013750000000000002
2 0.9112500000000001 0.1121875 0.01625 0.015
2 0.9256249999999999 0.129375 0.013750000000000002 0.015
2 0.9928125 0.2971875 0.0075 0.01625
2 0.9515625 0.359375 0.0125 0.0125
2 0.8834375 0.5240625 0.013750000000000002 0.013750000000000002
2 0.899375 0.4109375 0.01125 0.0125
2 0.8875 0.4234375 0.0125 0.0125
2 0.7465625 0.3615625 0.015 0.013750000000000002
2 0.709375 0.3296875 0.0125 0.0125
2 0.659375 0.335625 0.0125 0.015
2 0.7381249999999999 0.3928125 0.013750000000000002 0.013750000000000002
2 0.791875 0.43875000000000003 0.015 0.015
2 0.7478125 0.44281249999999994 0.01125 0.013750000000000002
2 0.9371875 0.529375 0.015 0.015
2 0.5353125000000001 0.614375 0.01125 0.01
2 0.4759375 0.790625 0.01125 0.0125
2 0.4803125 0.796875 0.013750000000000002 0.0125
2 0.828125 0.8665625 0.0125 0.01125
2 0.7725 0.8265625 0.013750000000000002 0.0125
2 0.778125 0.8203125 0.0125 0.0125
2 0.795 0.8246874999999999 0.015 0.015
2 0.8006249999999999 0.8303125 0.013750000000000002 0.013750000000000002
2 0.80625 0.8359375 0.0125 0.0125
2 0.8099999999999999 0.8412499999999999 0.013750000000000002 0.013750000000000002
2 0.8178124999999999 0.8474999999999999 0.013750000000000002 0.013750000000000002
2 0.8209375 0.8525 0.013750000000000002 0.01125
2 0.8240624999999999 0.86 0.013750000000000002 0.013750000000000002
2 0.834375 0.8712500000000001 0.0125 0.01125
2 0.7628125 0.834375 0.01 0.0125
2 0.8390625 0.8771875 0.0125 0.013750000000000002
2 0.85 0.890625 0.0125 0.0125
2 0.85375 0.896875 0.013750000000000002 0.0125
2 0.93 0.8928125 0.01625 0.013750000000000002
2 0.7834375 0.859375 0.013750000000000002 0.0125
2 0.7865624999999999 0.865625 0.013750000000000002 0.0125
2 0.79125 0.869375 0.013750000000000002 0.013750000000000002
2 0.7959375 0.875 0.013750000000000002 0.0125
2 0.7996875 0.8803124999999999 0.015 0.013750000000000002
2 0.7678125 0.83125 0.013750000000000002 0.0125
2 0.734375 0.8509375 0.0125 0.01125
2 0.5725 0.704375 0.013750000000000002 0.015
2 0.6803125 0.8384375000000001 0.013750000000000002 0.01125
2 0.5856250000000001 0.72 0.015 0.015
2 0.661875 0.7615624999999999 0.01125 0.013750000000000002
2 0.6396875 0.790625 0.013750000000000002 0.0125
2 0.660625 0.8168749999999999 0.015 0.015
2 0.665 0.821875 0.01125 0.0125
2 0.684375 0.79 0.0125 0.01125
2 0.6884375 0.7946875 0.01125 0.01125
2 0.6734375 0.8275 0.0125 0.01125
2 0.6771874999999999 0.8328125 0.013750000000000002 0.0125
2 0.684375 0.84375 0.0125 0.0125
2 0.7265625 0.8400000000000001 0.0125 0.01125
2 0.6912499999999999 0.8515625 0.013750000000000002 0.0125
2 0.696875 0.85625 0.0125 0.0125
2 0.7 0.8618750000000001 0.0125 0.01125
2 0.693125 0.8009375000000001 0.01125 0.01125
2 0.696875 0.8046875 0.0125 0.0125
2 0.7015625 0.8109375 0.0125 0.0125
2 0.7078125 0.8203125 0.0125 0.0125
2 0.7125 0.825 0.0125 0.0125
2 0.721875 0.8359375 0.0125 0.0125
2 0.4234375 0.009375 0.0125 0.0125
2 0.36375 0.61625 0.008749999999999999 0.013750000000000002
2 0.3275 0.51375 0.01125 0.015
2 0.8084374999999999 0.89 0.013750000000000002 0.01125
2 0.8115625 0.896875 0.013750000000000002 0.0125
2 0.815625 0.903125 0.0125 0.0125
2 0.8265625 0.9109375 0.0125 0.0125
2 0.6184375 0.9140625 0.015 0.0125
2 0.4375 0.905 0.00625 0.01625
2 0.79 0.9949999999999999 0.01125 0.008749999999999999
2 0.7462500000000001 0.96 0.01125 0.013750000000000002
2 0.7009375 0.9037499999999999 0.01125 0.013750000000000002
2 0.6178125 0.8525 0.013750000000000002 0.01125
2 0.5315624999999999 0.903125 0.01 0.0125
2 0.6246875000000001 0.8740625 0.015 0.013750000000000002
2 0.6287499999999999 0.878125 0.013750000000000002 0.0125
2 0.634375 0.88375 0.0125 0.01125
2 0.6484375 0.9015625 0.0125 0.0125
2 0.6528125 0.906875 0.015 0.013750000000000002
2 0.66625 0.9215625 0.013750000000000002 0.015
2 0.673125 0.929375 0.015 0.015
2 0.691875 0.9546875 0.015 0.0125
2 0.7140625 0.978125 0.0125 0.0125
2 0.6587500000000001 0.9956250000000001 0.01125 0.01
2 0.425625 0.8474999999999999 0.0075 0.013750000000000002
2 0.7765625 0.9 0.0125 0.0125
2 0.8318749999999999 0.9203125 0.013750000000000002 0.0125
2 0.8365625 0.928125 0.013750000000000002 0.0125
2 0.8418749999999999 0.934375 0.015 0.0125
2 0.850625 0.9412499999999999 0.013750000000000002 0.013750000000000002
2 0.8546875 0.946875 0.0125 0.0125
2 0.7584375 0.878125 0.013750000000000002 0.0125
2 0.7631249999999999 0.884375 0.013750000000000002 0.0125
2 0.7671875 0.89 0.0125 0.01125
2 0.7725 0.89375 0.013750000000000002 0.0125
2 0.78125 0.9046875 0.0125 0.0125
2 0.9440625 0.99125 0.01 0.013750000000000002
2 0.7849999999999999 0.909375 0.013750000000000002 0.0125
2 0.790625 0.921875 0.0125 0.0125
2 0.796875 0.9265625 0.0125 0.0125
2 0.8006249999999999 0.931875 0.013750000000000002 0.013750000000000002
2 0.7396874999999999 0.9087500000000001 0.013750000000000002 0.01125
2 0.7537499999999999 0.9240625 0.013750000000000002 0.013750000000000002
2 0.7928124999999999 0.9728125000000001 0.013750000000000002 0.01125
2 0.8256249999999999 0.9615625 0.013750000000000002 0.013750000000000002
2 0.846875 0.9881249999999999 0.0125 0.013750000000000002
