2 0.016875 0.838125 0.008749999999999999 0.013750000000000002
2 0.00625 0.840625 0.00625 0.0125
2 0.1084375 0.48875 0.013750000000000002 0.008749999999999999
2 0.114375 0.4996875 0.01 0.015
2 0.108125 0.503125 0.01 0.0125
2 0.13093749999999998 0.569375 0.015 0.0075
2 0.0325 0.42312500000000003 0.008749999999999999 0.015
2 0.04625 0.46624999999999994 0.01125 0.013750000000000002
2 0.039375 0.469375 0.01 0.013750000000000002
2 0.026250000000000002 0.39375 0.008749999999999999 0.0125
2 0.018437500000000002 0.39718749999999997 0.008749999999999999 0.01625
2 0.15031250000000002 0.5053124999999999 0.01 0.013750000000000002
2 0.1421875 0.4959375 0.0125 0.0075
2 0.1434375 0.50625 0.008749999999999999 0.0125
2 0.140625 0.025625 0.0125 0.0075
2 0.108125 0.0775 0.01 0.017499999999999998
2 0.115625 0.11468750000000001 0.00625 0.013750000000000002
2 0.200625 0.1840625 0.013750000000000002 0.008749999999999999
2 0.348125 0.094375 0.008749999999999999 0.013750000000000002
2 0.5575 0.166875 0.015 0.008749999999999999
2 0.36 0.0984375 0.0075 0.0125
2 0.5421875 0.16218749999999998 0.0125 0.008749999999999999
2 0.196875 0.51 0.0125 0.0075
2 0.133125 0.20437500000000003 0.01 0.015
2 0.39187500000000003 0.1928125 0.008749999999999999 0.013750000000000002
2 0.401875 0.231875 0.01 0.013750000000000002
2 0.3784375 0.23343750000000002 0.01 0.013750000000000002
2 0.383125 0.2475 0.01 0.013750000000000002
2 0.38687499999999997 0.2659375 0.01125 0.01625
2 0.33406250000000004 0.3075 0.008749999999999999 0.015
2 0.230625 0.1834375 0.01125 0.0075
2 0.159375 0.17093750000000002 0.0125 0.0075
2 0.13999999999999999 0.20125 0.01125 0.015
2 0.138125 0.348125 0.0075 0.015
2 0.36375 0.348125 0.008749999999999999 0.015
2 0.13125 0.35125 0.00625 0.015
2 0.125 0.35281250000000003 0.00625 0.015
2 0.11781250000000001 0.353125 0.0075 0.0125
2 0.11000000000000001 0.35343749999999996 0.0075 0.01625
2 0.24937499999999999 0.469375 0.01125 0.02
2 0.34125 0.5650000000000001 0.013750000000000002 0.01125
2 0.33718750000000003 0.55 0.015 0.0125
2 0.2740625 0.514375 0.013750000000000002 0.01
2 0.21749999999999997 0.4725 0.01 0.013750000000000002
2 0.36062500000000003 0.3615625 0.008749999999999999 0.013750000000000002
2 0.321875 0.29093749999999996 0.0125 0.0225
2 0.43656249999999996 0.145 0.013750000000000002 0.008749999999999999
2 0.42125 0.22749999999999998 0.01125 0.01125
2 0.4221875 0.1590625 0.01 0.015
2 0.4021875 0.153125 0.013750000000000002 0.0125
2 0.403125 0.16125 0.0125 0.01
2 0.40531249999999996 0.1675 0.013750000000000002 0.01
2 0.40843749999999995 0.174375 0.013750000000000002 0.01125
2 0.4375 0.215 0.00625 0.01125
2 0.4303125 0.2140625 0.0075 0.0125
2 0.4203125 0.215 0.0125 0.01125
2 0.42000000000000004 0.22125 0.015 0.01125
2 0.43968749999999995 0.24343750000000003 0.013750000000000002 0.008749999999999999
2 0.43875000000000003 0.5328125 0.008749999999999999 0.0125
2 0.428125 0.2475 0.0125 0.0075
2 0.45125000000000004 0.40531249999999996 0.008749999999999999 0.013750000000000002
2 0.45499999999999996 0.4225 0.01 0.013750000000000002
2 0.458125 0.440625 0.01 0.0125
2 0.4403125 0.4265625 0.008749999999999999 0.0125
2 0.504375 0.6340625 0.008749999999999999 0.015
2 0.34968750000000004 0.6131249999999999 0.015 0.0075
2 0.28125 0.6271875 0.0125 0.0075
2 0.45187499999999997 0.5387500000000001 0.01 0.015
2 0.01625 0.240625 0.0075 0.0125
2 0.081875 0.21937500000000001 0.0075 0.013750000000000002
2 0.0340625 0.23343750000000002 0.008749999999999999 0.013750000000000002
2 0.07906250000000001 0.1928125 0.01125 0.0075
2 0.065625 0.198125 0.0125 0.008749999999999999
2 0.028125 0.2071875 0.0125 0.01125
2 0.18812500000000001 0.8740625 0.0075 0.013750000000000002
2 0.1565625 0.774375 0.01 0.017499999999999998
2 0.16999999999999998 0.8231249999999999 0.008749999999999999 0.015
2 0.1896875 0.8318749999999999 0.0075 0.013750000000000002
2 0.200625 0.8740625 0.0075 0.013750000000000002
2 0.36312500000000003 0.840625 0.0075 0.0125
2 0.290625 0.8771875 0.0125 0.0075
2 0.303125 0.8746875 0.0125 0.008749999999999999
2 0.3375 0.8765625 0.00625 0.0125
2 0.4490625 0.86625 0.0075 0.013750000000000002
2 0.3753125 0.8699999999999999 0.01 0.015
2 0.3875 0.89625 0.00625 0.01125
2 0.3309375 0.890625 0.008749999999999999 0.0125
2 0.20187499999999997 0.9425000000000001 0.01 0.01625
2 0.2359375 0.996875 0.00625 0.00625
2 0.288125 0.9915625 0.0075 0.01125
2 0.8403124999999999 0.059375 0.008749999999999999 0.0125
2 0.7715625 0.4125 0.015 0.0125
2 0.7853125000000001 0.401875 0.01125 0.01
2 0.8203125 0.38 0.0125 0.01
2 0.8099999999999999 0.3625 0.013750000000000002 0.0125
2 0.8496874999999999 0.334375 0.015 0.0125
2 0.6840625 0.18562499999999998 0.008749999999999999 0.015
2 0.8550000000000001 0.05375 0.01 0.013750000000000002
2 0.8471875000000001 0.0553125 0.01 0.013750000000000002
2 0.8340624999999999 0.0625 0.008749999999999999 0.0125
2 0.9268750000000001 0.28500000000000003 0.01 0.013750000000000002
2 0.9275 0.023125 0.01125 0.015
2 0.920625 0.026250000000000002 0.01 0.015
2 0.915 0.0278125 0.01125 0.015
2 0.9081250000000001 0.0309375 0.01 0.015
2 0.8528125 0.2575 0.015 0.008749999999999999
2 0.9331250000000001 0.2875 0.01 0.0125
2 0.61 0.98125 0.0075 0.0125
2 0.531875 0.7165625 0.0075 0.01125
2 0.6134375000000001 0.8840625 0.01125 0.015
2 0.6321875 0.8787499999999999 0.01125 0.013750000000000002
2 0.6681250000000001 0.8309374999999999 0.01125 0.015
2 0.658125 0.835 0.01 0.013750000000000002
2 0.6159375 0.8515625 0.01 0.0125
2 0.564375 0.83625 0.01 0.01625
2 0.5434375 0.7896875 0.008749999999999999 0.013750000000000002
2 0.5506249999999999 0.7840625 0.0075 0.015
2 0.5475 0.7681250000000001 0.0075 0.01125
2 0.5231250000000001 0.67375 0.008749999999999999 0.01625
2 0.9559374999999999 0.3290625 0.015 0.01125
2 0.5559375 0.67875 0.008749999999999999 0.013750000000000002
2 0.5756249999999999 0.673125 0.0075 0.015
2 0.985625 0.5765625 0.008749999999999999 0.0125
2 0.9940625000000001 0.4859375 0.01 0.0125
2 0.6365624999999999 0.47562499999999996 0.013750000000000002 0.0075
2 0.6215625 0.48375 0.015 0.01125
2 0.993125 0.4640625 0.01125 0.00625
2 0.993125 0.45625 0.01125 0.00625
2 0.9678125 0.33187500000000003 0.013750000000000002 0.013750000000000002
