2 0.0203125 0.9740624999999999 0.0125 0.0075
2 0.021875 0.9662499999999999 0.0125 0.0075
2 0.025 0.9521875 0.0125 0.0075
2 0.028749999999999998 0.945625 0.013750000000000002 0.01
2 0.034375 0.9246874999999999 0.0125 0.008749999999999999
2 0.0309375 0.9315625000000001 0.015 0.01
2 0.02 0.89875 0.015 0.01
2 0.021562500000000002 0.8915625 0.015 0.01125
2 0.025625 0.87625 0.013750000000000002 0.008749999999999999
2 0.0290625 0.8699999999999999 0.01125 0.008749999999999999
2 0.0328125 0.8546875 0.01875 0.0125
2 0.03625 0.8403124999999999 0.01625 0.008749999999999999
2 0.9225 0.9862500000000001 0.0075 0.01625
2 0.9512499999999999 0.9540625 0.008749999999999999 0.017499999999999998
2 0.915625 0.8778124999999999 0.00625 0.015
2 0.9046875 0.660625 0.00625 0.015
2 0.934375 0.6131249999999999 0.00625 0.013750000000000002
2 0.9418749999999999 0.42625 0.008749999999999999 0.015
2 0.89625 0.4878125 0.01125 0.0475
2 0.9146875 0.308125 0.013750000000000002 0.0475
2 0.9503125000000001 0.13218749999999999 0.0225 0.05500000000000001
2 0.900625 0.81375 0.0075 0.027500000000000004
2 0.049375 0.791875 0.017499999999999998 0.008749999999999999
2 0.053125 0.779375 0.0125 0.008749999999999999
2 0.179375 0.77 0.015 0.008749999999999999
2 0.021875 0.76375 0.0125 0.008749999999999999
2 0.01875 0.7759375000000001 0.0125 0.01125
2 0.015625 0.7903125 0.0125 0.008749999999999999
2 0.01 0.8018750000000001 0.013750000000000002 0.01
2 0.0053124999999999995 0.8243750000000001 0.0075 0.01125
2 0.0071874999999999994 0.945625 0.01125 0.01
