2 0.0203125 0.2240625 0.0125 0.0075
2 0.021875 0.21625 0.0125 0.0075
2 0.025 0.20218750000000002 0.0125 0.0075
2 0.028749999999999998 0.195625 0.013750000000000002 0.01
2 0.034375 0.1746875 0.0125 0.008749999999999999
2 0.0309375 0.18156250000000002 0.015 0.01
2 0.02 0.14875 0.015 0.01
2 0.021562500000000002 0.14156249999999998 0.015 0.01125
2 0.025625 0.12625 0.013750000000000002 0.008749999999999999
2 0.0290625 0.12 0.01125 0.008749999999999999
2 0.0328125 0.1046875 0.01875 0.0125
2 0.03625 0.09031249999999999 0.01625 0.008749999999999999
2 0.9225 0.23625 0.0075 0.01625
2 0.9109375 0.9803124999999999 0.0125 0.03875
2 0.9315625000000001 0.7159375 0.01 0.041249999999999995
2 0.925 0.8643750000000001 0.00625 0.01625
2 0.9740624999999999 0.55125 0.0075 0.015
2 0.9412499999999999 0.5925 0.0075 0.01625
2 0.9193749999999999 0.3290625 0.0075 0.017499999999999998
2 0.92875 0.3175 0.0075 0.01625
2 0.9512499999999999 0.20406249999999998 0.008749999999999999 0.017499999999999998
2 0.915625 0.1278125 0.00625 0.015
2 0.900625 0.06375 0.0075 0.027500000000000004
2 0.049375 0.041875 0.017499999999999998 0.008749999999999999
2 0.053125 0.029375000000000002 0.0125 0.008749999999999999
2 0.179375 0.02 0.015 0.008749999999999999
2 0.6615624999999999 0.36312500000000003 0.0075 0.013750000000000002
2 0.5953125 0.5640625 0.0125 0.00625
2 0.5496875 0.640625 0.008749999999999999 0.0125
2 0.5403125 0.6381249999999999 0.008749999999999999 0.013750000000000002
2 0.531875 0.6359375 0.0075 0.0125
2 0.729375 0.9793749999999999 0.015 0.008749999999999999
2 0.021562500000000002 0.0128125 0.015 0.01
2 0.0171875 0.025625 0.0125 0.0075
2 0.013125000000000001 0.039375 0.013750000000000002 0.01
2 0.01 0.053125 0.013750000000000002 0.00625
2 0.006562500000000001 0.075625 0.01 0.0075
