2 0.0265625 0.1975 0.0125 0.0075
2 0.06 0.20218750000000002 0.013750000000000002 0.0075
2 0.079375 0.20593750000000002 0.015 0.008749999999999999
2 0.0984375 0.20968749999999997 0.0125 0.01
2 0.057499999999999996 0.2725 0.008749999999999999 0.013750000000000002
2 0.05437499999999999 0.2875 0.008749999999999999 0.0125
2 0.984375 0.0475 0.00625 0.013750000000000002
2 0.99375 0.3875 0.0125 0.00625
2 0.9953125 0.0521875 0.00625 0.013750000000000002
2 0.9765625 0.046875 0.00625 0.0125
2 0.9946875000000001 0.3703125 0.01125 0.00625
2 0.9818749999999999 0.06 0.013750000000000002 0.0075
2 0.9800000000000001 0.06625 0.01625 0.0075
2 0.97875 0.075625 0.013750000000000002 0.0075
2 0.99375 0.3765625 0.0125 0.00625
2 0.9956250000000001 0.36312500000000003 0.01 0.0075
2 0.9225 0.06 0.013750000000000002 0.0075
2 0.976875 0.3121875 0.01 0.015
2 0.9884375000000001 0.3128125 0.01125 0.01625
2 0.9949999999999999 0.3096875 0.008749999999999999 0.01625
2 0.91625 0.344375 0.013750000000000002 0.0075
2 0.9650000000000001 0.075 0.01125 0.00625
2 0.9765625 0.1078125 0.0125 0.00625
2 0.97875 0.0834375 0.013750000000000002 0.0075
2 0.9793749999999999 0.09125 0.015 0.0075
2 0.9640625 0.0975 0.0125 0.0075
2 0.9640625 0.0896875 0.0125 0.0075
2 0.9646874999999999 0.081875 0.013750000000000002 0.0075
2 0.9625 0.0625 0.0125 0.00625
2 0.9625 0.05625 0.0125 0.00625
2 0.961875 0.0453125 0.005 0.0125
2 0.9234375 0.0396875 0.0125 0.0075
2 0.9371875 0.0475 0.015 0.0075
2 0.9378125 0.0403125 0.01625 0.008749999999999999
2 0.9240625 0.05375 0.013750000000000002 0.0075
2 0.9771875 0.11625 0.013750000000000002 0.0075
2 0.9740624999999999 0.12875 0.013750000000000002 0.013750000000000002
2 0.9949999999999999 0.134375 0.008749999999999999 0.0125
2 0.9959374999999999 0.2684375 0.0075 0.015
2 0.8678125 0.33999999999999997 0.013750000000000002 0.017499999999999998
2 0.8503125 0.33781249999999996 0.01 0.01625
2 0.6934375 0.45906250000000004 0.008749999999999999 0.015
2 0.6196875000000001 0.448125 0.01125 0.015
2 0.6375 0.453125 0.00625 0.0125
2 0.656875 0.4565625 0.0075 0.01625
2 0.6725 0.45843749999999994 0.0075 0.013750000000000002
2 0.67875 0.459375 0.0075 0.0125
2 0.6859375 0.459375 0.00625 0.0125
2 0.760625 0.37687499999999996 0.015 0.01
2 0.7246875 0.4178125 0.015 0.0075
2 0.79875 0.39249999999999996 0.01625 0.01
2 0.7990625 0.4 0.013750000000000002 0.00625
2 0.7975 0.41 0.013750000000000002 0.0075
2 0.775625 0.3928125 0.013750000000000002 0.0075
2 0.76 0.40062499999999995 0.013750000000000002 0.0075
2 0.7690625 0.41624999999999995 0.01625 0.0075
2 0.610625 0.4503125 0.008749999999999999 0.01625
2 0.6025 0.45375 0.005 0.013750000000000002
2 0.595 0.4528125 0.008749999999999999 0.015
2 0.5878125 0.4490625 0.01 0.013750000000000002
2 0.575 0.44375 0.00625 0.0125
2 0.569375 0.445 0.0075 0.015
2 0.6 0.415625 0.00625 0.0125
2 0.59375 0.41500000000000004 0.00625 0.01125
2 0.5859375 0.41500000000000004 0.00625 0.01125
2 0.57625 0.415625 0.008749999999999999 0.0125
2 0.56875 0.41 0.00625 0.013750000000000002
2 0.5609375 0.40718750000000004 0.00625 0.01125
2 0.553125 0.40499999999999997 0.00625 0.01625
2 0.58125 0.403125 0.00625 0.0125
2 0.588125 0.403125 0.0075 0.0125
2 0.5974999999999999 0.40062499999999995 0.0075 0.013750000000000002
2 0.5309375000000001 0.36 0.008749999999999999 0.013750000000000002
2 0.754375 0.41937499999999994 0.015 0.0075
2 0.7253125 0.40843749999999995 0.01625 0.0075
2 0.8415625 0.3403125 0.01125 0.015
2 0.729375 0.3309375 0.008749999999999999 0.015
2 0.665 0.32125 0.01125 0.017499999999999998
2 0.6721874999999999 0.32 0.01 0.015
2 0.6809375 0.32 0.008749999999999999 0.015
2 0.689375 0.321875 0.01 0.0125
2 0.698125 0.3225 0.008749999999999999 0.013750000000000002
2 0.7071875000000001 0.323125 0.01125 0.015
2 0.7371875 0.32937500000000003 0.008749999999999999 0.015
2 0.7271875 0.4021875 0.013750000000000002 0.0075
2 0.744375 0.3309375 0.0075 0.015
2 0.7628125 0.3246875 0.01 0.015
2 0.7737499999999999 0.323125 0.01 0.015
2 0.783125 0.3253125 0.01 0.01625
2 0.8178124999999999 0.33625 0.013750000000000002 0.01
2 0.8331250000000001 0.340625 0.01 0.0125
2 0.6453125 0.3209375 0.0125 0.0075
2 0.6446875000000001 0.311875 0.017499999999999998 0.01125
2 0.6453125 0.30281250000000004 0.0125 0.008749999999999999
2 0.634375 0.3365625 0.0125 0.0075
2 0.634375 0.34500000000000003 0.0125 0.008749999999999999
2 0.6325000000000001 0.3590625 0.015 0.008749999999999999
2 0.6171875 0.3746875 0.01875 0.015
2 0.6271875 0.3859375 0.013750000000000002 0.00625
2 0.6275000000000001 0.398125 0.01125 0.008749999999999999
2 0.6224999999999999 0.4109375 0.013750000000000002 0.00625
2 0.6590625 0.425625 0.015 0.0075
2 0.683125 0.421875 0.01 0.0125
2 0.6921875 0.42406249999999995 0.0125 0.013750000000000002
2 0.7340625000000001 0.36312500000000003 0.015 0.0075
2 0.7309375 0.369375 0.015 0.0075
2 0.729375 0.3796875 0.015 0.00625
2 0.728125 0.388125 0.0125 0.0075
2 0.9390625 0.0609375 0.0125 0.00625
2 0.9225 0.0671875 0.013750000000000002 0.00625
2 0.6487499999999999 0.796875 0.01 0.0125
2 0.9734375 0.9181250000000001 0.00625 0.01125
2 0.9959374999999999 0.9115624999999999 0.0075 0.013750000000000002
2 0.990625 0.9084375 0.00625 0.013750000000000002
2 0.9818749999999999 0.906875 0.0075 0.013750000000000002
2 0.969375 0.9037499999999999 0.0075 0.013750000000000002
2 0.969375 0.9171875 0.0075 0.0125
2 0.9793749999999999 0.9193749999999999 0.008749999999999999 0.013750000000000002
2 0.9871874999999999 0.9225 0.008749999999999999 0.013750000000000002
2 0.9928125 0.9234375 0.0075 0.0125
2 0.9303125 0.8396874999999999 0.013750000000000002 0.0075
2 0.9181250000000001 0.8390625 0.01125 0.00625
2 0.9225 0.0734375 0.013750000000000002 0.00625
2 0.9803124999999999 0.8803124999999999 0.0075 0.013750000000000002
2 0.9818749999999999 0.8678125 0.0075 0.013750000000000002
2 0.9740624999999999 0.86625 0.0075 0.013750000000000002
2 0.9731249999999999 0.8803124999999999 0.008749999999999999 0.013750000000000002
2 0.9881249999999999 0.86625 0.0075 0.013750000000000002
2 0.9871874999999999 0.8796875 0.008749999999999999 0.0125
2 0.9959374999999999 0.86625 0.0075 0.013750000000000002
2 0.9934375 0.8803124999999999 0.008749999999999999 0.013750000000000002
2 0.8943749999999999 0.79125 0.0075 0.013750000000000002
2 0.9015625 0.79125 0.00625 0.013750000000000002
2 0.8953125 0.8040625 0.00625 0.01125
2 0.6784375 0.798125 0.01625 0.008749999999999999
2 0.7849999999999999 0.8953125 0.013750000000000002 0.00625
2 0.7634375 0.7378125 0.01125 0.01625
2 0.6675 0.76875 0.01625 0.0125
2 0.670625 0.7753125 0.01625 0.01
2 0.67375 0.7878125 0.01625 0.01
2 0.676875 0.7925 0.01625 0.01
2 0.6799999999999999 0.805 0.01625 0.01
2 0.8890625 0.8087500000000001 0.00625 0.01125
2 0.6825 0.81125 0.015 0.01
2 0.68875 0.8196875 0.015 0.01125
2 0.6809375 0.828125 0.008749999999999999 0.0125
2 0.6637500000000001 0.8168749999999999 0.008749999999999999 0.015
2 0.6643749999999999 0.7890625 0.01 0.0125
2 0.6587500000000001 0.7771874999999999 0.01125 0.013750000000000002
2 0.9075 0.8515625 0.015 0.00625
2 0.921875 0.853125 0.0125 0.00625
2 0.913125 0.871875 0.0075 0.0125
2 0.945 0.840625 0.015 0.00625
2 0.8556250000000001 0.844375 0.017499999999999998 0.0075
2 0.8724999999999999 0.838125 0.013750000000000002 0.0075
2 0.859375 0.8365625 0.0125 0.0075
2 0.8621874999999999 0.8309374999999999 0.015 0.008749999999999999
2 0.875625 0.821875 0.0075 0.0125
2 0.87625 0.83125 0.015 0.00625
2 0.8834375 0.821875 0.0075 0.0125
2 0.8881249999999999 0.821875 0.0075 0.0125
2 0.8943749999999999 0.815625 0.0075 0.0125
2 0.9015625 0.815625 0.00625 0.0125
2 0.906875 0.8243750000000001 0.0075 0.01125
2 0.90625 0.8359375 0.0125 0.00625
2 0.900625 0.803125 0.0075 0.0125
2 0.896875 0.038125 0.0125 0.0075
2 0.898125 0.0125 0.015 0.00625
2 0.9753125 0.026250000000000002 0.01625 0.008749999999999999
2 0.8959374999999999 0.050937500000000004 0.013750000000000002 0.005
2 0.89375 0.0578125 0.0125 0.00625
2 0.898125 0.0640625 0.015 0.00625
2 0.8965624999999999 0.0715625 0.015 0.008749999999999999
2 0.896875 0.07875 0.0125 0.0075
2 0.8928125 0.09125 0.013750000000000002 0.0075
2 0.8921875 0.1053125 0.0125 0.0075
2 0.87375 0.11687499999999999 0.01625 0.008749999999999999
2 0.9340624999999999 0.11468750000000001 0.015 0.0075
2 0.9334374999999999 0.1203125 0.013750000000000002 0.00625
2 0.9428124999999999 0.1340625 0.013750000000000002 0.008749999999999999
2 0.9196875 0.1 0.01125 0.00625
2 0.934375 0.1078125 0.0125 0.00625
2 0.9337500000000001 0.1 0.01125 0.00625
2 0.934375 0.09375 0.0125 0.00625
2 0.934375 0.081875 0.0125 0.0075
2 0.934375 0.0740625 0.0125 0.0075
2 0.5209374999999999 0.36 0.0075 0.013750000000000002
2 0.5131249999999999 0.3584375 0.0075 0.013750000000000002
2 0.5075000000000001 0.356875 0.008749999999999999 0.013750000000000002
2 0.629375 0.315 0.015 0.01125
2 0.4421875 0.0021874999999999998 0.00625 0.00125
2 0.4484375 0.0034375000000000005 0.00625 0.00375
2 0.48125 0.2865625 0.0125 0.013750000000000002
2 0.5646875 0.24906250000000002 0.0075 0.013750000000000002
2 0.5334375 0.24718749999999998 0.0075 0.01625
2 0.46624999999999994 0.3271875 0.013750000000000002 0.013750000000000002
2 0.46687500000000004 0.3128125 0.015 0.01625
2 0.469375 0.304375 0.013750000000000002 0.015
2 0.4725 0.2934375 0.013750000000000002 0.015
2 0.49749999999999994 0.28500000000000003 0.0075 0.013750000000000002
2 0.52 0.2865625 0.008749999999999999 0.013750000000000002
2 0.54375 0.290625 0.00625 0.0125
2 0.56125 0.29375 0.01 0.0125
2 0.5684375 0.2921875 0.008749999999999999 0.0125
2 0.576875 0.2959375 0.01 0.013750000000000002
2 0.5856250000000001 0.2959375 0.008749999999999999 0.013750000000000002
2 0.591875 0.238125 0.015 0.0075
2 0.5771875 0.276875 0.013750000000000002 0.01
2 0.6209374999999999 0.2403125 0.0075 0.015
2 0.7125 0.26687500000000003 0.00625 0.015
2 0.73625 0.2690625 0.01 0.01625
2 0.594375 0.2325 0.013750000000000002 0.008749999999999999
2 0.595 0.22562500000000002 0.015 0.0075
2 0.598125 0.171875 0.015 0.0125
2 0.6068749999999999 0.12562500000000001 0.013750000000000002 0.0075
2 0.621875 0.05 0.0125 0.0125
2 0.6521874999999999 0.0203125 0.0075 0.0125
2 0.6443749999999999 0.7849999999999999 0.0075 0.013750000000000002
2 0.6515625 0.8099999999999999 0.00625 0.013750000000000002
2 0.06999999999999999 0.291875 0.008749999999999999 0.015
2 0.0615625 0.063125 0.013750000000000002 0.013750000000000002
2 0.07875 0.06625 0.013750000000000002 0.013750000000000002
2 0.0715625 0.1125 0.015 0.0125
2 0.0725 0.096875 0.013750000000000002 0.0125
2 0.0725 0.0875 0.013750000000000002 0.0125
2 0.07718749999999999 0.0734375 0.013750000000000002 0.0125
2 0.06218749999999999 0.0540625 0.015 0.01125
2 0.06 0.0703125 0.013750000000000002 0.0125
2 0.174375 0.059687500000000004 0.01125 0.01625
2 0.06 0.078125 0.013750000000000002 0.0125
2 0.059375 0.0878125 0.0125 0.01
2 0.059375 0.0953125 0.0125 0.0125
2 0.0553125 0.1015625 0.013750000000000002 0.0125
2 0.05375 0.1084375 0.013750000000000002 0.013750000000000002
2 0.0546875 0.11781250000000001 0.0125 0.013750000000000002
2 0.07875 0.049375 0.013750000000000002 0.01125
2 0.0803125 0.0415625 0.013750000000000002 0.01125
2 0.11125 0.05500000000000001 0.01625 0.01
2 0.113125 0.04 0.013750000000000002 0.01125
2 0.10687500000000001 0.07843750000000001 0.013750000000000002 0.01
2 0.10406249999999999 0.094375 0.01125 0.0075
2 0.10375000000000001 0.1075 0.013750000000000002 0.008749999999999999
2 0.100625 0.11625 0.013750000000000002 0.0075
2 0.100625 0.1240625 0.013750000000000002 0.0075
2 0.09812499999999999 0.1325 0.015 0.008749999999999999
2 0.13218749999999999 0.2078125 0.005 0.0125
2 0.15625 0.1640625 0.0125 0.0125
2 0.17375000000000002 0.13 0.01 0.01625
2 0.18812500000000001 0.141875 0.0075 0.015
2 0.1796875 0.100625 0.00625 0.013750000000000002
2 0.19437500000000002 0.0984375 0.0075 0.0125
2 0.05437499999999999 0.1271875 0.015 0.013750000000000002
2 0.1734375 0.0090625 0.0375 0.015
2 0.645 0.809375 0.008749999999999999 0.0125
2 0.10187500000000001 0.5599999999999999 0.01 0.013750000000000002
2 0.1440625 0.388125 0.01 0.02
2 0.1521875 0.3875 0.0075 0.0125
2 0.14937499999999998 0.409375 0.005 0.0125
2 0.13625 0.4503125 0.01 0.01625
2 0.13187500000000002 0.4725 0.0075 0.013750000000000002
2 0.11687499999999999 0.5171875 0.008749999999999999 0.0125
2 0.0884375 0.595 0.01125 0.015
2 0.0571875 0.663125 0.01125 0.013750000000000002
2 0.0921875 0.240625 0.00625 0.0125
2 0.08499999999999999 0.2403125 0.0075 0.015
2 0.0765625 0.2403125 0.00625 0.015
2 0.06937499999999999 0.2365625 0.0075 0.013750000000000002
2 0.0625 0.2359375 0.00625 0.0125
2 0.1575 0.36312500000000003 0.008749999999999999 0.02
2 0.144375 0.24500000000000002 0.013750000000000002 0.021249999999999998
2 0.2146875 0.275 0.013750000000000002 0.01875
2 0.205625 0.190625 0.017499999999999998 0.01875
2 0.1990625 0.08375 0.0075 0.01125
2 0.200625 0.075 0.0075 0.0125
2 0.1834375 0.0725 0.0075 0.013750000000000002
2 0.3103125 0.878125 0.01125 0.0125
2 0.33187500000000003 0.9415625000000001 0.0075 0.01125
2 0.2971875 0.9168749999999999 0.01 0.015
2 0.325 0.840625 0.0125 0.00625
2 0.3259375 0.8631249999999999 0.01125 0.013750000000000002
2 0.321875 0.8671875 0.0125 0.0125
2 0.315 0.8724999999999999 0.01125 0.013750000000000002
2 0.3046875 0.88125 0.0125 0.0125
2 0.3875 0.7462500000000001 0.00625 0.01125
2 0.299375 0.885 0.01125 0.013750000000000002
2 0.2946875 0.8896875 0.01125 0.013750000000000002
2 0.2815625 0.89 0.01 0.01125
2 0.290625 0.8943749999999999 0.0125 0.013750000000000002
2 0.28500000000000003 0.900625 0.013750000000000002 0.013750000000000002
2 0.284375 0.9071875 0.0125 0.01125
2 0.344375 0.934375 0.0075 0.0125
2 0.385625 0.7596875 0.008749999999999999 0.01625
2 0.18812500000000001 0.041249999999999995 0.0075 0.013750000000000002
2 0.4046875 0.8021874999999999 0.0125 0.013750000000000002
2 0.44312500000000005 0.834375 0.005 0.0125
2 0.4290625 0.8162499999999999 0.01125 0.013750000000000002
2 0.42874999999999996 0.8296875 0.0075 0.0125
2 0.41937499999999994 0.7943749999999999 0.0075 0.013750000000000002
2 0.41218750000000004 0.7815624999999999 0.008749999999999999 0.01625
2 0.41187500000000005 0.8162499999999999 0.01125 0.013750000000000002
2 0.3990625 0.7893749999999999 0.013750000000000002 0.01
2 0.3928125 0.7162499999999999 0.0075 0.013750000000000002
2 0.398125 0.783125 0.015 0.01
2 0.39718749999999997 0.775625 0.01625 0.0075
2 0.396875 0.7681250000000001 0.0125 0.005
2 0.396875 0.7625 0.0125 0.00625
2 0.399375 0.75625 0.01125 0.00625
2 0.3990625 0.7421875 0.013750000000000002 0.00625
2 0.2803125 0.9109375 0.013750000000000002 0.0125
2 0.2796875 0.9199999999999999 0.0125 0.008749999999999999
2 0.27749999999999997 0.928125 0.01125 0.0125
2 0.2625 0.881875 0.0125 0.0075
2 0.2190625 0.9 0.01 0.00625
2 0.22000000000000003 0.89375 0.015 0.00625
2 0.2225 0.8881249999999999 0.013750000000000002 0.0075
2 0.22718750000000001 0.8828125 0.013750000000000002 0.00625
2 0.2375 0.8896875 0.0125 0.0075
2 0.26 0.8881249999999999 0.013750000000000002 0.0075
2 0.26687500000000003 0.875 0.015 0.00625
2 0.271875 0.936875 0.0125 0.01125
2 0.355 0.8253125000000001 0.01625 0.01
2 0.35281250000000003 0.8162499999999999 0.015 0.0075
2 0.278125 0.8625 0.00625 0.0125
2 0.26375000000000004 0.860625 0.008749999999999999 0.015
2 0.2375 0.8525 0.00625 0.01125
2 0.258125 0.86 0.01 0.013750000000000002
2 0.22125 0.90625 0.01125 0.00625
2 0.215625 0.9125 0.0125 0.00625
2 0.215625 0.9196875 0.0125 0.005
2 0.21375000000000002 0.925 0.015 0.00625
2 0.2140625 0.931875 0.0125 0.0075
2 0.21156250000000001 0.938125 0.013750000000000002 0.0075
2 0.228125 0.9140625 0.0125 0.00625
2 0.22875 0.9196875 0.013750000000000002 0.005
2 0.22875 0.925 0.013750000000000002 0.00625
2 0.22781250000000003 0.931875 0.015 0.0075
2 0.225 0.938125 0.0125 0.0075
2 0.240625 0.9140625 0.0125 0.00625
2 0.24 0.9203125 0.01125 0.00625
2 0.24156249999999999 0.9275 0.01125 0.005
2 0.23625 0.9390625 0.01 0.00625
2 0.2340625 0.9475 0.015 0.0075
2 0.24625 0.94625 0.01125 0.01125
2 0.43875000000000003 0.83125 0.008749999999999999 0.01875
2 0.45 0.8334374999999999 0.00625 0.013750000000000002
2 0.4571875 0.835 0.005 0.013750000000000002
2 0.6278125 0.7465625 0.015 0.008749999999999999
2 0.6153125 0.725625 0.015 0.0075
2 0.5890625 0.709375 0.0125 0.0125
2 0.5865625 0.7178125 0.013750000000000002 0.013750000000000002
2 0.5865625 0.7271875 0.013750000000000002 0.013750000000000002
2 0.5846875 0.73375 0.01 0.01125
2 0.58375 0.740625 0.01125 0.0125
2 0.6140625 0.7328125 0.0125 0.00625
2 0.621875 0.615625 0.0125 0.00625
2 0.6103125 0.7537499999999999 0.01125 0.0075
2 0.5965625 0.759375 0.015 0.0125
2 0.5715625 0.7625 0.015 0.0125
2 0.5553125 0.7646875 0.013750000000000002 0.0075
2 0.619375 0.7959375 0.0075 0.013750000000000002
2 0.5959375 0.7784375 0.013750000000000002 0.01
2 0.6303124999999999 0.725625 0.013750000000000002 0.0075
2 0.6334375 0.719375 0.013750000000000002 0.0075
2 0.615625 0.71875 0.0125 0.00625
2 0.6174999999999999 0.7125 0.01625 0.00625
2 0.6174999999999999 0.7068749999999999 0.01625 0.0075
2 0.6184375 0.7006249999999999 0.015 0.0075
2 0.673125 0.7028125000000001 0.015 0.008749999999999999
2 0.6725 0.72 0.013750000000000002 0.008749999999999999
2 0.67375 0.740625 0.01625 0.0125
2 0.6903125 0.7353125 0.015 0.01125
2 0.7106250000000001 0.7075 0.015 0.008749999999999999
2 0.7203125 0.6528125 0.0125 0.008749999999999999
2 0.595 0.640625 0.008749999999999999 0.0125
2 0.61625 0.6221875 0.013750000000000002 0.01
2 0.744375 0.6240625 0.0075 0.013750000000000002
2 0.7162499999999999 0.6115625 0.0075 0.013750000000000002
2 0.70375 0.5825 0.013750000000000002 0.008749999999999999
2 0.60375 0.595 0.0075 0.015
2 0.595625 0.5990624999999999 0.01 0.013750000000000002
2 0.4640625 0.835625 0.00625 0.015
2 0.4765625 0.79375 0.00625 0.0125
2 0.42312500000000003 0.7271875 0.015 0.0075
2 0.409375 0.7240624999999999 0.0125 0.0075
2 0.42406249999999995 0.7365625 0.013750000000000002 0.0075
2 0.4246875 0.7459374999999999 0.015 0.0075
2 0.488125 0.8246874999999999 0.0075 0.015
2 0.48125 0.809375 0.00625 0.0125
2 0.43062500000000004 0.7993750000000001 0.01125 0.005
2 0.585 0.654375 0.013750000000000002 0.015
2 0.44437499999999996 0.806875 0.013750000000000002 0.0075
2 0.45906250000000004 0.8059375 0.015 0.008749999999999999
2 0.45843749999999994 0.8115625 0.013750000000000002 0.0075
2 0.45625 0.8178124999999999 0.0125 0.0075
2 0.44281249999999994 0.8140625 0.013750000000000002 0.00625
2 0.47062499999999996 0.8346875 0.01 0.01625
2 0.42406249999999995 0.759375 0.013750000000000002 0.00625
2 0.43875000000000003 0.753125 0.015 0.00625
2 0.43875000000000003 0.7459374999999999 0.015 0.0075
2 0.5090625 0.7828125 0.015 0.00625
2 0.50875 0.7921875 0.017499999999999998 0.00625
2 0.5081249999999999 0.775 0.01625 0.00625
2 0.5203125 0.804375 0.00625 0.015
2 0.5271874999999999 0.80375 0.0075 0.013750000000000002
2 0.534375 0.7975 0.00625 0.013750000000000002
2 0.5428124999999999 0.8109375 0.013750000000000002 0.0125
2 0.5599999999999999 0.7984375 0.013750000000000002 0.0125
2 0.41218750000000004 0.6693749999999999 0.015 0.0075
2 0.41375 0.6809375 0.015 0.008749999999999999
2 0.50875 0.651875 0.01125 0.0225
2 0.43562500000000004 0.563125 0.015 0.0075
2 0.46281249999999996 0.5678124999999999 0.01625 0.0075
2 0.5453125 0.6134375000000001 0.00625 0.01125
2 0.226875 0.8578125 0.01 0.0125
2 0.220625 0.8556250000000001 0.01 0.01125
2 0.2240625 0.846875 0.013750000000000002 0.00625
2 0.4059375 0.2809375 0.008749999999999999 0.015
2 0.3278125 0.346875 0.008749999999999999 0.0125
2 0.338125 0.3484375 0.0075 0.0125
2 0.35750000000000004 0.350625 0.008749999999999999 0.013750000000000002
2 0.44125 0.31375000000000003 0.0075 0.015
2 0.42406249999999995 0.291875 0.013750000000000002 0.015
2 0.41531250000000003 0.281875 0.008749999999999999 0.013750000000000002
2 0.3940625 0.276875 0.01 0.01625
2 0.270625 0.2578125 0.01 0.0125
2 0.370625 0.2740625 0.01 0.013750000000000002
2 0.3521875 0.26968749999999997 0.0075 0.01125
2 0.3325 0.2671875 0.008749999999999999 0.0125
2 0.37 0.25593750000000004 0.015 0.008749999999999999
2 0.3303125 0.250625 0.013750000000000002 0.0075
2 0.31843750000000004 0.26625 0.008749999999999999 0.013750000000000002
2 0.320625 0.348125 0.01 0.015
2 0.338125 0.3771875 0.013750000000000002 0.0075
2 0.32875 0.383125 0.013750000000000002 0.01
2 0.3265625 0.38875000000000004 0.0125 0.008749999999999999
2 0.32218749999999996 0.3990625 0.01625 0.0075
2 0.32125 0.40499999999999997 0.017499999999999998 0.01
2 0.32125 0.4178125 0.017499999999999998 0.0075
2 0.31625000000000003 0.425 0.013750000000000002 0.00625
2 0.31625000000000003 0.43125 0.013750000000000002 0.00625
2 0.3596875 0.560625 0.01625 0.008749999999999999
2 0.3771875 0.5340625 0.013750000000000002 0.008749999999999999
2 0.1653125 0.6459374999999999 0.015 0.0075
2 0.1675 0.6381249999999999 0.01625 0.0075
2 0.17875000000000002 0.6490625 0.013750000000000002 0.0075
2 0.176875 0.675 0.01 0.00625
2 0.1903125 0.6756249999999999 0.015 0.0075
2 0.3890625 0.6224999999999999 0.00625 0.013750000000000002
2 0.305 0.2640625 0.01 0.0125
2 0.2528125 0.2553125 0.008749999999999999 0.013750000000000002
2 0.3834375 0.665625 0.0075 0.0125
2 0.2875 0.09375 0.00625 0.0125
2 0.3484375 0.090625 0.00625 0.0125
2 0.3375 0.0871875 0.00625 0.015
2 0.325 0.08499999999999999 0.00625 0.013750000000000002
2 0.306875 0.08562499999999999 0.0075 0.015
2 0.30062500000000003 0.081875 0.0075 0.013750000000000002
2 0.294375 0.079375 0.0075 0.015
2 0.28125 0.0921875 0.00625 0.0125
2 0.240625 0.26 0.0125 0.013750000000000002
2 0.280625 0.0796875 0.005 0.0125
2 0.2625 0.075625 0.00625 0.013750000000000002
2 0.25625 0.0725 0.00625 0.013750000000000002
2 0.2453125 0.06375 0.0125 0.008749999999999999
2 0.2475 0.0496875 0.013750000000000002 0.008749999999999999
2 0.195 0.01625 0.008749999999999999 0.013750000000000002
2 0.3546875 0.09 0.00625 0.01125
2 0.3671875 0.103125 0.0125 0.00625
2 0.365625 0.11156250000000001 0.0125 0.0075
2 0.2834375 0.16625 0.013750000000000002 0.013750000000000002
2 0.29812500000000003 0.1796875 0.015 0.0125
2 0.3875 0.1609375 0.00625 0.0125
2 0.40062499999999995 0.115625 0.0075 0.0125
2 0.415625 0.1515625 0.00625 0.0125
2 0.40843749999999995 0.08562499999999999 0.0075 0.015
2 0.43499999999999994 0.21937500000000001 0.013750000000000002 0.0075
2 0.3075 0.22875 0.015 0.0075
2 0.23500000000000001 0.23125 0.013750000000000002 0.00625
2 0.313125 0.2375 0.013750000000000002 0.00625
2 0.42625 0.246875 0.015 0.00625
2 0.4609375 0.24125000000000002 0.0125 0.013750000000000002
2 0.488125 0.23625 0.0075 0.01625
2 0.50625 0.240625 0.00625 0.0125
2 0.38656250000000003 0.653125 0.0075 0.0125
2 0.381875 0.684375 0.0075 0.0125
2 0.226875 0.83125 0.01625 0.00625
2 0.37124999999999997 0.6578125 0.01125 0.00625
2 0.3275 0.715625 0.005 0.0125
2 0.2625 0.7125 0.0125 0.00625
2 0.2625 0.70625 0.0125 0.00625
2 0.2796875 0.70125 0.0125 0.008749999999999999
2 0.2671875 0.6990624999999999 0.0125 0.0075
2 0.2546875 0.696875 0.0125 0.00625
2 0.3696875 0.6640625 0.01125 0.00625
2 0.31875 0.68125 0.00625 0.0125
2 0.369375 0.6709375 0.013750000000000002 0.0075
2 0.3665625 0.6771874999999999 0.01125 0.0075
2 0.365 0.6849999999999999 0.01125 0.0075
2 0.36343749999999997 0.6896875 0.01125 0.0075
2 0.3375 0.6837500000000001 0.00625 0.01125
2 0.33125 0.6828125 0.00625 0.0125
2 0.3359375 0.7162499999999999 0.00625 0.013750000000000002
2 0.3465625 0.7240624999999999 0.008749999999999999 0.013750000000000002
2 0.2553125 0.756875 0.0075 0.013750000000000002
2 0.3471875 0.7765625 0.01 0.0125
2 0.3584375 0.7787499999999999 0.0075 0.013750000000000002
2 0.1775 0.781875 0.017499999999999998 0.013750000000000002
2 0.1746875 0.790625 0.015 0.0125
2 0.16 0.75875 0.013750000000000002 0.01125
2 0.1675 0.753125 0.01625 0.0125
2 0.145 0.77 0.015 0.008749999999999999
2 0.141875 0.776875 0.015 0.01
2 0.139375 0.785625 0.01625 0.008749999999999999
2 0.09468750000000001 0.8121875 0.01125 0.015
2 0.2375 0.7928124999999999 0.01875 0.0075
2 0.231875 0.8053125 0.013750000000000002 0.0075
2 0.2296875 0.813125 0.0125 0.0075
2 0.22937500000000002 0.8246874999999999 0.015 0.008749999999999999
2 0.325 0.6828125 0.00625 0.0125
2 0.313125 0.6796875 0.0075 0.0125
2 0.2959375 0.6365624999999999 0.013750000000000002 0.0075
2 0.250625 0.6625 0.013750000000000002 0.00625
2 0.328125 0.65625 0.0125 0.00625
2 0.3440625 0.6537499999999999 0.01 0.0075
2 0.328125 0.6515625 0.0125 0.00625
2 0.3140625 0.650625 0.0125 0.0075
2 0.2571875 0.671875 0.005 0.0125
2 0.2515625 0.67125 0.00625 0.01125
2 0.265625 0.661875 0.0125 0.005
2 0.30625 0.6790625 0.00625 0.01125
2 0.2665625 0.656875 0.01125 0.0075
2 0.27156250000000004 0.65125 0.015 0.008749999999999999
2 0.2678125 0.645 0.013750000000000002 0.008749999999999999
2 0.2796875 0.646875 0.0125 0.00625
2 0.2796875 0.6390625 0.0125 0.00625
2 0.27937500000000004 0.634375 0.015 0.00625
2 0.313125 0.65625 0.013750000000000002 0.00625
2 0.2975 0.6609375 0.013750000000000002 0.00625
2 0.3109375 0.6615624999999999 0.0125 0.0075
2 0.3109375 0.66875 0.0125 0.00625
2 0.325625 0.6709375 0.013750000000000002 0.0075
2 0.325625 0.663125 0.013750000000000002 0.0075
2 0.34125 0.6599999999999999 0.013750000000000002 0.0075
2 0.34125 0.66625 0.013750000000000002 0.0075
2 0.340625 0.6725 0.0125 0.0075
2 0.350625 0.6709375 0.0075 0.013750000000000002
2 0.356875 0.6725 0.0075 0.013750000000000002
2 0.2625 0.671875 0.00625 0.0125
2 0.26937500000000003 0.6725 0.0075 0.013750000000000002
2 0.28125 0.6740625 0.00625 0.013750000000000002
2 0.2875 0.6756249999999999 0.00625 0.013750000000000002
2 0.294375 0.6771874999999999 0.0075 0.013750000000000002
2 0.299375 0.678125 0.005 0.0125
2 0.16625 0.278125 0.0075 0.0125
2 0.1640625 0.296875 0.00625 0.0125
2 0.16312500000000002 0.31906249999999997 0.0075 0.01625
2 0.159375 0.3434375 0.00625 0.015
2 0.1515625 0.309375 0.00625 0.0125
2 0.5065625 0.8481249999999999 0.01625 0.015
2 0.49312500000000004 0.8568749999999999 0.017499999999999998 0.013750000000000002
2 0.0265625 0.1975 0.0125 0.0075
2 0.06 0.20218750000000002 0.013750000000000002 0.0075
2 0.079375 0.20593750000000002 0.015 0.008749999999999999
2 0.0984375 0.20968749999999997 0.0125 0.01
2 0.057499999999999996 0.2725 0.008749999999999999 0.013750000000000002
2 0.05437499999999999 0.2875 0.008749999999999999 0.0125
2 0.984375 0.0475 0.00625 0.013750000000000002
2 0.99375 0.3875 0.0125 0.00625
2 0.9953125 0.0521875 0.00625 0.013750000000000002
2 0.9765625 0.046875 0.00625 0.0125
2 0.9946875000000001 0.3703125 0.01125 0.00625
2 0.9818749999999999 0.06 0.013750000000000002 0.0075
2 0.9800000000000001 0.06625 0.01625 0.0075
2 0.97875 0.075625 0.013750000000000002 0.0075
2 0.99375 0.3765625 0.0125 0.00625
2 0.9956250000000001 0.36312500000000003 0.01 0.0075
2 0.9225 0.06 0.013750000000000002 0.0075
2 0.976875 0.3121875 0.01 0.015
2 0.9884375000000001 0.3128125 0.01125 0.01625
2 0.9949999999999999 0.3096875 0.008749999999999999 0.01625
2 0.91625 0.344375 0.013750000000000002 0.0075
2 0.9650000000000001 0.075 0.01125 0.00625
2 0.9765625 0.1078125 0.0125 0.00625
2 0.97875 0.0834375 0.013750000000000002 0.0075
2 0.9793749999999999 0.09125 0.015 0.0075
2 0.9640625 0.0975 0.0125 0.0075
2 0.9640625 0.0896875 0.0125 0.0075
2 0.9646874999999999 0.081875 0.013750000000000002 0.0075
2 0.9625 0.0625 0.0125 0.00625
2 0.9625 0.05625 0.0125 0.00625
2 0.961875 0.0453125 0.005 0.0125
2 0.9234375 0.0396875 0.0125 0.0075
2 0.9371875 0.0475 0.015 0.0075
2 0.9378125 0.0403125 0.01625 0.008749999999999999
2 0.9240625 0.05375 0.013750000000000002 0.0075
2 0.9771875 0.11625 0.013750000000000002 0.0075
2 0.9740624999999999 0.12875 0.013750000000000002 0.013750000000000002
2 0.9949999999999999 0.134375 0.008749999999999999 0.0125
2 0.9959374999999999 0.2684375 0.0075 0.015
2 0.8678125 0.33999999999999997 0.013750000000000002 0.017499999999999998
2 0.8503125 0.33781249999999996 0.01 0.01625
2 0.6934375 0.45906250000000004 0.008749999999999999 0.015
2 0.6196875000000001 0.448125 0.01125 0.015
2 0.6375 0.453125 0.00625 0.0125
2 0.656875 0.4565625 0.0075 0.01625
2 0.6725 0.45843749999999994 0.0075 0.013750000000000002
2 0.67875 0.459375 0.0075 0.0125
2 0.6859375 0.459375 0.00625 0.0125
2 0.760625 0.37687499999999996 0.015 0.01
2 0.7246875 0.4178125 0.015 0.0075
2 0.79875 0.39249999999999996 0.01625 0.01
2 0.7990625 0.4 0.013750000000000002 0.00625
2 0.7975 0.41 0.013750000000000002 0.0075
2 0.775625 0.3928125 0.013750000000000002 0.0075
2 0.76 0.40062499999999995 0.013750000000000002 0.0075
2 0.7690625 0.41624999999999995 0.01625 0.0075
2 0.610625 0.4503125 0.008749999999999999 0.01625
2 0.6025 0.45375 0.005 0.013750000000000002
2 0.595 0.4528125 0.008749999999999999 0.015
2 0.5878125 0.4490625 0.01 0.013750000000000002
2 0.575 0.44375 0.00625 0.0125
2 0.569375 0.445 0.0075 0.015
2 0.6 0.415625 0.00625 0.0125
2 0.59375 0.41500000000000004 0.00625 0.01125
2 0.5859375 0.41500000000000004 0.00625 0.01125
2 0.57625 0.415625 0.008749999999999999 0.0125
2 0.56875 0.41 0.00625 0.013750000000000002
2 0.5609375 0.40718750000000004 0.00625 0.01125
2 0.553125 0.40499999999999997 0.00625 0.01625
2 0.58125 0.403125 0.00625 0.0125
2 0.588125 0.403125 0.0075 0.0125
2 0.5974999999999999 0.40062499999999995 0.0075 0.013750000000000002
2 0.5309375000000001 0.36 0.008749999999999999 0.013750000000000002
2 0.754375 0.41937499999999994 0.015 0.0075
2 0.7253125 0.40843749999999995 0.01625 0.0075
2 0.8415625 0.3403125 0.01125 0.015
2 0.729375 0.3309375 0.008749999999999999 0.015
2 0.665 0.32125 0.01125 0.017499999999999998
2 0.6721874999999999 0.32 0.01 0.015
2 0.6809375 0.32 0.008749999999999999 0.015
2 0.689375 0.321875 0.01 0.0125
2 0.698125 0.3225 0.008749999999999999 0.013750000000000002
2 0.7071875000000001 0.323125 0.01125 0.015
2 0.7371875 0.32937500000000003 0.008749999999999999 0.015
2 0.7271875 0.4021875 0.013750000000000002 0.0075
2 0.744375 0.3309375 0.0075 0.015
2 0.7628125 0.3246875 0.01 0.015
2 0.7737499999999999 0.323125 0.01 0.015
2 0.783125 0.3253125 0.01 0.01625
2 0.8178124999999999 0.33625 0.013750000000000002 0.01
2 0.8331250000000001 0.340625 0.01 0.0125
2 0.6453125 0.3209375 0.0125 0.0075
2 0.6446875000000001 0.311875 0.017499999999999998 0.01125
2 0.6453125 0.30281250000000004 0.0125 0.008749999999999999
2 0.634375 0.3365625 0.0125 0.0075
2 0.634375 0.34500000000000003 0.0125 0.008749999999999999
2 0.6325000000000001 0.3590625 0.015 0.008749999999999999
2 0.6171875 0.3746875 0.01875 0.015
2 0.6271875 0.3859375 0.013750000000000002 0.00625
2 0.6275000000000001 0.398125 0.01125 0.008749999999999999
2 0.6224999999999999 0.4109375 0.013750000000000002 0.00625
2 0.6590625 0.425625 0.015 0.0075
2 0.683125 0.421875 0.01 0.0125
2 0.6921875 0.42406249999999995 0.0125 0.013750000000000002
2 0.7340625000000001 0.36312500000000003 0.015 0.0075
2 0.7309375 0.369375 0.015 0.0075
2 0.729375 0.3796875 0.015 0.00625
2 0.728125 0.388125 0.0125 0.0075
2 0.9390625 0.0609375 0.0125 0.00625
2 0.9225 0.0671875 0.013750000000000002 0.00625
2 0.6487499999999999 0.796875 0.01 0.0125
2 0.9734375 0.9181250000000001 0.00625 0.01125
2 0.9959374999999999 0.9115624999999999 0.0075 0.013750000000000002
2 0.990625 0.9084375 0.00625 0.013750000000000002
2 0.9818749999999999 0.906875 0.0075 0.013750000000000002
2 0.969375 0.9037499999999999 0.0075 0.013750000000000002
2 0.969375 0.9171875 0.0075 0.0125
2 0.9793749999999999 0.9193749999999999 0.008749999999999999 0.013750000000000002
2 0.9871874999999999 0.9225 0.008749999999999999 0.013750000000000002
2 0.9928125 0.9234375 0.0075 0.0125
2 0.9303125 0.8396874999999999 0.013750000000000002 0.0075
2 0.9181250000000001 0.8390625 0.01125 0.00625
2 0.9225 0.0734375 0.013750000000000002 0.00625
2 0.9803124999999999 0.8803124999999999 0.0075 0.013750000000000002
2 0.9818749999999999 0.8678125 0.0075 0.013750000000000002
2 0.9740624999999999 0.86625 0.0075 0.013750000000000002
2 0.9731249999999999 0.8803124999999999 0.008749999999999999 0.013750000000000002
2 0.9881249999999999 0.86625 0.0075 0.013750000000000002
2 0.9871874999999999 0.8796875 0.008749999999999999 0.0125
2 0.9959374999999999 0.86625 0.0075 0.013750000000000002
2 0.9934375 0.8803124999999999 0.008749999999999999 0.013750000000000002
2 0.8943749999999999 0.79125 0.0075 0.013750000000000002
2 0.9015625 0.79125 0.00625 0.013750000000000002
2 0.8953125 0.8040625 0.00625 0.01125
2 0.6784375 0.798125 0.01625 0.008749999999999999
2 0.7849999999999999 0.8953125 0.013750000000000002 0.00625
2 0.7634375 0.7378125 0.01125 0.01625
2 0.6675 0.76875 0.01625 0.0125
2 0.670625 0.7753125 0.01625 0.01
2 0.67375 0.7878125 0.01625 0.01
2 0.676875 0.7925 0.01625 0.01
2 0.6799999999999999 0.805 0.01625 0.01
2 0.8890625 0.8087500000000001 0.00625 0.01125
2 0.6825 0.81125 0.015 0.01
2 0.68875 0.8196875 0.015 0.01125
2 0.6809375 0.828125 0.008749999999999999 0.0125
2 0.6637500000000001 0.8168749999999999 0.008749999999999999 0.015
2 0.6643749999999999 0.7890625 0.01 0.0125
2 0.6587500000000001 0.7771874999999999 0.01125 0.013750000000000002
2 0.9075 0.8515625 0.015 0.00625
2 0.921875 0.853125 0.0125 0.00625
2 0.913125 0.871875 0.0075 0.0125
2 0.945 0.840625 0.015 0.00625
2 0.8556250000000001 0.844375 0.017499999999999998 0.0075
2 0.8724999999999999 0.838125 0.013750000000000002 0.0075
2 0.859375 0.8365625 0.0125 0.0075
2 0.8621874999999999 0.8309374999999999 0.015 0.008749999999999999
2 0.875625 0.821875 0.0075 0.0125
2 0.87625 0.83125 0.015 0.00625
2 0.8834375 0.821875 0.0075 0.0125
2 0.8881249999999999 0.821875 0.0075 0.0125
2 0.8943749999999999 0.815625 0.0075 0.0125
2 0.9015625 0.815625 0.00625 0.0125
2 0.906875 0.8243750000000001 0.0075 0.01125
2 0.90625 0.8359375 0.0125 0.00625
2 0.900625 0.803125 0.0075 0.0125
2 0.896875 0.038125 0.0125 0.0075
2 0.898125 0.0125 0.015 0.00625
2 0.9753125 0.026250000000000002 0.01625 0.008749999999999999
2 0.8959374999999999 0.050937500000000004 0.013750000000000002 0.005
2 0.89375 0.0578125 0.0125 0.00625
2 0.898125 0.0640625 0.015 0.00625
2 0.8965624999999999 0.0715625 0.015 0.008749999999999999
2 0.896875 0.07875 0.0125 0.0075
2 0.8928125 0.09125 0.013750000000000002 0.0075
2 0.8921875 0.1053125 0.0125 0.0075
2 0.87375 0.11687499999999999 0.01625 0.008749999999999999
2 0.9340624999999999 0.11468750000000001 0.015 0.0075
2 0.9334374999999999 0.1203125 0.013750000000000002 0.00625
2 0.9428124999999999 0.1340625 0.013750000000000002 0.008749999999999999
2 0.9196875 0.1 0.01125 0.00625
2 0.934375 0.1078125 0.0125 0.00625
2 0.9337500000000001 0.1 0.01125 0.00625
2 0.934375 0.09375 0.0125 0.00625
2 0.934375 0.081875 0.0125 0.0075
2 0.934375 0.0740625 0.0125 0.0075
2 0.5209374999999999 0.36 0.0075 0.013750000000000002
2 0.5131249999999999 0.3584375 0.0075 0.013750000000000002
2 0.5075000000000001 0.356875 0.008749999999999999 0.013750000000000002
2 0.629375 0.315 0.015 0.01125
2 0.4421875 0.0021874999999999998 0.00625 0.00125
2 0.4484375 0.0034375000000000005 0.00625 0.00375
2 0.48125 0.2865625 0.0125 0.013750000000000002
2 0.5646875 0.24906250000000002 0.0075 0.013750000000000002
2 0.5334375 0.24718749999999998 0.0075 0.01625
2 0.46624999999999994 0.3271875 0.013750000000000002 0.013750000000000002
2 0.46687500000000004 0.3128125 0.015 0.01625
2 0.469375 0.304375 0.013750000000000002 0.015
2 0.4725 0.2934375 0.013750000000000002 0.015
2 0.49749999999999994 0.28500000000000003 0.0075 0.013750000000000002
2 0.52 0.2865625 0.008749999999999999 0.013750000000000002
2 0.54375 0.290625 0.00625 0.0125
2 0.56125 0.29375 0.01 0.0125
2 0.5684375 0.2921875 0.008749999999999999 0.0125
2 0.576875 0.2959375 0.01 0.013750000000000002
2 0.5856250000000001 0.2959375 0.008749999999999999 0.013750000000000002
2 0.591875 0.238125 0.015 0.0075
2 0.5771875 0.276875 0.013750000000000002 0.01
2 0.6209374999999999 0.2403125 0.0075 0.015
2 0.7125 0.26687500000000003 0.00625 0.015
2 0.73625 0.2690625 0.01 0.01625
2 0.594375 0.2325 0.013750000000000002 0.008749999999999999
2 0.595 0.22562500000000002 0.015 0.0075
2 0.598125 0.171875 0.015 0.0125
2 0.6068749999999999 0.12562500000000001 0.013750000000000002 0.0075
2 0.621875 0.05 0.0125 0.0125
2 0.6521874999999999 0.0203125 0.0075 0.0125
2 0.6443749999999999 0.7849999999999999 0.0075 0.013750000000000002
2 0.6515625 0.8099999999999999 0.00625 0.013750000000000002
2 0.06999999999999999 0.291875 0.008749999999999999 0.015
2 0.0615625 0.063125 0.013750000000000002 0.013750000000000002
2 0.07875 0.06625 0.013750000000000002 0.013750000000000002
2 0.0715625 0.1125 0.015 0.0125
2 0.0725 0.096875 0.013750000000000002 0.0125
2 0.0725 0.0875 0.013750000000000002 0.0125
2 0.07718749999999999 0.0734375 0.013750000000000002 0.0125
2 0.06218749999999999 0.0540625 0.015 0.01125
2 0.06 0.0703125 0.013750000000000002 0.0125
2 0.174375 0.059687500000000004 0.01125 0.01625
2 0.06 0.078125 0.013750000000000002 0.0125
2 0.059375 0.0878125 0.0125 0.01
2 0.059375 0.0953125 0.0125 0.0125
2 0.0553125 0.1015625 0.013750000000000002 0.0125
2 0.05375 0.1084375 0.013750000000000002 0.013750000000000002
2 0.0546875 0.11781250000000001 0.0125 0.013750000000000002
2 0.07875 0.049375 0.013750000000000002 0.01125
2 0.0803125 0.0415625 0.013750000000000002 0.01125
2 0.11125 0.05500000000000001 0.01625 0.01
2 0.113125 0.04 0.013750000000000002 0.01125
2 0.10687500000000001 0.07843750000000001 0.013750000000000002 0.01
2 0.10406249999999999 0.094375 0.01125 0.0075
2 0.10375000000000001 0.1075 0.013750000000000002 0.008749999999999999
2 0.100625 0.11625 0.013750000000000002 0.0075
2 0.100625 0.1240625 0.013750000000000002 0.0075
2 0.09812499999999999 0.1325 0.015 0.008749999999999999
2 0.13218749999999999 0.2078125 0.005 0.0125
2 0.15625 0.1640625 0.0125 0.0125
2 0.17375000000000002 0.13 0.01 0.01625
2 0.18812500000000001 0.141875 0.0075 0.015
2 0.1796875 0.100625 0.00625 0.013750000000000002
2 0.19437500000000002 0.0984375 0.0075 0.0125
2 0.05437499999999999 0.1271875 0.015 0.013750000000000002
2 0.1734375 0.0090625 0.0375 0.015
2 0.645 0.809375 0.008749999999999999 0.0125
2 0.10187500000000001 0.5599999999999999 0.01 0.013750000000000002
2 0.1440625 0.388125 0.01 0.02
2 0.1521875 0.3875 0.0075 0.0125
2 0.14937499999999998 0.409375 0.005 0.0125
2 0.13625 0.4503125 0.01 0.01625
2 0.13187500000000002 0.4725 0.0075 0.013750000000000002
2 0.11687499999999999 0.5171875 0.008749999999999999 0.0125
2 0.0884375 0.595 0.01125 0.015
2 0.0571875 0.663125 0.01125 0.013750000000000002
2 0.0921875 0.240625 0.00625 0.0125
2 0.08499999999999999 0.2403125 0.0075 0.015
2 0.0765625 0.2403125 0.00625 0.015
2 0.06937499999999999 0.2365625 0.0075 0.013750000000000002
2 0.0625 0.2359375 0.00625 0.0125
2 0.1575 0.36312500000000003 0.008749999999999999 0.02
2 0.144375 0.24500000000000002 0.013750000000000002 0.021249999999999998
2 0.2146875 0.275 0.013750000000000002 0.01875
2 0.205625 0.190625 0.017499999999999998 0.01875
2 0.1990625 0.08375 0.0075 0.01125
2 0.200625 0.075 0.0075 0.0125
2 0.1834375 0.0725 0.0075 0.013750000000000002
2 0.3103125 0.878125 0.01125 0.0125
2 0.33187500000000003 0.9415625000000001 0.0075 0.01125
2 0.2971875 0.9168749999999999 0.01 0.015
2 0.325 0.840625 0.0125 0.00625
2 0.3259375 0.8631249999999999 0.01125 0.013750000000000002
2 0.321875 0.8671875 0.0125 0.0125
2 0.315 0.8724999999999999 0.01125 0.013750000000000002
2 0.3046875 0.88125 0.0125 0.0125
2 0.3875 0.7462500000000001 0.00625 0.01125
2 0.299375 0.885 0.01125 0.013750000000000002
2 0.2946875 0.8896875 0.01125 0.013750000000000002
2 0.2815625 0.89 0.01 0.01125
2 0.290625 0.8943749999999999 0.0125 0.013750000000000002
2 0.28500000000000003 0.900625 0.013750000000000002 0.013750000000000002
2 0.284375 0.9071875 0.0125 0.01125
