2 0.969375 0.48312499999999997 0.0075 0.0225
2 0.82 0.075625 0.008749999999999999 0.013750000000000002
2 0.5034375 0.9675 0.0225 0.041249999999999995
2 0.67625 0.490625 0.008749999999999999 0.0125
2 0.7106250000000001 0.42718749999999994 0.008749999999999999 0.013750000000000002
2 0.8196875 0.118125 0.01125 0.017499999999999998
2 0.8309374999999999 0.075625 0.008749999999999999 0.013750000000000002
2 0.969375 0.48312499999999997 0.0075 0.0225
2 0.82 0.075625 0.008749999999999999 0.013750000000000002
2 0.5034375 0.9675 0.0225 0.041249999999999995
2 0.67625 0.490625 0.008749999999999999 0.0125
2 0.7106250000000001 0.42718749999999994 0.008749999999999999 0.013750000000000002
2 0.8196875 0.118125 0.01125 0.017499999999999998
2 0.8309374999999999 0.075625 0.008749999999999999 0.013750000000000002
