2 0.0265625 0.9615625 0.0125 0.0075
2 0.06 0.9662499999999999 0.013750000000000002 0.0075
2 0.079375 0.97 0.015 0.008749999999999999
2 0.0984375 0.9737500000000001 0.0125 0.01
2 0.984375 0.8115625 0.00625 0.013750000000000002
2 0.9953125 0.8162499999999999 0.00625 0.013750000000000002
2 0.9765625 0.8109375 0.00625 0.0125
2 0.9818749999999999 0.8240624999999999 0.013750000000000002 0.0075
2 0.9800000000000001 0.8303125 0.01625 0.0075
2 0.97875 0.838125 0.013750000000000002 0.0075
2 0.9225 0.8240624999999999 0.013750000000000002 0.0075
2 0.9650000000000001 0.8390625 0.01125 0.00625
2 0.9765625 0.871875 0.0125 0.00625
2 0.97875 0.8474999999999999 0.013750000000000002 0.0075
2 0.9793749999999999 0.8553124999999999 0.015 0.0075
2 0.9640625 0.8615625 0.0125 0.0075
2 0.9640625 0.85375 0.0125 0.0075
2 0.9646874999999999 0.8459375 0.013750000000000002 0.0075
2 0.9625 0.8265625 0.0125 0.00625
2 0.9625 0.8203125 0.0125 0.00625
2 0.961875 0.809375 0.005 0.0125
2 0.9234375 0.80375 0.0125 0.0075
2 0.9371875 0.8115625 0.015 0.0075
2 0.9378125 0.804375 0.01625 0.008749999999999999
2 0.9240625 0.8178124999999999 0.013750000000000002 0.0075
2 0.9771875 0.8803124999999999 0.013750000000000002 0.0075
2 0.9740624999999999 0.89125 0.013750000000000002 0.013750000000000002
2 0.9949999999999999 0.8984375 0.008749999999999999 0.0125
2 0.9390625 0.825 0.0125 0.00625
2 0.9225 0.83125 0.013750000000000002 0.00625
2 0.9225 0.8375 0.013750000000000002 0.00625
2 0.896875 0.8021874999999999 0.0125 0.0075
2 0.4303125 0.479375 0.013750000000000002 0.008749999999999999
2 0.898125 0.7765625 0.015 0.00625
2 0.9753125 0.7887500000000001 0.01625 0.008749999999999999
2 0.8959374999999999 0.8150000000000001 0.013750000000000002 0.005
2 0.89375 0.821875 0.0125 0.00625
2 0.898125 0.828125 0.015 0.00625
2 0.8965624999999999 0.835625 0.015 0.008749999999999999
2 0.896875 0.8428125 0.0125 0.0075
2 0.8928125 0.8553124999999999 0.013750000000000002 0.0075
2 0.8921875 0.869375 0.0125 0.0075
2 0.87375 0.8809374999999999 0.01625 0.008749999999999999
2 0.9340624999999999 0.8787499999999999 0.015 0.0075
2 0.9334374999999999 0.884375 0.013750000000000002 0.00625
2 0.9428124999999999 0.898125 0.013750000000000002 0.008749999999999999
2 0.9196875 0.8625 0.01125 0.00625
2 0.934375 0.871875 0.0125 0.00625
2 0.9337500000000001 0.8640625 0.01125 0.00625
2 0.934375 0.8578125 0.0125 0.00625
2 0.934375 0.844375 0.0125 0.0075
2 0.934375 0.838125 0.0125 0.0075
2 0.4046875 0.5662499999999999 0.00625 0.013750000000000002
2 0.8846875000000001 0.4928125 0.01625 0.0075
2 0.923125 0.48875 0.015 0.008749999999999999
2 0.9190625000000001 0.5709375 0.01625 0.0075
2 0.93875 0.5021875 0.015 0.0075
2 0.41937499999999994 0.7203125 0.0075 0.0125
2 0.416875 0.75625 0.008749999999999999 0.0125
2 0.40125 0.7575000000000001 0.008749999999999999 0.015
2 0.460625 0.7106250000000001 0.008749999999999999 0.015
2 0.43187499999999995 0.7084374999999999 0.0075 0.013750000000000002
2 0.4125 0.704375 0.00625 0.015
2 0.41218750000000004 0.7178125 0.008749999999999999 0.013750000000000002
2 0.42843749999999997 0.72375 0.01 0.01625
2 0.4671875 0.68125 0.00625 0.0125
2 0.436875 0.725625 0.005 0.013750000000000002
2 0.44375 0.725 0.00625 0.0125
2 0.45 0.7271875 0.00625 0.013750000000000002
2 0.46312499999999995 0.7290625000000001 0.0075 0.01125
2 0.471875 0.7303124999999999 0.00625 0.013750000000000002
2 0.516875 0.7021875 0.015 0.0075
2 0.4296875 0.756875 0.00625 0.013750000000000002
2 0.43656249999999996 0.759375 0.0075 0.0125
2 0.44281249999999994 0.759375 0.0075 0.0125
2 0.4496875 0.7615624999999999 0.008749999999999999 0.013750000000000002
2 0.4375 0.61625 0.00625 0.013750000000000002
2 0.445 0.6184375 0.008749999999999999 0.015
2 0.42093749999999996 0.6599999999999999 0.0075 0.013750000000000002
2 0.628125 0.042499999999999996 0.04375 0.034999999999999996
2 0.47062499999999996 0.69625 0.01625 0.01125
2 0.45062499999999994 0.67875 0.0075 0.013750000000000002
2 0.4390625 0.678125 0.00625 0.0125
2 0.6209374999999999 0.99875 0.0075 0.00375
2 0.594375 0.9949999999999999 0.013750000000000002 0.008749999999999999
2 0.595 0.9881249999999999 0.015 0.0075
2 0.598125 0.934375 0.015 0.0125
2 0.6068749999999999 0.8881249999999999 0.013750000000000002 0.0075
2 0.621875 0.8140625 0.0125 0.0125
2 0.6521874999999999 0.784375 0.0075 0.0125
2 0.6521874999999999 0.725 0.0075 0.0125
2 0.371875 0.6443749999999999 0.0125 0.0075
2 0.375625 0.629375 0.013750000000000002 0.008749999999999999
2 0.3990625 0.6709375 0.0075 0.013750000000000002
2 0.41312499999999996 0.671875 0.0075 0.0125
2 0.425625 0.6756249999999999 0.0075 0.013750000000000002
2 0.0615625 0.8271875 0.013750000000000002 0.013750000000000002
2 0.07875 0.82875 0.013750000000000002 0.013750000000000002
2 0.0715625 0.8765625 0.015 0.0125
2 0.0725 0.859375 0.013750000000000002 0.0125
2 0.0725 0.8515625 0.013750000000000002 0.0125
2 0.07718749999999999 0.8375 0.013750000000000002 0.0125
2 0.06218749999999999 0.818125 0.015 0.01125
2 0.06 0.834375 0.013750000000000002 0.0125
2 0.174375 0.8237500000000001 0.01125 0.01625
2 0.06 0.8421875 0.013750000000000002 0.0125
2 0.059375 0.851875 0.0125 0.01
2 0.059375 0.859375 0.0125 0.0125
2 0.0553125 0.865625 0.013750000000000002 0.0125
2 0.05375 0.8724999999999999 0.013750000000000002 0.013750000000000002
2 0.0546875 0.881875 0.0125 0.013750000000000002
2 0.07875 0.8134375 0.013750000000000002 0.01125
2 0.0803125 0.805625 0.013750000000000002 0.01125
2 0.11125 0.8190625 0.01625 0.01
2 0.113125 0.8040625 0.013750000000000002 0.01125
2 0.10687500000000001 0.8425 0.013750000000000002 0.01
2 0.10406249999999999 0.8584375 0.01125 0.0075
2 0.10375000000000001 0.8715624999999999 0.013750000000000002 0.008749999999999999
2 0.100625 0.8803124999999999 0.013750000000000002 0.0075
2 0.100625 0.8881249999999999 0.013750000000000002 0.0075
2 0.09812499999999999 0.8965624999999999 0.015 0.008749999999999999
2 0.13218749999999999 0.971875 0.005 0.0125
2 0.15625 0.928125 0.0125 0.0125
2 0.17375000000000002 0.8940625000000001 0.01 0.01625
2 0.18812500000000001 0.9059375 0.0075 0.015
2 0.1796875 0.8646874999999999 0.00625 0.013750000000000002
2 0.19437500000000002 0.8625 0.0075 0.0125
2 0.05437499999999999 0.89125 0.015 0.013750000000000002
2 0.16999999999999998 0.7640625 0.04625 0.03125
2 0.141875 0.7396874999999999 0.015 0.0075
2 0.0878125 0.0240625 0.01 0.013750000000000002
2 0.09625 0.023125 0.01125 0.015
2 0.10375000000000001 0.019375 0.013750000000000002 0.013750000000000002
2 0.11281250000000001 0.03875 0.01625 0.008749999999999999
2 0.1121875 0.046875 0.015 0.00625
2 0.016875 0.28531249999999997 0.015 0.01125
2 0.25 0.3859375 0.00625 0.0125
2 0.231875 0.4528125 0.0075 0.015
2 0.25187499999999996 0.5275000000000001 0.01 0.017499999999999998
2 0.05 0.5209374999999999 0.0125 0.0075
2 0.1053125 0.615625 0.013750000000000002 0.00625
2 0.08562499999999999 0.72875 0.015 0.0075
2 0.0921875 0.9990625 0.00625 0.00125
2 0.08499999999999999 0.99875 0.0075 0.00375
2 0.0765625 0.99875 0.00625 0.00375
2 0.06937499999999999 0.996875 0.0075 0.00625
2 0.061875 0.996875 0.005 0.00625
2 0.205625 0.9546875 0.017499999999999998 0.01875
2 0.2625 0.315 0.04375 0.017499999999999998
2 0.1990625 0.8478125000000001 0.0075 0.01125
2 0.200625 0.8390625 0.0075 0.0125
2 0.1834375 0.8365625 0.0075 0.013750000000000002
2 0.18812500000000001 0.80375 0.0075 0.013750000000000002
2 0.2875 0.8578125 0.00625 0.0125
2 0.3484375 0.853125 0.00625 0.0125
2 0.3375 0.85125 0.00625 0.015
2 0.325 0.8490624999999999 0.00625 0.013750000000000002
2 0.306875 0.8481249999999999 0.0075 0.015
2 0.30062500000000003 0.8459375 0.0075 0.013750000000000002
2 0.294375 0.8434375 0.0075 0.015
2 0.28125 0.85625 0.00625 0.0125
2 0.280625 0.84375 0.005 0.0125
2 0.2625 0.8396874999999999 0.00625 0.013750000000000002
2 0.25625 0.8365625 0.00625 0.013750000000000002
2 0.2453125 0.8262499999999999 0.0125 0.008749999999999999
2 0.2475 0.81375 0.013750000000000002 0.008749999999999999
2 0.195 0.7803125 0.008749999999999999 0.013750000000000002
2 0.3546875 0.8540625000000001 0.00625 0.01125
2 0.3671875 0.8671875 0.0125 0.00625
2 0.365625 0.875625 0.0125 0.0075
2 0.2834375 0.9303125 0.013750000000000002 0.013750000000000002
2 0.29812500000000003 0.94375 0.015 0.0125
2 0.3875 0.925 0.00625 0.0125
2 0.40062499999999995 0.878125 0.0075 0.0125
2 0.415625 0.915625 0.00625 0.0125
2 0.40843749999999995 0.8496874999999999 0.0075 0.015
2 0.43499999999999994 0.9818749999999999 0.013750000000000002 0.0075
2 0.3075 0.9928125 0.015 0.0075
2 0.23500000000000001 0.99375 0.013750000000000002 0.00625
2 0.488125 0.9949999999999999 0.0075 0.008749999999999999
2 0.505625 0.9990625 0.005 0.00125
2 0.6634375 0.1990625 0.01125 0.013750000000000002
