2 0.5678124999999999 0.0325 0.013750000000000002 0.008749999999999999
2 0.73625 0.2165625 0.01 0.01125
2 0.6018749999999999 0.036875000000000005 0.01625 0.01125
2 0.5862499999999999 0.0915625 0.01625 0.01125
2 0.5825 0.09875 0.015 0.01
2 0.5803125 0.10593749999999999 0.013750000000000002 0.008749999999999999
2 0.5746875 0.12 0.015 0.008749999999999999
2 0.573125 0.12625 0.015 0.008749999999999999
2 0.7731250000000001 0.12062500000000001 0.015 0.01
2 0.7678125 0.13 0.013750000000000002 0.01
2 0.765625 0.1378125 0.0125 0.01
2 0.7459374999999999 0.1878125 0.013750000000000002 0.01
2 0.7428125 0.195625 0.013750000000000002 0.01
2 0.74125 0.20187499999999997 0.013750000000000002 0.01
2 0.7418750000000001 0.20875 0.015 0.01125
2 0.7721875 0.2184375 0.01625 0.008749999999999999
2 0.7771874999999999 0.20750000000000002 0.013750000000000002 0.008749999999999999
2 0.7896875 0.17124999999999999 0.013750000000000002 0.01125
2 0.791875 0.1628125 0.015 0.01
2 0.7975 0.14656249999999998 0.013750000000000002 0.008749999999999999
2 0.7975 0.13874999999999998 0.013750000000000002 0.008749999999999999
2 0.5928125 0.07062500000000001 0.013750000000000002 0.01
2 0.571875 0.026250000000000002 0.0125 0.008749999999999999
2 0.8821875 0.008125 0.01125 0.01
2 0.5734375 0.019375 0.0125 0.0075
2 0.3121875 0.9059375 0.008749999999999999 0.015
2 0.0040625 0.9240625 0.005 0.013750000000000002
2 0.076875 0.7421875 0.01 0.0125
2 0.2884375 0.866875 0.01125 0.015
2 0.30062500000000003 0.8481249999999999 0.0075 0.015
2 0.2821875 0.8371875 0.01125 0.015
2 0.29375 0.8203125 0.00625 0.0125
2 0.296875 0.834375 0.00625 0.0125
2 0.32218749999999996 0.9662499999999999 0.01 0.013750000000000002
2 0.32625000000000004 0.985 0.008749999999999999 0.013750000000000002
2 0.323125 0.76875 0.015 0.00625
2 0.8578125 0.803125 0.0125 0.00625
2 0.86 0.7943749999999999 0.013750000000000002 0.0075
2 0.8556250000000001 0.7834375 0.01125 0.0075
2 0.6365624999999999 0.8796875 0.013750000000000002 0.00625
2 0.5696875 0.13468750000000002 0.01125 0.01
2 0.80625 0.11687499999999999 0.0125 0.008749999999999999
