2 0.6115625 0.9956250000000001 0.013750000000000002 0.01
2 0.6084375 0.99 0.013750000000000002 0.01125
2 0.6046875 0.97875 0.00625 0.013750000000000002
2 0.5978125000000001 0.96875 0.005 0.0125
2 0.5912499999999999 0.9634375000000001 0.0075 0.01125
2 0.5846875 0.9546875 0.01 0.0125
2 0.6178125 0.9815625000000001 0.013750000000000002 0.01
2 0.635 0.9678125 0.013750000000000002 0.013750000000000002
2 0.6381249999999999 0.9734375 0.013750000000000002 0.0125
2 0.641875 0.9796875 0.015 0.0125
2 0.6475 0.9853125 0.013750000000000002 0.01125
2 0.6490625 0.990625 0.013750000000000002 0.0125
2 0.653125 0.9956250000000001 0.0125 0.01
2 0.76125 0.9865625 0.01 0.013750000000000002
2 0.5081249999999999 0.713125 0.01 0.013750000000000002
2 0.9140625 0.93875 0.0125 0.015
2 0.9296875 0.9199999999999999 0.0125 0.015
2 0.9365625 0.9178124999999999 0.013750000000000002 0.013750000000000002
2 0.9446875 0.913125 0.01125 0.013750000000000002
2 0.9521875 0.9075 0.013750000000000002 0.015
2 0.9712500000000001 0.891875 0.01125 0.015
2 0.990625 0.878125 0.0125 0.0125
2 0.5159374999999999 0.756875 0.01 0.013750000000000002
2 0.5228125 0.7521875 0.01125 0.013750000000000002
2 0.5296875 0.7474999999999999 0.0125 0.013750000000000002
2 0.5359375 0.74125 0.0125 0.013750000000000002
2 0.5453125 0.7371875 0.0125 0.015
2 0.5515625 0.7309375 0.0125 0.015
2 0.515625 0.7106250000000001 0.0125 0.015
2 0.75625 0.99125 0.0125 0.013750000000000002
2 0.5228125 0.7021875 0.01125 0.013750000000000002
2 0.5290625 0.6984375 0.01125 0.0125
2 0.534375 0.69375 0.0125 0.0125
2 0.566875 0.6353125000000001 0.015 0.01125
2 0.53125 0.646875 0.0125 0.0125
2 0.541875 0.5915625 0.008749999999999999 0.01125
2 0.5496875 0.5921875 0.008749999999999999 0.0125
2 0.556875 0.590625 0.0075 0.0125
2 0.5650000000000001 0.5934375000000001 0.01125 0.015
2 0.5706249999999999 0.598125 0.01 0.015
2 0.5753125 0.60375 0.01 0.013750000000000002
2 0.39437500000000003 0.596875 0.013750000000000002 0.0125
2 0.5459375 0.515 0.013750000000000002 0.01125
2 0.90625 0.9418749999999999 0.0125 0.015
2 0.9009375000000001 0.946875 0.01125 0.0125
2 0.8790625000000001 0.960625 0.01125 0.015
2 0.8721875000000001 0.9625 0.01 0.0125
2 0.7921875 0.9668749999999999 0.0125 0.015
2 0.8 0.9646874999999999 0.0125 0.013750000000000002
2 0.8165625000000001 0.9384375 0.01125 0.01125
2 0.745 0.911875 0.015 0.01125
2 0.75 0.909375 0.0125 0.0125
2 0.64 0.934375 0.01125 0.0125
2 0.64625 0.931875 0.01125 0.013750000000000002
2 0.651875 0.925 0.01 0.0125
2 0.6571875 0.9225 0.01125 0.013750000000000002
2 0.6625 0.9184374999999999 0.0125 0.015
2 0.6665625000000001 0.9140625 0.01125 0.0125
2 0.68125 0.9084375 0.0125 0.013750000000000002
2 0.686875 0.9037499999999999 0.01125 0.013750000000000002
2 0.6975 0.9 0.013750000000000002 0.0125
2 0.6415625 0.909375 0.01125 0.0125
2 0.6640625 0.8946875000000001 0.0125 0.01125
2 0.6740625 0.8884375 0.013750000000000002 0.01125
2 0.5940624999999999 0.945625 0.01 0.01625
2 0.5996875 0.9412499999999999 0.008749999999999999 0.013750000000000002
2 0.6059375 0.93875 0.008749999999999999 0.015
2 0.6134375000000001 0.9346875000000001 0.01125 0.01625
2 0.62 0.93 0.008749999999999999 0.01625
2 0.721875 0.8568749999999999 0.0125 0.013750000000000002
2 0.7290625000000001 0.85375 0.01125 0.013750000000000002
2 0.7365625 0.85125 0.013750000000000002 0.015
2 0.7421875 0.8474999999999999 0.0125 0.013750000000000002
2 0.844375 0.9271874999999999 0.013750000000000002 0.013750000000000002
2 0.4859375 0.5393749999999999 0.0125 0.01
2 0.8359375 0.355 0.0125 0.01
2 0.828125 0.3459375 0.0125 0.013750000000000002
2 0.8328125 0.3515625 0.0125 0.0125
2 0.8140625 0.3415625 0.0125 0.01125
2 0.590625 0.403125 0.0125 0.0125
2 0.7453125 0.441875 0.0125 0.015
2 0.6025 0.4921875 0.01125 0.00625
2 0.6056250000000001 0.4984375 0.01125 0.00625
2 0.6078125 0.5037499999999999 0.0125 0.0075
2 0.6115625 0.5109375 0.013750000000000002 0.00625
2 0.60625 0.48375 0.0125 0.01125
2 0.61125 0.478125 0.01 0.0125
2 0.696875 0.471875 0.0125 0.0125
2 0.703125 0.465625 0.0125 0.0125
2 0.709375 0.46312499999999995 0.0125 0.013750000000000002
2 0.715625 0.459375 0.0125 0.0125
2 0.7212500000000001 0.4546875 0.01125 0.0125
2 0.73375 0.44749999999999995 0.01125 0.013750000000000002
2 0.7384375000000001 0.44343750000000004 0.01125 0.015
2 0.759375 0.43187499999999995 0.0125 0.013750000000000002
2 0.8087500000000001 0.346875 0.01125 0.0125
2 0.6171875 0.3803125 0.0125 0.013750000000000002
2 0.6221875 0.375 0.01 0.0125
2 0.6359375 0.36625 0.0125 0.013750000000000002
2 0.6421875 0.36 0.0125 0.013750000000000002
2 0.6478125 0.3546875 0.01125 0.0125
2 0.653125 0.35 0.0125 0.0125
2 0.6603125000000001 0.3465625 0.01125 0.015
2 0.6643749999999999 0.340625 0.01 0.0125
2 0.6725 0.3359375 0.0075 0.0125
2 0.6803125 0.32875 0.0075 0.013750000000000002
2 0.6953125 0.350625 0.0125 0.013750000000000002
2 0.7015625 0.35375 0.0125 0.013750000000000002
2 0.805625 0.353125 0.01125 0.0125
2 0.6003125 0.4725 0.01 0.013750000000000002
2 0.5671875 0.4265625 0.0125 0.0125
2 0.5078125 0.41500000000000004 0.0125 0.01125
2 0.130625 0.7625 0.01125 0.00625
2 0.14906250000000001 0.7053125 0.0075 0.013750000000000002
2 0.15625 0.7046875 0.00625 0.0125
2 0.17093750000000002 0.71 0.0075 0.013750000000000002
2 0.18031250000000001 0.7125 0.0075 0.0125
2 0.1890625 0.715625 0.00625 0.0125
2 0.16625 0.7415625 0.013750000000000002 0.01125
2 0.49124999999999996 0.43218750000000006 0.013750000000000002 0.01125
2 0.5037499999999999 0.39625 0.013750000000000002 0.01125
2 0.51 0.39 0.013750000000000002 0.01125
2 0.5203125 0.40718750000000004 0.0125 0.01125
2 0.5271874999999999 0.40093750000000006 0.013750000000000002 0.01125
2 0.515625 0.4096875 0.0125 0.01
2 0.5015625 0.421875 0.0125 0.0125
2 0.1271875 0.77 0.013750000000000002 0.008749999999999999
2 0.5371875 0.390625 0.015 0.0125
2 0.5549999999999999 0.3765625 0.01625 0.0125
2 0.5599999999999999 0.37124999999999997 0.013750000000000002 0.01125
2 0.5662499999999999 0.368125 0.013750000000000002 0.01125
2 0.5515625 0.36375 0.0125 0.008749999999999999
2 0.5475 0.35812499999999997 0.013750000000000002 0.01
2 0.54125 0.35125 0.013750000000000002 0.008749999999999999
2 0.538125 0.34500000000000003 0.013750000000000002 0.008749999999999999
2 0.5715625 0.36343749999999997 0.015 0.01125
2 0.5771875 0.359375 0.013750000000000002 0.0125
2 0.5834374999999999 0.3540625 0.013750000000000002 0.01125
2 0.575 0.34625 0.0125 0.01125
2 0.584375 0.3390625 0.0125 0.0125
2 0.11000000000000001 0.76375 0.013750000000000002 0.008749999999999999
2 0.15531250000000002 0.7693749999999999 0.013750000000000002 0.0075
2 0.590625 0.475 0.00625 0.0125
2 0.18656250000000002 0.8949999999999999 0.013750000000000002 0.008749999999999999
2 0.081875 0.9434374999999999 0.013750000000000002 0.008749999999999999
2 0.084375 0.9356249999999999 0.0125 0.008749999999999999
2 0.090625 0.9271874999999999 0.0125 0.0075
2 0.12562500000000001 0.9259375000000001 0.013750000000000002 0.01125
2 0.128125 0.9181250000000001 0.0125 0.01125
2 0.135625 0.9040625 0.015 0.01125
2 0.14125000000000001 0.899375 0.013750000000000002 0.01125
2 0.1678125 0.9121874999999999 0.013750000000000002 0.008749999999999999
2 0.185 0.923125 0.013750000000000002 0.008749999999999999
2 0.15687500000000001 0.8887499999999999 0.013750000000000002 0.008749999999999999
2 0.21000000000000002 0.91375 0.013750000000000002 0.008749999999999999
2 0.1990625 0.9090624999999999 0.013750000000000002 0.008749999999999999
2 0.193125 0.9037499999999999 0.01125 0.0075
2 0.18031250000000001 0.8881249999999999 0.013750000000000002 0.0075
2 0.153125 0.7796875 0.0125 0.00625
2 0.17625 0.8790625000000001 0.015 0.01125
2 0.1703125 0.8671875 0.0125 0.00625
2 0.16312500000000002 0.8590625 0.013750000000000002 0.008749999999999999
2 0.15625 0.8275 0.00625 0.01125
2 0.0078125 0.8746875 0.0125 0.008749999999999999
2 0.0125 0.8556250000000001 0.0125 0.01125
2 0.0171875 0.8465624999999999 0.0125 0.008749999999999999
2 0.0240625 0.83625 0.013750000000000002 0.01
2 0.028125 0.8284375 0.0125 0.01
2 0.10687500000000001 0.770625 0.013750000000000002 0.01
2 0.12250000000000001 0.7771874999999999 0.013750000000000002 0.0075
2 0.1525 0.791875 0.01125 0.015
2 0.5890625 0.35 0.0125 0.0125
2 0.5953125 0.3446875 0.0125 0.01125
2 0.571875 0.3415625 0.0125 0.01125
2 0.6925 0.2190625 0.01625 0.01
2 0.653125 0.25375000000000003 0.0125 0.013750000000000002
2 0.659375 0.248125 0.0125 0.015
2 0.67875 0.2734375 0.013750000000000002 0.0125
2 0.684375 0.26968749999999997 0.0125 0.01125
2 0.690625 0.265 0.0125 0.01125
2 0.696875 0.25968749999999996 0.0125 0.01
2 0.7725 0.259375 0.013750000000000002 0.0125
2 0.703125 0.254375 0.0125 0.008749999999999999
2 0.7090625 0.2646875 0.015 0.013750000000000002
2 0.6975 0.24375 0.013750000000000002 0.00625
2 0.69625 0.23500000000000001 0.01125 0.0075
2 0.6965625 0.226875 0.015 0.01
2 0.6599999999999999 0.20968749999999997 0.0075 0.01625
2 0.68625 0.21187499999999998 0.01625 0.01125
2 0.565625 0.336875 0.0125 0.01125
2 0.6834374999999999 0.2034375 0.02 0.01625
2 0.6790625 0.195625 0.017499999999999998 0.01625
2 0.6743750000000001 0.18875 0.017499999999999998 0.015
2 0.8706250000000001 0.0890625 0.01 0.0125
2 0.8615625 0.0034375000000000005 0.0075 0.00375
2 0.5784374999999999 0.4828125 0.01625 0.00625
2 0.589375 0.496875 0.01 0.0125
2 0.5940624999999999 0.5025000000000001 0.01 0.01125
2 0.5962500000000001 0.509375 0.01125 0.0125
2 0.6009375 0.5171875 0.01125 0.0125
2 0.5734375 0.47437500000000005 0.0125 0.005
2 0.5725 0.46875 0.013750000000000002 0.00625
2 0.569375 0.459375 0.013750000000000002 0.00625
2 0.6640625 0.2884375 0.0125 0.01125
2 0.659375 0.2925 0.0125 0.01
2 0.6515625 0.296875 0.0125 0.0125
2 0.6465625 0.30093749999999997 0.015 0.01125
2 0.563125 0.3315625 0.013750000000000002 0.01
2 0.5575 0.3265625 0.015 0.0125
2 0.553125 0.320625 0.0125 0.01
2 0.5625 0.313125 0.0125 0.013750000000000002
2 0.568125 0.3175 0.01125 0.01625
2 0.5706249999999999 0.323125 0.01 0.015
2 0.5759375 0.32937500000000003 0.01125 0.015
2 0.58 0.334375 0.01 0.0125
2 0.6078125 0.334375 0.0125 0.0125
2 0.6131249999999999 0.3290625 0.013750000000000002 0.01125
2 0.619375 0.32437499999999997 0.013750000000000002 0.01125
2 0.6025 0.3225 0.01125 0.013750000000000002
2 0.5971875 0.315625 0.01 0.0125
2 0.593125 0.2975 0.01125 0.013750000000000002
2 0.5990624999999999 0.303125 0.0075 0.0125
2 0.6025 0.306875 0.01125 0.013750000000000002
2 0.608125 0.3109375 0.01 0.0125
2 0.625625 0.3196875 0.013750000000000002 0.01125
2 0.631875 0.3159375 0.013750000000000002 0.01
2 0.634375 0.3103125 0.0125 0.01125
2 0.604375 0.27718750000000003 0.008749999999999999 0.013750000000000002
2 0.610625 0.27937500000000004 0.008749999999999999 0.015
2 0.6146874999999999 0.28500000000000003 0.0075 0.013750000000000002
2 0.619375 0.29125 0.0075 0.013750000000000002
2 0.6246875000000001 0.294375 0.008749999999999999 0.013750000000000002
2 0.6303124999999999 0.3 0.0075 0.0125
2 0.6403125000000001 0.3046875 0.015 0.0125
