2 0.33187500000000003 0.45 0.013750000000000002 0.00625
2 0.19375 0.1084375 0.0125 0.013750000000000002
2 0.209375 0.11937500000000001 0.0125 0.013750000000000002
2 0.2171875 0.123125 0.0125 0.015
2 0.353125 0.1890625 0.00625 0.0125
2 0.075 0.43093750000000003 0.0125 0.015
2 0.3325 0.44437499999999996 0.015 0.0075
2 0.3490625 0.456875 0.013750000000000002 0.0075
2 0.21031249999999999 0.0709375 0.01125 0.013750000000000002
2 0.33187500000000003 0.45906250000000004 0.013750000000000002 0.008749999999999999
2 0.34750000000000003 0.4646875 0.013750000000000002 0.0075
2 0.3328125 0.4671875 0.0125 0.00625
2 0.32937500000000003 0.475 0.015 0.00625
2 0.3453125 0.4765625 0.0125 0.00625
2 0.3290625 0.48187499999999994 0.01125 0.0075
2 0.1384375 0.09 0.01125 0.01125
2 0.2034375 0.0640625 0.01 0.0125
2 0.193125 0.0553125 0.01125 0.013750000000000002
2 0.091875 0.03875 0.015 0.015
2 0.1121875 0.06375 0.015 0.015
2 0.171875 0.040625 0.0125 0.0125
2 0.18031250000000001 0.0465625 0.013750000000000002 0.015
2 0.1875 0.05125 0.0125 0.015
2 0.328125 0.4875 0.0125 0.00625
2 0.328125 0.49437499999999995 0.0125 0.0075
2 0.325 0.503125 0.0125 0.00625
2 0.240625 0.51 0.0125 0.0075
2 0.22875 0.49437499999999995 0.013750000000000002 0.0075
2 0.22937500000000002 0.479375 0.015 0.008749999999999999
2 0.24656250000000002 0.4809375 0.015 0.008749999999999999
2 0.2459375 0.48656249999999995 0.013750000000000002 0.0075
2 0.24656250000000002 0.495 0.015 0.008749999999999999
2 0.2421875 0.5025000000000001 0.0125 0.005
2 0.24125000000000002 0.5193749999999999 0.013750000000000002 0.0075
2 0.296875 0.456875 0.0125 0.0075
2 0.19437500000000002 0.500625 0.013750000000000002 0.0075
2 0.225 0.5334375 0.0125 0.0075
2 0.290625 0.5125 0.0125 0.00625
2 0.27531249999999996 0.5184375 0.01625 0.008749999999999999
2 0.275 0.525625 0.0125 0.0075
2 0.29125 0.5287499999999999 0.013750000000000002 0.0075
2 0.228125 0.5 0.0125 0.00625
2 0.19437500000000002 0.48968749999999994 0.013750000000000002 0.0075
2 0.191875 0.48187499999999994 0.015 0.0075
2 0.1925 0.475 0.01625 0.00625
2 0.27749999999999997 0.50625 0.01125 0.00625
2 0.27875 0.4953125 0.013750000000000002 0.00625
2 0.27875 0.4890625 0.013750000000000002 0.00625
2 0.27875 0.48187499999999994 0.013750000000000002 0.0075
2 0.2953125 0.48187499999999994 0.0125 0.0075
2 0.29375 0.490625 0.0125 0.00625
2 0.29281250000000003 0.49749999999999994 0.013750000000000002 0.0075
2 0.29125 0.5053124999999999 0.013750000000000002 0.0075
2 0.32406250000000003 0.5109375 0.013750000000000002 0.00625
2 0.28125 0.47406249999999994 0.0125 0.0075
2 0.2975 0.4715625 0.013750000000000002 0.008749999999999999
2 0.28125 0.46781249999999996 0.0125 0.0075
2 0.2975 0.46312499999999995 0.013750000000000002 0.0075
2 0.291875 0.5365624999999999 0.015 0.0075
2 0.2884375 0.5443749999999999 0.017499999999999998 0.0075
2 0.2709375 0.5506249999999999 0.013750000000000002 0.0075
2 0.628125 0.7925 0.04375 0.034999999999999996
2 0.271875 0.5625 0.0125 0.00625
2 0.31625000000000003 0.6040625000000001 0.013750000000000002 0.005
2 0.3725 0.5443749999999999 0.013750000000000002 0.0075
2 0.323125 0.545 0.015 0.008749999999999999
2 0.3390625 0.546875 0.0125 0.00625
2 0.3390625 0.5515625 0.0125 0.00625
2 0.323125 0.5609375 0.015 0.00625
2 0.31375000000000003 0.625625 0.015 0.0075
2 0.369375 0.594375 0.013750000000000002 0.0075
2 0.20125 0.7084374999999999 0.008749999999999999 0.013750000000000002
2 0.398125 0.21593749999999998 0.03375 0.041249999999999995
2 0.41312499999999996 0.6059375 0.026250000000000002 0.04625
2 0.371875 0.5375 0.0125 0.00625
2 0.37312500000000004 0.5271874999999999 0.015 0.0075
2 0.3753125 0.5115624999999999 0.01625 0.0075
2 0.375625 0.5037499999999999 0.013750000000000002 0.0075
2 0.379375 0.49749999999999994 0.015 0.0075
2 0.379375 0.49031250000000004 0.015 0.008749999999999999
2 0.379375 0.47625 0.015 0.008749999999999999
2 0.33875 0.5387500000000001 0.015 0.008749999999999999
2 0.32437499999999997 0.5365624999999999 0.01125 0.0075
2 0.34125 0.5265625 0.013750000000000002 0.00625
2 0.34125 0.5193749999999999 0.013750000000000002 0.0075
2 0.34187500000000004 0.5115624999999999 0.015 0.0075
2 0.34187500000000004 0.5053124999999999 0.015 0.0075
2 0.344375 0.4953125 0.013750000000000002 0.00625
2 0.3465625 0.4871875 0.015 0.008749999999999999
2 0.23500000000000001 0.5828125 0.013750000000000002 0.00625
2 0.23718750000000002 0.5584374999999999 0.015 0.0075
2 0.0475 0.479375 0.013750000000000002 0.008749999999999999
2 0.0453125 0.46687500000000004 0.0125 0.008749999999999999
2 0.053437500000000006 0.5493750000000001 0.01625 0.01125
2 0.0046875 0.485 0.00625 0.013750000000000002
2 0.0078125 0.4375 0.0125 0.00625
2 0.0053124999999999995 0.42843749999999997 0.0075 0.01
2 0.0021874999999999998 0.41875 0.00125 0.00625
2 0.0528125 0.4846875 0.015 0.01
2 0.0578125 0.49343750000000003 0.0125 0.008749999999999999
2 0.0878125 0.7740625 0.01 0.013750000000000002
2 0.09625 0.7731250000000001 0.01125 0.015
2 0.10375000000000001 0.7693749999999999 0.013750000000000002 0.013750000000000002
2 0.11281250000000001 0.7887500000000001 0.01625 0.008749999999999999
2 0.1121875 0.796875 0.015 0.00625
2 0.10593749999999999 0.6537499999999999 0.021249999999999998 0.045
2 0.0546875 0.379375 0.03125 0.04
