2 0.734375 0.48187499999999994 0.0125 0.013750000000000002
2 0.86625 0.5575 0.0075 0.015
2 0.7975 0.621875 0.013750000000000002 0.0125
2 0.796875 0.5734375 0.0125 0.0125
2 0.80375 0.5421875 0.013750000000000002 0.0125
2 0.7946875 0.534375 0.01125 0.0125
2 0.790625 0.5275000000000001 0.0125 0.01125
2 0.7953125 0.559375 0.0125 0.0125
2 0.8162499999999999 0.5534375 0.013750000000000002 0.01625
2 0.740625 0.5228125 0.0125 0.01125
2 0.784375 0.5240625 0.0125 0.013750000000000002
2 0.7728125 0.5171875 0.01125 0.0125
2 0.755625 0.4984375 0.01125 0.0125
2 0.7056250000000001 0.49000000000000005 0.01125 0.01125
2 0.69375 0.478125 0.0125 0.0125
2 0.7265625 0.4734375 0.0125 0.0125
2 0.7203125 0.4671875 0.0125 0.0125
2 0.7165625 0.45875000000000005 0.01125 0.01125
2 0.646875 0.3975 0.0125 0.013750000000000002
2 0.6015625 0.3928125 0.0125 0.013750000000000002
2 0.5900000000000001 0.3828125 0.01125 0.0125
2 0.5978125000000001 0.3546875 0.01125 0.0125
2 0.61875 0.359375 0.0125 0.0125
2 0.628125 0.38125 0.0125 0.0125
2 0.6046875 0.359375 0.0125 0.0125
2 0.5796875 0.335 0.0125 0.013750000000000002
2 0.5709375 0.32875 0.013750000000000002 0.013750000000000002
2 0.5603125 0.3546875 0.01125 0.0125
2 0.385625 0.1384375 0.015 0.01125
2 0.3621875 0.1209375 0.008749999999999999 0.013750000000000002
2 0.3459375 0.0725 0.0075 0.013750000000000002
2 0.31 0.0690625 0.013750000000000002 0.01
2 0.959375 0.1953125 0.0125 0.00625
2 0.959375 0.20625 0.0125 0.00625
2 0.8724999999999999 0.12875 0.013750000000000002 0.0075
2 0.8724999999999999 0.09625 0.013750000000000002 0.005
2 0.871875 0.0890625 0.0125 0.00625
2 0.8712500000000001 0.0828125 0.01125 0.00625
2 0.8724999999999999 0.0625 0.013750000000000002 0.00625
2 0.8724999999999999 0.05625 0.013750000000000002 0.00625
2 0.871875 0.0421875 0.0125 0.00625
2 0.9896874999999999 0.140625 0.013750000000000002 0.00625
2 0.9887499999999999 0.153125 0.015 0.00625
2 0.9881249999999999 0.1609375 0.013750000000000002 0.00625
2 0.9990625 0.175 0.00125 0.00625
2 0.9875 0.18125 0.0125 0.00625
2 0.9990625 0.18062499999999998 0.00125 0.005
2 0.9990625 0.20625 0.00125 0.00625
2 0.9990625 0.21187499999999998 0.00125 0.005
2 0.990625 0.2203125 0.0125 0.00625
2 0.990625 0.21187499999999998 0.0125 0.005
2 0.9896874999999999 0.206875 0.013750000000000002 0.0075
2 0.9890625 0.200625 0.0125 0.0075
2 0.8065625000000001 0.9690625 0.01625 0.01
2 0.7737499999999999 0.9949999999999999 0.01 0.008749999999999999
2 0.813125 0.99375 0.013750000000000002 0.00625
2 0.811875 0.985 0.01125 0.0075
2 0.8106249999999999 0.976875 0.015 0.01
2 0.775625 0.9596875 0.0075 0.01625
2 0.8018750000000001 0.961875 0.01625 0.01125
2 0.7990625 0.9534375 0.02 0.01625
2 0.7931250000000001 0.945625 0.017499999999999998 0.01625
2 0.7884375 0.93875 0.017499999999999998 0.015
2 0.9862500000000001 0.8390625 0.01 0.0125
2 0.976875 0.7471875 0.01 0.01625
2 0.701875 0.4525 0.01 0.01125
2 0.6950000000000001 0.445625 0.008749999999999999 0.01
