2 0.821875 0.013750000000000002 0.0125 0.015
2 0.8150000000000001 0.010624999999999999 0.01125 0.015
2 0.8074999999999999 0.009375 0.008749999999999999 0.0125
2 0.8012499999999999 0.0084375 0.008749999999999999 0.013750000000000002
2 0.795 0.0078125 0.008749999999999999 0.0125
2 0.7875 0.006562500000000001 0.00625 0.01
2 0.7740625 0.0040625 0.0075 0.005
2 0.8568749999999999 0.0078125 0.013750000000000002 0.0125
2 0.850625 0.01 0.013750000000000002 0.013750000000000002
2 0.8609375 0.0053124999999999995 0.0125 0.0075
2 0.023125 0.12062500000000001 0.015 0.01
2 0.017812500000000002 0.13 0.013750000000000002 0.01
2 0.015625 0.1378125 0.0125 0.01
2 0.0021874999999999998 0.1890625 0.00125 0.00625
2 0.021249999999999998 0.2190625 0.017499999999999998 0.01
2 0.8678125 0.0034375000000000005 0.0075 0.00375
2 0.027187499999999996 0.20750000000000002 0.013750000000000002 0.008749999999999999
2 0.0396875 0.17124999999999999 0.013750000000000002 0.01125
2 0.041875 0.1628125 0.015 0.01
2 0.0475 0.14656249999999998 0.013750000000000002 0.008749999999999999
2 0.0475 0.13874999999999998 0.013750000000000002 0.008749999999999999
2 0.294375 0.8793749999999999 0.0075 0.015
2 0.3125 0.95375 0.00625 0.013750000000000002
2 0.7978125 0.8996875 0.01125 0.015
2 0.785625 0.3446875 0.015 0.01125
2 0.6849999999999999 0.29625 0.013750000000000002 0.01125
2 0.605 0.2534375 0.01625 0.01
2 0.5946875 0.006562500000000001 0.01125 0.01
2 0.6009375 0.0046875 0.01125 0.00625
2 0.13218749999999999 0.008125 0.01125 0.01
2 0.1078125 0.803125 0.0125 0.00625
2 0.11000000000000001 0.7943749999999999 0.013750000000000002 0.0075
2 0.105625 0.7834375 0.01125 0.0075
2 0.3178125 0.4875 0.013750000000000002 0.00625
2 0.3871875 0.40406250000000005 0.015 0.01125
2 0.27531249999999996 0.128125 0.01625 0.0125
2 0.9059375 0.133125 0.015 0.01
2 0.9393750000000001 0.0765625 0.01 0.0125
2 0.923125 0.09406250000000001 0.015 0.01
2 0.8715624999999999 0.1125 0.015 0.0125
2 0.86625 0.121875 0.013750000000000002 0.0125
2 0.859375 0.1578125 0.0125 0.00625
2 0.865625 0.18125 0.0125 0.00625
2 0.8940625000000001 0.17875000000000002 0.01 0.013750000000000002
2 0.8996875 0.1740625 0.008749999999999999 0.013750000000000002
2 0.9128125 0.17093750000000002 0.01 0.013750000000000002
2 0.905625 0.17250000000000001 0.01125 0.013750000000000002
2 0.91625 0.1575 0.013750000000000002 0.008749999999999999
2 0.9153125 0.15031250000000002 0.015 0.01
2 0.9099999999999999 0.139375 0.013750000000000002 0.01
2 0.9037499999999999 0.12687500000000002 0.013750000000000002 0.01
2 0.9428124999999999 0.13999999999999999 0.013750000000000002 0.01125
2 0.9475 0.15125 0.013750000000000002 0.008749999999999999
2 0.9668749999999999 0.1459375 0.008749999999999999 0.013750000000000002
2 0.9753125 0.166875 0.01 0.015
2 0.9940625000000001 0.15375 0.01 0.013750000000000002
2 0.9262499999999999 0.05 0.008749999999999999 0.0125
2 0.851875 0.0725 0.01 0.013750000000000002
2 0.9815625000000001 0.12250000000000001 0.01 0.013750000000000002
2 0.968125 0.09125 0.01125 0.013750000000000002
2 0.9525 0.05375 0.01125 0.013750000000000002
2 0.96125 0.0765625 0.01 0.0125
2 0.49468750000000006 0.5409375 0.01125 0.01
2 0.5071875 0.5700000000000001 0.01125 0.008749999999999999
2 0.965625 0.9496874999999999 0.0125 0.008749999999999999
2 0.96875 0.9434374999999999 0.0125 0.008749999999999999
2 0.9724999999999999 0.9371875 0.013750000000000002 0.008749999999999999
2 0.9737500000000001 0.93 0.01625 0.01
2 0.8671875 0.200625 0.0125 0.0075
