2 0.9459375 0.665625 0.013750000000000002 0.00625
2 0.86 0.6165625 0.013750000000000002 0.01125
2 0.86 0.6246875000000001 0.013750000000000002 0.008749999999999999
2 0.8625 0.640625 0.0125 0.00625
2 0.8418749999999999 0.67 0.015 0.015
2 0.865625 0.6490625 0.0125 0.0075
2 0.9459375 0.656875 0.013750000000000002 0.0075
2 0.9481249999999999 0.6803125 0.015 0.0075
2 0.828125 0.578125 0.0125 0.00625
2 0.871875 0.6778125 0.0125 0.008749999999999999
2 0.8731249999999999 0.686875 0.015 0.01125
2 0.8396874999999999 0.7459374999999999 0.013750000000000002 0.0075
2 0.846875 0.775625 0.0125 0.0075
2 0.8128125 0.8275 0.01 0.017499999999999998
2 0.8203125 0.8646874999999999 0.00625 0.013750000000000002
2 0.9053125 0.9340624999999999 0.013750000000000002 0.008749999999999999
2 0.8334374999999999 0.6178125 0.013750000000000002 0.0075
2 0.8271875 0.5709375 0.013750000000000002 0.0075
2 0.85375 0.5240625 0.013750000000000002 0.0075
2 0.9615625 0.46875 0.0075 0.0125
2 0.9546875 0.46875 0.00625 0.0125
2 0.946875 0.46875 0.00625 0.0125
2 0.9978125 0.5146875 0.005 0.0075
2 0.996875 0.521875 0.00625 0.00625
2 0.996875 0.5584374999999999 0.00625 0.0075
2 0.99875 0.5728125000000001 0.00375 0.005
2 0.8859375 0.478125 0.00625 0.0125
2 0.8515625 0.5153125000000001 0.0125 0.008749999999999999
2 0.85375 0.53125 0.013750000000000002 0.00625
2 0.853125 0.5506249999999999 0.0125 0.0075
2 0.853125 0.54375 0.0125 0.00625
2 0.85375 0.5375 0.013750000000000002 0.00625
2 0.8178124999999999 0.5015625 0.013750000000000002 0.00625
2 0.8162499999999999 0.5078125 0.013750000000000002 0.00625
2 0.819375 0.5193749999999999 0.013750000000000002 0.0075
2 0.82 0.5271874999999999 0.015 0.0075
2 0.8209375 0.5396875 0.013750000000000002 0.0075
2 0.8231249999999999 0.5546875 0.015 0.00625
2 0.8240624999999999 0.5615625 0.013750000000000002 0.0075
2 0.8378125000000001 0.954375 0.01 0.015
2 0.9353125 0.9334374999999999 0.01125 0.0075
2 0.865625 0.9209375 0.0125 0.0075
2 0.8446875 0.9512499999999999 0.01125 0.015
2 0.5171875 0.3859375 0.0125 0.00625
2 0.5028125 0.38656250000000003 0.015 0.0075
2 0.44375 0.39125 0.0125 0.0075
2 0.41375 0.39375 0.015 0.00625
2 0.20437500000000003 0.0740625 0.015 0.0075
2 0.2246875 0.5725 0.008749999999999999 0.013750000000000002
2 0.250625 0.62 0.013750000000000002 0.008749999999999999
2 0.253125 0.6340625 0.0125 0.008749999999999999
2 0.09281249999999999 0.7537499999999999 0.0075 0.013750000000000002
2 0.1575 0.7528125 0.015 0.008749999999999999
2 0.139375 0.7424999999999999 0.01 0.01625
2 0.133125 0.745 0.01 0.015
2 0.1278125 0.7474999999999999 0.008749999999999999 0.013750000000000002
2 0.12156249999999999 0.7490625 0.008749999999999999 0.013750000000000002
2 0.1153125 0.7496875000000001 0.008749999999999999 0.015
2 0.144375 0.7828125 0.013750000000000002 0.00625
2 0.12875 0.7887500000000001 0.013750000000000002 0.008749999999999999
2 0.0996875 0.754375 0.008749999999999999 0.015
2 0.08562499999999999 0.756875 0.008749999999999999 0.013750000000000002
2 0.25875 0.6481250000000001 0.01125 0.008749999999999999
2 0.06218749999999999 0.7646875 0.008749999999999999 0.013750000000000002
2 0.11281250000000001 0.7909375 0.01625 0.01
2 0.265625 0.683125 0.0125 0.01
2 0.2646875 0.67625 0.013750000000000002 0.008749999999999999
2 0.265 0.66875 0.01125 0.00625
2 0.2628125 0.663125 0.01 0.0075
2 0.26 0.6534375 0.013750000000000002 0.01
2 0.23875000000000002 0.70375 0.008749999999999999 0.013750000000000002
2 0.231875 0.66875 0.0075 0.0125
2 0.1584375 0.7590625 0.013750000000000002 0.008749999999999999
2 0.17124999999999999 0.7537499999999999 0.01125 0.0075
2 0.1825 0.74125 0.008749999999999999 0.013750000000000002
2 0.688125 0.9959374999999999 0.0075 0.0075
2 0.7209375 0.990625 0.0075 0.0125
2 0.7006249999999999 0.99375 0.0075 0.0125
2 0.788125 0.969375 0.0075 0.013750000000000002
2 0.73875 0.9834375 0.008749999999999999 0.013750000000000002
2 0.7837500000000001 0.9428124999999999 0.01125 0.0075
2 0.771875 0.9481249999999999 0.0125 0.008749999999999999
2 0.734375 0.9571875000000001 0.0125 0.01125
2 0.67875 0.9721875000000001 0.013750000000000002 0.01
2 0.6596875 0.9775 0.01625 0.01125
2 0.5809375 0.9546875 0.015 0.00625
2 0.621875 0.9178124999999999 0.0125 0.0075
2 0.6381249999999999 0.913125 0.013750000000000002 0.0075
2 0.6056250000000001 0.9225 0.01125 0.0075
2 0.1896875 0.7390625 0.0075 0.0125
2 0.21781250000000002 0.781875 0.0075 0.013750000000000002
2 0.31062500000000004 0.756875 0.008749999999999999 0.013750000000000002
2 0.3225 0.719375 0.013750000000000002 0.0075
2 0.290625 0.7262500000000001 0.0125 0.008749999999999999
2 0.27875 0.7268749999999999 0.013750000000000002 0.01
2 0.238125 0.67875 0.0075 0.013750000000000002
2 0.18875 0.7896875 0.008749999999999999 0.013750000000000002
2 0.195 0.7865624999999999 0.008749999999999999 0.013750000000000002
2 0.2028125 0.78625 0.008749999999999999 0.01625
2 0.21156250000000001 0.7834375 0.0075 0.013750000000000002
2 0.2240625 0.778125 0.0075 0.0125
2 0.3253125 0.7534375 0.01 0.01625
2 0.2325 0.78 0.008749999999999999 0.01625
2 0.23875000000000002 0.7787499999999999 0.008749999999999999 0.013750000000000002
2 0.24656250000000002 0.7771874999999999 0.008749999999999999 0.013750000000000002
2 0.2521875 0.7581249999999999 0.013750000000000002 0.01
2 0.23937499999999998 0.72875 0.01 0.013750000000000002
2 0.22312500000000002 0.7334375 0.008749999999999999 0.013750000000000002
2 0.21593749999999998 0.735625 0.01 0.015
2 0.2028125 0.735 0.008749999999999999 0.013750000000000002
2 0.1965625 0.735625 0.008749999999999999 0.015
2 0.3178125 0.754375 0.0075 0.015
2 0.33187500000000003 0.7528125 0.0075 0.015
2 0.590625 0.9256249999999999 0.0125 0.0075
2 0.29125 0.5862499999999999 0.013750000000000002 0.01
2 0.575 0.929375 0.0125 0.008749999999999999
2 0.5575 0.9324999999999999 0.015 0.008749999999999999
2 0.44281249999999994 0.9581250000000001 0.013750000000000002 0.01
2 0.4296875 0.960625 0.0125 0.008749999999999999
2 0.41312499999999996 0.9637499999999999 0.013750000000000002 0.008749999999999999
2 0.38375 0.9724999999999999 0.01125 0.0075
2 0.276875 0.58875 0.01625 0.008749999999999999
2 0.35375 0.7278125 0.013750000000000002 0.008749999999999999
2 0.33468749999999997 0.676875 0.01 0.01625
2 0.34500000000000003 0.6793750000000001 0.008749999999999999 0.015
2 0.350625 0.6900000000000001 0.0075 0.01125
2 0.390625 0.740625 0.00625 0.0125
2 0.3834375 0.7371875 0.0075 0.015
2 0.375625 0.7371875 0.0075 0.015
2 0.36843750000000003 0.7365625 0.008749999999999999 0.013750000000000002
2 0.3975 0.719375 0.013750000000000002 0.0075
2 0.3725 0.7068749999999999 0.013750000000000002 0.0075
2 0.9678125 0.46687500000000004 0.0075 0.015
2 0.82875 0.3434375 0.013750000000000002 0.008749999999999999
2 0.8474999999999999 0.33968750000000003 0.013750000000000002 0.0075
2 0.860625 0.323125 0.008749999999999999 0.015
2 0.8559374999999999 0.31 0.008749999999999999 0.013750000000000002
2 0.8759375 0.3328125 0.01125 0.00625
2 0.9084375 0.31124999999999997 0.0075 0.01625
2 0.898125 0.24125000000000002 0.008749999999999999 0.013750000000000002
2 0.9875 0.28125 0.0125 0.00625
2 0.9484375 0.296875 0.0125 0.00625
2 0.9740624999999999 0.344375 0.013750000000000002 0.0075
2 0.9740624999999999 0.465625 0.0075 0.0125
2 0.6696875 0.6409374999999999 0.017499999999999998 0.01
2 0.6740625 0.658125 0.013750000000000002 0.01
2 0.578125 0.7834375 0.0125 0.0075
2 0.6021875 0.7209375 0.013750000000000002 0.0075
2 0.6171875 0.7778125 0.0125 0.008749999999999999
2 0.58125 0.8021874999999999 0.0125 0.0075
2 0.676875 0.673125 0.01 0.015
2 0.6703125 0.675 0.00625 0.0125
2 0.685625 0.673125 0.008749999999999999 0.015
2 0.7106250000000001 0.6678124999999999 0.008749999999999999 0.013750000000000002
2 0.719375 0.666875 0.0075 0.015
2 0.6900000000000001 0.6228125 0.01125 0.017499999999999998
2 0.651875 0.626875 0.01 0.01625
2 0.7609375 0.6325000000000001 0.00625 0.015
2 0.7521875 0.634375 0.0075 0.0125
2 0.76875 0.6303124999999999 0.00625 0.013750000000000002
2 0.75125 0.26 0.008749999999999999 0.013750000000000002
2 0.55125 0.2940625 0.008749999999999999 0.01625
