2 0.4765625 0.10375000000000001 0.0125 0.013750000000000002
2 0.615 0.12281249999999999 0.01125 0.01125
2 0.603125 0.113125 0.0125 0.013750000000000002
2 0.5900000000000001 0.146875 0.01125 0.0125
2 0.56875 0.1459375 0.0125 0.013750000000000002
2 0.5525 0.175625 0.01125 0.013750000000000002
2 0.546875 0.171875 0.0125 0.0125
2 0.5415625000000001 0.1640625 0.01125 0.0125
2 0.584375 0.096875 0.0125 0.0125
2 0.575 0.0875 0.0125 0.0125
2 0.569375 0.08499999999999999 0.013750000000000002 0.013750000000000002
2 0.50875 0.068125 0.01125 0.01125
2 0.480625 0.11000000000000001 0.01125 0.013750000000000002
2 0.624375 0.1140625 0.01125 0.0125
2 0.4875 0.11156250000000001 0.0125 0.013750000000000002
2 0.4921875 0.12 0.0125 0.015
2 0.5587500000000001 0.0725 0.01125 0.013750000000000002
2 0.590625 0.081875 0.0125 0.013750000000000002
2 0.5962500000000001 0.090625 0.01125 0.0125
2 0.6025 0.091875 0.01125 0.015
2 0.60625 0.096875 0.0125 0.0125
2 0.6125 0.10375000000000001 0.0125 0.013750000000000002
2 0.6171875 0.1078125 0.0125 0.0125
2 0.5125 0.14156249999999998 0.01875 0.017499999999999998
2 0.645625 0.0878125 0.01625 0.01625
2 0.6196875000000001 0.1303125 0.01125 0.013750000000000002
2 0.6596875 0.084375 0.01 0.0125
2 0.8006249999999999 0.0515625 0.0075 0.01875
2 0.5984375 0.028749999999999998 0.00625 0.013750000000000002
2 0.49437499999999995 0.033437499999999995 0.0075 0.013750000000000002
2 0.5015625 0.031875 0.00625 0.013750000000000002
2 0.509375 0.031875 0.00625 0.013750000000000002
2 0.5603125 0.021875 0.005 0.0125
2 0.56875 0.021875 0.00625 0.0125
2 0.5609375 0.0375 0.00625 0.0125
2 0.5678124999999999 0.0359375 0.0075 0.0125
2 0.575 0.034375 0.00625 0.0125
2 0.5921875 0.0265625 0.00625 0.0125
2 0.5900000000000001 0.040625 0.005 0.0125
2 0.6046875 0.041249999999999995 0.00625 0.013750000000000002
2 0.6068749999999999 0.026250000000000002 0.0075 0.015
2 0.7259375 0.0421875 0.005 0.0125
2 0.6290625000000001 0.028749999999999998 0.005 0.013750000000000002
2 0.61875 0.042812499999999996 0.00625 0.013750000000000002
2 0.6265625 0.044375 0.00625 0.013750000000000002
2 0.6334375 0.045 0.0075 0.015
2 0.641875 0.0459375 0.008749999999999999 0.013750000000000002
2 0.678125 0.053125 0.00625 0.0125
2 0.6875 0.053125 0.00625 0.0125
2 0.6946875 0.053125 0.005 0.0125
2 0.7015625 0.05625 0.00625 0.0125
2 0.7046875 0.040625 0.00625 0.0125
2 0.7203125 0.041249999999999995 0.00625 0.013750000000000002
2 0.6509375000000001 0.12156249999999999 0.02375 0.021249999999999998
2 0.809375 0.030625000000000003 0.0125 0.005
2 0.8275 0.05625 0.005 0.0125
2 0.843125 0.056874999999999995 0.005 0.013750000000000002
2 0.8390625 0.025 0.0125 0.00625
2 0.3959375 0.0609375 0.03875 0.0375
2 0.35375 0.7396874999999999 0.013750000000000002 0.013750000000000002
2 0.409375 0.859375 0.00625 0.0125
2 0.4875 0.028749999999999998 0.00625 0.013750000000000002
