2 0.48250000000000004 0.9803124999999999 0.008749999999999999 0.013750000000000002
2 0.47750000000000004 0.9956250000000001 0.01125 0.01
2 0.4125 0.1046875 0.00625 0.0125
2 0.40750000000000003 0.1078125 0.008749999999999999 0.0125
2 0.09875 0.1546875 0.01625 0.0125
2 0.340625 0.2728125 0.00625 0.01125
2 0.346875 0.2890625 0.00625 0.0125
2 0.23093750000000002 0.42000000000000004 0.015 0.008749999999999999
2 0.3803125 0.5078125 0.0075 0.0125
2 0.350625 0.534375 0.0075 0.0125
2 0.495625 0.5599999999999999 0.01 0.013750000000000002
2 0.5025000000000001 0.563125 0.01125 0.013750000000000002
2 0.49625 0.5915625 0.017499999999999998 0.01125
2 0.1775 0.615625 0.017499999999999998 0.00625
2 0.12 0.7646875 0.008749999999999999 0.013750000000000002
2 0.019375 0.7328125 0.013750000000000002 0.0125
2 0.0296875 0.7353125 0.0125 0.01125
2 0.041875 0.74 0.015 0.01125
2 0.034999999999999996 0.750625 0.013750000000000002 0.013750000000000002
2 0.0246875 0.7490625 0.015 0.013750000000000002
2 0.014687500000000001 0.746875 0.013750000000000002 0.0125
2 0.06281250000000001 0.8878125000000001 0.01625 0.01
2 0.1325 0.9115624999999999 0.008749999999999999 0.013750000000000002
2 0.6799999999999999 0.11687499999999999 0.01 0.015
2 0.6678124999999999 0.113125 0.0075 0.013750000000000002
2 0.654375 0.11000000000000001 0.008749999999999999 0.013750000000000002
2 0.6756249999999999 0.0859375 0.0075 0.0125
2 0.6809375 0.06625 0.008749999999999999 0.013750000000000002
2 0.72875 0.7265625 0.013750000000000002 0.00625
2 0.735625 0.7165625 0.015 0.01125
2 0.7403125 0.71 0.015 0.013750000000000002
2 0.745625 0.70375 0.01 0.013750000000000002
2 0.751875 0.7015625 0.01 0.0125
2 0.7621875 0.7015625 0.008749999999999999 0.0125
2 0.7693749999999999 0.7 0.0075 0.0125
2 0.7765625 0.7 0.00625 0.0125
2 0.7849999999999999 0.7009375 0.0075 0.01125
2 0.7940625 0.70125 0.01 0.015
2 0.7993750000000001 0.7053125 0.01125 0.013750000000000002
2 0.8071875000000001 0.7065625 0.01125 0.01625
2 0.8134375 0.709375 0.01125 0.0125
2 0.7853125000000001 0.7318749999999999 0.01125 0.013750000000000002
2 0.7928124999999999 0.73625 0.013750000000000002 0.01625
2 0.8234375 0.7725 0.0125 0.013750000000000002
2 0.7474999999999999 0.7590625 0.013750000000000002 0.015
2 0.753125 0.7646875 0.0125 0.013750000000000002
2 0.7581249999999999 0.7681250000000001 0.01 0.01125
2 0.7659374999999999 0.771875 0.01 0.0125
2 0.7721875 0.7740625 0.01 0.013750000000000002
2 0.776875 0.778125 0.01 0.0125
2 0.8190625 0.7115625 0.01 0.013750000000000002
2 0.8243750000000001 0.715625 0.01125 0.0125
2 0.8359375 0.7224999999999999 0.0125 0.013750000000000002
2 0.8640625 0.745 0.0125 0.015
2 0.8790625000000001 0.756875 0.01125 0.013750000000000002
2 0.8859375 0.760625 0.0125 0.015
2 0.8915625 0.7640625 0.01125 0.0125
2 0.8559374999999999 0.7418750000000001 0.015 0.015
2 0.8425 0.8640625 0.01625 0.0125
2 0.8612500000000001 0.8771875 0.01625 0.013750000000000002
2 0.8784375000000001 0.8875 0.01625 0.0125
2 0.8943749999999999 0.8956250000000001 0.013750000000000002 0.01
2 0.906875 0.9040625 0.013750000000000002 0.01125
2 0.931875 0.915625 0.013750000000000002 0.0125
2 0.954375 0.9259375000000001 0.015 0.01125
2 0.9915625 0.9396875 0.01125 0.0075
2 0.6584375 0.765 0.013750000000000002 0.01125
2 0.74125 0.754375 0.013750000000000002 0.015
2 0.7359375 0.7490625 0.0125 0.013750000000000002
2 0.7309375 0.7418750000000001 0.015 0.008749999999999999
2 0.8196875 0.804375 0.01125 0.015
2 0.8474999999999999 0.7887500000000001 0.013750000000000002 0.015
2 0.8609375 0.778125 0.0125 0.0125
2 0.834375 0.781875 0.0125 0.013750000000000002
2 0.86875 0.8021874999999999 0.0125 0.013750000000000002
2 0.8793749999999999 0.8396874999999999 0.008749999999999999 0.013750000000000002
2 0.871875 0.8384375000000001 0.00625 0.01125
2 0.85125 0.8262499999999999 0.008749999999999999 0.015
2 0.8412499999999999 0.82 0.0075 0.015
2 0.8640625 0.834375 0.00625 0.0125
2 0.8234375 0.8074999999999999 0.0125 0.015
2 0.8125 0.8003125000000001 0.0125 0.01625
2 0.76 0.7340625000000001 0.013750000000000002 0.015
2 0.80625 0.798125 0.0125 0.015
2 0.8025 0.7925 0.01125 0.01625
2 0.8087500000000001 0.746875 0.01125 0.0125
2 0.803125 0.7418750000000001 0.0125 0.015
2 0.820625 0.753125 0.01 0.0125
2 0.83125 0.76 0.0125 0.013750000000000002
2 0.7887500000000001 0.7515625 0.008749999999999999 0.0125
2 0.7837500000000001 0.7474999999999999 0.01125 0.013750000000000002
2 0.7775000000000001 0.744375 0.01125 0.013750000000000002
2 0.76875 0.7371875 0.0125 0.015
2 0.42718749999999994 0.090625 0.0075 0.0125
2 0.2028125 0.3990625 0.008749999999999999 0.013750000000000002
2 0.3884375 0.44625000000000004 0.01125 0.01125
2 0.388125 0.3515625 0.0075 0.0125
2 0.48250000000000004 0.9803124999999999 0.008749999999999999 0.013750000000000002
2 0.47750000000000004 0.9956250000000001 0.01125 0.01
2 0.4125 0.1046875 0.00625 0.0125
2 0.40750000000000003 0.1078125 0.008749999999999999 0.0125
2 0.09875 0.1546875 0.01625 0.0125
2 0.340625 0.2728125 0.00625 0.01125
2 0.346875 0.2890625 0.00625 0.0125
2 0.23093750000000002 0.42000000000000004 0.015 0.008749999999999999
2 0.3803125 0.5078125 0.0075 0.0125
2 0.350625 0.534375 0.0075 0.0125
2 0.495625 0.5599999999999999 0.01 0.013750000000000002
2 0.5025000000000001 0.563125 0.01125 0.013750000000000002
2 0.49625 0.5915625 0.017499999999999998 0.01125
2 0.1775 0.615625 0.017499999999999998 0.00625
2 0.12 0.7646875 0.008749999999999999 0.013750000000000002
2 0.019375 0.7328125 0.013750000000000002 0.0125
2 0.0296875 0.7353125 0.0125 0.01125
2 0.041875 0.74 0.015 0.01125
2 0.034999999999999996 0.750625 0.013750000000000002 0.013750000000000002
2 0.0246875 0.7490625 0.015 0.013750000000000002
2 0.014687500000000001 0.746875 0.013750000000000002 0.0125
2 0.06281250000000001 0.8878125000000001 0.01625 0.01
2 0.1325 0.9115624999999999 0.008749999999999999 0.013750000000000002
2 0.6799999999999999 0.11687499999999999 0.01 0.015
2 0.6678124999999999 0.113125 0.0075 0.013750000000000002
2 0.654375 0.11000000000000001 0.008749999999999999 0.013750000000000002
2 0.6756249999999999 0.0859375 0.0075 0.0125
2 0.6809375 0.06625 0.008749999999999999 0.013750000000000002
2 0.72875 0.7265625 0.013750000000000002 0.00625
2 0.735625 0.7165625 0.015 0.01125
2 0.7403125 0.71 0.015 0.013750000000000002
2 0.745625 0.70375 0.01 0.013750000000000002
2 0.751875 0.7015625 0.01 0.0125
2 0.7621875 0.7015625 0.008749999999999999 0.0125
2 0.7693749999999999 0.7 0.0075 0.0125
2 0.7765625 0.7 0.00625 0.0125
2 0.7849999999999999 0.7009375 0.0075 0.01125
2 0.7940625 0.70125 0.01 0.015
2 0.7993750000000001 0.7053125 0.01125 0.013750000000000002
2 0.8071875000000001 0.7065625 0.01125 0.01625
2 0.8134375 0.709375 0.01125 0.0125
2 0.7853125000000001 0.7318749999999999 0.01125 0.013750000000000002
2 0.7928124999999999 0.73625 0.013750000000000002 0.01625
2 0.8234375 0.7725 0.0125 0.013750000000000002
2 0.7474999999999999 0.7590625 0.013750000000000002 0.015
2 0.753125 0.7646875 0.0125 0.013750000000000002
2 0.7581249999999999 0.7681250000000001 0.01 0.01125
2 0.7659374999999999 0.771875 0.01 0.0125
2 0.7721875 0.7740625 0.01 0.013750000000000002
2 0.776875 0.778125 0.01 0.0125
2 0.8190625 0.7115625 0.01 0.013750000000000002
2 0.8243750000000001 0.715625 0.01125 0.0125
2 0.8359375 0.7224999999999999 0.0125 0.013750000000000002
2 0.8640625 0.745 0.0125 0.015
2 0.8790625000000001 0.756875 0.01125 0.013750000000000002
2 0.8859375 0.760625 0.0125 0.015
2 0.8915625 0.7640625 0.01125 0.0125
2 0.8559374999999999 0.7418750000000001 0.015 0.015
2 0.8425 0.8640625 0.01625 0.0125
2 0.8612500000000001 0.8771875 0.01625 0.013750000000000002
2 0.8784375000000001 0.8875 0.01625 0.0125
2 0.8943749999999999 0.8956250000000001 0.013750000000000002 0.01
2 0.906875 0.9040625 0.013750000000000002 0.01125
2 0.931875 0.915625 0.013750000000000002 0.0125
2 0.954375 0.9259375000000001 0.015 0.01125
2 0.9915625 0.9396875 0.01125 0.0075
2 0.6584375 0.765 0.013750000000000002 0.01125
2 0.74125 0.754375 0.013750000000000002 0.015
2 0.7359375 0.7490625 0.0125 0.013750000000000002
2 0.7309375 0.7418750000000001 0.015 0.008749999999999999
2 0.8196875 0.804375 0.01125 0.015
2 0.8474999999999999 0.7887500000000001 0.013750000000000002 0.015
2 0.8609375 0.778125 0.0125 0.0125
2 0.834375 0.781875 0.0125 0.013750000000000002
2 0.86875 0.8021874999999999 0.0125 0.013750000000000002
2 0.8793749999999999 0.8396874999999999 0.008749999999999999 0.013750000000000002
2 0.871875 0.8384375000000001 0.00625 0.01125
2 0.85125 0.8262499999999999 0.008749999999999999 0.015
2 0.8412499999999999 0.82 0.0075 0.015
2 0.8640625 0.834375 0.00625 0.0125
2 0.8234375 0.8074999999999999 0.0125 0.015
2 0.8125 0.8003125000000001 0.0125 0.01625
2 0.76 0.7340625000000001 0.013750000000000002 0.015
2 0.80625 0.798125 0.0125 0.015
2 0.8025 0.7925 0.01125 0.01625
2 0.8087500000000001 0.746875 0.01125 0.0125
2 0.803125 0.7418750000000001 0.0125 0.015
2 0.820625 0.753125 0.01 0.0125
2 0.83125 0.76 0.0125 0.013750000000000002
2 0.7887500000000001 0.7515625 0.008749999999999999 0.0125
2 0.7837500000000001 0.7474999999999999 0.01125 0.013750000000000002
2 0.7775000000000001 0.744375 0.01125 0.013750000000000002
2 0.76875 0.7371875 0.0125 0.015
2 0.42718749999999994 0.090625 0.0075 0.0125
2 0.2028125 0.3990625 0.008749999999999999 0.013750000000000002
2 0.3884375 0.44625000000000004 0.01125 0.01125
2 0.388125 0.3515625 0.0075 0.0125
