2 0.3428125 0.1275 0.013750000000000002 0.01125
2 0.5509375000000001 0.11374999999999999 0.017499999999999998 0.008749999999999999
2 0.47125000000000006 0.3003125 0.017499999999999998 0.01
2 0.635 0.325 0.013750000000000002 0.00625
2 0.8090624999999999 0.153125 0.008749999999999999 0.0125
2 0.5084375 0.32 0.02 0.008749999999999999
2 0.5409375 0.3115625 0.0225 0.0075
2 0.6803125 0.69375 0.0075 0.0125
2 0.9309375 0.626875 0.015 0.01
2 0.62375 0.0990625 0.01625 0.0075
2 0.89625 0.8321875000000001 0.01125 0.01125
2 0.8784375000000001 0.8456250000000001 0.01 0.01
2 0.858125 0.8671875 0.01 0.0125
2 0.8393750000000001 0.900625 0.01 0.013750000000000002
2 0.83375 0.9140625 0.01125 0.0125
2 0.3428125 0.1275 0.013750000000000002 0.01125
2 0.5509375000000001 0.11374999999999999 0.017499999999999998 0.008749999999999999
2 0.47125000000000006 0.3003125 0.017499999999999998 0.01
2 0.635 0.325 0.013750000000000002 0.00625
2 0.8090624999999999 0.153125 0.008749999999999999 0.0125
2 0.5084375 0.32 0.02 0.008749999999999999
2 0.5409375 0.3115625 0.0225 0.0075
2 0.6803125 0.69375 0.0075 0.0125
2 0.9309375 0.626875 0.015 0.01
2 0.62375 0.0990625 0.01625 0.0075
2 0.89625 0.8321875000000001 0.01125 0.01125
2 0.8784375000000001 0.8456250000000001 0.01 0.01
2 0.858125 0.8671875 0.01 0.0125
2 0.8393750000000001 0.900625 0.01 0.013750000000000002
2 0.83375 0.9140625 0.01125 0.0125
