2 0.26749999999999996 0.6378125 0.01625 0.01625
2 0.2925 0.6646875 0.01625 0.013750000000000002
2 0.3571875 0.5900000000000001 0.017499999999999998 0.01125
2 0.3715625 0.594375 0.015 0.0075
2 0.39375 0.59875 0.01875 0.01
2 0.42437500000000006 0.604375 0.017499999999999998 0.008749999999999999
2 0.44656250000000003 0.61 0.015 0.0075
2 0.469375 0.614375 0.02 0.01
2 0.4971875 0.619375 0.01625 0.0075
2 0.4459375 0.6396875 0.0075 0.013750000000000002
2 0.42062499999999997 0.6325000000000001 0.01 0.015
2 0.3428125 0.8353125 0.013750000000000002 0.01125
2 0.5509375000000001 0.8231249999999999 0.017499999999999998 0.008749999999999999
2 0.8090624999999999 0.8625 0.008749999999999999 0.0125
2 0.641875 0.6490625 0.015 0.0075
2 0.6678124999999999 0.656875 0.013750000000000002 0.0075
2 0.658125 0.6287499999999999 0.01 0.013750000000000002
2 0.6637500000000001 0.6287499999999999 0.008749999999999999 0.013750000000000002
2 0.67 0.6303124999999999 0.008749999999999999 0.013750000000000002
2 0.6784375 0.631875 0.01 0.013750000000000002
2 0.7196875 0.6378125 0.017499999999999998 0.01
2 0.4928125 0.469375 0.013750000000000002 0.0075
2 0.49437499999999995 0.45531249999999995 0.013750000000000002 0.0075
2 0.4996875 0.43562500000000004 0.015 0.008749999999999999
2 0.50125 0.42781250000000004 0.015 0.008749999999999999
2 0.0734375 0.0225 0.0125 0.013750000000000002
2 0.0059375 0.0134375 0.008749999999999999 0.01125
2 0.008125 0.018125 0.01 0.01125
2 0.0159375 0.021875 0.01 0.0125
2 0.0221875 0.0240625 0.01 0.013750000000000002
2 0.026875 0.028125 0.01 0.0125
2 0.1290625 0.0078125 0.01125 0.0125
2 0.1359375 0.010624999999999999 0.0125 0.015
2 0.14156249999999998 0.0140625 0.01125 0.0125
2 0.0925 0.1140625 0.01625 0.0125
2 0.11125 0.1271875 0.01625 0.013750000000000002
2 0.1284375 0.1375 0.01625 0.0125
2 0.144375 0.145625 0.013750000000000002 0.01
2 0.15687500000000001 0.1540625 0.013750000000000002 0.01125
2 0.181875 0.165625 0.013750000000000002 0.0125
2 0.20437500000000003 0.1759375 0.015 0.01125
2 0.24156249999999999 0.1896875 0.01125 0.0075
2 0.0696875 0.05437499999999999 0.01125 0.015
2 0.0975 0.03875 0.013750000000000002 0.015
2 0.1109375 0.028125 0.0125 0.0125
2 0.084375 0.031875 0.0125 0.013750000000000002
2 0.11875 0.0521875 0.0125 0.013750000000000002
2 0.129375 0.0896875 0.008749999999999999 0.013750000000000002
2 0.121875 0.0884375 0.00625 0.01125
2 0.10124999999999999 0.07625 0.008749999999999999 0.015
2 0.09125 0.06999999999999999 0.0075 0.015
2 0.1140625 0.084375 0.00625 0.0125
2 0.0734375 0.057499999999999996 0.0125 0.015
2 0.0625 0.0503125 0.0125 0.01625
2 0.05625 0.048125 0.0125 0.015
2 0.052500000000000005 0.042499999999999996 0.01125 0.01625
2 0.06999999999999999 0.0059375 0.008749999999999999 0.008749999999999999
2 0.08249999999999999 0.01 0.015 0.013750000000000002
2 0.038125 0.0046875 0.0075 0.00625
2 0.031875 0.0034375000000000005 0.0075 0.00375
2 0.835 0.0021874999999999998 0.0075 0.00125
2 0.8421875 0.0021874999999999998 0.00625 0.00125
2 0.85 0.0028125 0.00625 0.0025
2 0.8568749999999999 0.0021874999999999998 0.0075 0.00125
2 0.8637499999999999 0.0028125 0.008749999999999999 0.0025
2 0.8724999999999999 0.0028125 0.0075 0.0025
2 0.8796875 0.0028125 0.00625 0.0025
2 0.89125 0.0034375000000000005 0.0075 0.00375
2 0.9 0.0034375000000000005 0.00625 0.00375
2 0.90625 0.0040625 0.00625 0.005
2 0.9140625 0.0040625 0.00625 0.005
2 0.9209375 0.0040625 0.0075 0.005
2 0.9340624999999999 0.0053124999999999995 0.008749999999999999 0.0075
2 0.9428124999999999 0.0053124999999999995 0.0075 0.0075
2 0.9490624999999999 0.006562500000000001 0.0075 0.01
2 0.95625 0.0059375 0.00625 0.008749999999999999
2 0.9765625 0.0078125 0.00625 0.0125
2 0.9653124999999999 0.288125 0.008749999999999999 0.013750000000000002
2 0.9184374999999999 0.259375 0.015 0.00625
2 0.62375 0.8074999999999999 0.01625 0.008749999999999999
