2 0.9256249999999999 0.8078125 0.0075 0.01875
2 0.8956250000000001 0.7618750000000001 0.00375 0.005
2 0.8909375 0.5265625 0.00375 0.00625
2 0.8415625 0.515625 0.005 0.00625
2 0.725 0.71875 0.00625 0.00625
2 0.84375 0.665 0.00625 0.005
2 0.8234375 0.655 0.00625 0.00375
2 0.9199999999999999 0.0959375 0.008749999999999999 0.02
2 0.9106249999999999 0.8771875 0.008749999999999999 0.02
2 0.151875 0.40843749999999995 0.0225 0.02
2 0.18375 0.4296875 0.02375 0.01875
2 0.6575 0.7675 0.021249999999999998 0.01625
2 0.744375 0.6925 0.013750000000000002 0.01625
2 0.8618750000000001 0.44875 0.005 0.01625
2 0.8978125 0.3078125 0.005 0.01875
2 0.9765625 0.843125 0.01875 0.02375
2 0.869375 0.6212500000000001 0.0075 0.02375
2 0.89 0.355 0.005 0.01625
