2 0.681875 0.6496875 0.0075 0.015
2 0.6740625 0.8734375 0.0075 0.0125
2 0.8087500000000001 0.996875 0.005 0.00625
2 0.7115625 0.17875000000000002 0.0325 0.0075
2 0.9875 0.19375 0.0125 0.00625
2 0.86 0.784375 0.0075 0.0125
2 0.859375 0.75875 0.00625 0.01125
2 0.7671875 0.630625 0.0125 0.01125
2 0.74875 0.0121875 0.01625 0.021249999999999998
2 0.4140625 0.28500000000000003 0.01875 0.013750000000000002
2 0.35031249999999997 0.2625 0.01625 0.0125
2 0.11625 0.56375 0.013750000000000002 0.008749999999999999
2 0.104375 0.91625 0.008749999999999999 0.013750000000000002
2 0.1078125 0.871875 0.00625 0.0125
2 0.135625 0.7671875 0.008749999999999999 0.0125
2 0.13874999999999998 0.7537499999999999 0.008749999999999999 0.013750000000000002
2 0.13874999999999998 0.7371875 0.008749999999999999 0.015
2 0.1575 0.610625 0.008749999999999999 0.015
2 0.10625 0.883125 0.00625 0.01
2 0.103125 0.9365625 0.00625 0.013750000000000002
2 0.54125 0.1690625 0.0325 0.01
2 0.8568749999999999 0.7440625 0.0075 0.01
2 0.4334375 0.7209375 0.013750000000000002 0.0075
2 0.37124999999999997 0.7109375 0.01125 0.00625
2 0.6734375 0.7275 0.00625 0.01125
2 0.27749999999999997 0.8528125 0.01125 0.015
2 0.1015625 0.9728125000000001 0.00625 0.017499999999999998
2 0.284375 0.16375 0.0125 0.008749999999999999
2 0.76125 0.0840625 0.01 0.008749999999999999
2 0.74375 0.123125 0.0125 0.008749999999999999
2 0.95375 0.9309375 0.0075 0.015
2 0.6859375 0.97875 0.00625 0.013750000000000002
2 0.4109375 0.9275 0.0125 0.01125
2 0.140625 0.796875 0.00625 0.0125
2 0.008749999999999999 0.5825 0.005 0.015
2 0.11875 0.5037499999999999 0.00625 0.013750000000000002
2 0.21937500000000001 0.48312499999999997 0.02 0.01
2 0.1528125 0.32218749999999996 0.015 0.01
2 0.1796875 0.33187500000000003 0.0125 0.0075
2 0.21625 0.3225 0.013750000000000002 0.0075
