2 0.7053125 0.6496875 0.0075 0.015
2 0.6975 0.8734375 0.0075 0.0125
2 0.8321875000000001 0.996875 0.005 0.00625
2 0.735 0.17875000000000002 0.0325 0.0075
2 0.8834375 0.784375 0.0075 0.0125
2 0.8828125 0.75875 0.00625 0.01125
2 0.790625 0.630625 0.0125 0.01125
2 0.7737499999999999 0.0121875 0.01625 0.021249999999999998
2 0.4375 0.28500000000000003 0.01875 0.013750000000000002
2 0.37374999999999997 0.2625 0.01625 0.0125
2 0.141875 0.5650000000000001 0.015 0.01125
2 0.1278125 0.91625 0.008749999999999999 0.013750000000000002
2 0.13125 0.871875 0.00625 0.0125
2 0.1590625 0.7671875 0.008749999999999999 0.0125
2 0.16218749999999998 0.7537499999999999 0.008749999999999999 0.013750000000000002
2 0.16375 0.7371875 0.008749999999999999 0.015
2 0.1825 0.610625 0.008749999999999999 0.015
2 0.13125 0.883125 0.00625 0.01
2 0.1265625 0.9365625 0.00625 0.013750000000000002
2 0.5646875 0.1690625 0.0325 0.01
2 0.881875 0.7440625 0.0075 0.01
2 0.456875 0.7209375 0.013750000000000002 0.0075
2 0.39625 0.7109375 0.01125 0.00625
2 0.6984375 0.7275 0.00625 0.01125
2 0.30093749999999997 0.8528125 0.01125 0.015
2 0.125 0.9728125000000001 0.00625 0.017499999999999998
2 0.30843750000000003 0.16375 0.013750000000000002 0.008749999999999999
2 0.7846875 0.08562499999999999 0.01 0.008749999999999999
2 0.7825 0.08875 0.008749999999999999 0.008749999999999999
2 0.7671875 0.1240625 0.0125 0.0075
2 0.1440625 0.5053124999999999 0.01 0.013750000000000002
2 0.24375 0.4840625 0.01875 0.008749999999999999
2 0.20375000000000001 0.3309375 0.013750000000000002 0.008749999999999999
2 0.175625 0.32218749999999996 0.013750000000000002 0.01
2 0.23875000000000002 0.3225 0.015 0.0075
2 0.16375 0.7984375 0.008749999999999999 0.0125
2 0.0034375000000000005 0.755 0.00375 0.01625
2 0.43499999999999994 0.9262499999999999 0.013750000000000002 0.008749999999999999
2 0.375625 0.708125 0.013750000000000002 0.01
2 0.9765625 0.9321875000000001 0.00625 0.01125
