2 0.0740625 0.0765625 0.013750000000000002 0.00625
2 0.1609375 0.0646875 0.0125 0.0075
2 0.1890625 0.22000000000000003 0.0125 0.008749999999999999
2 0.678125 0.2890625 0.0125 0.00625
2 0.69625 0.2890625 0.01125 0.00625
2 0.7109375 0.2884375 0.0125 0.005
2 0.8340624999999999 0.321875 0.008749999999999999 0.0125
2 0.5065625 0.46624999999999994 0.00375 0.013750000000000002
2 0.735 0.5796875 0.013750000000000002 0.00625
2 0.9181250000000001 0.35875 0.01125 0.01125
2 0.9609375 0.41125 0.0125 0.01
2 0.9696875 0.4221875 0.01125 0.01
2 0.42437500000000006 0.76375 0.01125 0.015
2 0.7525000000000001 0.2875 0.01125 0.00625
2 0.5065625 0.448125 0.00375 0.021249999999999998
2 0.06218749999999999 0.08937500000000001 0.015 0.01
2 0.253125 0.289375 0.0125 0.01
2 0.4346875 0.7615624999999999 0.01 0.013750000000000002
