2 0.4409375 0.1315625 0.01 0.00375
2 0.23781249999999998 0.11499999999999999 0.01 0.005
2 0.928125 0.015625 0.0125 0.00625
2 0.5231250000000001 0.07062500000000001 0.015 0.00375
2 0.5393749999999999 0.0828125 0.01625 0.00625
2 0.538125 0.078125 0.013750000000000002 0.00625
2 0.540625 0.071875 0.01875 0.00625
2 0.55625 0.075625 0.01875 0.0075
2 0.5553125 0.073125 0.02 0.008749999999999999
2 0.5443749999999999 0.06625 0.02 0.0075
2 0.5990624999999999 0.1078125 0.0075 0.0125
2 0.42625 0.3565625 0.008749999999999999 0.00375
2 0.58875 0.38625 0.015 0.01
2 0.5225 0.074375 0.013750000000000002 0.005
2 0.5225 0.0809375 0.013750000000000002 0.008749999999999999
2 0.4459375 0.12 0.026250000000000002 0.008749999999999999
2 0.2125 0.11781250000000001 0.0125 0.0075
2 0.40875000000000006 0.09343749999999999 0.01125 0.008749999999999999
2 0.1690625 0.1203125 0.0225 0.00625
