2 0.9168749999999999 0.865625 0.015 0.00625
2 0.0296875 0.624375 0.00625 0.02375
2 0.41531250000000003 0.47062499999999996 0.008749999999999999 0.00375
2 0.1975 0.8496874999999999 0.0075 0.0025
2 0.344375 0.8571875 0.0075 0.005
2 0.18125 0.8503125 0.00625 0.00375
2 0.9168749999999999 0.865625 0.015 0.00625
2 0.0296875 0.624375 0.00625 0.02375
2 0.41531250000000003 0.47062499999999996 0.008749999999999999 0.00375
2 0.1975 0.8496874999999999 0.0075 0.0025
2 0.344375 0.8571875 0.0075 0.005
2 0.18125 0.8503125 0.00625 0.00375
