2 0.5203125 0.1209375 0.0125 0.0075
2 0.5015625 0.12687500000000002 0.0125 0.01
2 0.4578125 0.1325 0.0125 0.008749999999999999
2 0.6865625 0.2046875 0.0075 0.0125
2 0.6796875 0.2609375 0.00625 0.0125
2 0.536875 0.47062499999999996 0.01125 0.01
2 0.5228125 0.47750000000000004 0.01125 0.01125
2 0.5037499999999999 0.7068749999999999 0.013750000000000002 0.0075
2 0.41624999999999995 0.960625 0.0075 0.015
2 0.8099999999999999 0.0496875 0.0075 0.015
2 0.484375 0.1296875 0.0125 0.00625
2 0.5821875000000001 0.7084374999999999 0.01125 0.0075
2 0.9271874999999999 0.9818749999999999 0.02 0.0075
2 0.100625 0.0715625 0.0075 0.015
2 0.100625 0.0853125 0.0075 0.01125
2 0.1 0.10375000000000001 0.00625 0.013750000000000002
2 0.240625 0.165625 0.0125 0.00625
2 0.6315625 0.5696875 0.0225 0.017499999999999998
2 0.47750000000000004 0.51875 0.01125 0.00625
2 0.48656249999999995 0.5115624999999999 0.013750000000000002 0.013750000000000002
2 0.56375 0.45187499999999997 0.015 0.01
2 0.1015625 0.021249999999999998 0.00625 0.017499999999999998
2 0.1409375 0.705 0.0225 0.01625
2 0.11625 0.3309375 0.0075 0.015
2 0.100625 0.1384375 0.0075 0.017499999999999998
2 0.1140625 0.284375 0.00625 0.0125
2 0.11000000000000001 0.365 0.0075 0.01125
2 0.11656249999999999 0.2984375 0.005 0.0125
2 0.09031249999999999 0.2953125 0.015 0.00625
2 0.090625 0.30343749999999997 0.0125 0.00375
2 0.090625 0.3125 0.0125 0.00625
2 0.10218750000000001 0.346875 0.0075 0.0125
2 0.103125 0.361875 0.00625 0.01125
2 0.5078125 0.0484375 0.0125 0.0125
2 0.1434375 0.179375 0.015 0.008749999999999999
2 0.2209375 0.24718749999999998 0.0075 0.01625
2 0.2390625 0.9303125 0.00625 0.013750000000000002
2 0.5065625 0.804375 0.01625 0.008749999999999999
2 0.503125 0.82875 0.0125 0.0075
2 0.568125 0.954375 0.01125 0.008749999999999999
2 0.713125 0.961875 0.0075 0.01125
2 0.618125 0.7134375000000001 0.01125 0.005
2 0.6790625 0.605 0.01125 0.01
2 0.6834374999999999 0.23125 0.0075 0.0125
2 0.73125 0.078125 0.00625 0.0125
