2 0.8243750000000001 0.1515625 0.01125 0.00625
2 0.696875 0.1084375 0.00625 0.013750000000000002
2 0.6978125000000001 0.0803125 0.005 0.013750000000000002
2 0.6946875 0.058750000000000004 0.01125 0.01125
2 0.675 0.0440625 0.00625 0.01
2 0.665625 0.076875 0.00625 0.01
2 0.6725 0.10687500000000001 0.0075 0.013750000000000002
2 0.6890625 0.10687500000000001 0.00625 0.013750000000000002
2 0.666875 0.10406249999999999 0.008749999999999999 0.01125
2 0.6615624999999999 0.044687500000000005 0.0075 0.01125
2 0.6681250000000001 0.0440625 0.005 0.01
2 0.680625 0.045625 0.005 0.01
2 0.6634375 0.057499999999999996 0.01125 0.008749999999999999
2 0.6890625 0.046875 0.00625 0.0125
2 0.6678124999999999 0.014374999999999999 0.0075 0.01
2 0.675 0.0140625 0.00625 0.0125
2 0.6900000000000001 0.0159375 0.005 0.01
2 0.6603125000000001 0.0775 0.005 0.01125
2 0.43093750000000003 0.11125 0.008749999999999999 0.01
2 0.6915625000000001 0.0028125 0.005 0.0025
2 0.3525 0.17375000000000002 0.01125 0.00375
2 0.351875 0.18156250000000002 0.01 0.00375
2 0.351875 0.14781249999999999 0.01 0.005
2 0.41 0.0359375 0.013750000000000002 0.00625
2 0.619375 0.5778125000000001 0.02 0.008749999999999999
2 0.3175 0.3375 0.01 0.00625
2 0.34500000000000003 0.378125 0.008749999999999999 0.00625
2 0.34500000000000003 0.3728125 0.008749999999999999 0.005
2 0.346875 0.35625 0.0125 0.00625
2 0.34562499999999996 0.34781249999999997 0.01 0.005
2 0.34625 0.33999999999999997 0.01125 0.005
2 0.34625 0.325625 0.01125 0.0075
2 0.3159375 0.330625 0.01 0.005
2 0.34562499999999996 0.3953125 0.01 0.00625
2 0.2759375 0.3540625 0.01125 0.005
2 0.276875 0.33375 0.01 0.005
2 0.2978125 0.43875000000000003 0.01125 0.008749999999999999
2 0.375 0.220625 0.00625 0.01
2 0.375 0.23374999999999999 0.00625 0.01125
2 0.374375 0.2484375 0.005 0.0125
2 0.34625 0.38687499999999997 0.01125 0.005
2 0.30593750000000003 0.3640625 0.008749999999999999 0.00625
2 0.1171875 0.5743750000000001 0.0125 0.005
2 0.1159375 0.5803125 0.01 0.0075
2 0.115625 0.559375 0.0125 0.00625
2 0.3196875 0.3640625 0.01125 0.00625
2 0.321875 0.553125 0.0125 0.00625
2 0.321875 0.56875 0.0125 0.00625
2 0.2396875 0.6865625 0.0075 0.03875
2 0.29500000000000004 0.6890625 0.008749999999999999 0.0375
2 0.320625 0.3978125 0.01 0.005
2 0.32 0.39249999999999996 0.008749999999999999 0.00375
2 0.370625 0.3859375 0.00375 0.0125
2 0.3159375 0.45375 0.01 0.0075
2 0.393125 0.2390625 0.005 0.0125
2 0.50125 0.31875 0.008749999999999999 0.00625
2 0.06875 0.0078125 0.00625 0.0125
2 0.3896875 0.0034375000000000005 0.0075 0.00375
2 0.3696875 0.0046875 0.005 0.00625
2 0.393125 0.25406249999999997 0.005 0.01125
2 0.5028125 0.3125 0.008749999999999999 0.00625
2 0.5009375 0.29625 0.01125 0.005
2 0.5034375 0.2759375 0.01 0.005
2 0.501875 0.268125 0.01 0.005
2 0.5025000000000001 0.2634375 0.01125 0.005
2 0.5040625000000001 0.24937499999999999 0.01125 0.005
2 0.5065625 0.203125 0.01 0.00625
2 0.4971875 0.15875 0.01 0.01125
2 0.48312499999999997 0.1609375 0.01 0.0125
2 0.429375 0.15875 0.008749999999999999 0.01125
2 0.4225 0.15812500000000002 0.0075 0.01
2 0.3975 0.1640625 0.0075 0.0125
2 0.4146875 0.15875 0.0075 0.01125
2 0.406875 0.159375 0.0075 0.0125
2 0.3828125 0.18625 0.00625 0.01
2 0.8984375 0.5159374999999999 0.00625 0.01
2 0.90625 0.5159374999999999 0.00625 0.01
2 0.9421875 0.5175 0.00625 0.01
2 0.8800000000000001 0.0421875 0.01 0.0125
2 0.89375 0.045625 0.00625 0.01
2 0.6875 0.078125 0.00625 0.0125
2 0.6837500000000001 0.0578125 0.01125 0.0125
2 0.6796875 0.10687500000000001 0.00625 0.013750000000000002
2 0.660625 0.103125 0.008749999999999999 0.0125
2 0.69625 0.0459375 0.005 0.013750000000000002
2 0.6828125 0.079375 0.00625 0.015
2 0.6740625 0.0775 0.0075 0.01125
2 0.675 0.055625 0.0125 0.01125
2 0.9881249999999999 0.2425 0.0075 0.01625
2 0.5025000000000001 0.24312499999999998 0.01125 0.005
2 0.305625 0.0053124999999999995 0.005 0.0075
2 0.048125 0.0078125 0.008749999999999999 0.0125
2 0.5034375 0.16 0.01 0.013750000000000002
2 0.3234375 0.0040625 0.00625 0.005
2 0.489375 0.15875 0.01 0.01125
2 0.47625 0.15875 0.008749999999999999 0.01125
2 0.50625 0.19 0.0125 0.005
2 0.375 0.26187499999999997 0.00625 0.01125
2 0.374375 0.2759375 0.005 0.01125
2 0.375 0.29031250000000003 0.00625 0.008749999999999999
2 0.318125 0.0040625 0.005 0.005
2 0.330625 0.0040625 0.005 0.005
2 0.3734375 0.3071875 0.00625 0.01125
2 0.3728125 0.3228125 0.005 0.01125
2 0.371875 0.340625 0.00625 0.0125
2 0.1184375 0.54625 0.015 0.005
2 0.1184375 0.5303125 0.015 0.0075
2 0.11625 0.538125 0.013750000000000002 0.0075
2 0.2640625 0.691875 0.0125 0.03375
2 0.115625 0.6481250000000001 0.01875 0.008749999999999999
2 0.371875 0.35562499999999997 0.00625 0.01125
2 0.8921875 0.515 0.00625 0.01125
2 0.115625 0.5678124999999999 0.0125 0.0075
2 0.3225 0.588125 0.013750000000000002 0.0075
2 0.32125 0.575 0.01125 0.00625
2 0.2915625 0.41875 0.01125 0.00625
2 0.27749999999999997 0.388125 0.01125 0.0075
2 0.2759375 0.325 0.01125 0.00625
2 0.2740625 0.349375 0.013750000000000002 0.005
2 0.30343749999999997 0.3578125 0.01 0.00625
2 0.31656249999999997 0.34375 0.01125 0.00625
2 0.30375 0.336875 0.013750000000000002 0.005
2 0.30281250000000004 0.3459375 0.015 0.0075
2 0.3203125 0.38406250000000003 0.0125 0.008749999999999999
2 0.3178125 0.3578125 0.013750000000000002 0.00625
2 0.3459375 0.36875 0.013750000000000002 0.00625
2 0.3453125 0.3625 0.0125 0.00625
2 0.34625 0.3334375 0.01125 0.0075
2 0.3703125 0.37093750000000003 0.00625 0.013750000000000002
2 0.434375 0.0846875 0.0125 0.01625
2 0.6224999999999999 0.11875 0.013750000000000002 0.00625
2 0.6681250000000001 0.1184375 0.017499999999999998 0.008749999999999999
2 0.47125000000000006 0.100625 0.01125 0.013750000000000002
2 0.7234375 0.1209375 0.0125 0.0075
2 0.8675 0.042812499999999996 0.01 0.013750000000000002
2 0.2759375 0.3609375 0.01125 0.00625
2 0.3915625 0.27 0.005 0.015
2 0.39375 0.21000000000000002 0.00625 0.013750000000000002
2 0.48125 0.2203125 0.00625 0.0125
2 0.4765625 0.290625 0.00625 0.0125
2 0.503125 0.2896875 0.0125 0.0075
2 0.5046875 0.209375 0.0125 0.00625
2 0.5040625000000001 0.2165625 0.01125 0.005
2 0.5046875 0.2228125 0.0125 0.005
2 0.504375 0.2296875 0.015 0.00625
2 0.503125 0.2359375 0.0125 0.00625
2 0.8243750000000001 0.1515625 0.01125 0.00625
2 0.696875 0.1084375 0.00625 0.013750000000000002
2 0.6978125000000001 0.0803125 0.005 0.013750000000000002
2 0.6946875 0.058750000000000004 0.01125 0.01125
2 0.675 0.0440625 0.00625 0.01
2 0.665625 0.076875 0.00625 0.01
2 0.6725 0.10687500000000001 0.0075 0.013750000000000002
2 0.6890625 0.10687500000000001 0.00625 0.013750000000000002
2 0.666875 0.10406249999999999 0.008749999999999999 0.01125
2 0.6615624999999999 0.044687500000000005 0.0075 0.01125
2 0.6681250000000001 0.0440625 0.005 0.01
2 0.680625 0.045625 0.005 0.01
2 0.6634375 0.057499999999999996 0.01125 0.008749999999999999
2 0.6890625 0.046875 0.00625 0.0125
2 0.6678124999999999 0.014374999999999999 0.0075 0.01
2 0.675 0.0140625 0.00625 0.0125
2 0.6900000000000001 0.0159375 0.005 0.01
2 0.6603125000000001 0.0775 0.005 0.01125
2 0.43093750000000003 0.11125 0.008749999999999999 0.01
2 0.6915625000000001 0.0028125 0.005 0.0025
2 0.3525 0.17375000000000002 0.01125 0.00375
2 0.351875 0.18156250000000002 0.01 0.00375
2 0.351875 0.14781249999999999 0.01 0.005
2 0.41 0.0359375 0.013750000000000002 0.00625
2 0.619375 0.5778125000000001 0.02 0.008749999999999999
2 0.3175 0.3375 0.01 0.00625
2 0.34500000000000003 0.378125 0.008749999999999999 0.00625
2 0.34500000000000003 0.3728125 0.008749999999999999 0.005
2 0.346875 0.35625 0.0125 0.00625
2 0.34562499999999996 0.34781249999999997 0.01 0.005
2 0.34625 0.33999999999999997 0.01125 0.005
2 0.34625 0.325625 0.01125 0.0075
2 0.3159375 0.330625 0.01 0.005
2 0.34562499999999996 0.3953125 0.01 0.00625
2 0.2759375 0.3540625 0.01125 0.005
2 0.276875 0.33375 0.01 0.005
2 0.2978125 0.43875000000000003 0.01125 0.008749999999999999
2 0.375 0.220625 0.00625 0.01
2 0.375 0.23374999999999999 0.00625 0.01125
2 0.374375 0.2484375 0.005 0.0125
2 0.34625 0.38687499999999997 0.01125 0.005
2 0.30593750000000003 0.3640625 0.008749999999999999 0.00625
2 0.1171875 0.5743750000000001 0.0125 0.005
2 0.1159375 0.5803125 0.01 0.0075
2 0.115625 0.559375 0.0125 0.00625
2 0.3196875 0.3640625 0.01125 0.00625
2 0.321875 0.553125 0.0125 0.00625
2 0.321875 0.56875 0.0125 0.00625
2 0.2396875 0.6865625 0.0075 0.03875
2 0.29500000000000004 0.6890625 0.008749999999999999 0.0375
2 0.320625 0.3978125 0.01 0.005
2 0.32 0.39249999999999996 0.008749999999999999 0.00375
2 0.370625 0.3859375 0.00375 0.0125
2 0.3159375 0.45375 0.01 0.0075
2 0.393125 0.2390625 0.005 0.0125
2 0.50125 0.31875 0.008749999999999999 0.00625
2 0.06875 0.0078125 0.00625 0.0125
2 0.3896875 0.0034375000000000005 0.0075 0.00375
2 0.3696875 0.0046875 0.005 0.00625
2 0.393125 0.25406249999999997 0.005 0.01125
2 0.5028125 0.3125 0.008749999999999999 0.00625
2 0.5009375 0.29625 0.01125 0.005
2 0.5034375 0.2759375 0.01 0.005
2 0.501875 0.268125 0.01 0.005
2 0.5025000000000001 0.2634375 0.01125 0.005
2 0.5040625000000001 0.24937499999999999 0.01125 0.005
2 0.5065625 0.203125 0.01 0.00625
2 0.4971875 0.15875 0.01 0.01125
2 0.48312499999999997 0.1609375 0.01 0.0125
2 0.429375 0.15875 0.008749999999999999 0.01125
2 0.4225 0.15812500000000002 0.0075 0.01
2 0.3975 0.1640625 0.0075 0.0125
2 0.4146875 0.15875 0.0075 0.01125
2 0.406875 0.159375 0.0075 0.0125
2 0.3828125 0.18625 0.00625 0.01
2 0.8984375 0.5159374999999999 0.00625 0.01
2 0.90625 0.5159374999999999 0.00625 0.01
2 0.9421875 0.5175 0.00625 0.01
2 0.8800000000000001 0.0421875 0.01 0.0125
2 0.89375 0.045625 0.00625 0.01
2 0.6875 0.078125 0.00625 0.0125
2 0.6837500000000001 0.0578125 0.01125 0.0125
2 0.6796875 0.10687500000000001 0.00625 0.013750000000000002
2 0.660625 0.103125 0.008749999999999999 0.0125
2 0.69625 0.0459375 0.005 0.013750000000000002
2 0.6828125 0.079375 0.00625 0.015
2 0.6740625 0.0775 0.0075 0.01125
2 0.675 0.055625 0.0125 0.01125
2 0.9881249999999999 0.2425 0.0075 0.01625
2 0.5025000000000001 0.24312499999999998 0.01125 0.005
2 0.305625 0.0053124999999999995 0.005 0.0075
2 0.048125 0.0078125 0.008749999999999999 0.0125
2 0.5034375 0.16 0.01 0.013750000000000002
2 0.3234375 0.0040625 0.00625 0.005
2 0.489375 0.15875 0.01 0.01125
2 0.47625 0.15875 0.008749999999999999 0.01125
2 0.50625 0.19 0.0125 0.005
2 0.375 0.26187499999999997 0.00625 0.01125
2 0.374375 0.2759375 0.005 0.01125
2 0.375 0.29031250000000003 0.00625 0.008749999999999999
2 0.318125 0.0040625 0.005 0.005
2 0.330625 0.0040625 0.005 0.005
2 0.3734375 0.3071875 0.00625 0.01125
2 0.3728125 0.3228125 0.005 0.01125
2 0.371875 0.340625 0.00625 0.0125
2 0.1184375 0.54625 0.015 0.005
2 0.1184375 0.5303125 0.015 0.0075
2 0.11625 0.538125 0.013750000000000002 0.0075
2 0.2640625 0.691875 0.0125 0.03375
2 0.115625 0.6481250000000001 0.01875 0.008749999999999999
2 0.371875 0.35562499999999997 0.00625 0.01125
2 0.8921875 0.515 0.00625 0.01125
2 0.115625 0.5678124999999999 0.0125 0.0075
2 0.3225 0.588125 0.013750000000000002 0.0075
2 0.32125 0.575 0.01125 0.00625
2 0.2915625 0.41875 0.01125 0.00625
2 0.27749999999999997 0.388125 0.01125 0.0075
2 0.2759375 0.325 0.01125 0.00625
2 0.2740625 0.349375 0.013750000000000002 0.005
2 0.30343749999999997 0.3578125 0.01 0.00625
2 0.31656249999999997 0.34375 0.01125 0.00625
2 0.30375 0.336875 0.013750000000000002 0.005
2 0.30281250000000004 0.3459375 0.015 0.0075
2 0.3203125 0.38406250000000003 0.0125 0.008749999999999999
2 0.3178125 0.3578125 0.013750000000000002 0.00625
2 0.3459375 0.36875 0.013750000000000002 0.00625
2 0.3453125 0.3625 0.0125 0.00625
2 0.34625 0.3334375 0.01125 0.0075
2 0.3703125 0.37093750000000003 0.00625 0.013750000000000002
2 0.434375 0.0846875 0.0125 0.01625
2 0.6224999999999999 0.11875 0.013750000000000002 0.00625
2 0.6681250000000001 0.1184375 0.017499999999999998 0.008749999999999999
2 0.47125000000000006 0.100625 0.01125 0.013750000000000002
2 0.7234375 0.1209375 0.0125 0.0075
2 0.8675 0.042812499999999996 0.01 0.013750000000000002
2 0.2759375 0.3609375 0.01125 0.00625
2 0.3915625 0.27 0.005 0.015
2 0.39375 0.21000000000000002 0.00625 0.013750000000000002
2 0.48125 0.2203125 0.00625 0.0125
2 0.4765625 0.290625 0.00625 0.0125
2 0.503125 0.2896875 0.0125 0.0075
2 0.5046875 0.209375 0.0125 0.00625
2 0.5040625000000001 0.2165625 0.01125 0.005
2 0.5046875 0.2228125 0.0125 0.005
2 0.504375 0.2296875 0.015 0.00625
2 0.503125 0.2359375 0.0125 0.00625
