2 0.22156250000000002 0.9475 0.008749999999999999 0.013750000000000002
2 0.734375 0.593125 0.0125 0.01125
2 0.75625 0.009375 0.00625 0.0125
2 0.7484375 0.024375 0.00625 0.01125
2 0.7434375 0.021875 0.008749999999999999 0.0125
2 0.86 0.16375 0.013750000000000002 0.008749999999999999
2 0.8709374999999999 0.11781250000000001 0.013750000000000002 0.0075
2 0.8740625 0.09343749999999999 0.013750000000000002 0.008749999999999999
2 0.646875 0.4659375 0.00625 0.01
2 0.65625 0.4725 0.00625 0.013750000000000002
2 0.6643749999999999 0.4765625 0.01 0.0125
2 0.6721874999999999 0.48187499999999994 0.01 0.013750000000000002
2 0.6846875 0.49124999999999996 0.01 0.013750000000000002
2 0.629375 0.47906250000000006 0.015 0.01125
2 0.7259375 0.553125 0.01125 0.00625
2 0.75 0.60375 0.0125 0.013750000000000002
2 0.76 0.615625 0.013750000000000002 0.0125
2 0.685625 0.525 0.015 0.0125
2 0.7068749999999999 0.50875 0.0075 0.01125
2 0.5171875 0.5046875 0.0125 0.0125
2 0.5275000000000001 0.516875 0.01125 0.008749999999999999
2 0.535625 0.5221875 0.015 0.01
2 0.538125 0.49468750000000006 0.0075 0.01125
2 0.53 0.48968749999999994 0.01 0.013750000000000002
2 0.5246875 0.4803125 0.008749999999999999 0.013750000000000002
2 0.8262499999999999 0.885 0.008749999999999999 0.013750000000000002
2 0.75625 0.0234375 0.00625 0.0125
2 0.764375 0.025625 0.01 0.013750000000000002
2 0.775625 0.026875 0.0075 0.01
2 0.7825 0.0290625 0.008749999999999999 0.01125
2 0.9412499999999999 0.5443749999999999 0.013750000000000002 0.013750000000000002
2 0.9296875 0.5587500000000001 0.0125 0.01125
2 0.921875 0.5475 0.0125 0.013750000000000002
2 0.8940625000000001 0.17875000000000002 0.01 0.0075
2 0.8340624999999999 0.0371875 0.008749999999999999 0.015
2 0.8006249999999999 0.0328125 0.0075 0.0125
2 0.21375000000000002 0.099375 0.008749999999999999 0.01125
2 0.4840625 0.504375 0.015 0.015
2 0.4725 0.4953125 0.013750000000000002 0.0125
2 0.465625 0.4921875 0.0125 0.0125
2 0.2325 0.029375000000000002 0.008749999999999999 0.015
2 0.244375 0.0228125 0.0075 0.01125
2 0.25 0.0171875 0.00625 0.0125
2 0.26156250000000003 0.010624999999999999 0.0075 0.015
2 0.26875 0.009375 0.00625 0.0125
2 0.27749999999999997 0.063125 0.01125 0.013750000000000002
2 0.2575 0.0728125 0.008749999999999999 0.01125
2 0.23312499999999997 0.0859375 0.01 0.0125
2 0.22562500000000002 0.090625 0.0075 0.0125
2 0.21875 0.09375 0.00625 0.0125
2 0.20375000000000001 0.1025 0.0075 0.01125
2 0.5193749999999999 0.7525000000000001 0.0075 0.017499999999999998
2 0.19593750000000001 0.10625 0.0075 0.0125
2 0.18125 0.1109375 0.00625 0.0125
2 0.17250000000000001 0.11499999999999999 0.0075 0.01125
2 0.145 0.1303125 0.008749999999999999 0.013750000000000002
2 0.138125 0.134375 0.0075 0.0125
2 0.13187500000000002 0.1375 0.0075 0.0125
2 0.12 0.141875 0.008749999999999999 0.015
2 0.0528125 0.17906249999999999 0.008749999999999999 0.01125
2 0.045 0.18375 0.008749999999999999 0.01125
2 0.013750000000000002 0.19624999999999998 0.008749999999999999 0.01125
2 0.1846875 0.1496875 0.01 0.015
2 0.17906249999999999 0.1528125 0.01125 0.015
2 0.1721875 0.15718749999999998 0.01 0.01125
2 0.5278125 0.7268749999999999 0.015 0.01
2 0.5109375 0.7474999999999999 0.00625 0.013750000000000002
2 0.5575 0.50625 0.008749999999999999 0.01875
2 0.6221875 0.51125 0.01 0.01
2 0.6346875 0.5190625 0.01 0.01
2 0.6603125000000001 0.5393749999999999 0.01125 0.01
2 0.67375 0.5465625000000001 0.01 0.008749999999999999
2 0.6571875 0.505625 0.01125 0.01125
2 0.5003124999999999 0.3521875 0.01 0.013750000000000002
2 0.49031250000000004 0.35812499999999997 0.008749999999999999 0.01
2 0.48375 0.3909375 0.01125 0.01
2 0.3603125 0.7228125000000001 0.005 0.01125
2 0.403125 0.6421875 0.0125 0.0125
2 0.415625 0.6131249999999999 0.0125 0.0075
2 0.4225 0.59875 0.013750000000000002 0.01
2 0.4490625 0.5296875 0.013750000000000002 0.00625
2 0.3359375 0.6753125 0.0125 0.01625
2 0.5037499999999999 0.7409375 0.0075 0.01625
2 0.135625 0.5521874999999999 0.015 0.013750000000000002
2 0.14906250000000001 0.5856250000000001 0.013750000000000002 0.015
2 0.09 0.6290625000000001 0.01125 0.017499999999999998
2 0.081875 0.5546875 0.013750000000000002 0.0125
2 0.18656250000000002 0.4078125 0.013750000000000002 0.0125
2 0.0059375 0.37093750000000003 0.008749999999999999 0.013750000000000002
2 0.13093749999999998 0.24562499999999998 0.008749999999999999 0.01625
2 0.01125 0.4103125 0.01625 0.01125
2 0.0109375 0.4178125 0.0125 0.0075
2 0.0078125 0.42406249999999995 0.0125 0.0075
2 0.48187499999999994 0.7268749999999999 0.0075 0.01625
2 0.48875 0.73 0.008749999999999999 0.01625
2 0.4959375 0.73625 0.0075 0.01625
2 0.16499999999999998 0.1609375 0.01125 0.0125
2 0.15812500000000002 0.1653125 0.01 0.015
2 0.1515625 0.1678125 0.00625 0.013750000000000002
2 0.46875 0.01125 0.0125 0.01625
2 0.21437499999999998 0.20812499999999998 0.01 0.01
2 0.2190625 0.22000000000000003 0.01 0.008749999999999999
2 0.17781249999999998 0.1859375 0.021249999999999998 0.0125
2 0.174375 0.191875 0.01125 0.008749999999999999
2 0.5340625 0.27625 0.008749999999999999 0.015
2 0.1890625 0.16999999999999998 0.0125 0.008749999999999999
2 0.3453125 0.030625000000000003 0.00625 0.01125
2 0.36375 0.021249999999999998 0.008749999999999999 0.01125
2 0.40750000000000003 0.042499999999999996 0.008749999999999999 0.01
2 0.418125 0.03625 0.01125 0.01
2 0.433125 0.0321875 0.01 0.01125
2 0.44656250000000003 0.0234375 0.008749999999999999 0.0125
2 0.4371875 0.009375 0.015 0.0125
2 0.62375 0.013125000000000001 0.01 0.013750000000000002
2 0.145 0.1703125 0.008749999999999999 0.0125
2 0.6403125000000001 0.025 0.008749999999999999 0.0125
2 0.6528125 0.0246875 0.008749999999999999 0.015
2 0.6403125000000001 0.0515625 0.008749999999999999 0.0125
2 0.6253124999999999 0.0625 0.01 0.0125
2 0.6096874999999999 0.0515625 0.01 0.0125
2 0.6331249999999999 0.01625 0.01 0.013750000000000002
2 0.1359375 0.0978125 0.00625 0.01125
2 0.1753125 0.39875 0.01625 0.01625
2 0.22749999999999998 0.43062500000000004 0.01125 0.017499999999999998
2 0.2171875 0.7053125 0.0375 0.03875
2 0.583125 0.959375 0.0225 0.025
2 0.21875 0.20125 0.0125 0.008749999999999999
2 0.220625 0.195 0.01 0.008749999999999999
2 0.2234375 0.18937500000000002 0.0125 0.01
2 0.2328125 0.166875 0.0125 0.008749999999999999
2 0.13874999999999998 0.17375000000000002 0.008749999999999999 0.01
2 0.13 0.17781249999999998 0.01 0.015
2 0.09406250000000001 0.198125 0.01 0.015
2 0.08156250000000001 0.2034375 0.01 0.01625
2 0.07468749999999999 0.205 0.008749999999999999 0.01625
2 0.06625 0.21187499999999998 0.0075 0.01125
2 0.17250000000000001 0.2015625 0.013750000000000002 0.0125
2 0.20750000000000002 0.25187499999999996 0.008749999999999999 0.01
2 0.5974999999999999 0.103125 0.013750000000000002 0.01875
2 0.476875 0.12875 0.01 0.013750000000000002
2 0.489375 0.134375 0.01 0.0125
2 0.5231250000000001 0.0640625 0.008749999999999999 0.0125
2 0.515625 0.06 0.0125 0.013750000000000002
2 0.35343749999999996 0.094375 0.01 0.013750000000000002
2 0.3571875 0.06937499999999999 0.01125 0.013750000000000002
2 0.34875 0.07375000000000001 0.01 0.01
2 0.3325 0.0821875 0.008749999999999999 0.01125
2 0.28312499999999996 0.1025 0.01 0.01125
2 0.27749999999999997 0.1046875 0.01125 0.0125
2 0.27125 0.109375 0.01125 0.0125
2 0.2475 0.12125 0.013750000000000002 0.01125
2 0.24281250000000001 0.12125 0.0075 0.01125
2 0.2340625 0.1275 0.008749999999999999 0.01125
2 0.2284375 0.1296875 0.01 0.0125
2 0.22156250000000002 0.1303125 0.008749999999999999 0.013750000000000002
2 0.23374999999999999 0.14625 0.01125 0.01125
2 0.234375 0.16125 0.0125 0.01
2 0.609375 0.503125 0.0125 0.0125
2 0.59875 0.64125 0.01 0.013750000000000002
2 0.5825 0.6265625 0.008749999999999999 0.0125
2 0.2634375 0.850625 0.01125 0.0075
2 0.21000000000000002 0.9949999999999999 0.013750000000000002 0.008749999999999999
2 0.2171875 0.9824999999999999 0.0125 0.008749999999999999
2 0.2203125 0.975625 0.0125 0.0075
2 0.22875 0.9581250000000001 0.013750000000000002 0.01
2 0.2425 0.99 0.01 0.01125
2 0.27 0.9209375 0.008749999999999999 0.013750000000000002
2 0.2453125 0.913125 0.0125 0.0075
2 0.24718749999999998 0.9078125 0.01 0.00625
2 0.25406249999999997 0.8887499999999999 0.01125 0.008749999999999999
2 0.255625 0.881875 0.01125 0.0075
2 0.26 0.8631249999999999 0.013750000000000002 0.0075
2 0.2609375 0.85625 0.0125 0.00625
2 0.238125 0.8628125000000001 0.0075 0.01
2 0.5175 0.97875 0.01 0.013750000000000002
2 0.24375 0.846875 0.00625 0.0125
2 0.26437499999999997 0.83125 0.01 0.00625
2 0.26125 0.8178124999999999 0.01 0.0075
2 0.2396875 0.813125 0.0075 0.013750000000000002
2 0.23625 0.8243750000000001 0.01 0.01125
2 0.2340625 0.834375 0.008749999999999999 0.0125
2 0.176875 0.82125 0.01 0.01125
2 0.2584375 0.8731249999999999 0.013750000000000002 0.008749999999999999
2 0.4221875 0.83625 0.01 0.01
2 0.40750000000000003 0.8709374999999999 0.015 0.0075
2 0.5053124999999999 0.869375 0.013750000000000002 0.013750000000000002
2 0.516875 0.8856249999999999 0.015 0.008749999999999999
2 0.5384375 0.9331250000000001 0.01125 0.01
2 0.2028125 0.9609375 0.008749999999999999 0.0125
2 0.3759375 0.818125 0.017499999999999998 0.017499999999999998
2 0.446875 0.8796875 0.0125 0.0125
2 0.36625 0.770625 0.013750000000000002 0.01625
2 0.503125 0.9475 0.0125 0.013750000000000002
2 0.5409375 0.99375 0.01 0.0125
2 0.5753125 0.6215625 0.01 0.015
2 0.564375 0.7525000000000001 0.01 0.01125
2 0.54 0.811875 0.01125 0.01125
2 0.55125 0.8390625 0.008749999999999999 0.0125
2 0.5553125 0.834375 0.0075 0.0125
2 0.5675 0.8240624999999999 0.01 0.013750000000000002
2 0.5628124999999999 0.8275 0.01 0.01125
2 0.589375 0.809375 0.01 0.0125
2 0.595 0.805625 0.008749999999999999 0.01125
2 0.6012500000000001 0.8021874999999999 0.008749999999999999 0.013750000000000002
2 0.6215625 0.7875 0.008749999999999999 0.0125
2 0.634375 0.778125 0.0125 0.0125
2 0.5478125 0.7403125 0.01125 0.008749999999999999
2 0.5543750000000001 0.7446875000000001 0.008749999999999999 0.01125
2 0.5575 0.7496875000000001 0.008749999999999999 0.008749999999999999
2 0.5784374999999999 0.765625 0.01 0.0125
2 0.6643749999999999 0.7553124999999999 0.01 0.013750000000000002
2 0.6790625 0.745625 0.01125 0.01
2 0.685625 0.7424999999999999 0.008749999999999999 0.01
2 0.5599999999999999 0.6421875 0.013750000000000002 0.0125
2 0.5743750000000001 0.6565624999999999 0.01125 0.01
2 0.49781250000000005 0.653125 0.01125 0.0125
2 0.5325 0.69375 0.008749999999999999 0.0125
2 0.59875 0.7096875 0.01 0.01
2 0.5546875 0.6765625 0.0125 0.0125
2 0.40812499999999996 0.5640625 0.01 0.0125
2 0.10968750000000001 0.55125 0.01 0.008749999999999999
2 0.55375 0.558125 0.013750000000000002 0.01625
2 0.4953125 0.63125 0.0125 0.0125
2 0.568125 0.7909375 0.01125 0.01
2 0.56125 0.786875 0.01 0.01125
2 0.5559375 0.7837500000000001 0.008749999999999999 0.01125
2 0.5396875 0.770625 0.0075 0.01
2 0.5962500000000001 0.993125 0.01125 0.01125
2 0.5528125 0.9053125 0.008749999999999999 0.0075
2 0.586875 0.8931250000000001 0.01125 0.01125
2 0.4059375 0.589375 0.008749999999999999 0.01
2 0.393125 0.62 0.01125 0.015
2 0.38093750000000004 0.6534375 0.008749999999999999 0.01
2 0.33625 0.696875 0.01 0.0125
2 0.4625 0.80625 0.00625 0.0125
2 0.45625 0.8025 0.00625 0.01125
2 0.4496875 0.8009375000000001 0.008749999999999999 0.01125
2 0.4246875 0.7821875 0.008749999999999999 0.01125
2 0.38937499999999997 0.7196875 0.01625 0.01125
2 0.3278125 0.0359375 0.008749999999999999 0.0125
2 0.1384375 0.7068749999999999 0.01125 0.0075
2 0.14125000000000001 0.7009375 0.013750000000000002 0.01125
2 0.14375 0.689375 0.0125 0.01
2 0.146875 0.6840625 0.0125 0.008749999999999999
2 0.14781249999999999 0.678125 0.01125 0.0125
2 0.14937499999999998 0.670625 0.01125 0.01
2 0.0125 0.4828125 0.0125 0.0125
2 0.433125 0.5743750000000001 0.01 0.005
2 0.465625 0.576875 0.0125 0.01
2 0.4959375 0.5146875 0.013750000000000002 0.013750000000000002
2 0.47843749999999996 0.37 0.01 0.015
2 0.6128125 0.15531250000000002 0.01625 0.0075
2 0.618125 0.14375 0.017499999999999998 0.0125
2 0.24625 0.7306250000000001 0.01125 0.01125
2 0.47437500000000005 0.8103125 0.005 0.01125
2 0.48375 0.8087500000000001 0.005 0.01125
2 0.661875 0.965625 0.01125 0.0125
2 0.159375 0.6578125 0.0125 0.0125
2 0.171875 0.651875 0.01875 0.0225
2 0.1896875 0.6771874999999999 0.013750000000000002 0.013750000000000002
2 0.3934375 0.73125 0.008749999999999999 0.00625
2 0.0875 0.6837500000000001 0.0125 0.01125
2 0.1340625 0.6625 0.008749999999999999 0.00625
2 0.1375 0.65625 0.0125 0.00625
2 0.12125 0.691875 0.01125 0.008749999999999999
2 0.11625 0.704375 0.013750000000000002 0.008749999999999999
2 0.1140625 0.71 0.0125 0.0075
2 0.1134375 0.7165625 0.01125 0.01125
2 0.5493750000000001 0.6725 0.01125 0.013750000000000002
2 0.5384375 0.665625 0.01125 0.0125
2 0.52625 0.656875 0.015 0.013750000000000002
2 0.5706249999999999 0.72375 0.01 0.01
2 0.5775 0.7275 0.01125 0.01125
2 0.6115625 0.71875 0.013750000000000002 0.0125
2 0.6075 0.714375 0.008749999999999999 0.01
2 0.6534375 0.765625 0.01 0.0125
2 0.61625 0.6534375 0.013750000000000002 0.01625
2 0.5900000000000001 0.6665625000000001 0.01125 0.01125
2 0.5974999999999999 0.67 0.013750000000000002 0.015
2 0.6025 0.6765625 0.01125 0.0125
2 0.6815625 0.7009375 0.01 0.01125
2 0.6884375 0.704375 0.01125 0.008749999999999999
2 0.5540625 0.6065625 0.01125 0.01
2 0.55 0.6 0.0125 0.0125
2 0.3434375 0.6796875 0.008749999999999999 0.0125
2 0.34750000000000003 0.666875 0.0075 0.008749999999999999
2 0.7559375 0.92875 0.008749999999999999 0.013750000000000002
2 0.7646875 0.943125 0.0075 0.01125
2 0.77 0.9484375 0.008749999999999999 0.0125
2 0.7746875 0.9571875000000001 0.008749999999999999 0.01125
2 0.779375 0.9668749999999999 0.008749999999999999 0.008749999999999999
2 0.785625 0.9684375 0.008749999999999999 0.015
2 0.79125 0.9737500000000001 0.0075 0.01
2 0.7984375 0.9775 0.00625 0.01125
2 0.7528125 0.9881249999999999 0.015 0.0075
2 0.746875 0.96 0.0125 0.0075
2 0.735 0.938125 0.013750000000000002 0.0075
2 0.7075 0.8690625000000001 0.008749999999999999 0.01
2 0.6912499999999999 0.8728125 0.0075 0.01125
2 0.666875 0.890625 0.008749999999999999 0.0125
2 0.6371875 0.9121874999999999 0.008749999999999999 0.015
2 0.6525000000000001 0.715625 0.01125 0.0125
2 0.6643749999999999 0.6859375 0.01 0.0125
2 0.6587500000000001 0.6837500000000001 0.01125 0.01125
2 0.653125 0.680625 0.0125 0.01125
2 0.6490625 0.6771874999999999 0.013750000000000002 0.013750000000000002
2 0.6409374999999999 0.67125 0.01 0.01125
2 0.63125 0.6640625 0.0125 0.0125
2 0.5434375 0.6331249999999999 0.015 0.01625
2 0.6453125 0.7078125 0.0125 0.0125
2 0.76875 0.9978125 0.0125 0.005
2 0.6434375 0.936875 0.015 0.01125
2 0.6540625 0.9331250000000001 0.01125 0.01
2 0.6615624999999999 0.9268750000000001 0.013750000000000002 0.01
2 0.6778125 0.915625 0.015 0.00625
2 0.716875 0.8887499999999999 0.015 0.008749999999999999
2 0.7303124999999999 0.8768750000000001 0.013750000000000002 0.01
2 0.6240625 0.92125 0.0075 0.01125
2 0.67125 0.9578125 0.005 0.0125
2 0.2625 0.838125 0.0125 0.0075
2 0.2634375 0.84375 0.01125 0.00625
2 0.2284375 0.8525 0.01 0.01125
2 0.22312500000000002 0.9650000000000001 0.015 0.01125
2 0.2146875 0.9903124999999999 0.013750000000000002 0.008749999999999999
2 0.1875 0.9784375000000001 0.0125 0.01
2 0.569375 0.6528125 0.013750000000000002 0.015
2 0.042812499999999996 0.3509375 0.013750000000000002 0.01125
2 0.0365625 0.36375 0.013750000000000002 0.008749999999999999
2 0.6053124999999999 0.1775 0.013750000000000002 0.01125
2 0.248125 0.82875 0.008749999999999999 0.013750000000000002
2 0.30125 0.85625 0.008749999999999999 0.0125
2 0.3284375 0.6934375 0.01 0.015
2 0.44343750000000004 0.5443749999999999 0.015 0.0075
2 0.4409375 0.5506249999999999 0.01625 0.0075
2 0.43968749999999995 0.55625 0.013750000000000002 0.00625
2 0.44875 0.5856250000000001 0.01 0.015
2 0.584375 0.48375 0.0125 0.01125
2 0.5978125000000001 0.49312500000000004 0.01125 0.01125
2 0.6525000000000001 0.500625 0.01125 0.013750000000000002
2 0.6640625 0.5081249999999999 0.0125 0.01
2 0.635 0.484375 0.013750000000000002 0.0125
2 0.5353125000000001 0.25125000000000003 0.01125 0.015
2 0.6125 0.1615625 0.0125 0.0075
2 0.03375 0.37 0.01125 0.008749999999999999
2 0.22875 0.17625 0.013750000000000002 0.008749999999999999
2 0.22562500000000002 0.1825 0.013750000000000002 0.008749999999999999
2 0.3228125 0.08499999999999999 0.01125 0.013750000000000002
2 0.308125 0.09375 0.01 0.0125
2 0.286875 0.061875 0.01125 0.01125
2 0.16 0.1240625 0.0075 0.013750000000000002
2 0.07062500000000001 0.1678125 0.01 0.013750000000000002
2 0.03375 0.18875 0.01125 0.015
2 0.128125 0.10218750000000001 0.00625 0.013750000000000002
2 0.36531250000000004 0.045625 0.015 0.01625
2 0.5025000000000001 0.0915625 0.01125 0.017499999999999998
2 0.5465625000000001 0.0878125 0.015 0.01
2 0.489375 0.0834375 0.01 0.013750000000000002
2 0.26187499999999997 0.8256249999999999 0.01125 0.0075
2 0.5821875000000001 0.811875 0.005 0.01125
2 0.45187499999999997 0.8534375000000001 0.01 0.01
2 0.45562500000000006 0.8665625 0.01125 0.01125
2 0.1109375 0.41937499999999994 0.0125 0.0075
2 0.0990625 0.4328125 0.013750000000000002 0.00625
2 0.096875 0.4421875 0.0125 0.00625
2 0.05437499999999999 0.51875 0.015 0.0125
2 0.076875 0.5237499999999999 0.01 0.01
2 0.08687500000000001 0.533125 0.01125 0.01
2 0.0978125 0.5425 0.01125 0.01
2 0.1234375 0.56125 0.0125 0.01
2 0.1359375 0.5721875 0.0125 0.01
2 0.173125 0.57875 0.008749999999999999 0.013750000000000002
2 0.15875 0.568125 0.01125 0.01125
2 0.1925 0.6190625 0.01 0.01
2 0.20187499999999997 0.62625 0.01 0.008749999999999999
2 0.2125 0.634375 0.0125 0.0125
2 0.221875 0.64375 0.0125 0.0125
2 0.2340625 0.635 0.008749999999999999 0.013750000000000002
2 0.193125 0.666875 0.01125 0.015
2 0.244375 0.709375 0.013750000000000002 0.0125
2 0.258125 0.7209375 0.01625 0.013750000000000002
2 0.2534375 0.7275 0.01 0.01125
2 0.410625 0.575 0.008749999999999999 0.0125
2 0.40125 0.603125 0.008749999999999999 0.0125
2 0.38875000000000004 0.6368750000000001 0.008749999999999999 0.01125
2 0.375625 0.66625 0.0075 0.013750000000000002
2 0.40437500000000004 0.7715625 0.008749999999999999 0.015
2 0.40875000000000006 0.8259375 0.01125 0.01125
2 0.434375 0.8478125000000001 0.0125 0.01125
2 0.5640625 0.6484375 0.0125 0.0125
2 0.5846875 0.661875 0.01 0.01125
2 0.6084375 0.6796875 0.013750000000000002 0.0125
2 0.27937500000000004 0.0409375 0.008749999999999999 0.01625
2 0.45187499999999997 0.019375 0.01 0.013750000000000002
2 0.1703125 0.2225 0.0125 0.013750000000000002
2 0.176875 0.228125 0.01 0.0125
2 0.1809375 0.23156249999999998 0.008749999999999999 0.01
2 0.190625 0.240625 0.0125 0.0125
2 0.1984375 0.2440625 0.0125 0.01625
2 0.614375 0.6834374999999999 0.01 0.013750000000000002
2 0.569375 0.619375 0.013750000000000002 0.013750000000000002
2 0.558125 0.61 0.01 0.013750000000000002
2 0.61875 0.723125 0.0125 0.015
2 0.623125 0.7275 0.008749999999999999 0.01125
2 0.628125 0.7318749999999999 0.0125 0.013750000000000002
2 0.63375 0.73375 0.01125 0.01125
2 0.6396875 0.7384375000000001 0.013750000000000002 0.01125
2 0.67125 0.753125 0.01125 0.0125
2 0.6625 0.7446875000000001 0.0125 0.01125
2 0.646875 0.7684375 0.0125 0.015
2 0.641875 0.7737499999999999 0.015 0.01625
2 0.6271875 0.771875 0.013750000000000002 0.0125
2 0.528125 0.7615624999999999 0.0125 0.013750000000000002
2 0.54625 0.7740625 0.01125 0.013750000000000002
2 0.5478125 0.7078125 0.01125 0.0125
2 0.51625 0.6853125 0.013750000000000002 0.01125
2 0.521875 0.6865625 0.0125 0.013750000000000002
2 0.528125 0.690625 0.0125 0.0125
2 0.5334375 0.733125 0.013750000000000002 0.01
2 0.5543750000000001 0.8018750000000001 0.021249999999999998 0.01625
2 0.5131249999999999 0.8159375000000001 0.0075 0.01625
2 0.5046875 0.8146875 0.00625 0.013750000000000002
2 0.496875 0.8146875 0.00625 0.013750000000000002
2 0.56875 0.9928125 0.0125 0.013750000000000002
2 0.8724999999999999 0.6368750000000001 0.013750000000000002 0.017499999999999998
2 0.9046875 0.5912499999999999 0.0125 0.013750000000000002
2 0.39187500000000003 0.8125 0.015 0.0125
2 0.23156249999999998 0.8421875 0.01 0.0125
2 0.076875 0.1665625 0.01 0.01125
2 0.779375 0.0121875 0.008749999999999999 0.015
2 0.7571875 0.01 0.005 0.013750000000000002
2 0.9603125 0.5203125 0.01125 0.0125
2 0.715625 0.5912499999999999 0.0125 0.013750000000000002
