2 0.9809374999999999 0.495 0.015 0.015
2 0.9981249999999999 0.3428125 0.0025 0.0075
2 0.9978125 0.335 0.005 0.0075
2 0.9959374999999999 0.32 0.0075 0.008749999999999999
2 0.99375 0.30281250000000004 0.0125 0.008749999999999999
2 0.9949999999999999 0.3128125 0.008749999999999999 0.01
2 0.04625 0.62 0.01125 0.008749999999999999
2 0.5025000000000001 0.505 0.01125 0.01625
2 0.075 0.605 0.0125 0.01
2 0.41 0.3853125 0.013750000000000002 0.01125
2 0.48562500000000003 0.515625 0.008749999999999999 0.0125
2 0.5081249999999999 0.521875 0.01 0.0125
2 0.4575 0.985625 0.021249999999999998 0.015
2 0.5900000000000001 0.85125 0.017499999999999998 0.015
2 0.6196875000000001 0.8246874999999999 0.01125 0.008749999999999999
2 0.5796875 0.8484375 0.0125 0.0125
2 0.091875 0.5971875 0.015 0.01
2 0.16375 0.5321875 0.015 0.01125
2 0.5925 0.3365625 0.01625 0.013750000000000002
2 0.6246875000000001 0.0090625 0.015 0.015
2 0.14250000000000002 0.49312500000000004 0.01 0.01125
2 0.1375 0.473125 0.0125 0.015
2 0.143125 0.5131249999999999 0.01125 0.0075
2 0.150625 0.5028125 0.013750000000000002 0.008749999999999999
2 0.590625 0.29874999999999996 0.0125 0.01
2 0.5009375 0.18937500000000002 0.005 0.01
2 0.5234375 0.16125 0.00625 0.01
2 0.55375 0.10187500000000001 0.013750000000000002 0.01625
2 0.6178125 0.04 0.013750000000000002 0.01125
2 0.585 0.0571875 0.013750000000000002 0.01125
2 0.061250000000000006 0.610625 0.01 0.008749999999999999
2 0.0278125 0.6275000000000001 0.015 0.01125
2 0.9112500000000001 0.09875 0.0225 0.01625
2 0.9959374999999999 0.10687500000000001 0.0075 0.0075
2 0.7715625 0.24625 0.015 0.01125
2 0.744375 0.2165625 0.013750000000000002 0.01125
2 0.9453125 0.2915625 0.00625 0.01125
2 0.9396875 0.3365625 0.0075 0.013750000000000002
2 0.8296875 0.529375 0.0125 0.015
2 0.595625 0.4378125 0.01 0.01
2 0.671875 0.499375 0.0125 0.01125
2 0.8256249999999999 0.5965625 0.0075 0.015
2 0.865 0.4603125 0.01125 0.01125
2 0.671875 0.2809375 0.04375 0.027500000000000004
2 0.905625 0.3875 0.017499999999999998 0.01875
2 0.9 0.42000000000000004 0.01875 0.021249999999999998
2 0.8578125 0.5178125 0.01875 0.013750000000000002
2 0.01125 0.6378125 0.01625 0.01
2 0.7318749999999999 0.0034375000000000005 0.0075 0.00375
2 0.874375 0.0540625 0.005 0.01125
2 0.8378125000000001 0.05625 0.01 0.0125
2 0.8425 0.13468750000000002 0.01 0.01625
2 0.945625 0.11187499999999999 0.01 0.005
2 0.89625 0.083125 0.01125 0.01
2 0.883125 0.065625 0.01 0.0125
2 0.93125 0.26375000000000004 0.0125 0.015
2 0.8046875 0.22749999999999998 0.0125 0.01125
2 0.9484375 0.9106249999999999 0.0125 0.008749999999999999
2 0.8262499999999999 0.8768750000000001 0.015 0.01
2 0.795625 0.8528125 0.01 0.008749999999999999
2 0.8525 0.8865624999999999 0.01125 0.0075
2 0.900625 0.9021874999999999 0.013750000000000002 0.0075
2 0.9721875000000001 0.8821875 0.01 0.01125
2 0.99125 0.7575000000000001 0.013750000000000002 0.008749999999999999
2 0.9175000000000001 0.9037499999999999 0.01 0.0075
2 0.015625 0.008749999999999999 0.0125 0.01125
2 0.9315625000000001 0.9065625 0.01 0.01
2 0.906875 0.885 0.013750000000000002 0.0075
2 0.9981249999999999 0.775 0.0025 0.00625
2 0.9946875000000001 0.294375 0.01125 0.0075
2 0.87625 0.8940625000000001 0.015 0.01
2 0.8643750000000001 0.8881249999999999 0.01 0.0075
2 0.6018749999999999 0.31906249999999997 0.01625 0.01
2 0.5046875 0.2765625 0.00625 0.0125
2 0.8365625 0.0028125 0.0075 0.0025
2 0.205625 0.5075000000000001 0.01125 0.008749999999999999
2 0.26937500000000003 0.4625 0.013750000000000002 0.0125
2 0.354375 0.4203125 0.015 0.0125
2 0.3746875 0.41593749999999996 0.015 0.01
2 0.8621874999999999 0.05125 0.008749999999999999 0.015
2 0.9928125 0.28718750000000004 0.013750000000000002 0.008749999999999999
2 0.96125 0.2890625 0.00375 0.0125
2 0.2478125 0.48656249999999995 0.01125 0.0075
2 0.5650000000000001 0.3725 0.01125 0.013750000000000002
2 0.83125 0.8678125 0.0125 0.0075
2 0.9809374999999999 0.495 0.015 0.015
2 0.9981249999999999 0.3428125 0.0025 0.0075
2 0.9978125 0.335 0.005 0.0075
2 0.9959374999999999 0.32 0.0075 0.008749999999999999
2 0.99375 0.30281250000000004 0.0125 0.008749999999999999
2 0.9949999999999999 0.3128125 0.008749999999999999 0.01
2 0.04625 0.62 0.01125 0.008749999999999999
2 0.5025000000000001 0.505 0.01125 0.01625
2 0.075 0.605 0.0125 0.01
2 0.41 0.3853125 0.013750000000000002 0.01125
2 0.48562500000000003 0.515625 0.008749999999999999 0.0125
2 0.5081249999999999 0.521875 0.01 0.0125
2 0.4575 0.985625 0.021249999999999998 0.015
2 0.5900000000000001 0.85125 0.017499999999999998 0.015
2 0.6196875000000001 0.8246874999999999 0.01125 0.008749999999999999
2 0.5796875 0.8484375 0.0125 0.0125
2 0.091875 0.5971875 0.015 0.01
2 0.16375 0.5321875 0.015 0.01125
2 0.5925 0.3365625 0.01625 0.013750000000000002
2 0.6246875000000001 0.0090625 0.015 0.015
2 0.14250000000000002 0.49312500000000004 0.01 0.01125
2 0.1375 0.473125 0.0125 0.015
2 0.143125 0.5131249999999999 0.01125 0.0075
2 0.150625 0.5028125 0.013750000000000002 0.008749999999999999
2 0.590625 0.29874999999999996 0.0125 0.01
2 0.5009375 0.18937500000000002 0.005 0.01
2 0.5234375 0.16125 0.00625 0.01
2 0.55375 0.10187500000000001 0.013750000000000002 0.01625
2 0.6178125 0.04 0.013750000000000002 0.01125
2 0.585 0.0571875 0.013750000000000002 0.01125
2 0.061250000000000006 0.610625 0.01 0.008749999999999999
2 0.0278125 0.6275000000000001 0.015 0.01125
2 0.9112500000000001 0.09875 0.0225 0.01625
2 0.9959374999999999 0.10687500000000001 0.0075 0.0075
2 0.7715625 0.24625 0.015 0.01125
2 0.744375 0.2165625 0.013750000000000002 0.01125
2 0.9453125 0.2915625 0.00625 0.01125
2 0.9396875 0.3365625 0.0075 0.013750000000000002
2 0.8296875 0.529375 0.0125 0.015
2 0.595625 0.4378125 0.01 0.01
2 0.671875 0.499375 0.0125 0.01125
2 0.8256249999999999 0.5965625 0.0075 0.015
2 0.865 0.4603125 0.01125 0.01125
2 0.671875 0.2809375 0.04375 0.027500000000000004
2 0.905625 0.3875 0.017499999999999998 0.01875
2 0.9 0.42000000000000004 0.01875 0.021249999999999998
2 0.8578125 0.5178125 0.01875 0.013750000000000002
2 0.01125 0.6378125 0.01625 0.01
2 0.7318749999999999 0.0034375000000000005 0.0075 0.00375
2 0.874375 0.0540625 0.005 0.01125
2 0.8378125000000001 0.05625 0.01 0.0125
2 0.8425 0.13468750000000002 0.01 0.01625
2 0.945625 0.11187499999999999 0.01 0.005
2 0.89625 0.083125 0.01125 0.01
2 0.883125 0.065625 0.01 0.0125
2 0.93125 0.26375000000000004 0.0125 0.015
2 0.8046875 0.22749999999999998 0.0125 0.01125
2 0.9484375 0.9106249999999999 0.0125 0.008749999999999999
2 0.8262499999999999 0.8768750000000001 0.015 0.01
2 0.795625 0.8528125 0.01 0.008749999999999999
2 0.8525 0.8865624999999999 0.01125 0.0075
2 0.900625 0.9021874999999999 0.013750000000000002 0.0075
2 0.9721875000000001 0.8821875 0.01 0.01125
2 0.99125 0.7575000000000001 0.013750000000000002 0.008749999999999999
2 0.9175000000000001 0.9037499999999999 0.01 0.0075
2 0.015625 0.008749999999999999 0.0125 0.01125
2 0.9315625000000001 0.9065625 0.01 0.01
2 0.906875 0.885 0.013750000000000002 0.0075
2 0.9981249999999999 0.775 0.0025 0.00625
2 0.9946875000000001 0.294375 0.01125 0.0075
2 0.87625 0.8940625000000001 0.015 0.01
2 0.8643750000000001 0.8881249999999999 0.01 0.0075
2 0.6018749999999999 0.31906249999999997 0.01625 0.01
2 0.5046875 0.2765625 0.00625 0.0125
2 0.8365625 0.0028125 0.0075 0.0025
2 0.205625 0.5075000000000001 0.01125 0.008749999999999999
2 0.26937500000000003 0.4625 0.013750000000000002 0.0125
2 0.354375 0.4203125 0.015 0.0125
2 0.3746875 0.41593749999999996 0.015 0.01
2 0.8621874999999999 0.05125 0.008749999999999999 0.015
2 0.9928125 0.28718750000000004 0.013750000000000002 0.008749999999999999
2 0.96125 0.2890625 0.00375 0.0125
2 0.2478125 0.48656249999999995 0.01125 0.0075
2 0.5650000000000001 0.3725 0.01125 0.013750000000000002
2 0.83125 0.8678125 0.0125 0.0075
