2 0.1696875 0.75 0.01125 0.00625
2 0.028437499999999998 0.6756249999999999 0.00375 0.0075
2 0.01125 0.6790625 0.00375 0.01125
2 0.0040625 0.6809375 0.005 0.008749999999999999
2 0.075625 0.6984375 0.0075 0.0125
2 0.1759375 0.7837500000000001 0.01125 0.005
2 0.171875 0.759375 0.0125 0.00625
2 0.1640625 0.716875 0.0125 0.008749999999999999
2 0.0475 0.671875 0.0075 0.0125
2 0.11781250000000001 0.71 0.0075 0.013750000000000002
2 0.059375 0.7006249999999999 0.00625 0.013750000000000002
2 0.080625 0.7125 0.005 0.0125
2 0.0121875 0.6334375 0.008749999999999999 0.013750000000000002
2 0.040625 0.6775 0.00625 0.01125
2 0.06937499999999999 0.653125 0.0075 0.0125
2 0.0359375 0.721875 0.00625 0.0125
2 0.033125 0.6053124999999999 0.01 0.013750000000000002
2 0.0521875 0.6115625 0.0075 0.013750000000000002
2 0.06375 0.6171875 0.008749999999999999 0.0125
2 0.042812499999999996 0.720625 0.0075 0.01
2 0.075625 0.66875 0.0075 0.0125
2 0.049062499999999995 0.71875 0.0075 0.0125
2 0.093125 0.7128125 0.005 0.01
2 0.109375 0.6946875 0.00625 0.01125
2 0.096875 0.6953125 0.00625 0.0125
2 0.104375 0.628125 0.008749999999999999 0.0125
2 0.11156250000000001 0.6290625000000001 0.0075 0.01125
2 0.06875 0.6709375 0.00625 0.013750000000000002
2 0.091875 0.625 0.008749999999999999 0.0125
2 0.686875 0.0240625 0.01125 0.0075
2 0.6328125 0.693125 0.00625 0.01125
2 0.64 0.69375 0.005 0.0125
2 0.6453125 0.6928124999999999 0.00625 0.013750000000000002
2 0.6515625 0.6921875 0.00625 0.0125
2 0.47562499999999996 0.605 0.0075 0.01
2 0.6509375000000001 0.6184375 0.01125 0.008749999999999999
2 0.6534375 0.3775 0.01 0.005
2 0.684375 0.0171875 0.0125 0.00625
2 0.684375 0.0109375 0.0125 0.00625
2 0.684375 0.0046875 0.0125 0.00625
2 0.913125 0.579375 0.013750000000000002 0.008749999999999999
2 0.9643750000000001 0.5662499999999999 0.01 0.0075
2 0.6265625 0.6959375 0.00625 0.013750000000000002
2 0.6140625 0.6975 0.00625 0.013750000000000002
2 0.59375 0.7021875 0.00625 0.013750000000000002
2 0.5165625 0.7381249999999999 0.017499999999999998 0.0075
2 0.07906250000000001 0.0375 0.005 0.0125
2 0.168125 0.7375 0.01125 0.00625
2 0.45375 0.6959375 0.013750000000000002 0.013750000000000002
2 0.428125 0.6703125 0.0125 0.0125
2 0.205625 0.46187500000000004 0.005 0.01125
2 0.19718750000000002 0.46343750000000006 0.00375 0.01125
2 0.14375 0.45968749999999997 0.00625 0.01
2 0.1384375 0.45875000000000005 0.005 0.01125
2 0.3746875 0.9087500000000001 0.008749999999999999 0.005
2 0.39625 0.9803124999999999 0.01125 0.0075
2 0.35125 0.97875 0.008749999999999999 0.013750000000000002
2 0.3434375 0.9803124999999999 0.008749999999999999 0.013750000000000002
2 0.2621875 0.9390625 0.015 0.0125
2 0.3609375 0.92875 0.00625 0.013750000000000002
2 0.018125 0.59875 0.01125 0.01625
2 0.29 0.68125 0.01125 0.0125
2 0.3665625 0.9284375 0.005 0.01
2 0.4103125 0.8006249999999999 0.005 0.013750000000000002
2 0.34562499999999996 0.7675 0.01 0.01625
2 0.338125 0.765625 0.0075 0.0125
2 0.325 0.765 0.00625 0.01125
2 0.33218749999999997 0.765625 0.005 0.0125
2 0.375 0.9475 0.0125 0.0075
2 0.3759375 0.9256249999999999 0.01125 0.0075
2 0.3771875 0.9337500000000001 0.013750000000000002 0.005
2 0.471875 0.45625 0.0125 0.00625
2 0.48624999999999996 0.45625 0.01 0.00625
2 0.213125 0.4653125 0.0075 0.015
2 0.14750000000000002 0.688125 0.013750000000000002 0.0075
2 0.010624999999999999 0.5974999999999999 0.008749999999999999 0.013750000000000002
2 0.057499999999999996 0.7184375000000001 0.008749999999999999 0.015
2 0.063125 0.7165625 0.0075 0.01125
2 0.0740625 0.7162499999999999 0.0075 0.013750000000000002
2 0.0075 0.66625 0.008749999999999999 0.013750000000000002
2 0.1278125 0.6359375 0.008749999999999999 0.0125
2 0.146875 0.698125 0.0125 0.008749999999999999
2 0.1453125 0.6740625 0.0125 0.0075
2 0.1446875 0.680625 0.01125 0.005
2 0.07718749999999999 0.6209374999999999 0.0075 0.013750000000000002
2 0.6056250000000001 0.6990624999999999 0.005 0.013750000000000002
2 0.2996875 0.8334374999999999 0.015 0.0075
2 0.0053124999999999995 0.5928125 0.0075 0.013750000000000002
2 0.015 0.65 0.01125 0.00625
2 0.11000000000000001 0.64625 0.013750000000000002 0.01125
2 0.01 0.713125 0.0075 0.013750000000000002
2 0.0359375 0.6912499999999999 0.0125 0.013750000000000002
2 0.025625 0.6640625 0.0075 0.0125
2 0.0553125 0.6728125 0.0075 0.01125
2 0.5703125 0.185 0.0125 0.0075
2 0.6837500000000001 0.036875000000000005 0.01125 0.01125
2 0.0809375 0.5721875 0.015 0.01
2 0.01875 0.725 0.00625 0.0125
2 0.0115625 0.7262500000000001 0.0075 0.015
2 0.1303125 0.8550000000000001 0.013750000000000002 0.01
2 0.48624999999999996 0.81125 0.01 0.01625
2 0.520625 0.6771874999999999 0.01 0.013750000000000002
2 0.6703125 0.40062499999999995 0.00625 0.013750000000000002
