2 0.4928125 0.038125 0.02 0.0075
2 0.8290625 0.7875 0.005 0.0125
2 0.059375 0.8631249999999999 0.025 0.0075
2 0.3796875 0.7196875 0.00625 0.01125
2 0.21187499999999998 0.7462500000000001 0.005 0.01125
2 0.2328125 0.023125 0.0125 0.008749999999999999
2 0.54 0.025 0.01125 0.00625
2 0.5599999999999999 0.025 0.013750000000000002 0.00625
2 0.216875 0.0165625 0.015 0.01125
2 0.30093749999999997 0.040625 0.01125 0.00625
2 0.08562499999999999 0.859375 0.027500000000000004 0.0125
2 0.4146875 0.8943749999999999 0.013750000000000002 0.0075
2 0.26437499999999997 0.8931250000000001 0.01625 0.01125
2 0.281875 0.8928125 0.013750000000000002 0.0075
2 0.28500000000000003 0.884375 0.013750000000000002 0.00625
2 0.39125 0.8265625 0.013750000000000002 0.00625
2 0.6221875 0.8787499999999999 0.01 0.013750000000000002
2 0.7150000000000001 0.900625 0.01125 0.0075
2 0.7162499999999999 0.9078125 0.013750000000000002 0.00625
