2 0.095 0.7290625000000001 0.015 0.01125
2 0.23562500000000003 0.691875 0.015 0.008749999999999999
2 0.41375 0.6325000000000001 0.021249999999999998 0.015
2 0.8731249999999999 0.5081249999999999 0.015 0.01
2 0.8615625 0.551875 0.013750000000000002 0.01
2 0.2396875 0.0834375 0.0075 0.03875
2 0.29500000000000004 0.084375 0.008749999999999999 0.0375
2 0.196875 0.690625 0.0125 0.00625
2 0.2640625 0.08875 0.0125 0.03375
2 0.115625 0.045 0.01875 0.008749999999999999
2 0.315625 0.6678124999999999 0.0125 0.0075
2 0.0725 0.7596875 0.013750000000000002 0.01
2 0.015312500000000001 0.7353125 0.015 0.01125
2 0.754375 0.5431250000000001 0.015 0.01125
2 0.028437499999999998 0.7462500000000001 0.01625 0.01125
