2 0.836875 0.890625 0.01125 0.0125
2 0.8228125000000001 0.896875 0.01125 0.0125
2 0.818125 0.903125 0.01125 0.0125
2 0.7581249999999999 0.8953125 0.01 0.00625
2 0.7334375 0.9140625 0.0075 0.0125
2 0.7525000000000001 0.8778124999999999 0.01125 0.008749999999999999
2 0.7046875 0.9315625000000001 0.01875 0.01
2 0.7525000000000001 0.9721875000000001 0.01125 0.01
2 0.846875 0.8834375 0.0125 0.013750000000000002
2 0.8421875 0.8871874999999999 0.0125 0.015
2 0.8143750000000001 0.8825 0.01 0.008749999999999999
2 0.9087500000000001 0.8415625 0.01125 0.01125
2 0.77 0.6303124999999999 0.008749999999999999 0.013750000000000002
2 0.7496875000000001 0.656875 0.008749999999999999 0.013750000000000002
2 0.7434375 0.7996875 0.015 0.008749999999999999
2 0.9181250000000001 0.786875 0.01125 0.01125
2 0.92125 0.81375 0.01125 0.008749999999999999
2 0.9237500000000001 0.818125 0.01 0.005
2 0.9265625 0.8240624999999999 0.0125 0.0075
2 0.905 0.8453125 0.01 0.0125
2 0.85125 0.8571875 0.008749999999999999 0.01125
2 0.89875 0.8462500000000001 0.01 0.01125
2 0.8946875000000001 0.85 0.01125 0.0125
2 0.889375 0.85375 0.01 0.013750000000000002
2 0.8706250000000001 0.8690625000000001 0.01 0.01
2 0.9003125000000001 0.8565625000000001 0.01 0.01
2 0.8684375 0.8637499999999999 0.008749999999999999 0.008749999999999999
2 0.8634375000000001 0.8543749999999999 0.01125 0.008749999999999999
2 0.858125 0.850625 0.01 0.0075
2 0.85875 0.8456250000000001 0.01125 0.01
2 0.9428124999999999 0.40437500000000004 0.0075 0.015
