2 0.3290625 0.678125 0.01125 0.00625
2 0.49312500000000004 0.6012500000000001 0.01125 0.008749999999999999
2 0.4796875 0.6071875 0.0125 0.01125
2 0.46656250000000005 0.61375 0.01125 0.008749999999999999
2 0.448125 0.61875 0.015 0.0125
2 0.4328125 0.62625 0.0125 0.008749999999999999
2 0.3771875 0.665 0.0075 0.01125
2 0.346875 0.6671875 0.0125 0.00625
2 0.3484375 0.6756249999999999 0.0125 0.0075
2 0.2765625 0.6756249999999999 0.0125 0.0075
2 0.4265625 0.5996875 0.0125 0.008749999999999999
2 0.1546875 0.6465625 0.0125 0.008749999999999999
2 0.3796875 0.7015625 0.00625 0.0125
2 0.3890625 0.7140625 0.00625 0.0125
2 0.390625 0.73125 0.00625 0.0125
2 0.38656250000000003 0.7887500000000001 0.0075 0.015
2 0.403125 0.8087500000000001 0.00625 0.01125
2 0.388125 0.8324999999999999 0.0075 0.015
2 0.3884375 0.85875 0.005 0.01125
2 0.44000000000000006 0.603125 0.01125 0.00625
2 0.393125 0.6134375000000001 0.005 0.01125
2 0.865 0.0165625 0.017499999999999998 0.02375
2 0.109375 0.20187499999999997 0.00625 0.01625
2 0.35625 0.2 0.00625 0.0125
2 0.356875 0.21625 0.0075 0.013750000000000002
2 0.3578125 0.234375 0.00625 0.0125
2 0.359375 0.2659375 0.00625 0.01625
2 0.3765625 0.2728125 0.00625 0.01125
2 0.36 0.30656249999999996 0.0075 0.01
2 0.361875 0.3275 0.005 0.01125
2 0.4025 0.356875 0.01125 0.0075
2 0.5084375 0.38093750000000004 0.013750000000000002 0.008749999999999999
2 0.38687499999999997 0.60875 0.005 0.01125
2 0.31375000000000003 0.4146875 0.015 0.0075
2 0.323125 0.42093749999999996 0.015 0.0075
2 0.369375 0.43875000000000003 0.0075 0.015
2 0.37 0.48562500000000003 0.008749999999999999 0.015
2 0.10874999999999999 0.4721875 0.017499999999999998 0.01
2 0.3728125 0.51625 0.005 0.013750000000000002
2 0.368125 0.55125 0.005 0.008749999999999999
2 0.384375 0.5871875 0.00625 0.015
2 0.3934375 0.9340624999999999 0.008749999999999999 0.015
2 0.015 0.41593749999999996 0.01125 0.01
2 0.006562500000000001 0.49124999999999996 0.01 0.0075
2 0.3734375 0.21218750000000003 0.00625 0.008749999999999999
2 0.38625 0.21156250000000001 0.01 0.0075
2 0.3546875 0.1796875 0.00625 0.0125
2 0.991875 0.349375 0.015 0.005
2 0.9475 0.33187500000000003 0.013750000000000002 0.0075
2 0.825 0.3075 0.0125 0.008749999999999999
2 0.783125 0.3196875 0.01 0.005
2 0.7784375 0.3471875 0.01625 0.01
2 0.6465625 0.36375 0.015 0.008749999999999999
2 0.6275000000000001 0.31875 0.01125 0.00625
2 0.35625 0.161875 0.00625 0.01125
2 0.33968750000000003 0.01 0.0075 0.013750000000000002
2 0.34187500000000004 0.0303125 0.008749999999999999 0.013750000000000002
2 0.34500000000000003 0.05125 0.008749999999999999 0.015
2 0.35625 0.058437499999999996 0.00625 0.013750000000000002
2 0.3465625 0.07468749999999999 0.008749999999999999 0.015
2 0.349375 0.1303125 0.005 0.013750000000000002
2 0.35 0.1421875 0.00625 0.0125
2 0.36875 0.1375 0.00625 0.0125
2 0.375625 0.6240625 0.0075 0.013750000000000002
