2 0.903125 0.6465625 0.0125 0.008749999999999999
2 0.859375 0.20187499999999997 0.00625 0.01625
2 0.85875 0.4721875 0.017499999999999998 0.01
2 0.1525 0.8418749999999999 0.01125 0.021249999999999998
2 0.5475 0.783125 0.013750000000000002 0.01
2 0.54375 0.7584375 0.0125 0.0075
2 0.491875 0.7646875 0.015 0.0075
2 0.49031250000000004 0.7584375 0.015 0.0075
2 0.49124999999999996 0.7465625 0.013750000000000002 0.008749999999999999
2 0.0278125 0.790625 0.015 0.0125
2 0.09125 0.759375 0.013750000000000002 0.0125
2 0.2046875 0.7581249999999999 0.0125 0.01
2 0.350625 0.746875 0.0075 0.0125
2 0.765 0.41593749999999996 0.01125 0.01
2 0.7546875 0.49124999999999996 0.0125 0.0075
2 0.6484375 0.47531249999999997 0.0125 0.01
2 0.4225 0.6071875 0.013750000000000002 0.01125
2 0.4265625 0.564375 0.0125 0.01
2 0.29125 0.6190625 0.013750000000000002 0.01
2 0.1509375 0.6956249999999999 0.01125 0.01
2 0.136875 0.6903125 0.01125 0.008749999999999999
2 0.18875 0.985625 0.008749999999999999 0.015
2 0.5743750000000001 0.500625 0.042499999999999996 0.026250000000000002
