2 0.880625 0.7271875 0.017499999999999998 0.026250000000000002
2 0.865 0.7665625 0.017499999999999998 0.02375
2 0.109375 0.951875 0.00625 0.01625
2 0.35625 0.95 0.00625 0.0125
2 0.356875 0.9662499999999999 0.0075 0.013750000000000002
2 0.3578125 0.984375 0.00625 0.0125
2 0.3734375 0.9621875 0.00625 0.008749999999999999
2 0.38625 0.9615625 0.01 0.0075
2 0.3546875 0.9296875 0.00625 0.0125
2 0.35625 0.911875 0.00625 0.01125
2 0.33875 0.715625 0.008749999999999999 0.0125
2 0.306875 0.396875 0.0075 0.0125
2 0.30281250000000004 0.47406249999999994 0.008749999999999999 0.013750000000000002
2 0.32156250000000003 0.591875 0.008749999999999999 0.015
2 0.33187500000000003 0.678125 0.0075 0.0125
2 0.2 0.7453125 0.0125 0.0125
2 0.281875 0.70375 0.013750000000000002 0.0075
2 0.303125 0.703125 0.0125 0.00625
2 0.32375 0.7065625 0.01625 0.01
2 0.33875 0.7421875 0.008749999999999999 0.0125
2 0.33968750000000003 0.76 0.0075 0.013750000000000002
2 0.34187500000000004 0.7803125 0.008749999999999999 0.013750000000000002
2 0.34500000000000003 0.8012499999999999 0.008749999999999999 0.015
2 0.35625 0.8084374999999999 0.00625 0.013750000000000002
2 0.3465625 0.8246874999999999 0.008749999999999999 0.015
2 0.349375 0.8803124999999999 0.005 0.013750000000000002
2 0.3515625 0.8921875 0.00625 0.0125
2 0.36875 0.8875 0.00625 0.0125
2 0.3015625 0.36625 0.00625 0.013750000000000002
2 0.29031250000000003 0.32218749999999996 0.008749999999999999 0.01625
2 0.2709375 0.3046875 0.0075 0.0125
2 0.28250000000000003 0.271875 0.008749999999999999 0.0125
2 0.2184375 0.0021874999999999998 0.008749999999999999 0.00125
2 0.2303125 0.009375 0.0075 0.0125
2 0.26625 0.055625 0.0075 0.01125
2 0.23500000000000001 0.07718749999999999 0.0075 0.013750000000000002
2 0.24562499999999998 0.16375 0.01 0.015
