2 0.114375 0.5896874999999999 0.01 0.013750000000000002
2 0.1025 0.79375 0.017499999999999998 0.00625
2 0.0653125 0.456875 0.008749999999999999 0.013750000000000002
2 0.10874999999999999 0.0059375 0.005 0.008749999999999999
2 0.093125 0.03375 0.017499999999999998 0.01125
2 0.0615625 0.38937499999999997 0.0075 0.01
2 0.2684375 0.1271875 0.008749999999999999 0.013750000000000002
2 0.15812500000000002 0.1828125 0.01 0.0125
2 0.195625 0.16312500000000002 0.01 0.013750000000000002
2 0.020624999999999998 0.2875 0.01 0.0125
2 0.029375000000000002 0.2834375 0.008749999999999999 0.013750000000000002
2 0.0240625 0.26875 0.0075 0.0125
2 0.035625000000000004 0.303125 0.008749999999999999 0.0125
2 0.041875 0.3178125 0.008749999999999999 0.013750000000000002
2 0.057499999999999996 0.375625 0.008749999999999999 0.013750000000000002
