2 0.2 0.0028125 0.00625 0.0025
2 0.129375 0.034375 0.008749999999999999 0.0125
2 0.10625 0.048125 0.0125 0.008749999999999999
2 0.3859375 0.096875 0.00625 0.0125
2 0.390625 0.1171875 0.00625 0.0125
2 0.2984375 0.148125 0.0125 0.008749999999999999
2 0.3759375 0.2190625 0.01125 0.01
2 0.33218749999999997 0.200625 0.01125 0.0075
2 0.38375 0.280625 0.01125 0.005
2 0.2078125 0.0034375000000000005 0.00625 0.00375
2 0.41156249999999994 0.505 0.013750000000000002 0.01
2 0.225 0.3109375 0.0125 0.0125
2 0.4490625 0.5193749999999999 0.013750000000000002 0.0075
2 0.40406250000000005 0.735625 0.01125 0.015
2 0.41937499999999994 0.8203125 0.0075 0.0125
2 0.371875 0.9775 0.00625 0.01125
2 0.369375 0.9646874999999999 0.0075 0.013750000000000002
2 0.346875 0.9234375 0.0125 0.00625
2 0.381875 0.885 0.0075 0.013750000000000002
2 0.3559375 0.836875 0.008749999999999999 0.01125
2 0.3596875 0.8543749999999999 0.01 0.015
2 0.3484375 0.8415625 0.0125 0.017499999999999998
2 0.2971875 0.8975 0.01 0.013750000000000002
2 0.280625 0.9165625000000001 0.017499999999999998 0.01125
2 0.1190625 0.97875 0.01 0.013750000000000002
2 0.230625 0.91375 0.01125 0.015
2 0.8415625 0.3959375 0.01125 0.013750000000000002
2 0.79375 0.3559375 0.0125 0.008749999999999999
2 0.9793749999999999 0.4721875 0.015 0.01
2 0.528125 0.9328125 0.0125 0.0125
2 0.6131249999999999 0.9240625 0.013750000000000002 0.0075
2 0.925 0.8353125 0.00625 0.01125
2 0.51 0.8371875 0.013750000000000002 0.021249999999999998
2 0.504375 0.8090624999999999 0.008749999999999999 0.015
2 0.4878125 0.754375 0.01 0.015
2 0.48250000000000004 0.7381249999999999 0.008749999999999999 0.013750000000000002
2 0.594375 0.6775 0.013750000000000002 0.01125
2 0.8418749999999999 0.01875 0.008749999999999999 0.0125
2 0.3746875 0.055937499999999994 0.008749999999999999 0.015
2 0.4803125 0.042499999999999996 0.013750000000000002 0.01
2 0.844375 0.050624999999999996 0.013750000000000002 0.0075
2 0.8071875000000001 0.10874999999999999 0.017499999999999998 0.01125
2 0.7740625 0.1159375 0.013750000000000002 0.01
2 0.5515625 0.3153125 0.0125 0.008749999999999999
2 0.8956250000000001 0.6346875 0.01 0.01625
2 0.8724999999999999 0.49437499999999995 0.013750000000000002 0.013750000000000002
2 0.8396874999999999 0.459375 0.013750000000000002 0.0125
2 0.8153124999999999 0.4025 0.015 0.01125
2 0.7815624999999999 0.3071875 0.01 0.01125
2 0.7515625 0.29375 0.0125 0.0125
2 0.656875 0.36375 0.0075 0.008749999999999999
2 0.6815625 0.35031249999999997 0.01 0.01
2 0.53125 0.3903125 0.0125 0.008749999999999999
2 0.533125 0.3225 0.01 0.013750000000000002
2 0.75625 0.1190625 0.0125 0.01
2 0.5309375000000001 0.304375 0.008749999999999999 0.015
2 0.53625 0.290625 0.01 0.0125
2 0.53125 0.265625 0.0125 0.0125
2 0.558125 0.22875 0.01 0.013750000000000002
2 0.735 0.25875 0.013750000000000002 0.01125
2 0.7234375 0.23937499999999998 0.0125 0.01
2 0.7015625 0.21375000000000002 0.0125 0.008749999999999999
2 0.7 0.20125 0.0125 0.008749999999999999
2 0.6953125 0.191875 0.0125 0.008749999999999999
2 0.52625 0.12875 0.008749999999999999 0.013750000000000002
2 0.21187499999999998 0.15812500000000002 0.01125 0.01
2 0.45968749999999997 0.5175 0.01 0.01
