2 0.8990625 0.3740625 0.0075 0.013750000000000002
2 0.9275 0.52 0.01125 0.015
2 0.9081250000000001 0.41281249999999997 0.01 0.01625
2 0.960625 0.4496875 0.015 0.008749999999999999
2 0.9809374999999999 0.4178125 0.008749999999999999 0.013750000000000002
2 0.9715624999999999 0.628125 0.008749999999999999 0.0125
2 0.9484375 0.6434375 0.0125 0.008749999999999999
2 0.934375 0.593125 0.0125 0.01125
2 0.984375 0.370625 0.00625 0.01
2 0.8896875 0.028125 0.0075 0.0125
2 0.88125 0.030625000000000003 0.00625 0.01125
2 0.874375 0.0321875 0.005 0.01125
2 0.8618750000000001 0.03375 0.005 0.01125
2 0.9634375000000001 0.0909375 0.005 0.01
2 0.9546875 0.09031249999999999 0.00625 0.015
2 0.95875 0.1159375 0.01125 0.01625
2 0.985625 0.18156250000000002 0.008749999999999999 0.01625
2 0.9765625 0.1796875 0.00625 0.0125
2 0.9512499999999999 0.1825 0.008749999999999999 0.015
2 0.9390625 0.18375 0.00625 0.01125
2 0.9321875000000001 0.18375 0.005 0.01125
2 0.865625 0.338125 0.0125 0.0075
2 0.9521875 0.015625 0.013750000000000002 0.0125
2 0.9821875 0.0225 0.01125 0.013750000000000002
2 0.88125 0.0040625 0.00625 0.005
2 0.9012499999999999 0.0053124999999999995 0.008749999999999999 0.0075
2 0.8943749999999999 0.0046875 0.0075 0.00625
2 0.8890625 0.0046875 0.00625 0.00625
2 0.5549999999999999 0.0128125 0.01625 0.0225
2 0.51625 0.058125 0.013750000000000002 0.01625
2 0.525625 0.058125 0.013750000000000002 0.01625
2 0.4959375 0.0803125 0.013750000000000002 0.013750000000000002
2 0.50625 0.0803125 0.0125 0.013750000000000002
2 0.515 0.078125 0.01125 0.0125
2 0.5237499999999999 0.078125 0.01 0.0125
2 0.6118750000000001 0.11875 0.01125 0.00625
2 0.59375 0.12125 0.0125 0.005
2 0.5784374999999999 0.121875 0.01 0.00625
2 0.564375 0.121875 0.01 0.00625
2 0.5225 0.096875 0.013750000000000002 0.0125
2 0.5159374999999999 0.09625 0.01 0.01125
2 0.5081249999999999 0.096875 0.01 0.0125
2 0.5009375 0.096875 0.01125 0.0125
2 0.49124999999999996 0.0975 0.013750000000000002 0.013750000000000002
2 0.5181250000000001 0.109375 0.01125 0.00625
2 0.5303125 0.1084375 0.013750000000000002 0.0075
2 0.515625 0.121875 0.0125 0.0125
2 0.505625 0.1221875 0.01125 0.01
2 0.49312500000000004 0.12062500000000001 0.01125 0.01
2 0.48218750000000005 0.12281249999999999 0.01125 0.01125
2 0.5090625 0.008749999999999999 0.015 0.01125
2 0.4971875 0.040625 0.01 0.0125
2 0.5403125 0.17781249999999998 0.015 0.008749999999999999
2 0.47874999999999995 0.195 0.013750000000000002 0.008749999999999999
2 0.44781250000000006 0.181875 0.01125 0.0075
2 0.37875000000000003 0.16499999999999998 0.013750000000000002 0.01125
2 0.51875 0.041249999999999995 0.00625 0.013750000000000002
2 0.5125 0.041249999999999995 0.00625 0.013750000000000002
2 0.50625 0.041875 0.00625 0.015
2 0.4109375 0.095 0.0125 0.008749999999999999
2 0.3753125 0.08875 0.01 0.015
2 0.38468749999999996 0.096875 0.01 0.0125
2 0.414375 0.1084375 0.01 0.013750000000000002
2 0.21875 0.10625 0.0125 0.0125
2 0.33968750000000003 0.25125000000000003 0.013750000000000002 0.015
2 0.290625 0.21937500000000001 0.0125 0.0075
2 0.2584375 0.20593750000000002 0.013750000000000002 0.008749999999999999
2 0.15625 0.234375 0.0125 0.00625
2 0.1103125 0.241875 0.017499999999999998 0.008749999999999999
2 0.06937499999999999 0.250625 0.013750000000000002 0.0075
