2 0.21937500000000001 0.196875 0.0075 0.0125
2 0.27937500000000004 0.521875 0.008749999999999999 0.0125
2 0.271875 0.46875 0.00625 0.0125
2 0.241875 0.42312500000000003 0.008749999999999999 0.015
2 0.263125 0.3640625 0.0075 0.0125
2 0.23562500000000003 0.3521875 0.008749999999999999 0.013750000000000002
2 0.263125 0.28500000000000003 0.0075 0.013750000000000002
2 0.250625 0.2521875 0.0075 0.013750000000000002
2 0.20125 0.0109375 0.008749999999999999 0.0125
2 0.2 0.1034375 0.0125 0.0225
2 0.29375 0.568125 0.00625 0.01125
2 0.28875 0.6365624999999999 0.008749999999999999 0.013750000000000002
2 0.26625 0.6496875 0.0075 0.015
2 0.308125 0.745 0.01 0.021249999999999998
2 0.33125 0.9784375000000001 0.00625 0.01625
2 0.285625 0.983125 0.008749999999999999 0.01625
2 0.3178125 0.92875 0.0075 0.013750000000000002
2 0.31875 0.8612500000000001 0.0125 0.0225
2 0.3078125 0.8474999999999999 0.00625 0.013750000000000002
2 0.30062500000000003 0.7609375 0.0075 0.0125
