2 0.40843749999999995 0.0840625 0.0075 0.015
2 0.44749999999999995 0.99125 0.0075 0.013750000000000002
2 0.4421875 0.8943749999999999 0.00625 0.013750000000000002
2 0.45375 0.89875 0.0075 0.01625
2 0.4771875 0.8715624999999999 0.0075 0.015
2 0.45968749999999997 0.480625 0.01 0.017499999999999998
2 0.410625 0.24937499999999999 0.008749999999999999 0.017499999999999998
2 0.40843749999999995 0.0840625 0.0075 0.015
2 0.44749999999999995 0.99125 0.0075 0.013750000000000002
2 0.4421875 0.8943749999999999 0.00625 0.013750000000000002
2 0.45375 0.89875 0.0075 0.01625
2 0.4771875 0.8715624999999999 0.0075 0.015
2 0.45968749999999997 0.480625 0.01 0.017499999999999998
2 0.410625 0.24937499999999999 0.008749999999999999 0.017499999999999998
