2 0.1365625 0.9678125 0.0075 0.013750000000000002
2 0.2165625 0.9712500000000001 0.005 0.01125
2 0.2 0.9765625 0.00625 0.0125
2 0.19375 0.961875 0.00625 0.01125
2 0.20218750000000002 0.96 0.0075 0.013750000000000002
2 0.209375 0.9584374999999999 0.00625 0.013750000000000002
2 0.23156249999999998 0.93125 0.01 0.00625
2 0.2303125 0.94375 0.013750000000000002 0.00625
2 0.1240625 0.9862500000000001 0.0075 0.01625
2 0.11625 0.9868750000000001 0.0075 0.017499999999999998
2 0.2171875 0.96 0.00625 0.013750000000000002
2 0.5825 0.9184374999999999 0.008749999999999999 0.015
2 0.5771875 0.8881249999999999 0.0075 0.013750000000000002
2 0.328125 0.875625 0.0125 0.0075
2 0.0684375 0.021562500000000002 0.015 0.008749999999999999
2 0.023125 0.0871875 0.015 0.008749999999999999
2 0.04625 0.046875 0.01125 0.0125
2 0.044375 0.0365625 0.013750000000000002 0.013750000000000002
2 0.042499999999999996 0.029375000000000002 0.01625 0.015
2 0.040625 0.021875 0.0125 0.0125
2 0.0390625 0.014687500000000001 0.0125 0.013750000000000002
2 0.06687499999999999 0.013750000000000002 0.015 0.008749999999999999
2 0.0709375 0.028125 0.013750000000000002 0.00625
2 0.06875 0.9921875 0.00625 0.0125
2 0.0709375 0.035625000000000004 0.013750000000000002 0.008749999999999999
2 0.073125 0.043125000000000004 0.015 0.005
2 0.06687499999999999 0.0075 0.015 0.008749999999999999
2 0.020624999999999998 0.073125 0.01625 0.008749999999999999
2 0.016875 0.0646875 0.015 0.0075
2 0.0159375 0.057499999999999996 0.01625 0.008749999999999999
2 0.0134375 0.044375 0.017499999999999998 0.0075
2 0.0615625 0.99375 0.0075 0.0125
2 0.11499999999999999 0.9375 0.005 0.0125
2 0.121875 0.9365625 0.00625 0.013750000000000002
2 0.128125 0.9359375 0.00625 0.0125
2 0.1484375 0.9328125 0.00625 0.0125
2 0.15562499999999999 0.93125 0.005 0.0125
2 0.171875 0.9275 0.00625 0.01125
2 0.178125 0.928125 0.00625 0.0125
2 0.1859375 0.9278124999999999 0.00625 0.015
2 0.203125 0.9265625 0.00625 0.0125
2 0.21000000000000002 0.9246874999999999 0.0075 0.015
2 0.09 0.3740625 0.01125 0.013750000000000002
2 0.0171875 0.3440625 0.00625 0.01
2 0.0078125 0.1859375 0.0125 0.0125
2 0.027187499999999996 0.1184375 0.02 0.008749999999999999
2 0.7571875 0.0728125 0.017499999999999998 0.03
2 0.844375 0.349375 0.02 0.01125
2 0.0390625 0.0078125 0.01875 0.0125
2 0.1375 0.9834375 0.00625 0.013750000000000002
2 0.13187500000000002 0.9840625 0.0075 0.015
2 0.23312499999999997 0.9215625 0.01625 0.008749999999999999
