2 0.39437500000000003 0.26937500000000003 0.013750000000000002 0.026250000000000002
2 0.6403125000000001 0.6837500000000001 0.015 0.02375
2 0.469375 0.8400000000000001 0.02 0.017499999999999998
2 0.425625 0.36375 0.013750000000000002 0.03375
2 0.4375 0.49437499999999995 0.01875 0.026250000000000002
2 0.5025000000000001 0.5715625 0.01125 0.015
2 0.538125 0.6109375 0.013750000000000002 0.01875
2 0.5740624999999999 0.6599999999999999 0.0075 0.013750000000000002
2 0.5037499999999999 0.6753125 0.02 0.01
2 0.41500000000000004 0.760625 0.01125 0.015
2 0.4328125 0.7771874999999999 0.0125 0.013750000000000002
2 0.815625 0.9378125 0.025 0.01625
2 0.734375 0.9184374999999999 0.01875 0.021249999999999998
2 0.845 0.9346875000000001 0.008749999999999999 0.01
2 0.8359375 0.795625 0.01875 0.0225
2 0.8975 0.716875 0.02 0.021249999999999998
2 0.39437500000000003 0.26937500000000003 0.013750000000000002 0.026250000000000002
2 0.6403125000000001 0.6837500000000001 0.015 0.02375
2 0.469375 0.8400000000000001 0.02 0.017499999999999998
2 0.425625 0.36375 0.013750000000000002 0.03375
2 0.4375 0.49437499999999995 0.01875 0.026250000000000002
2 0.5025000000000001 0.5715625 0.01125 0.015
2 0.538125 0.6109375 0.013750000000000002 0.01875
2 0.5740624999999999 0.6599999999999999 0.0075 0.013750000000000002
2 0.5037499999999999 0.6753125 0.02 0.01
2 0.41500000000000004 0.760625 0.01125 0.015
2 0.4328125 0.7771874999999999 0.0125 0.013750000000000002
2 0.815625 0.9378125 0.025 0.01625
2 0.734375 0.9184374999999999 0.01875 0.021249999999999998
2 0.845 0.9346875000000001 0.008749999999999999 0.01
2 0.8359375 0.795625 0.01875 0.0225
2 0.8975 0.716875 0.02 0.021249999999999998
