2 0.0909375 0.00625 0.028749999999999998 0.0125
2 0.014374999999999999 0.13218749999999999 0.01 0.02375
2 0.31625000000000003 0.0096875 0.026250000000000002 0.01
2 0.259375 0.0115625 0.025 0.013750000000000002
2 0.22875 0.008749999999999999 0.026250000000000002 0.01125
2 0.060312500000000005 0.01125 0.03 0.01625
2 0.20249999999999999 0.0078125 0.03 0.0125
2 0.286875 0.011875 0.03 0.01125
2 0.34187500000000004 0.008749999999999999 0.027500000000000004 0.01125
2 0.384375 0.013125000000000001 0.0375 0.013750000000000002
2 0.61125 0.228125 0.01625 0.025
2 0.501875 0.021562500000000002 0.034999999999999996 0.015
2 0.590625 0.0221875 0.03125 0.01
2 0.41218750000000004 0.014374999999999999 0.021249999999999998 0.01
