2 0.45437500000000003 0.40718750000000004 0.027500000000000004 0.02375
2 0.6803125 0.9375 0.026250000000000002 0.01875
2 0.696875 0.791875 0.01875 0.027500000000000004
2 0.5871875 0.5862499999999999 0.027500000000000004 0.01625
2 0.575 0.573125 0.025 0.015
2 0.564375 0.5587500000000001 0.0225 0.01125
2 0.55375 0.5421875 0.026250000000000002 0.0125
2 0.541875 0.528125 0.027500000000000004 0.0125
2 0.529375 0.5153125000000001 0.027500000000000004 0.015
2 0.5215625 0.5037499999999999 0.027500000000000004 0.013750000000000002
2 0.5134375 0.488125 0.02375 0.013750000000000002
2 0.1303125 0.3071875 0.026250000000000002 0.017499999999999998
2 0.45437500000000003 0.40718750000000004 0.027500000000000004 0.02375
2 0.6803125 0.9375 0.026250000000000002 0.01875
2 0.696875 0.791875 0.01875 0.027500000000000004
2 0.5871875 0.5862499999999999 0.027500000000000004 0.01625
2 0.575 0.573125 0.025 0.015
2 0.564375 0.5587500000000001 0.0225 0.01125
2 0.55375 0.5421875 0.026250000000000002 0.0125
2 0.541875 0.528125 0.027500000000000004 0.0125
2 0.529375 0.5153125000000001 0.027500000000000004 0.015
2 0.5215625 0.5037499999999999 0.027500000000000004 0.013750000000000002
2 0.5134375 0.488125 0.02375 0.013750000000000002
2 0.1303125 0.3071875 0.026250000000000002 0.017499999999999998
