2 0.9609375 0.630625 0.03125 0.017499999999999998
2 0.558125 0.5765625 0.028749999999999998 0.0125
2 0.558125 0.5909375 0.0225 0.01
2 0.5596875 0.6071875 0.0225 0.01125
2 0.5559375 0.620625 0.027500000000000004 0.01
2 0.555625 0.635625 0.03 0.015
2 0.548125 0.653125 0.027500000000000004 0.0125
2 0.4221875 0.7184375000000001 0.0225 0.008749999999999999
2 0.278125 0.860625 0.025 0.027500000000000004
2 0.2515625 0.525625 0.0125 0.0325
2 0.2515625 0.560625 0.0125 0.021249999999999998
2 0.9875 0.7725 0.025 0.013750000000000002
2 0.9581250000000001 0.66125 0.0225 0.01625
2 0.965625 0.60875 0.025 0.01125
2 0.9821875 0.48187499999999994 0.02375 0.013750000000000002
2 0.9703125 0.55125 0.025 0.015
2 0.4565625 0.7734375 0.0225 0.03125
