2 0.996875 0.36343749999999997 0.00625 0.02375
2 0.8793749999999999 0.3959375 0.015 0.026250000000000002
2 0.875 0.4809375 0.0125 0.027500000000000004
2 0.9428124999999999 0.5228125 0.013750000000000002 0.02375
2 0.8975 0.5234375 0.013750000000000002 0.03125
2 0.8703125 0.6015625 0.0125 0.025
2 0.9581250000000001 0.6068749999999999 0.01 0.026250000000000002
2 0.8521875 0.7140625 0.026250000000000002 0.0125
2 0.9643750000000001 0.756875 0.028749999999999998 0.013750000000000002
2 0.915625 0.92125 0.0125 0.02375
2 0.9015625 0.9209375 0.0125 0.026250000000000002
2 0.8703125 0.9184374999999999 0.0125 0.027500000000000004
2 0.8259375 0.915625 0.01125 0.025
2 0.9087500000000001 0.8334374999999999 0.01125 0.026250000000000002
2 0.925 0.835625 0.0125 0.027500000000000004
2 0.8659375 0.834375 0.01 0.025
2 0.8228125000000001 0.835 0.01125 0.026250000000000002
2 0.928125 0.36 0.0125 0.026250000000000002
2 0.8515625 0.35875 0.0125 0.03
2 0.9521875 0.4046875 0.013750000000000002 0.03125
2 0.8931250000000001 0.40031249999999996 0.01125 0.028749999999999998
2 0.2821875 0.0234375 0.02375 0.0125
2 0.27999999999999997 0.041249999999999995 0.028749999999999998 0.013750000000000002
2 0.27999999999999997 0.07375000000000001 0.0225 0.01
2 0.27999999999999997 0.09 0.028749999999999998 0.01125
2 0.33187500000000003 0.48125 0.026250000000000002 0.0125
2 0.356875 0.540625 0.026250000000000002 0.0125
2 0.370625 0.3615625 0.0225 0.013750000000000002
2 0.3390625 0.3296875 0.025 0.0125
2 0.3359375 0.346875 0.025 0.0125
2 0.3309375 0.43499999999999994 0.027500000000000004 0.013750000000000002
2 0.28125 0.10406249999999999 0.025 0.01125
2 0.33718750000000003 0.390625 0.027500000000000004 0.0125
2 0.33781249999999996 0.3740625 0.028749999999999998 0.013750000000000002
2 0.2546875 0.5340625 0.025 0.015
2 0.25625 0.505625 0.025 0.01125
2 0.25875 0.47750000000000004 0.03 0.01125
2 0.350625 0.034375 0.0325 0.0125
2 0.350625 0.019375 0.0325 0.013750000000000002
2 0.26937500000000003 0.2265625 0.026250000000000002 0.0125
2 0.2790625 0.11968749999999999 0.02375 0.01125
2 0.28312499999999996 0.0059375 0.028749999999999998 0.008749999999999999
2 0.3509375 0.0053124999999999995 0.03625 0.0075
2 0.3509375 0.1075 0.02375 0.008749999999999999
2 0.34750000000000003 0.1240625 0.026250000000000002 0.013750000000000002
2 0.978125 0.2815625 0.0125 0.028749999999999998
2 0.2728125 0.17875000000000002 0.03 0.013750000000000002
2 0.3225 0.5396875 0.0325 0.013750000000000002
2 0.8546875 0.6 0.0125 0.0375
2 0.838125 0.5962500000000001 0.013750000000000002 0.03625
2 0.9596875 0.9215625 0.01625 0.03375
2 0.9981249999999999 0.9243750000000001 0.0025 0.03
2 0.885 0.9193749999999999 0.013750000000000002 0.0325
2 0.8940625000000001 0.8359375 0.01 0.03125
2 0.8821875 0.835625 0.01125 0.027500000000000004
2 0.8471875000000001 0.8378125000000001 0.01625 0.034999999999999996
2 0.196875 0.7165625 0.03125 0.01125
2 0.7559375 0.7484375 0.03375 0.0125
2 0.36375 0.524375 0.027500000000000004 0.01125
2 0.34625 0.213125 0.03 0.013750000000000002
2 0.3628125 0.496875 0.028749999999999998 0.0125
2 0.365 0.4815625 0.03 0.01625
2 0.364375 0.46749999999999997 0.028749999999999998 0.01625
2 0.3665625 0.4503125 0.03 0.01625
2 0.3678125 0.41937499999999994 0.026250000000000002 0.013750000000000002
2 0.3675 0.40531249999999996 0.028749999999999998 0.013750000000000002
2 0.44375 0.36062500000000003 0.03125 0.015
2 0.36906249999999996 0.3765625 0.028749999999999998 0.01875
2 0.346875 0.1546875 0.025 0.0125
2 0.2725 0.1975 0.0325 0.013750000000000002
2 0.273125 0.2125 0.027500000000000004 0.0125
2 0.553125 0.735625 0.025 0.015
2 0.3325 0.4965625 0.021249999999999998 0.015
2 0.2728125 0.16499999999999998 0.03 0.01125
2 0.32937500000000003 0.510625 0.027500000000000004 0.015
2 0.26375000000000004 0.3921875 0.021249999999999998 0.0125
2 0.2640625 0.3765625 0.025 0.0125
2 0.4346875 0.4725 0.0225 0.013750000000000002
2 0.35125 0.0953125 0.027500000000000004 0.0125
2 0.35 0.08125 0.025 0.0125
2 0.35031249999999997 0.06625 0.0225 0.013750000000000002
2 0.35031249999999997 0.0484375 0.0225 0.0125
2 0.27468750000000003 0.15031250000000002 0.027500000000000004 0.01
2 0.3421875 0.1990625 0.025 0.013750000000000002
2 0.34375 0.17250000000000001 0.025 0.013750000000000002
2 0.3421875 0.140625 0.03125 0.0125
2 0.48875 0.691875 0.03375 0.015
2 0.44125 0.34125 0.0325 0.013750000000000002
2 0.9459375 0.2809375 0.013750000000000002 0.027500000000000004
