2 0.8909375 0.645 0.0225 0.008749999999999999
2 0.9403124999999999 0.6603125000000001 0.021249999999999998 0.01125
2 0.9081250000000001 0.37906249999999997 0.0225 0.01125
2 0.8690625000000001 0.41500000000000004 0.0225 0.01125
2 0.8753125 0.480625 0.0225 0.01125
2 0.9256249999999999 0.53 0.02 0.01
2 0.9275 0.5634375 0.02375 0.01125
2 0.88375 0.5575 0.02375 0.008749999999999999
2 0.8946875000000001 0.6878124999999999 0.03 0.01
2 0.9034375000000001 0.7528125 0.0225 0.008749999999999999
2 0.9081250000000001 0.79625 0.0225 0.01125
2 0.9125 0.8306250000000001 0.01875 0.01125
2 0.9128125 0.853125 0.0225 0.0125
2 0.953125 0.7925 0.01875 0.01
2 0.9512499999999999 0.7584375 0.021249999999999998 0.0075
2 0.9487500000000001 0.748125 0.0225 0.008749999999999999
2 0.9418749999999999 0.6953125 0.021249999999999998 0.0125
2 0.9324999999999999 0.608125 0.021249999999999998 0.01
2 0.9324999999999999 0.595625 0.021249999999999998 0.01
2 0.9353125 0.6296875 0.02375 0.0125
