2 0.1953125 0.7103125 0.0125 0.02375
2 0.073125 0.7428125 0.015 0.026250000000000002
2 0.0703125 0.829375 0.0125 0.027500000000000004
2 0.20125 0.87625 0.015 0.03375
2 0.138125 0.8712500000000001 0.013750000000000002 0.02375
2 0.09281249999999999 0.8703125 0.013750000000000002 0.03125
2 0.065625 0.9484375 0.0125 0.025
2 0.1534375 0.95375 0.01 0.026250000000000002
2 0.121875 0.7084374999999999 0.0125 0.026250000000000002
2 0.046875 0.7056250000000001 0.0125 0.03
2 0.21625 0.6315625 0.013750000000000002 0.028749999999999998
2 0.528125 0.9375 0.0125 0.03125
2 0.44125 0.275 0.013750000000000002 0.03125
2 0.44375 0.24343750000000003 0.0125 0.027500000000000004
2 0.41156249999999994 0.270625 0.013750000000000002 0.028749999999999998
2 0.336875 0.26968749999999997 0.01125 0.03
2 0.306875 0.26875 0.013750000000000002 0.03125
2 0.709375 0.5928125 0.0125 0.026250000000000002
2 0.684375 0.623125 0.0125 0.027500000000000004
2 0.60625 0.7253125 0.0125 0.028749999999999998
2 0.304375 0.9253125000000001 0.015 0.028749999999999998
2 0.14750000000000002 0.7515625 0.013750000000000002 0.03125
2 0.334375 0.9 0.0125 0.03125
2 0.3515625 0.8971875 0.0125 0.028749999999999998
2 0.3821875 0.89875 0.01125 0.028749999999999998
2 0.42843749999999997 0.8290625 0.01625 0.03625
2 0.40031249999999996 0.7990625 0.01625 0.0325
2 0.354375 0.8300000000000001 0.015 0.028749999999999998
2 0.3109375 0.82125 0.0125 0.03
2 0.3434375 0.7278125 0.015 0.03375
2 0.3146875 0.7268749999999999 0.013750000000000002 0.034999999999999996
2 0.296875 0.728125 0.0125 0.03125
2 0.0884375 0.74875 0.01125 0.028749999999999998
2 0.6946875 0.8637499999999999 0.01125 0.027500000000000004
2 0.5953125 0.9275 0.0125 0.03
2 0.723125 0.364375 0.015 0.028749999999999998
2 0.7581249999999999 0.938125 0.01625 0.026250000000000002
2 0.8384375000000001 0.869375 0.017499999999999998 0.0325
2 0.8659375 0.874375 0.01625 0.03
2 0.7415625 0.8634375000000001 0.017499999999999998 0.03
2 0.7803125 0.8618750000000001 0.013750000000000002 0.03625
2 0.9268750000000001 0.7368750000000001 0.034999999999999996 0.017499999999999998
2 0.923125 0.7184375000000001 0.03375 0.015
2 0.9228125 0.6825 0.03 0.015
2 0.92125 0.603125 0.03 0.0125
2 0.8543749999999999 0.5796875 0.027500000000000004 0.0125
2 0.9256249999999999 0.30625 0.0325 0.0125
2 0.42750000000000005 0.273125 0.01125 0.03375
2 0.43156249999999996 0.241875 0.01 0.027500000000000004
2 0.40531249999999996 0.1628125 0.013750000000000002 0.028749999999999998
2 0.6025 0.8125 0.017499999999999998 0.03125
2 0.171875 0.63 0.0125 0.028749999999999998
2 0.05 0.946875 0.0125 0.0375
2 0.033437499999999995 0.943125 0.013750000000000002 0.03625
2 0.7046875 0.6290625000000001 0.01875 0.03625
2 0.6084375 0.6912499999999999 0.013750000000000002 0.026250000000000002
2 0.686875 0.9956250000000001 0.01125 0.01
2 0.92125 0.7584375 0.03 0.013750000000000002
2 0.875625 0.5178125 0.026250000000000002 0.013750000000000002
2 0.9078125 0.5203125 0.025 0.0125
2 0.3675 0.2709375 0.01 0.026250000000000002
2 0.49375 0.1703125 0.0125 0.025
2 0.48375 0.9075 0.01125 0.027500000000000004
2 0.288125 0.9284375 0.013750000000000002 0.028749999999999998
2 0.2890625 0.8949999999999999 0.0125 0.03375
2 0.304375 0.898125 0.008749999999999999 0.021249999999999998
2 0.320625 0.9003125000000001 0.01 0.0225
2 0.5349999999999999 0.8387499999999999 0.013750000000000002 0.03375
2 0.4571875 0.905 0.01125 0.028749999999999998
2 0.3509375 0.2703125 0.01125 0.025
2 0.368125 0.2390625 0.01125 0.025
2 0.38375 0.23718750000000002 0.01125 0.027500000000000004
2 0.313125 0.1628125 0.013750000000000002 0.0225
2 0.43499999999999994 0.16375 0.013750000000000002 0.027500000000000004
2 0.4484375 0.1653125 0.0125 0.027500000000000004
2 0.465 0.1665625 0.01125 0.02375
2 0.61 0.655 0.013750000000000002 0.028749999999999998
2 0.8315625000000001 0.8162499999999999 0.034999999999999996 0.013750000000000002
2 0.7603125000000001 0.865625 0.01125 0.025
2 0.0878125 0.14656249999999998 0.01625 0.027500000000000004
2 0.14125000000000001 0.629375 0.013750000000000002 0.027500000000000004
2 0.509375 0.1740625 0.0125 0.0325
2 0.5271874999999999 0.5278125 0.013750000000000002 0.027500000000000004
2 0.47062499999999996 0.490625 0.01625 0.0375
2 0.559375 0.5328125 0.0125 0.03125
