2 0.635 0.26937500000000003 0.057499999999999996 0.0325
2 0.7459374999999999 0.27875 0.05125 0.026250000000000002
2 0.9075 0.46343750000000006 0.015 0.005
2 0.9087500000000001 0.45625 0.017499999999999998 0.00625
2 0.9121874999999999 0.43375 0.015 0.005
2 0.9128125 0.428125 0.01625 0.00625
2 0.900625 0.4928125 0.02 0.0075
2 0.8990625 0.50125 0.02 0.008749999999999999
2 0.8828125 0.41375 0.01875 0.008749999999999999
2 0.8784375000000001 0.42437500000000006 0.01625 0.005
2 0.878125 0.43531250000000005 0.0125 0.005
2 0.8771875 0.44437499999999996 0.013750000000000002 0.0075
2 0.87375 0.453125 0.01625 0.00625
2 0.8728125 0.4609375 0.017499999999999998 0.00625
2 0.866875 0.4259375 0.015 0.005
2 0.8625 0.43218750000000006 0.01875 0.005
2 0.860625 0.440625 0.015 0.00625
2 0.9181250000000001 0.41156249999999994 0.017499999999999998 0.0075
2 0.9165625000000001 0.42000000000000004 0.017499999999999998 0.008749999999999999
2 0.9112500000000001 0.44437499999999996 0.01625 0.0075
2 0.9106249999999999 0.44875 0.015 0.00375
2 0.5743750000000001 0.1459375 0.01125 0.02
2 0.4446875 0.0834375 0.017499999999999998 0.013750000000000002
2 0.468125 0.0121875 0.017499999999999998 0.008749999999999999
2 0.468125 0.02 0.017499999999999998 0.008749999999999999
2 0.4715625 0.026250000000000002 0.015 0.008749999999999999
2 0.473125 0.033125 0.015 0.01
2 0.4409375 0.064375 0.01625 0.01
2 0.47375 0.04875 0.01625 0.01
2 0.44281249999999994 0.07468749999999999 0.013750000000000002 0.008749999999999999
2 0.44749999999999995 0.09031249999999999 0.013750000000000002 0.008749999999999999
2 0.45062499999999994 0.1003125 0.013750000000000002 0.00375
2 0.44875 0.109375 0.01625 0.0125
2 0.45218749999999996 0.1171875 0.013750000000000002 0.00625
2 0.45125000000000004 0.125 0.015 0.00625
2 0.56125 0.11374999999999999 0.01 0.015
2 0.57125 0.108125 0.01125 0.01625
2 0.5378125 0.15687500000000001 0.01 0.013750000000000002
2 0.46312499999999995 0.0034375000000000005 0.02 0.00375
2 0.43156249999999996 0.025625 0.01625 0.0075
2 0.43062500000000004 0.018437500000000002 0.017499999999999998 0.008749999999999999
2 0.42874999999999996 0.0075 0.013750000000000002 0.008749999999999999
2 0.9025000000000001 0.479375 0.017499999999999998 0.008749999999999999
2 0.8721875000000001 0.473125 0.01625 0.008749999999999999
2 0.82875 0.45625 0.02 0.00625
2 0.8231249999999999 0.645625 0.015 0.01
2 0.8284375 0.6278125 0.01625 0.008749999999999999
2 0.8434375 0.6309375 0.015 0.008749999999999999
2 0.8271875 0.6353125000000001 0.013750000000000002 0.005
2 0.8425 0.6375 0.01625 0.00625
2 0.8231249999999999 0.6390625 0.015 0.00625
2 0.8375 0.64375 0.0125 0.00625
2 0.83625 0.653125 0.01625 0.00625
2 0.81875 0.656875 0.0125 0.0075
2 0.8265625 0.46875 0.01875 0.00625
2 0.83625 0.6615624999999999 0.01625 0.0075
2 0.8178124999999999 0.6625 0.013750000000000002 0.00625
2 0.8346875 0.6678124999999999 0.01625 0.0075
2 0.8334374999999999 0.6746875 0.013750000000000002 0.008749999999999999
2 0.8178124999999999 0.671875 0.013750000000000002 0.00625
2 0.8171875 0.680625 0.0125 0.005
2 0.8159375000000001 0.6859375 0.01625 0.00625
2 0.8456250000000001 0.623125 0.01625 0.008749999999999999
2 0.8300000000000001 0.61875 0.01625 0.00625
2 0.7825 0.713125 0.015 0.0075
2 0.78 0.72 0.01625 0.008749999999999999
2 0.786875 0.66625 0.017499999999999998 0.0075
2 0.786875 0.6740625 0.017499999999999998 0.0075
2 0.7865624999999999 0.68125 0.013750000000000002 0.00625
2 0.7721875 0.6784375 0.01625 0.01
2 0.7837500000000001 0.6896875 0.017499999999999998 0.0075
2 0.77 0.69375 0.015 0.00625
2 0.78625 0.69875 0.01625 0.01
2 0.7678125 0.7015625 0.013750000000000002 0.00625
2 0.7825 0.70625 0.015 0.00625
2 0.765 0.7068749999999999 0.017499999999999998 0.0075
2 0.7646875 0.7146874999999999 0.013750000000000002 0.0075
2 0.7621875 0.7224999999999999 0.015 0.0075
2 0.76125 0.7315625 0.01625 0.01
2 0.7784375 0.735 0.01625 0.0075
2 0.779375 0.7265625 0.015 0.00625
2 0.8324999999999999 0.6825 0.015 0.008749999999999999
2 0.8318749999999999 0.6912499999999999 0.013750000000000002 0.0075
2 0.8296875 0.6965625 0.01875 0.008749999999999999
2 0.835625 0.5825 0.015 0.008749999999999999
2 0.83625 0.5753125 0.01625 0.01
2 0.8415625 0.5671875 0.017499999999999998 0.00625
2 0.8393750000000001 0.5587500000000001 0.01625 0.005
2 0.8574999999999999 0.56375 0.015 0.008749999999999999
2 0.8578125 0.556875 0.0125 0.0075
2 0.8425 0.551875 0.01625 0.01
2 0.8440625 0.5375 0.01625 0.00625
2 0.8625 0.5325 0.01875 0.008749999999999999
2 0.8612500000000001 0.54125 0.01625 0.0075
2 0.8618750000000001 0.5506249999999999 0.017499999999999998 0.0075
2 0.8890625 0.5525 0.01875 0.005
2 0.8878125000000001 0.559375 0.01625 0.00625
2 0.8875 0.566875 0.01875 0.008749999999999999
2 0.88375 0.575 0.017499999999999998 0.00625
2 0.8821875 0.58125 0.017499999999999998 0.00625
2 0.8528125 0.57625 0.015 0.008749999999999999
2 0.7878125 0.57625 0.01625 0.008749999999999999
2 0.8140625 0.694375 0.0125 0.0075
2 0.8087500000000001 0.578125 0.017499999999999998 0.00625
2 0.82875 0.705 0.02 0.01
2 0.8115625 0.709375 0.013750000000000002 0.00625
2 0.826875 0.7125 0.01625 0.00625
2 0.8262499999999999 0.7212500000000001 0.015 0.005
2 0.8099999999999999 0.715625 0.013750000000000002 0.00625
2 0.8090624999999999 0.7234375 0.015 0.00625
2 0.8246874999999999 0.7259375 0.015 0.005
2 0.806875 0.73125 0.013750000000000002 0.00625
2 0.8231249999999999 0.733125 0.015 0.01
2 0.8071875000000001 0.7396874999999999 0.017499999999999998 0.0075
2 0.8231249999999999 0.74375 0.015 0.00625
2 0.7321875 0.5625 0.017499999999999998 0.00625
2 0.7618750000000001 0.56875 0.017499999999999998 0.00625
2 0.791875 0.5665625000000001 0.015 0.005
2 0.8087500000000001 0.56875 0.017499999999999998 0.00625
2 0.545625 0.15625 0.01625 0.01875
2 0.5921875 0.13874999999999998 0.0125 0.015
2 0.8618750000000001 0.7109375 0.017499999999999998 0.00625
2 0.26 0.135 0.0075 0.013750000000000002
2 0.24093749999999997 0.469375 0.01625 0.0075
2 0.22312500000000002 0.476875 0.015 0.01
2 0.45562500000000006 0.8053125 0.01125 0.02
2 0.258125 0.464375 0.01625 0.01
2 0.2765625 0.44406249999999997 0.0125 0.01625
2 0.254375 0.41937499999999994 0.015 0.013750000000000002
2 0.2821875 0.42781250000000004 0.01125 0.015
2 0.263125 0.155 0.0075 0.01625
2 0.2684375 0.1775 0.008749999999999999 0.017499999999999998
2 0.2765625 0.2190625 0.0125 0.01625
2 0.2815625 0.23937499999999998 0.01 0.01625
2 0.281875 0.25625 0.0075 0.0125
2 0.28781249999999997 0.27468750000000003 0.01 0.015
2 0.291875 0.291875 0.008749999999999999 0.015
2 0.294375 0.3046875 0.0075 0.0125
2 0.27625 0.2990625 0.008749999999999999 0.02
2 0.2971875 0.32218749999999996 0.01 0.01625
2 0.30125 0.33781249999999996 0.008749999999999999 0.01625
2 0.2996875 0.354375 0.008749999999999999 0.015
2 0.3 0.3753125 0.0125 0.01625
2 0.29375 0.39875 0.0125 0.01625
2 0.2875 0.41281249999999997 0.0125 0.01625
2 0.8574999999999999 0.725 0.015 0.00625
2 0.76375 0.7628125 0.008749999999999999 0.01625
2 0.746875 0.759375 0.00625 0.0125
2 0.6753125 0.716875 0.01625 0.008749999999999999
2 0.6743750000000001 0.724375 0.017499999999999998 0.005
2 0.6759375000000001 0.7075 0.017499999999999998 0.008749999999999999
2 0.8318749999999999 0.61125 0.02 0.01
2 0.6803125 0.693125 0.013750000000000002 0.005
2 0.6825 0.6849999999999999 0.015 0.0075
2 0.6865625 0.671875 0.013750000000000002 0.00625
2 0.7103125 0.608125 0.017499999999999998 0.01
2 0.71875 0.5903125 0.01875 0.008749999999999999
2 0.7571875 0.5996875 0.017499999999999998 0.008749999999999999
2 0.785625 0.6046875 0.015 0.00625
2 0.8025 0.6068749999999999 0.017499999999999998 0.0075
2 0.8487500000000001 0.614375 0.01625 0.01
2 0.743125 0.680625 0.017499999999999998 0.005
2 0.795625 0.621875 0.01625 0.00625
2 0.795 0.6303124999999999 0.015 0.0075
2 0.7925 0.6375 0.01625 0.00625
2 0.7903125 0.6443749999999999 0.015 0.0075
2 0.7896875 0.6521874999999999 0.02 0.0075
2 0.7878125 0.6578125 0.01625 0.00625
2 0.7440625 0.6756249999999999 0.01625 0.0075
2 0.7384375000000001 0.686875 0.017499999999999998 0.01125
2 0.754375 0.6224999999999999 0.015 0.0075
2 0.739375 0.694375 0.01625 0.0075
2 0.735625 0.7025 0.015 0.005
2 0.7346874999999999 0.7115625 0.01625 0.0075
2 0.7359375 0.719375 0.01875 0.0075
2 0.7325 0.7271875 0.015 0.0075
2 0.7318749999999999 0.7584375 0.0075 0.013750000000000002
2 0.7381249999999999 0.7590625 0.0075 0.015
2 0.7993750000000001 0.6153125 0.017499999999999998 0.008749999999999999
2 0.7731250000000001 0.6396875 0.015 0.0075
2 0.725 0.7571875 0.00625 0.01125
2 0.7053125 0.7528125 0.0075 0.015
2 0.7515625 0.6371875 0.0125 0.008749999999999999
2 0.74875 0.6443749999999999 0.01625 0.0075
2 0.749375 0.6509375000000001 0.017499999999999998 0.005
2 0.74875 0.659375 0.01625 0.00625
2 0.748125 0.666875 0.015 0.008749999999999999
2 0.729375 0.67 0.015 0.008749999999999999
2 0.725625 0.6775 0.013750000000000002 0.005
2 0.72375 0.685625 0.01625 0.008749999999999999
2 0.72375 0.6934375 0.01625 0.008749999999999999
2 0.72 0.7006249999999999 0.015 0.0075
2 0.72 0.7084374999999999 0.015 0.0075
2 0.7178125 0.7140625 0.013750000000000002 0.00625
2 0.7121875 0.7209375 0.015 0.0075
2 0.6875 0.750625 0.00625 0.013750000000000002
2 0.6975 0.750625 0.0075 0.013750000000000002
