2 0.1771875 0.7846875 0.026250000000000002 0.05375
2 0.3675 0.546875 0.05375 0.025
2 0.3825 0.2996875 0.021249999999999998 0.04
2 0.3275 0.203125 0.02375 0.04375
2 0.3128125 0.205 0.0225 0.041249999999999995
2 0.5728125000000001 0.303125 0.017499999999999998 0.0125
2 0.55375 0.3109375 0.013750000000000002 0.0125
2 0.5340625 0.316875 0.015 0.008749999999999999
2 0.524375 0.32156250000000003 0.017499999999999998 0.008749999999999999
2 0.375625 0.708125 0.0075 0.01625
2 0.31124999999999997 0.7015625 0.01625 0.0125
2 0.584375 0.299375 0.01875 0.01125
2 0.5118750000000001 0.323125 0.017499999999999998 0.015
2 0.4971875 0.3228125 0.01625 0.01125
2 0.46187500000000004 0.286875 0.017499999999999998 0.01125
2 0.2971875 0.38375 0.01 0.017499999999999998
2 0.3025 0.38 0.01125 0.01625
2 0.311875 0.37687499999999996 0.01125 0.01625
2 0.31843750000000004 0.37625000000000003 0.008749999999999999 0.015
2 0.32218749999999996 0.37312500000000004 0.01 0.015
2 0.3296875 0.3721875 0.0125 0.01625
2 0.33875 0.37093750000000003 0.008749999999999999 0.013750000000000002
2 0.34750000000000003 0.36625 0.0075 0.013750000000000002
2 0.3853125 0.3490625 0.01125 0.013750000000000002
2 0.3484375 0.3375 0.0125 0.00625
2 0.34750000000000003 0.32937500000000003 0.013750000000000002 0.008749999999999999
2 0.3440625 0.32156250000000003 0.01625 0.008749999999999999
2 0.491875 0.2759375 0.015 0.01125
2 0.4828125 0.2803125 0.01875 0.013750000000000002
2 0.473125 0.28312499999999996 0.015 0.01
2 0.0871875 0.30625 0.015 0.0125
2 0.079375 0.291875 0.015 0.008749999999999999
2 0.0725 0.265 0.013750000000000002 0.01125
2 0.05375 0.21625 0.02 0.013750000000000002
2 0.328125 0.26187499999999997 0.0125 0.017499999999999998
2 0.33468749999999997 0.14625 0.01 0.01125
2 0.346875 0.18031250000000001 0.0125 0.02
2 0.37093750000000003 0.2609375 0.02 0.0125
2 0.335625 0.181875 0.027500000000000004 0.05125
2 0.344375 0.2440625 0.013750000000000002 0.0225
2 0.33625 0.2546875 0.01625 0.025
2 0.369375 0.27125 0.02 0.01125
2 0.28500000000000003 0.134375 0.02 0.0125
2 0.32875 0.1296875 0.013750000000000002 0.01875
2 0.2925 0.39 0.01625 0.02375
2 0.22562500000000002 0.41624999999999995 0.045 0.013750000000000002
2 0.321875 0.44000000000000006 0.01875 0.01125
2 0.27875 0.39375 0.013750000000000002 0.01875
2 0.2525 0.398125 0.01125 0.015
2 0.125 0.3765625 0.01875 0.0125
2 0.3234375 0.273125 0.0125 0.015
2 0.81125 0.0078125 0.01625 0.0125
2 0.31 0.0859375 0.013750000000000002 0.0125
2 0.0303125 0.28125 0.02 0.04375
