2 0.1775 0.49093749999999997 0.02375 0.05375
2 0.299375 0.721875 0.017499999999999998 0.04375
2 0.366875 0.2503125 0.058750000000000004 0.028749999999999998
2 0.38625 0.0140625 0.0225 0.025
2 0.5728125000000001 0.009375 0.017499999999999998 0.0125
2 0.55375 0.015625 0.013750000000000002 0.0125
2 0.5340625 0.021562500000000002 0.015 0.008749999999999999
2 0.524375 0.026250000000000002 0.017499999999999998 0.008749999999999999
2 0.375625 0.41281249999999997 0.0075 0.01625
2 0.31124999999999997 0.40625 0.01625 0.0125
2 0.584375 0.0059375 0.01875 0.008749999999999999
2 0.5118750000000001 0.029375000000000002 0.017499999999999998 0.015
2 0.4971875 0.027500000000000004 0.01625 0.01125
2 0.2971875 0.0884375 0.01 0.017499999999999998
2 0.3025 0.08625000000000001 0.01125 0.01625
2 0.311875 0.08156250000000001 0.01125 0.01625
2 0.31843750000000004 0.0809375 0.008749999999999999 0.015
2 0.32218749999999996 0.079375 0.01 0.015
2 0.3296875 0.076875 0.0125 0.01625
2 0.33875 0.075625 0.008749999999999999 0.013750000000000002
2 0.34750000000000003 0.0725 0.0075 0.013750000000000002
2 0.3853125 0.05375 0.01125 0.013750000000000002
2 0.3484375 0.0421875 0.0125 0.00625
2 0.34750000000000003 0.0340625 0.013750000000000002 0.008749999999999999
2 0.3440625 0.026250000000000002 0.01625 0.008749999999999999
2 0.0871875 0.0109375 0.015 0.0125
2 0.29125 0.09468750000000001 0.013750000000000002 0.02375
2 0.22562500000000002 0.1209375 0.045 0.013750000000000002
2 0.321875 0.1446875 0.01875 0.01125
2 0.27875 0.0984375 0.013750000000000002 0.01875
2 0.25187499999999996 0.10375000000000001 0.01 0.013750000000000002
2 0.125 0.08125 0.01875 0.0125
