2 0.2171875 0.8765625 0.05 0.025
2 0.29281250000000003 0.8621874999999999 0.045 0.027500000000000004
2 0.130625 0.8946875000000001 0.042499999999999996 0.017499999999999998
2 0.135625 0.9028124999999999 0.04 0.021249999999999998
2 0.136875 0.9184374999999999 0.042499999999999996 0.027500000000000004
2 0.653125 0.5759375 0.05625 0.02375
2 0.20437500000000003 0.81875 0.021249999999999998 0.0125
2 0.24125000000000002 0.8425 0.05125 0.028749999999999998
2 0.8496874999999999 0.9800000000000001 0.027500000000000004 0.041249999999999995
2 0.021249999999999998 0.6890625 0.01125 0.0125
2 0.031875 0.6837500000000001 0.0075 0.017499999999999998
2 0.0653125 0.6740625 0.008749999999999999 0.013750000000000002
2 0.0725 0.6721874999999999 0.0075 0.01625
2 0.22562500000000002 0.83125 0.0075 0.01875
2 0.236875 0.8290625 0.01125 0.017499999999999998
2 0.2440625 0.825 0.01 0.01875
2 0.253125 0.8243750000000001 0.0125 0.017499999999999998
2 0.26125 0.8196875 0.01 0.017499999999999998
2 0.22718750000000001 0.7978125 0.013750000000000002 0.017499999999999998
2 0.24156249999999999 0.7928124999999999 0.01125 0.013750000000000002
2 0.2496875 0.79 0.008749999999999999 0.017499999999999998
2 0.25875 0.786875 0.01125 0.017499999999999998
2 0.265625 0.7853125000000001 0.0125 0.017499999999999998
2 0.27749999999999997 0.78125 0.01125 0.01875
2 0.414375 0.7315625 0.01 0.01625
2 0.4215625 0.73 0.008749999999999999 0.01625
2 0.428125 0.7278125 0.0125 0.015
2 0.44000000000000006 0.72375 0.01125 0.01625
2 0.45406250000000004 0.7184375000000001 0.01125 0.015
2 0.48562500000000003 0.7196875 0.015 0.01125
2 0.49000000000000005 0.7284375 0.017499999999999998 0.01
2 0.476875 0.748125 0.01 0.015
2 0.465 0.7503124999999999 0.01125 0.01625
2 0.449375 0.755625 0.01125 0.017499999999999998
2 0.440625 0.75875 0.0125 0.017499999999999998
2 0.43218750000000006 0.76125 0.01125 0.01625
2 0.9109375 0.380625 0.0125 0.01125
2 0.08687500000000001 0.8425 0.01125 0.01625
2 0.1875 0.659375 0.0125 0.01875
2 0.203125 0.655 0.0125 0.01625
2 0.24562499999999998 0.6381249999999999 0.01 0.013750000000000002
2 0.230625 0.6453125 0.01125 0.0125
2 0.25125000000000003 0.634375 0.008749999999999999 0.0125
2 0.26156250000000003 0.635 0.0075 0.013750000000000002
2 0.2678125 0.6334375 0.0075 0.013750000000000002
2 0.27625 0.6287499999999999 0.008749999999999999 0.013750000000000002
2 0.2815625 0.6275000000000001 0.01 0.017499999999999998
2 0.289375 0.6246875000000001 0.01 0.015
2 0.2965625 0.6209374999999999 0.008749999999999999 0.013750000000000002
2 0.304375 0.6168750000000001 0.008749999999999999 0.015
2 0.32687499999999997 0.6121875 0.01 0.015
2 0.33468749999999997 0.6090625000000001 0.01 0.015
2 0.3428125 0.6059375 0.0075 0.015
2 0.3571875 0.6018749999999999 0.01125 0.01625
2 0.41125 0.583125 0.01 0.01625
2 0.4178125 0.57875 0.0075 0.013750000000000002
2 0.4259375 0.5784374999999999 0.01125 0.01625
2 0.2171875 0.8765625 0.05 0.025
2 0.29281250000000003 0.8621874999999999 0.045 0.027500000000000004
2 0.130625 0.8946875000000001 0.042499999999999996 0.017499999999999998
2 0.135625 0.9028124999999999 0.04 0.021249999999999998
2 0.136875 0.9184374999999999 0.042499999999999996 0.027500000000000004
2 0.653125 0.5759375 0.05625 0.02375
2 0.20437500000000003 0.81875 0.021249999999999998 0.0125
2 0.24125000000000002 0.8425 0.05125 0.028749999999999998
2 0.8496874999999999 0.9800000000000001 0.027500000000000004 0.041249999999999995
2 0.021249999999999998 0.6890625 0.01125 0.0125
2 0.031875 0.6837500000000001 0.0075 0.017499999999999998
2 0.0653125 0.6740625 0.008749999999999999 0.013750000000000002
2 0.0725 0.6721874999999999 0.0075 0.01625
2 0.22562500000000002 0.83125 0.0075 0.01875
2 0.236875 0.8290625 0.01125 0.017499999999999998
2 0.2440625 0.825 0.01 0.01875
2 0.253125 0.8243750000000001 0.0125 0.017499999999999998
2 0.26125 0.8196875 0.01 0.017499999999999998
2 0.22718750000000001 0.7978125 0.013750000000000002 0.017499999999999998
2 0.24156249999999999 0.7928124999999999 0.01125 0.013750000000000002
2 0.2496875 0.79 0.008749999999999999 0.017499999999999998
2 0.25875 0.786875 0.01125 0.017499999999999998
2 0.265625 0.7853125000000001 0.0125 0.017499999999999998
2 0.27749999999999997 0.78125 0.01125 0.01875
2 0.414375 0.7315625 0.01 0.01625
2 0.4215625 0.73 0.008749999999999999 0.01625
2 0.428125 0.7278125 0.0125 0.015
2 0.44000000000000006 0.72375 0.01125 0.01625
2 0.45406250000000004 0.7184375000000001 0.01125 0.015
2 0.48562500000000003 0.7196875 0.015 0.01125
2 0.49000000000000005 0.7284375 0.017499999999999998 0.01
2 0.476875 0.748125 0.01 0.015
2 0.465 0.7503124999999999 0.01125 0.01625
2 0.449375 0.755625 0.01125 0.017499999999999998
2 0.440625 0.75875 0.0125 0.017499999999999998
2 0.43218750000000006 0.76125 0.01125 0.01625
2 0.9109375 0.380625 0.0125 0.01125
2 0.08687500000000001 0.8425 0.01125 0.01625
2 0.1875 0.659375 0.0125 0.01875
2 0.203125 0.655 0.0125 0.01625
2 0.24562499999999998 0.6381249999999999 0.01 0.013750000000000002
2 0.230625 0.6453125 0.01125 0.0125
2 0.25125000000000003 0.634375 0.008749999999999999 0.0125
2 0.26156250000000003 0.635 0.0075 0.013750000000000002
2 0.2678125 0.6334375 0.0075 0.013750000000000002
2 0.27625 0.6287499999999999 0.008749999999999999 0.013750000000000002
2 0.2815625 0.6275000000000001 0.01 0.017499999999999998
2 0.289375 0.6246875000000001 0.01 0.015
2 0.2965625 0.6209374999999999 0.008749999999999999 0.013750000000000002
2 0.304375 0.6168750000000001 0.008749999999999999 0.015
2 0.32687499999999997 0.6121875 0.01 0.015
2 0.33468749999999997 0.6090625000000001 0.01 0.015
2 0.3428125 0.6059375 0.0075 0.015
2 0.3571875 0.6018749999999999 0.01125 0.01625
2 0.41125 0.583125 0.01 0.01625
2 0.4178125 0.57875 0.0075 0.013750000000000002
2 0.4259375 0.5784374999999999 0.01125 0.01625
