2 0.42874999999999996 0.489375 0.026250000000000002 0.05375
2 0.5506249999999999 0.7234375 0.026250000000000002 0.04375
2 0.6184375 0.2503125 0.058750000000000004 0.028749999999999998
2 0.6378125 0.0140625 0.0225 0.025
2 0.015312500000000001 0.27531249999999996 0.027500000000000004 0.0225
2 0.1575 0.46343750000000006 0.015 0.005
2 0.15875 0.45625 0.017499999999999998 0.00625
2 0.16218749999999998 0.43375 0.015 0.005
2 0.1628125 0.428125 0.01625 0.00625
2 0.150625 0.4928125 0.02 0.0075
2 0.14906250000000001 0.50125 0.02 0.008749999999999999
2 0.1328125 0.41375 0.01875 0.008749999999999999
2 0.1284375 0.42437500000000006 0.01625 0.005
2 0.128125 0.43531250000000005 0.0125 0.005
2 0.1271875 0.44437499999999996 0.013750000000000002 0.0075
2 0.12375 0.453125 0.01625 0.00625
2 0.12281249999999999 0.4609375 0.017499999999999998 0.00625
2 0.11687499999999999 0.4259375 0.015 0.005
2 0.1125 0.43218750000000006 0.01875 0.005
2 0.110625 0.440625 0.015 0.00625
2 0.168125 0.41156249999999994 0.017499999999999998 0.0075
2 0.1665625 0.42000000000000004 0.017499999999999998 0.008749999999999999
2 0.16125 0.44437499999999996 0.01625 0.0075
2 0.160625 0.44875 0.015 0.00375
2 0.1525 0.479375 0.017499999999999998 0.008749999999999999
2 0.1221875 0.473125 0.01625 0.008749999999999999
2 0.07875 0.45625 0.02 0.00625
2 0.073125 0.645625 0.015 0.01
2 0.07843750000000001 0.6278125 0.01625 0.008749999999999999
2 0.09343749999999999 0.6309375 0.015 0.008749999999999999
2 0.07718749999999999 0.6353125000000001 0.013750000000000002 0.005
2 0.0925 0.6375 0.01625 0.00625
2 0.073125 0.6390625 0.015 0.00625
2 0.0875 0.64375 0.0125 0.00625
2 0.08625000000000001 0.653125 0.01625 0.00625
2 0.06875 0.656875 0.0125 0.0075
2 0.0765625 0.46875 0.01875 0.00625
2 0.08625000000000001 0.6615624999999999 0.01625 0.0075
2 0.0678125 0.6625 0.013750000000000002 0.00625
2 0.0846875 0.6678124999999999 0.01625 0.0075
2 0.0834375 0.6746875 0.013750000000000002 0.008749999999999999
2 0.0678125 0.671875 0.013750000000000002 0.00625
2 0.0671875 0.680625 0.0125 0.005
2 0.06593750000000001 0.6859375 0.01625 0.00625
2 0.095625 0.623125 0.01625 0.008749999999999999
2 0.08 0.61875 0.01625 0.00625
2 0.0325 0.713125 0.015 0.0075
2 0.03 0.72 0.01625 0.008749999999999999
2 0.036875000000000005 0.66625 0.017499999999999998 0.0075
2 0.036875000000000005 0.6740625 0.017499999999999998 0.0075
2 0.0365625 0.68125 0.013750000000000002 0.00625
2 0.0221875 0.6784375 0.01625 0.01
2 0.03375 0.6896875 0.017499999999999998 0.0075
2 0.02 0.69375 0.015 0.00625
2 0.03625 0.69875 0.01625 0.01
2 0.017812500000000002 0.7015625 0.013750000000000002 0.00625
2 0.0325 0.70625 0.015 0.00625
2 0.015 0.7068749999999999 0.017499999999999998 0.0075
2 0.014687500000000001 0.7146874999999999 0.013750000000000002 0.0075
2 0.0121875 0.7224999999999999 0.015 0.0075
2 0.01125 0.7315625 0.01625 0.01
2 0.028437499999999998 0.735 0.01625 0.0075
2 0.029375000000000002 0.7265625 0.015 0.00625
2 0.08249999999999999 0.6825 0.015 0.008749999999999999
2 0.081875 0.6912499999999999 0.013750000000000002 0.0075
2 0.0796875 0.6965625 0.01875 0.008749999999999999
2 0.08562499999999999 0.5825 0.015 0.008749999999999999
2 0.08625000000000001 0.5753125 0.01625 0.01
2 0.0915625 0.5671875 0.017499999999999998 0.00625
2 0.08937500000000001 0.5587500000000001 0.01625 0.005
2 0.1075 0.56375 0.015 0.008749999999999999
2 0.1078125 0.556875 0.0125 0.0075
2 0.0925 0.551875 0.01625 0.01
2 0.09406250000000001 0.5375 0.01625 0.00625
2 0.1125 0.5325 0.01875 0.008749999999999999
2 0.11125 0.54125 0.01625 0.0075
2 0.11187499999999999 0.5506249999999999 0.017499999999999998 0.0075
2 0.1390625 0.5525 0.01875 0.005
2 0.1378125 0.559375 0.01625 0.00625
2 0.1375 0.566875 0.01875 0.008749999999999999
2 0.13374999999999998 0.575 0.017499999999999998 0.00625
2 0.13218749999999999 0.58125 0.017499999999999998 0.00625
2 0.1028125 0.57625 0.015 0.008749999999999999
2 0.0378125 0.57625 0.01625 0.008749999999999999
2 0.0640625 0.694375 0.0125 0.0075
2 0.058750000000000004 0.578125 0.017499999999999998 0.00625
2 0.07875 0.705 0.02 0.01
2 0.0615625 0.709375 0.013750000000000002 0.00625
2 0.076875 0.7125 0.01625 0.00625
2 0.07625 0.7212500000000001 0.015 0.005
2 0.06 0.715625 0.013750000000000002 0.00625
2 0.0590625 0.7234375 0.015 0.00625
2 0.07468749999999999 0.7259375 0.015 0.005
2 0.056874999999999995 0.73125 0.013750000000000002 0.00625
2 0.073125 0.733125 0.015 0.01
2 0.0571875 0.7396874999999999 0.017499999999999998 0.0075
2 0.073125 0.74375 0.015 0.00625
2 0.011875 0.56875 0.017499999999999998 0.00625
2 0.041875 0.5665625000000001 0.015 0.005
2 0.058750000000000004 0.56875 0.017499999999999998 0.00625
2 0.11187499999999999 0.7109375 0.017499999999999998 0.00625
2 0.1075 0.725 0.015 0.00625
2 0.013750000000000002 0.7628125 0.008749999999999999 0.01625
2 0.8243750000000001 0.009375 0.017499999999999998 0.0125
2 0.80375 0.015625 0.013750000000000002 0.0125
2 0.785625 0.021562500000000002 0.015 0.008749999999999999
2 0.774375 0.026250000000000002 0.017499999999999998 0.008749999999999999
2 0.625625 0.41281249999999997 0.0075 0.01625
2 0.56125 0.40625 0.01625 0.0125
2 0.081875 0.61125 0.02 0.01
2 0.0090625 0.5996875 0.015 0.008749999999999999
2 0.035625000000000004 0.6046875 0.015 0.00625
2 0.8359375 0.0059375 0.01875 0.008749999999999999
2 0.7634375 0.029375000000000002 0.017499999999999998 0.015
2 0.74875 0.027500000000000004 0.01625 0.01125
2 0.54875 0.0884375 0.01 0.017499999999999998
2 0.5540625 0.08625000000000001 0.01125 0.01625
2 0.5634375 0.08156250000000001 0.01125 0.01625
2 0.5700000000000001 0.0809375 0.008749999999999999 0.015
2 0.57375 0.079375 0.01 0.015
2 0.58125 0.076875 0.0125 0.01625
2 0.5903125 0.075625 0.008749999999999999 0.013750000000000002
2 0.5990624999999999 0.0725 0.0075 0.013750000000000002
2 0.6368750000000001 0.05375 0.01125 0.013750000000000002
2 0.6 0.0421875 0.0125 0.00625
2 0.5974999999999999 0.0340625 0.013750000000000002 0.008749999999999999
2 0.595625 0.026250000000000002 0.01625 0.008749999999999999
2 0.052500000000000005 0.6068749999999999 0.017499999999999998 0.0075
2 0.09875 0.614375 0.01625 0.01
2 0.045625 0.621875 0.01625 0.00625
2 0.045 0.6303124999999999 0.015 0.0075
2 0.042499999999999996 0.6375 0.01625 0.00625
2 0.0403125 0.6443749999999999 0.015 0.0075
2 0.0396875 0.6521874999999999 0.02 0.0075
2 0.0378125 0.6578125 0.01625 0.00625
2 0.0021874999999999998 0.6756249999999999 0.00125 0.0075
2 0.006562500000000001 0.6224999999999999 0.01 0.0075
2 0.049375 0.6153125 0.017499999999999998 0.008749999999999999
2 0.023125 0.6396875 0.015 0.0075
2 0.0046875 0.6381249999999999 0.00625 0.0075
2 0.0040625 0.6443749999999999 0.005 0.0075
2 0.0046875 0.6509375000000001 0.00625 0.005
2 0.0046875 0.659375 0.00625 0.00625
2 0.0034375000000000005 0.6678124999999999 0.00375 0.0075
2 0.33875 0.0109375 0.015 0.0125
2 0.5425 0.09468750000000001 0.01625 0.02375
2 0.4771875 0.1209375 0.045 0.013750000000000002
2 0.5734375 0.1446875 0.01875 0.01125
2 0.5287499999999999 0.0984375 0.013750000000000002 0.01875
2 0.5040625000000001 0.105625 0.01125 0.017499999999999998
2 0.3765625 0.08125 0.01875 0.0125
