2 0.6128125 0.9753125 0.01625 0.01625
2 0.623125 0.9734375 0.015 0.0125
2 0.6315625 0.9715624999999999 0.01625 0.015
2 0.64125 0.9678125 0.013750000000000002 0.013750000000000002
2 0.6487499999999999 0.9675 0.01625 0.01625
2 0.7325 0.969375 0.008749999999999999 0.02
2 0.745625 0.9625 0.01 0.01875
2 0.603125 0.97875 0.01875 0.013750000000000002
2 0.5925 0.97875 0.01625 0.013750000000000002
2 0.5809375 0.9803124999999999 0.015 0.013750000000000002
2 0.57375 0.9824999999999999 0.01625 0.015
2 0.5509375000000001 0.97625 0.01125 0.015
2 0.5409375 0.9771875 0.01 0.013750000000000002
2 0.53125 0.9778125 0.0125 0.015
2 0.490625 0.9846875 0.0125 0.01625
2 0.4996875 0.9824999999999999 0.008749999999999999 0.015
2 0.5109375 0.9803124999999999 0.0125 0.013750000000000002
2 0.52125 0.98125 0.01125 0.0125
2 0.4915625 0.996875 0.01125 0.00625
2 0.504375 0.9949999999999999 0.015 0.008749999999999999
2 0.5121875 0.9928125 0.015 0.013750000000000002
2 0.5237499999999999 0.99375 0.01625 0.0125
2 0.53625 0.9925 0.01625 0.01625
2 0.545625 0.99125 0.01625 0.013750000000000002
2 0.5543750000000001 0.9871874999999999 0.015 0.015
2 0.5634375 0.985 0.017499999999999998 0.013750000000000002
2 0.57125 0.96875 0.01125 0.0125
2 0.5596875 0.97 0.01 0.015
2 0.58 0.9678125 0.01 0.013750000000000002
2 0.589375 0.9668749999999999 0.01 0.015
2 0.6103125 0.92875 0.017499999999999998 0.013750000000000002
2 0.5371875 0.9418749999999999 0.015 0.015
2 0.548125 0.9418749999999999 0.015 0.015
2 0.5596875 0.9396875 0.01625 0.013750000000000002
2 0.57125 0.938125 0.017499999999999998 0.013750000000000002
2 0.5806250000000001 0.9349999999999999 0.017499999999999998 0.013750000000000002
2 0.5903125 0.9334374999999999 0.015 0.013750000000000002
2 0.598125 0.9303125 0.015 0.013750000000000002
2 0.6174999999999999 0.9271874999999999 0.01625 0.013750000000000002
2 0.626875 0.9225 0.01625 0.013750000000000002
2 0.65 0.9515625 0.0125 0.0125
2 0.640625 0.95375 0.0125 0.013750000000000002
2 0.6284375 0.9568749999999999 0.01 0.013750000000000002
2 0.61875 0.9581250000000001 0.0125 0.01625
2 0.609375 0.960625 0.0125 0.015
2 0.59875 0.9621875 0.01 0.015
2 0.53 0.9434374999999999 0.01625 0.015
2 0.5196875000000001 0.94625 0.017499999999999998 0.01125
2 0.5059375 0.9475 0.015 0.013750000000000002
2 0.49781250000000005 0.9496874999999999 0.017499999999999998 0.015
2 0.43968749999999995 0.9643750000000001 0.02 0.01625
2 0.44875 0.9621875 0.01625 0.015
2 0.460625 0.95875 0.015 0.01125
2 0.469375 0.9571875000000001 0.013750000000000002 0.01125
2 0.478125 0.9556250000000001 0.0125 0.01125
2 0.48624999999999996 0.953125 0.01625 0.0125
2 0.975 0.3509375 0.025 0.01125
2 0.9775 0.3859375 0.02375 0.0125
2 0.984375 0.405625 0.025 0.01125
2 0.985 0.4125 0.02 0.0125
2 0.87625 0.3271875 0.008749999999999999 0.02
2 0.9956250000000001 0.12250000000000001 0.01 0.02
2 0.9949999999999999 0.14906250000000001 0.008749999999999999 0.013750000000000002
2 0.994375 0.9090624999999999 0.0075 0.015
2 0.9959374999999999 0.9078125 0.0075 0.01875
2 0.8975 0.33875 0.013750000000000002 0.008749999999999999
