2 0.22000000000000003 0.1275 0.052500000000000005 0.02375
2 0.2946875 0.11281250000000001 0.04875 0.028749999999999998
2 0.1325 0.146875 0.04625 0.025
2 0.135 0.15531250000000002 0.05125 0.026250000000000002
2 0.13874999999999998 0.16593750000000002 0.04625 0.0225
2 0.203125 0.06937499999999999 0.03125 0.02
2 0.2425 0.091875 0.05375 0.027500000000000004
2 0.8515625 0.23500000000000001 0.03125 0.05125
2 0.1340625 0.6728125 0.052500000000000005 0.03
2 0.3275 0.953125 0.02375 0.04375
2 0.3153125 0.95375 0.027500000000000004 0.045
2 0.05375 0.9662499999999999 0.02 0.013750000000000002
2 0.22562500000000002 0.08125 0.0075 0.01875
2 0.236875 0.07906250000000001 0.01125 0.017499999999999998
2 0.2440625 0.075 0.01 0.01875
2 0.253125 0.074375 0.0125 0.017499999999999998
2 0.26125 0.0696875 0.01 0.017499999999999998
2 0.22718750000000001 0.0478125 0.013750000000000002 0.017499999999999998
2 0.24125000000000002 0.0440625 0.013750000000000002 0.01625
2 0.2496875 0.04 0.008749999999999999 0.017499999999999998
2 0.25875 0.036875000000000005 0.01125 0.017499999999999998
2 0.33468749999999997 0.89625 0.01 0.01125
2 0.346875 0.9303125 0.0125 0.02
2 0.33625 0.931875 0.028749999999999998 0.05125
2 0.34375 0.9915625 0.0125 0.017499999999999998
2 0.333125 0.9959374999999999 0.01 0.0075
2 0.28500000000000003 0.884375 0.02 0.0125
2 0.32875 0.8796875 0.013750000000000002 0.01875
2 0.81125 0.7578125 0.01625 0.0125
2 0.265625 0.035312500000000004 0.0125 0.017499999999999998
2 0.803125 0.7462500000000001 0.0125 0.01125
2 0.2765625 0.031875 0.0125 0.02
2 0.47625 0.0040625 0.008749999999999999 0.005
2 0.465 0.0053124999999999995 0.01125 0.0075
2 0.449375 0.0078125 0.01125 0.0125
2 0.440625 0.0096875 0.0125 0.01625
2 0.43218750000000006 0.01125 0.01125 0.01625
2 0.31 0.8359375 0.013750000000000002 0.0125
2 0.804375 0.7378125 0.015 0.01
