2 0.903125 0.61 0.04375 0.05125
2 0.9081250000000001 0.634375 0.028749999999999998 0.0375
2 0.9215625 0.36625 0.027500000000000004 0.03875
2 0.31437499999999996 0.34249999999999997 0.034999999999999996 0.0225
2 0.9071875 0.35343749999999996 0.02375 0.028749999999999998
2 0.7075 0.265625 0.021249999999999998 0.01875
2 0.9071875 0.3225 0.02375 0.0325
2 0.9096875000000001 0.5393749999999999 0.041249999999999995 0.05375
2 0.9159375000000001 0.4653125 0.028749999999999998 0.04
2 0.9171875 0.403125 0.03125 0.0375
2 0.9112500000000001 0.503125 0.028749999999999998 0.0375
2 0.8571875 0.6368750000000001 0.01125 0.03625
2 0.9021874999999999 0.6743750000000001 0.045 0.061250000000000006
2 0.9012499999999999 0.7396874999999999 0.04625 0.06375
2 0.871875 0.784375 0.0125 0.0375
2 0.7246875 0.846875 0.008749999999999999 0.05625
2 0.89875 0.803125 0.028749999999999998 0.0375
2 0.8990625 0.8956250000000001 0.026250000000000002 0.034999999999999996
2 0.689375 0.9421875 0.01 0.0375
2 0.7462500000000001 0.81125 0.01125 0.00375
2 0.829375 0.8071875000000001 0.015 0.005
2 0.829375 0.8140625 0.015 0.00625
2 0.828125 0.8196875 0.0125 0.005
2 0.749375 0.776875 0.017499999999999998 0.01
2 0.7474999999999999 0.78125 0.013750000000000002 0.00625
2 0.7474999999999999 0.7928124999999999 0.013750000000000002 0.0075
2 0.7465625 0.7993750000000001 0.015 0.005
2 0.746875 0.805625 0.0125 0.005
2 0.7474999999999999 0.8171875 0.013750000000000002 0.00625
2 0.7931250000000001 0.8321875000000001 0.005 0.01125
2 0.7462500000000001 0.82125 0.01125 0.005
2 0.746875 0.8265625 0.0125 0.00625
2 0.7453125 0.8321875000000001 0.0125 0.005
2 0.7459374999999999 0.838125 0.013750000000000002 0.0075
2 0.7424999999999999 0.8462500000000001 0.01625 0.005
2 0.7703125 0.83375 0.00625 0.01125
2 0.7759375000000001 0.8321875000000001 0.005 0.01125
2 0.7825 0.8303125 0.008749999999999999 0.013750000000000002
2 0.8296875 0.8009375000000001 0.0125 0.005
2 0.828125 0.7925 0.0125 0.00375
2 0.8303125 0.7853125000000001 0.013750000000000002 0.005
2 0.8099999999999999 0.7853125000000001 0.013750000000000002 0.005
2 0.75125 0.720625 0.015 0.00375
2 0.7515625 0.7150000000000001 0.0125 0.005
2 0.7515625 0.7096875 0.0125 0.00375
2 0.7537499999999999 0.7040625 0.013750000000000002 0.005
2 0.7837500000000001 0.80625 0.005 0.0125
2 0.7890625 0.8071875000000001 0.00625 0.01125
2 0.7959375 0.80625 0.0075 0.0125
2 0.8009375000000001 0.8071875000000001 0.005 0.01125
2 0.80625 0.8084374999999999 0.00625 0.013750000000000002
2 0.80625 0.7946875 0.00625 0.01125
2 0.8006249999999999 0.7946875 0.0075 0.01125
2 0.79 0.7946875 0.005 0.01125
2 0.7828125 0.7928124999999999 0.00625 0.013750000000000002
2 0.7775000000000001 0.79375 0.005 0.0125
2 0.771875 0.79375 0.00625 0.0125
2 0.771875 0.809375 0.00625 0.0125
2 0.7915625000000001 0.7837500000000001 0.01125 0.005
2 0.786875 0.8321875000000001 0.005 0.01125
2 0.7990625 0.83375 0.0075 0.01125
2 0.821875 0.983125 0.0125 0.00375
2 0.7737499999999999 0.881875 0.00375 0.013750000000000002
2 0.7428125 0.8724999999999999 0.013750000000000002 0.0075
2 0.74375 0.880625 0.0125 0.005
2 0.825 0.9109375 0.0125 0.00625
2 0.8265625 0.8875 0.0125 0.00625
2 0.8246874999999999 0.880625 0.015 0.005
2 0.7978125 0.883125 0.005 0.01
2 0.7859375 0.8834375 0.00625 0.013750000000000002
2 0.780625 0.8821875 0.005 0.01125
2 0.7671875 0.88125 0.00625 0.0125
2 0.805625 0.8321875000000001 0.005 0.01125
2 0.7453125 0.89625 0.0125 0.005
2 0.8006249999999999 0.92125 0.0075 0.01125
2 0.7834375 0.9209375 0.0075 0.013750000000000002
2 0.7946875 0.9203125 0.005 0.0125
2 0.76625 0.9184374999999999 0.0075 0.015
2 0.821875 0.9390625 0.0125 0.00625
2 0.8237500000000001 0.961875 0.01 0.005
2 0.82125 0.9665625 0.01125 0.005
2 0.744375 0.8609375 0.013750000000000002 0.00625
2 0.745 0.8515625 0.015 0.00625
2 0.775625 0.9099999999999999 0.0075 0.013750000000000002
2 0.7681250000000001 0.8659375 0.005 0.01
2 0.82875 0.8296875 0.013750000000000002 0.00625
2 0.828125 0.836875 0.0125 0.005
2 0.8271875 0.8425 0.013750000000000002 0.00375
2 0.8284375 0.8478125000000001 0.01625 0.005
2 0.8040625 0.846875 0.005 0.0125
2 0.79875 0.844375 0.00375 0.013750000000000002
2 0.79375 0.8428125 0.00625 0.013750000000000002
2 0.786875 0.845 0.005 0.015
2 0.7693749999999999 0.844375 0.0075 0.013750000000000002
2 0.8256249999999999 0.85875 0.013750000000000002 0.005
2 0.826875 0.8646874999999999 0.01625 0.0075
2 0.8256249999999999 0.8703125 0.013750000000000002 0.00625
2 0.7984375 0.871875 0.00625 0.0125
2 0.7909375 0.871875 0.00375 0.0125
2 0.7859375 0.8703125 0.00625 0.0125
2 0.780625 0.8706250000000001 0.005 0.01
2 0.774375 0.868125 0.005 0.01125
2 0.75125 0.7275 0.015 0.005
2 0.750625 0.73375 0.013750000000000002 0.005
2 0.750625 0.740625 0.013750000000000002 0.00625
2 0.8025 0.6837500000000001 0.01125 0.005
2 0.8387499999999999 0.5862499999999999 0.015 0.00375
2 0.838125 0.5806250000000001 0.013750000000000002 0.005
2 0.8378125000000001 0.5615625 0.01625 0.0075
2 0.8365625 0.5743750000000001 0.013750000000000002 0.005
2 0.8078125 0.6368750000000001 0.0125 0.005
2 0.806875 0.6431250000000001 0.013750000000000002 0.005
2 0.8025 0.6665625000000001 0.01125 0.005
2 0.8021874999999999 0.67875 0.013750000000000002 0.0075
2 0.811875 0.6946875 0.005 0.01125
2 0.7509375 0.7462500000000001 0.01125 0.005
2 0.8046875 0.69375 0.00625 0.0125
2 0.7993750000000001 0.69375 0.005 0.0125
2 0.79375 0.694375 0.00625 0.013750000000000002
2 0.788125 0.6928124999999999 0.0075 0.013750000000000002
2 0.7828125 0.691875 0.00625 0.015
2 0.7775000000000001 0.690625 0.005 0.0125
2 0.771875 0.6912499999999999 0.00625 0.013750000000000002
2 0.7634375 0.6912499999999999 0.005 0.013750000000000002
2 0.838125 0.593125 0.013750000000000002 0.005
2 0.836875 0.6003125 0.01125 0.00375
2 0.8359375 0.6053124999999999 0.0125 0.0075
2 0.836875 0.6118750000000001 0.01125 0.005
2 0.820625 0.4615625 0.01 0.013750000000000002
2 0.8225 0.436875 0.013750000000000002 0.01125
2 0.8240624999999999 0.429375 0.013750000000000002 0.015
2 0.828125 0.41312499999999996 0.0125 0.013750000000000002
2 0.75625 0.48656249999999995 0.00625 0.013750000000000002
2 0.7375 0.5465625000000001 0.00625 0.015
2 0.8096875000000001 0.589375 0.01 0.00375
2 0.8099999999999999 0.5946875 0.013750000000000002 0.005
2 0.8074999999999999 0.6040625000000001 0.015 0.005
2 0.8084374999999999 0.6103125 0.013750000000000002 0.005
2 0.8084374999999999 0.6203125 0.013750000000000002 0.00625
2 0.8071875000000001 0.6290625000000001 0.01125 0.005
2 0.775 0.716875 0.00625 0.015
2 0.78125 0.7196875 0.00625 0.01125
2 0.7931250000000001 0.7196875 0.005 0.01125
2 0.8087500000000001 0.77125 0.005 0.01125
2 0.7915625000000001 0.77 0.005 0.008749999999999999
2 0.7853125000000001 0.7690625 0.005 0.01
2 0.780625 0.7696875000000001 0.005 0.01125
2 0.7734375 0.7681250000000001 0.00625 0.01125
2 0.835 0.728125 0.013750000000000002 0.00625
2 0.835 0.724375 0.013750000000000002 0.005
2 0.834375 0.718125 0.0125 0.005
2 0.834375 0.711875 0.0125 0.005
2 0.835625 0.7046875 0.015 0.00625
2 0.834375 0.7003125 0.0125 0.00375
2 0.834375 0.6946875 0.0125 0.005
2 0.834375 0.6890625 0.0125 0.00625
2 0.834375 0.6837500000000001 0.0125 0.005
2 0.8353125 0.6784375 0.01125 0.00375
2 0.835 0.671875 0.013750000000000002 0.00625
2 0.83625 0.6671875 0.01625 0.00625
2 0.75 0.753125 0.0125 0.00625
2 0.7978125 0.76875 0.005 0.0125
2 0.834375 0.7353125 0.0125 0.005
2 0.7975 0.71875 0.0075 0.0125
2 0.8328125 0.74 0.0125 0.005
2 0.803125 0.7212500000000001 0.00625 0.01125
2 0.811875 0.7178125 0.005 0.013750000000000002
2 0.8103125 0.734375 0.005 0.0125
2 0.8040625 0.7321875 0.005 0.01125
2 0.7984375 0.73125 0.00625 0.0125
2 0.7925 0.73125 0.00375 0.0125
2 0.786875 0.7303124999999999 0.005 0.013750000000000002
2 0.780625 0.73125 0.005 0.0125
2 0.775 0.73125 0.00625 0.0125
2 0.8046875 0.7578125 0.00625 0.0125
2 0.8078125 0.759375 0.00625 0.0125
2 0.790625 0.7578125 0.00625 0.0125
2 0.78625 0.7571875 0.00375 0.01125
2 0.780625 0.7578125 0.005 0.0125
2 0.7734375 0.7571875 0.00625 0.01125
2 0.8321875000000001 0.7503124999999999 0.01125 0.00375
2 0.8321875000000001 0.7453125 0.01125 0.00625
2 0.82125 0.9734375 0.01125 0.00625
2 0.8209375 0.990625 0.013750000000000002 0.00625
2 0.49749999999999994 0.3915625 0.013750000000000002 0.01125
2 0.74875 0.29312499999999997 0.01625 0.005
2 0.6734375 0.2840625 0.01875 0.008749999999999999
2 0.564375 0.29125 0.01625 0.0075
2 0.48968749999999994 0.2671875 0.013750000000000002 0.0125
2 0.41 0.22125 0.013750000000000002 0.01125
2 0.40875000000000006 0.20375000000000001 0.01125 0.013750000000000002
2 0.40031249999999996 0.20593750000000002 0.01 0.015
2 0.39375 0.1846875 0.00625 0.01625
2 0.45 0.1928125 0.00625 0.013750000000000002
2 0.4325 0.18656250000000002 0.008749999999999999 0.013750000000000002
2 0.42625 0.184375 0.008749999999999999 0.0125
2 0.3990625 0.1590625 0.0075 0.015
2 0.390625 0.16 0.00625 0.013750000000000002
2 0.338125 0.134375 0.0075 0.0125
2 0.333125 0.14375 0.01 0.0125
2 0.7975 0.9956250000000001 0.0075 0.01
2 0.5034375 0.39718749999999997 0.01 0.01
2 0.51 0.4046875 0.013750000000000002 0.0125
2 0.515625 0.4109375 0.0125 0.0125
2 0.74 0.9640625 0.01125 0.00625
2 0.740625 0.9765625 0.0125 0.00625
2 0.7396874999999999 0.98375 0.013750000000000002 0.005
2 0.740625 0.99375 0.0125 0.00625
2 0.7403125 0.9981249999999999 0.015 0.0025
2 0.686875 0.6381249999999999 0.005 0.013750000000000002
2 0.74125 0.9571875000000001 0.013750000000000002 0.005
2 0.7403125 0.9521875 0.015 0.0075
2 0.74125 0.943125 0.013750000000000002 0.005
2 0.7703125 0.944375 0.00625 0.013750000000000002
2 0.790625 0.9946875000000001 0.00625 0.01125
2 0.7853125000000001 0.9946875000000001 0.005 0.01125
2 0.780625 0.99375 0.005 0.0125
2 0.774375 0.993125 0.005 0.01125
2 0.7681250000000001 0.993125 0.005 0.01125
2 0.7625 0.99375 0.00625 0.0125
2 0.7990625 0.98375 0.0075 0.01125
2 0.7931250000000001 0.98125 0.005 0.0125
2 0.7853125000000001 0.9806250000000001 0.005 0.01125
2 0.78 0.97875 0.00375 0.013750000000000002
2 0.76375 0.9796875 0.008749999999999999 0.0125
2 0.795 0.9453125 0.008749999999999999 0.0125
2 0.7993750000000001 0.9584374999999999 0.005 0.013750000000000002
2 0.7890625 0.9584374999999999 0.00625 0.013750000000000002
2 0.771875 0.95625 0.00625 0.0125
2 0.765625 0.9571875000000001 0.00625 0.01125
2 0.7765625 0.9446875 0.00625 0.01125
2 0.6728125 0.9737500000000001 0.005 0.01
2 0.6740625 0.9590624999999999 0.0075 0.015
2 0.6709375 0.9871874999999999 0.0075 0.015
2 0.6753125 0.9409375000000001 0.01 0.01625
2 0.67875 0.819375 0.0075 0.013750000000000002
2 0.6434375 0.803125 0.015 0.00625
2 0.6434375 0.7828125 0.015 0.00625
2 0.6459374999999999 0.7618750000000001 0.013750000000000002 0.005
2 0.646875 0.7540625000000001 0.0125 0.005
2 0.725 0.6090625000000001 0.00625 0.015
2 0.70125 0.691875 0.008749999999999999 0.015
2 0.6865625 0.6665625000000001 0.0075 0.017499999999999998
2 0.5209374999999999 0.355 0.02 0.01
