2 0.3525 0.805625 0.005 0.01125
2 0.055937499999999994 0.8653124999999999 0.008749999999999999 0.015
2 0.381875 0.809375 0.0075 0.0125
2 0.368125 0.8046875 0.005 0.0125
2 0.361875 0.8046875 0.005 0.0125
2 0.3446875 0.803125 0.005 0.0125
2 0.1765625 0.7503124999999999 0.00625 0.01
2 0.3953125 0.8103125 0.00625 0.01125
2 0.40625 0.8150000000000001 0.00625 0.01125
2 0.418125 0.815625 0.005 0.0125
2 0.41187500000000005 0.8153124999999999 0.005 0.015
2 0.42437500000000006 0.8165625000000001 0.005 0.01125
2 0.4928125 0.7975 0.0075 0.013750000000000002
2 0.46312499999999995 0.79375 0.0075 0.0125
2 0.43968749999999995 0.7884375 0.0075 0.01125
2 0.375 0.78 0.00625 0.01
2 0.265 0.686875 0.01125 0.01125
2 0.25625 0.723125 0.00625 0.015
2 0.250625 0.723125 0.0075 0.015
2 0.1353125 0.7165625 0.01125 0.01125
2 0.15125 0.650625 0.03375 0.0325
2 0.465625 0.820625 0.00625 0.01
2 0.0625 0.86625 0.00625 0.013750000000000002
