2 0.3609375 0.73375 0.0125 0.01125
2 0.221875 0.8525 0.0125 0.01125
2 0.22999999999999998 0.8653124999999999 0.01 0.008749999999999999
2 0.23562500000000003 0.8768750000000001 0.008749999999999999 0.01
2 0.24 0.881875 0.01125 0.0075
2 0.2446875 0.8856249999999999 0.01125 0.008749999999999999
2 0.24718749999999998 0.8921875 0.01 0.00625
2 0.2515625 0.8959374999999999 0.0125 0.0075
2 0.25406249999999997 0.9018750000000001 0.01125 0.01
2 0.2525 0.9181250000000001 0.01125 0.01125
2 0.2478125 0.921875 0.01125 0.0125
2 0.24312499999999998 0.9259375000000001 0.01125 0.01125
2 0.23718750000000002 0.9275 0.008749999999999999 0.01125
2 0.2340625 0.9315625000000001 0.008749999999999999 0.01
2 0.22312500000000002 0.9375 0.008749999999999999 0.0125
2 0.21937500000000001 0.9415625000000001 0.0075 0.01125
2 0.21375000000000002 0.945625 0.008749999999999999 0.01
2 0.2084375 0.9471875000000001 0.0075 0.01
2 0.2028125 0.9525 0.008749999999999999 0.01125
2 0.198125 0.9540625 0.008749999999999999 0.01125
2 0.19343749999999998 0.9578125 0.008749999999999999 0.0125
2 0.18937500000000002 0.9603125 0.01 0.01125
2 0.184375 0.9625 0.0125 0.0125
2 0.17625 0.9650000000000001 0.008749999999999999 0.01125
2 0.170625 0.9703125 0.01 0.0125
2 0.165625 0.971875 0.0125 0.0125
2 0.14906250000000001 0.983125 0.0075 0.01
2 0.25656249999999997 0.945 0.01 0.008749999999999999
2 0.3540625 0.9234375 0.01125 0.0125
2 0.3471875 0.928125 0.01 0.0125
2 0.39437500000000003 0.9703125 0.0075 0.0125
2 0.3871875 0.9728125000000001 0.008749999999999999 0.01125
2 0.3825 0.9775 0.008749999999999999 0.01125
2 0.37687499999999996 0.9806250000000001 0.01 0.01125
2 0.3725 0.98375 0.0075 0.01125
2 0.4184375 0.8821875 0.008749999999999999 0.01125
2 0.56125 0.7784375 0.01 0.01
2 0.5387500000000001 0.7940625 0.008749999999999999 0.01
2 0.5653125 0.7765625 0.008749999999999999 0.0125
2 0.5721875 0.7675 0.01 0.01
2 0.6259375 0.7434375 0.01125 0.008749999999999999
2 0.6315625 0.7303124999999999 0.01 0.013750000000000002
2 0.5934375000000001 0.8243750000000001 0.008749999999999999 0.01125
2 0.5971875 0.8209375 0.01 0.013750000000000002
2 0.6025 0.8162499999999999 0.01125 0.013750000000000002
2 0.61375 0.843125 0.008749999999999999 0.01125
2 0.6174999999999999 0.8384375000000001 0.01 0.01125
2 0.623125 0.835 0.008749999999999999 0.013750000000000002
2 0.6384375 0.80375 0.01125 0.0075
2 0.6575 0.813125 0.008749999999999999 0.013750000000000002
2 0.641875 0.790625 0.008749999999999999 0.0125
2 0.63625 0.7946875 0.01 0.01125
2 0.655625 0.7571875 0.01125 0.01125
2 0.746875 0.7690625 0.0125 0.01
2 0.6903125 0.6875 0.008749999999999999 0.0125
2 0.6846875 0.6921875 0.01 0.0125
2 0.715625 0.585 0.0125 0.0075
2 0.7265625 0.610625 0.0125 0.008749999999999999
2 0.7575000000000001 0.57625 0.008749999999999999 0.008749999999999999
2 0.729375 0.62 0.015 0.008749999999999999
2 0.694375 0.64375 0.013750000000000002 0.00625
2 0.6993750000000001 0.6146874999999999 0.01125 0.0075
2 0.66625 0.6403125000000001 0.013750000000000002 0.008749999999999999
2 0.6587500000000001 0.61375 0.01125 0.008749999999999999
2 0.7159375 0.9640625 0.01 0.0125
2 0.7221875 0.96 0.01 0.013750000000000002
2 0.733125 0.9515625 0.01 0.0125
2 0.7875 0.93125 0.0125 0.00625
2 0.7853125000000001 0.925 0.01125 0.00625
2 0.783125 0.9 0.01 0.00625
2 0.7837500000000001 0.90625 0.01125 0.00625
2 0.8150000000000001 0.930625 0.01125 0.005
2 0.82125 0.9 0.01125 0.00625
2 0.8140625 0.905625 0.0125 0.005
2 0.8162499999999999 0.911875 0.013750000000000002 0.005
2 0.8140625 0.9178124999999999 0.0125 0.0075
2 0.826875 0.9234375 0.01 0.00625
2 0.838125 0.9365625 0.0075 0.013750000000000002
2 0.86 0.9881249999999999 0.013750000000000002 0.0075
2 0.825 0.634375 0.00625 0.0125
2 0.8709374999999999 0.615625 0.0075 0.0125
2 0.8412499999999999 0.6275000000000001 0.0075 0.01125
2 0.85 0.624375 0.00625 0.01125
2 0.9084375 0.603125 0.0075 0.0125
2 0.913125 0.6003125 0.0075 0.01
2 0.9193749999999999 0.5974999999999999 0.0075 0.013750000000000002
2 0.8525 0.743125 0.01125 0.005
2 0.8071875000000001 0.884375 0.005 0.0125
2 0.8134375 0.8828125 0.005 0.0125
2 0.81875 0.8821875 0.00625 0.01125
2 0.8243750000000001 0.8821875 0.005 0.01125
2 0.8303125 0.8828125 0.0075 0.0125
2 0.8446875 0.8728125 0.005 0.01125
2 0.844375 0.8625 0.0075 0.0125
2 0.844375 0.85 0.0075 0.0125
2 0.8421875 0.8375 0.00625 0.0125
2 0.840625 0.8234375 0.00625 0.0125
2 0.8390625 0.809375 0.00625 0.0125
2 0.8540625000000001 0.78125 0.01125 0.025
2 0.8534375000000001 0.7546875 0.01 0.00625
2 0.8515625 0.719375 0.0125 0.0075
2 0.8800000000000001 0.728125 0.01 0.00625
2 0.8790625000000001 0.7328125 0.01125 0.00625
2 0.8821875 0.7396874999999999 0.01125 0.0075
2 0.8821875 0.7515625 0.01125 0.00625
2 0.8825 0.7578125 0.008749999999999999 0.00625
2 0.8865624999999999 0.6709375 0.0075 0.013750000000000002
2 0.9199999999999999 0.659375 0.008749999999999999 0.0125
2 0.9262499999999999 0.6584375 0.008749999999999999 0.013750000000000002
2 0.9459375 0.678125 0.0075 0.0125
