2 0.2925 0.8306250000000001 0.028749999999999998 0.03625
2 0.28781249999999997 0.778125 0.0475 0.0625
2 0.289375 0.745625 0.0475 0.06
2 0.2965625 0.7065625 0.027500000000000004 0.034999999999999996
2 0.299375 0.6443749999999999 0.03 0.03875
2 0.305 0.5790625 0.028749999999999998 0.03625
2 0.258125 0.5875 0.01 0.03125
2 0.2725 0.51625 0.026250000000000002 0.03875
2 0.3225 0.46749999999999997 0.0325 0.041249999999999995
2 0.41 0.0115625 0.02 0.02
2 0.3921875 0.034375 0.0125 0.0375
2 0.24500000000000002 0.096875 0.008749999999999999 0.05625
2 0.42000000000000004 0.051875000000000004 0.027500000000000004 0.034999999999999996
2 0.42093749999999996 0.145625 0.026250000000000002 0.034999999999999996
2 0.21125 0.1921875 0.01 0.0375
2 0.313125 0.42781250000000004 0.026250000000000002 0.03375
2 0.2965625 0.561875 0.04625 0.061250000000000006
2 0.268125 0.061250000000000006 0.01125 0.00375
2 0.35125 0.0571875 0.015 0.005
2 0.34968750000000004 0.0640625 0.015 0.00625
2 0.35 0.0696875 0.0125 0.005
2 0.26968749999999997 0.026875 0.017499999999999998 0.01
2 0.26937500000000003 0.03125 0.013750000000000002 0.00625
2 0.2678125 0.042812499999999996 0.013750000000000002 0.0075
2 0.26687500000000003 0.049375 0.015 0.005
2 0.2671875 0.055625 0.0125 0.005
2 0.2678125 0.0671875 0.013750000000000002 0.00625
2 0.3134375 0.0821875 0.005 0.01125
2 0.2665625 0.07125000000000001 0.01125 0.005
2 0.2671875 0.0765625 0.0125 0.00625
2 0.265625 0.0821875 0.0125 0.005
2 0.26625 0.088125 0.013750000000000002 0.0075
2 0.26437499999999997 0.09468750000000001 0.01625 0.005
2 0.2921875 0.08375 0.00625 0.01125
2 0.2978125 0.0821875 0.005 0.01125
2 0.304375 0.0803125 0.008749999999999999 0.013750000000000002
2 0.3515625 0.050937500000000004 0.0125 0.005
2 0.35 0.042499999999999996 0.0125 0.00375
2 0.3521875 0.035312500000000004 0.013750000000000002 0.005
2 0.3303125 0.035312500000000004 0.013750000000000002 0.005
2 0.305625 0.05625 0.005 0.0125
2 0.3109375 0.0571875 0.00625 0.01125
2 0.3178125 0.05625 0.0075 0.0125
2 0.3228125 0.0571875 0.005 0.01125
2 0.328125 0.058437499999999996 0.00625 0.013750000000000002
2 0.328125 0.044687500000000005 0.00625 0.01125
2 0.3209375 0.044687500000000005 0.0075 0.01125
2 0.311875 0.044687500000000005 0.005 0.01125
2 0.3046875 0.042812499999999996 0.00625 0.013750000000000002
2 0.299375 0.04375 0.005 0.0125
2 0.29375 0.04375 0.00625 0.0125
2 0.29375 0.059375 0.00625 0.0125
2 0.3134375 0.03375 0.01125 0.005
2 0.30874999999999997 0.0821875 0.005 0.01125
2 0.319375 0.08375 0.0075 0.01125
2 0.3421875 0.23312499999999997 0.0125 0.00375
2 0.29562499999999997 0.13187500000000002 0.00375 0.013750000000000002
2 0.2646875 0.12250000000000001 0.013750000000000002 0.0075
2 0.265625 0.130625 0.0125 0.005
2 0.346875 0.1609375 0.0125 0.00625
2 0.346875 0.1375 0.0125 0.00625
2 0.3465625 0.130625 0.015 0.005
2 0.318125 0.133125 0.005 0.01
2 0.30625 0.13343750000000001 0.00625 0.013750000000000002
2 0.30093749999999997 0.13218749999999999 0.005 0.01125
2 0.2875 0.13125 0.00625 0.0125
2 0.3275 0.0821875 0.005 0.01125
2 0.265625 0.14625 0.0125 0.005
2 0.3225 0.17124999999999999 0.0075 0.01125
2 0.3053125 0.17093750000000002 0.0075 0.013750000000000002
2 0.31656249999999997 0.1703125 0.005 0.0125
2 0.288125 0.1684375 0.0075 0.015
2 0.34375 0.1890625 0.0125 0.00625
2 0.34562499999999996 0.21187499999999998 0.01 0.005
2 0.343125 0.2165625 0.01125 0.005
2 0.26625 0.1109375 0.013750000000000002 0.00625
2 0.26687500000000003 0.1015625 0.015 0.00625
2 0.2959375 0.16 0.0075 0.013750000000000002
2 0.2884375 0.1159375 0.005 0.01
2 0.3490625 0.0796875 0.013750000000000002 0.00625
2 0.35 0.08687500000000001 0.0125 0.005
2 0.34750000000000003 0.0925 0.013750000000000002 0.00375
2 0.34875 0.0978125 0.01625 0.005
2 0.32437499999999997 0.096875 0.005 0.0125
2 0.31906249999999997 0.094375 0.00375 0.013750000000000002
2 0.3140625 0.09281249999999999 0.00625 0.013750000000000002
2 0.3071875 0.095 0.005 0.015
2 0.29125 0.094375 0.0075 0.013750000000000002
2 0.34750000000000003 0.10874999999999999 0.013750000000000002 0.005
2 0.34875 0.11468750000000001 0.01625 0.0075
2 0.34750000000000003 0.1203125 0.013750000000000002 0.00625
2 0.31875 0.121875 0.00625 0.0125
2 0.31124999999999997 0.121875 0.00375 0.0125
2 0.30625 0.1203125 0.00625 0.0125
2 0.30093749999999997 0.12062500000000001 0.005 0.01
2 0.2946875 0.118125 0.005 0.01125
2 0.330625 0.021249999999999998 0.005 0.01125
2 0.311875 0.02 0.005 0.008749999999999999
2 0.305625 0.0190625 0.005 0.01
2 0.30093749999999997 0.0196875 0.005 0.01125
2 0.29375 0.018125 0.00625 0.01125
2 0.271875 0.0040625 0.0125 0.005
2 0.318125 0.01875 0.005 0.0125
2 0.325 0.0078125 0.00625 0.0125
2 0.3296875 0.009375 0.00625 0.0125
2 0.3125 0.0078125 0.00625 0.0125
2 0.308125 0.0071874999999999994 0.00375 0.01125
2 0.30093749999999997 0.0078125 0.005 0.0125
2 0.29375 0.0071874999999999994 0.00625 0.01125
2 0.3525 0.0021874999999999998 0.01125 0.00125
2 0.343125 0.2234375 0.01125 0.00625
2 0.34125 0.240625 0.013750000000000002 0.00625
2 0.319375 0.24625 0.0075 0.01125
2 0.3040625 0.2728125 0.005 0.01125
2 0.26187499999999997 0.2140625 0.01125 0.00625
2 0.2609375 0.2265625 0.0125 0.00625
2 0.26 0.23374999999999999 0.013750000000000002 0.005
2 0.2609375 0.24375 0.0125 0.00625
2 0.260625 0.24937499999999999 0.015 0.005
2 0.2609375 0.2578125 0.0125 0.00625
2 0.3153125 0.273125 0.008749999999999999 0.015
2 0.309375 0.271875 0.00625 0.0125
2 0.299375 0.2728125 0.005 0.01125
2 0.290625 0.2728125 0.00625 0.01125
2 0.28500000000000003 0.271875 0.0075 0.0125
2 0.27999999999999997 0.270625 0.00375 0.01
2 0.273125 0.273125 0.008749999999999999 0.015
2 0.5578125 0.31 0.0125 0.0075
2 0.5590625 0.3015625 0.015 0.00625
2 0.5590625 0.29500000000000004 0.015 0.008749999999999999
2 0.5421875 0.301875 0.00625 0.01625
2 0.26156250000000003 0.2071875 0.013750000000000002 0.005
2 0.260625 0.20218750000000002 0.015 0.0075
2 0.263125 0.193125 0.013750000000000002 0.005
2 0.2921875 0.19437500000000002 0.00625 0.013750000000000002
2 0.3125 0.2446875 0.00625 0.01125
2 0.305625 0.2453125 0.005 0.0125
2 0.30093749999999997 0.244375 0.005 0.013750000000000002
2 0.29625 0.24312499999999998 0.005 0.01125
2 0.29 0.24312499999999998 0.005 0.01125
2 0.284375 0.244375 0.00625 0.013750000000000002
2 0.319375 0.23374999999999999 0.0075 0.01125
2 0.3134375 0.23125 0.005 0.0125
2 0.305625 0.230625 0.005 0.01125
2 0.301875 0.22875 0.00375 0.013750000000000002
2 0.2840625 0.2296875 0.008749999999999999 0.0125
2 0.3153125 0.1953125 0.008749999999999999 0.0125
2 0.32125 0.2084375 0.005 0.013750000000000002
2 0.3109375 0.2084375 0.00625 0.013750000000000002
2 0.29375 0.20625 0.00625 0.0125
2 0.2875 0.2071875 0.00625 0.01125
2 0.2984375 0.19468749999999999 0.00625 0.01125
2 0.5337500000000001 0.369375 0.01125 0.013750000000000002
2 0.5225 0.3584375 0.013750000000000002 0.013750000000000002
2 0.58375 0.41624999999999995 0.005 0.013750000000000002
2 0.1703125 0.7234375 0.00625 0.0125
2 0.1928125 0.2709375 0.0075 0.013750000000000002
2 0.193125 0.22374999999999998 0.005 0.01
2 0.19437500000000002 0.2090625 0.0075 0.015
2 0.17625 0.54125 0.008749999999999999 0.013750000000000002
2 0.1921875 0.2546875 0.00625 0.0125
2 0.1928125 0.23718750000000002 0.0075 0.015
2 0.195625 0.1909375 0.01 0.01625
2 0.200625 0.06937499999999999 0.0075 0.013750000000000002
2 0.1653125 0.053125 0.015 0.00625
2 0.1653125 0.0328125 0.015 0.00625
2 0.16625 0.011875 0.013750000000000002 0.005
2 0.1671875 0.0040625 0.0125 0.005
2 0.578125 0.41624999999999995 0.00625 0.013750000000000002
2 0.57125 0.4140625 0.005 0.0125
2 0.5778125000000001 0.45562500000000006 0.015 0.005
2 0.36875 0.33406250000000004 0.00625 0.015
2 0.24656250000000002 0.7878125 0.008749999999999999 0.01625
2 0.259375 0.8474999999999999 0.00625 0.013750000000000002
2 0.23343750000000002 0.8793749999999999 0.0075 0.015
2 0.1590625 0.978125 0.008749999999999999 0.01875
2 0.16375 0.8584375 0.008749999999999999 0.013750000000000002
2 0.26968749999999997 0.3453125 0.01125 0.0125
2 0.108125 0.44281249999999994 0.01625 0.0075
2 0.294375 0.406875 0.0075 0.013750000000000002
2 0.26937500000000003 0.0165625 0.013750000000000002 0.01125
