2 0.67375 0.26687500000000003 0.01625 0.027500000000000004
2 0.6928124999999999 0.19343749999999998 0.02 0.04625
2 0.365625 0.0646875 0.025 0.013750000000000002
2 0.1565625 0.0671875 0.034999999999999996 0.05
2 0.38093750000000004 0.074375 0.04625 0.017499999999999998
2 0.37374999999999997 0.0484375 0.0475 0.01875
2 0.260625 0.9853125 0.015 0.01125
2 0.27468750000000003 0.9790625000000001 0.015 0.01125
2 0.058125 0.944375 0.01 0.013750000000000002
2 0.0478125 0.9225 0.01125 0.013750000000000002
2 0.041875 0.909375 0.008749999999999999 0.0125
2 0.144375 0.9359375 0.013750000000000002 0.0125
2 0.148125 0.94375 0.015 0.0125
2 0.9134375 0.6890625 0.01125 0.0125
2 0.55625 0.13125 0.00625 0.0125
2 0.55 0.133125 0.00625 0.01625
2 0.5140625 0.13625 0.00625 0.01625
2 0.505625 0.13968750000000002 0.005 0.013750000000000002
2 0.49124999999999996 0.1434375 0.0075 0.015
2 0.7084374999999999 0.248125 0.0075 0.015
2 0.8631249999999999 0.3021875 0.0075 0.013750000000000002
2 0.858125 0.32625000000000004 0.01 0.015
2 0.811875 0.526875 0.01125 0.01625
2 0.85625 0.560625 0.0125 0.015
2 0.775 0.73125 0.0125 0.01875
2 0.9875 0.6415625 0.0125 0.01125
2 0.9815625000000001 0.6453125 0.01 0.0125
2 0.9759375 0.646875 0.01125 0.0125
2 0.971875 0.6537499999999999 0.0125 0.013750000000000002
2 0.965625 0.656875 0.0125 0.013750000000000002
2 0.9581250000000001 0.6599999999999999 0.01 0.013750000000000002
2 0.951875 0.663125 0.01 0.013750000000000002
2 0.946875 0.6675 0.0125 0.01625
2 0.9421875 0.671875 0.0125 0.0125
2 0.9353125 0.675 0.01125 0.0125
2 0.5625 0.12875 0.00625 0.013750000000000002
2 0.56875 0.1265625 0.00625 0.0125
2 0.5756249999999999 0.12468749999999999 0.0075 0.015
2 0.5171875 0.1015625 0.00625 0.0125
2 0.5209374999999999 0.0865625 0.0075 0.013750000000000002
2 0.5290625 0.0865625 0.005 0.013750000000000002
2 0.5359375 0.08499999999999999 0.00625 0.013750000000000002
2 0.546875 0.0821875 0.00625 0.01125
2 0.55375 0.080625 0.0075 0.01125
2 0.56375 0.081875 0.008749999999999999 0.013750000000000002
2 0.4921875 0.10625 0.00625 0.0125
2 0.5046875 0.10375000000000001 0.00625 0.013750000000000002
2 0.5118750000000001 0.1015625 0.005 0.0125
2 0.524375 0.100625 0.005 0.013750000000000002
2 0.5909375 0.123125 0.01 0.015
2 0.5296875 0.0984375 0.00625 0.0125
2 0.5375 0.0978125 0.00625 0.01125
2 0.54375 0.096875 0.00625 0.0125
2 0.55 0.095 0.00625 0.015
2 0.55625 0.094375 0.00625 0.013750000000000002
2 0.6146874999999999 0.0578125 0.013750000000000002 0.00625
2 0.6146874999999999 0.06687499999999999 0.013750000000000002 0.008749999999999999
2 0.6178125 0.0721875 0.013750000000000002 0.01
2 0.623125 0.0828125 0.008749999999999999 0.0125
2 0.9203125 0.684375 0.0125 0.0125
2 0.9087500000000001 0.691875 0.01125 0.015
2 0.903125 0.6959375 0.0125 0.013750000000000002
2 0.8978125 0.704375 0.01125 0.015
2 0.8928125 0.735 0.0075 0.013750000000000002
2 0.6365624999999999 0.8690625000000001 0.0075 0.01625
2 0.708125 0.9534375 0.01 0.01625
2 0.6871875000000001 0.9949999999999999 0.008749999999999999 0.008749999999999999
2 0.150625 0.9484375 0.013750000000000002 0.0125
2 0.184375 0.881875 0.0125 0.013750000000000002
2 0.195625 0.878125 0.01 0.0125
2 0.16375 0.9075 0.015 0.015
2 0.0034375000000000005 0.05437499999999999 0.00375 0.015
2 0.009375 0.0521875 0.00625 0.013750000000000002
2 0.014687500000000001 0.05125 0.0075 0.015
2 0.0209375 0.0475 0.0075 0.013750000000000002
2 0.028125 0.048125 0.00625 0.015
2 0.034687499999999996 0.0465625 0.00375 0.015
2 0.0553125 0.0565625 0.0075 0.01625
2 0.044375 0.058125 0.0075 0.01625
2 0.24125000000000002 0.8996875 0.013750000000000002 0.015
2 0.166875 0.913125 0.015 0.013750000000000002
2 0.169375 0.9196875 0.013750000000000002 0.01125
2 0.1915625 0.92875 0.01125 0.013750000000000002
2 0.198125 0.9259375000000001 0.015 0.017499999999999998
2 0.20437500000000003 0.925 0.015 0.01875
2 0.213125 0.9181250000000001 0.013750000000000002 0.017499999999999998
2 0.2203125 0.914375 0.0125 0.01625
2 0.2290625 0.9090624999999999 0.01125 0.015
2 0.234375 0.9043749999999999 0.0125 0.015
2 0.246875 0.89875 0.0125 0.01625
2 0.25187499999999996 0.8956250000000001 0.01 0.01625
2 0.2609375 0.890625 0.0125 0.01875
2 0.19 0.8934374999999999 0.01125 0.015
2 0.1978125 0.8940625000000001 0.01125 0.01625
2 0.20187499999999997 0.89125 0.01 0.013750000000000002
2 0.2134375 0.8846875000000001 0.01125 0.01625
2 0.21968749999999998 0.880625 0.01125 0.017499999999999998
2 0.225 0.8784375000000001 0.0125 0.01625
2 0.0028125 0.0671875 0.0025 0.0125
2 0.0071874999999999994 0.06625 0.005 0.013750000000000002
2 0.0125 0.0646875 0.00625 0.013750000000000002
2 0.0234375 0.06218749999999999 0.00625 0.015
2 0.0478125 0.10187500000000001 0.017499999999999998 0.01
2 0.030625000000000003 0.0609375 0.005 0.0125
2 0.0359375 0.060625 0.00625 0.015
2 0.10218750000000001 0.07468749999999999 0.0075 0.015
2 0.094375 0.07718749999999999 0.0075 0.013750000000000002
2 0.06875 0.08499999999999999 0.00625 0.013750000000000002
2 0.058750000000000004 0.08499999999999999 0.005 0.013750000000000002
2 0.0521875 0.08562499999999999 0.0075 0.015
2 0.044375 0.09125 0.0075 0.013750000000000002
2 0.0325 0.0909375 0.008749999999999999 0.01625
2 0.026250000000000002 0.09406250000000001 0.008749999999999999 0.01625
2 0.01875 0.095625 0.00625 0.01625
2 0.013125000000000001 0.09875 0.0075 0.01625
2 0.006562500000000001 0.099375 0.01 0.017499999999999998
2 0.0021874999999999998 0.1003125 0.00125 0.01625
2 0.5134375 0.0890625 0.005 0.0125
2 0.5084375 0.0896875 0.0075 0.013750000000000002
2 0.5015625 0.090625 0.00625 0.0125
2 0.4953125 0.0909375 0.00625 0.01625
2 0.49000000000000005 0.090625 0.005 0.0125
2 0.115625 0.92875 0.0125 0.013750000000000002
2 0.17281249999999998 0.9256249999999999 0.01125 0.0075
2 0.8396874999999999 0.079375 0.0075 0.015
2 0.32875 0.45187499999999997 0.013750000000000002 0.01
2 0.7162499999999999 0.278125 0.013750000000000002 0.025
2 0.67375 0.26687500000000003 0.01625 0.027500000000000004
2 0.6928124999999999 0.19343749999999998 0.02 0.04625
2 0.365625 0.0646875 0.025 0.013750000000000002
2 0.1565625 0.0671875 0.034999999999999996 0.05
2 0.38093750000000004 0.074375 0.04625 0.017499999999999998
2 0.37374999999999997 0.0484375 0.0475 0.01875
2 0.260625 0.9853125 0.015 0.01125
2 0.27468750000000003 0.9790625000000001 0.015 0.01125
2 0.058125 0.944375 0.01 0.013750000000000002
2 0.0478125 0.9225 0.01125 0.013750000000000002
2 0.041875 0.909375 0.008749999999999999 0.0125
2 0.144375 0.9359375 0.013750000000000002 0.0125
2 0.148125 0.94375 0.015 0.0125
2 0.9134375 0.6890625 0.01125 0.0125
2 0.55625 0.13125 0.00625 0.0125
2 0.55 0.133125 0.00625 0.01625
2 0.5140625 0.13625 0.00625 0.01625
2 0.505625 0.13968750000000002 0.005 0.013750000000000002
2 0.49124999999999996 0.1434375 0.0075 0.015
2 0.7084374999999999 0.248125 0.0075 0.015
2 0.8631249999999999 0.3021875 0.0075 0.013750000000000002
2 0.858125 0.32625000000000004 0.01 0.015
2 0.811875 0.526875 0.01125 0.01625
2 0.85625 0.560625 0.0125 0.015
2 0.775 0.73125 0.0125 0.01875
2 0.9875 0.6415625 0.0125 0.01125
2 0.9815625000000001 0.6453125 0.01 0.0125
2 0.9759375 0.646875 0.01125 0.0125
2 0.971875 0.6537499999999999 0.0125 0.013750000000000002
2 0.965625 0.656875 0.0125 0.013750000000000002
2 0.9581250000000001 0.6599999999999999 0.01 0.013750000000000002
2 0.951875 0.663125 0.01 0.013750000000000002
2 0.946875 0.6675 0.0125 0.01625
2 0.9421875 0.671875 0.0125 0.0125
2 0.9353125 0.675 0.01125 0.0125
2 0.5625 0.12875 0.00625 0.013750000000000002
2 0.56875 0.1265625 0.00625 0.0125
2 0.5756249999999999 0.12468749999999999 0.0075 0.015
2 0.5171875 0.1015625 0.00625 0.0125
2 0.5209374999999999 0.0865625 0.0075 0.013750000000000002
2 0.5290625 0.0865625 0.005 0.013750000000000002
2 0.5359375 0.08499999999999999 0.00625 0.013750000000000002
2 0.546875 0.0821875 0.00625 0.01125
2 0.55375 0.080625 0.0075 0.01125
2 0.56375 0.081875 0.008749999999999999 0.013750000000000002
2 0.4921875 0.10625 0.00625 0.0125
2 0.5046875 0.10375000000000001 0.00625 0.013750000000000002
2 0.5118750000000001 0.1015625 0.005 0.0125
2 0.524375 0.100625 0.005 0.013750000000000002
2 0.5909375 0.123125 0.01 0.015
2 0.5296875 0.0984375 0.00625 0.0125
2 0.5375 0.0978125 0.00625 0.01125
2 0.54375 0.096875 0.00625 0.0125
2 0.55 0.095 0.00625 0.015
2 0.55625 0.094375 0.00625 0.013750000000000002
2 0.6146874999999999 0.0578125 0.013750000000000002 0.00625
2 0.6146874999999999 0.06687499999999999 0.013750000000000002 0.008749999999999999
2 0.6178125 0.0721875 0.013750000000000002 0.01
2 0.623125 0.0828125 0.008749999999999999 0.0125
2 0.9203125 0.684375 0.0125 0.0125
2 0.9087500000000001 0.691875 0.01125 0.015
2 0.903125 0.6959375 0.0125 0.013750000000000002
2 0.8978125 0.704375 0.01125 0.015
2 0.8928125 0.735 0.0075 0.013750000000000002
2 0.6365624999999999 0.8690625000000001 0.0075 0.01625
2 0.708125 0.9534375 0.01 0.01625
2 0.6871875000000001 0.9949999999999999 0.008749999999999999 0.008749999999999999
2 0.150625 0.9484375 0.013750000000000002 0.0125
2 0.184375 0.881875 0.0125 0.013750000000000002
2 0.195625 0.878125 0.01 0.0125
2 0.16375 0.9075 0.015 0.015
2 0.0034375000000000005 0.05437499999999999 0.00375 0.015
2 0.009375 0.0521875 0.00625 0.013750000000000002
2 0.014687500000000001 0.05125 0.0075 0.015
2 0.0209375 0.0475 0.0075 0.013750000000000002
2 0.028125 0.048125 0.00625 0.015
2 0.034687499999999996 0.0465625 0.00375 0.015
2 0.0553125 0.0565625 0.0075 0.01625
2 0.044375 0.058125 0.0075 0.01625
2 0.24125000000000002 0.8996875 0.013750000000000002 0.015
2 0.166875 0.913125 0.015 0.013750000000000002
2 0.169375 0.9196875 0.013750000000000002 0.01125
2 0.1915625 0.92875 0.01125 0.013750000000000002
2 0.198125 0.9259375000000001 0.015 0.017499999999999998
2 0.20437500000000003 0.925 0.015 0.01875
2 0.213125 0.9181250000000001 0.013750000000000002 0.017499999999999998
2 0.2203125 0.914375 0.0125 0.01625
2 0.2290625 0.9090624999999999 0.01125 0.015
2 0.234375 0.9043749999999999 0.0125 0.015
2 0.246875 0.89875 0.0125 0.01625
2 0.25187499999999996 0.8956250000000001 0.01 0.01625
2 0.2609375 0.890625 0.0125 0.01875
2 0.19 0.8934374999999999 0.01125 0.015
2 0.1978125 0.8940625000000001 0.01125 0.01625
2 0.20187499999999997 0.89125 0.01 0.013750000000000002
2 0.2134375 0.8846875000000001 0.01125 0.01625
2 0.21968749999999998 0.880625 0.01125 0.017499999999999998
2 0.225 0.8784375000000001 0.0125 0.01625
2 0.0028125 0.0671875 0.0025 0.0125
2 0.0071874999999999994 0.06625 0.005 0.013750000000000002
2 0.0125 0.0646875 0.00625 0.013750000000000002
2 0.0234375 0.06218749999999999 0.00625 0.015
2 0.0478125 0.10187500000000001 0.017499999999999998 0.01
2 0.030625000000000003 0.0609375 0.005 0.0125
2 0.0359375 0.060625 0.00625 0.015
2 0.10218750000000001 0.07468749999999999 0.0075 0.015
2 0.094375 0.07718749999999999 0.0075 0.013750000000000002
2 0.06875 0.08499999999999999 0.00625 0.013750000000000002
2 0.058750000000000004 0.08499999999999999 0.005 0.013750000000000002
2 0.0521875 0.08562499999999999 0.0075 0.015
2 0.044375 0.09125 0.0075 0.013750000000000002
2 0.0325 0.0909375 0.008749999999999999 0.01625
2 0.026250000000000002 0.09406250000000001 0.008749999999999999 0.01625
2 0.01875 0.095625 0.00625 0.01625
2 0.013125000000000001 0.09875 0.0075 0.01625
2 0.006562500000000001 0.099375 0.01 0.017499999999999998
2 0.0021874999999999998 0.1003125 0.00125 0.01625
2 0.5134375 0.0890625 0.005 0.0125
2 0.5084375 0.0896875 0.0075 0.013750000000000002
2 0.5015625 0.090625 0.00625 0.0125
2 0.4953125 0.0909375 0.00625 0.01625
2 0.49000000000000005 0.090625 0.005 0.0125
2 0.115625 0.92875 0.0125 0.013750000000000002
2 0.17281249999999998 0.9256249999999999 0.01125 0.0075
2 0.8396874999999999 0.079375 0.0075 0.015
2 0.32875 0.45187499999999997 0.013750000000000002 0.01
2 0.7162499999999999 0.278125 0.013750000000000002 0.025
