2 0.135 0.289375 0.013750000000000002 0.01
2 0.0990625 0.29125 0.0075 0.013750000000000002
2 0.1409375 0.26749999999999996 0.01625 0.01
2 0.1375 0.2778125 0.0125 0.008749999999999999
2 0.1584375 0.3015625 0.013750000000000002 0.00625
2 0.15687500000000001 0.3125 0.013750000000000002 0.00625
2 0.155 0.319375 0.01625 0.0075
2 0.1640625 0.281875 0.0125 0.0075
2 0.18125 0.104375 0.00625 0.015
2 0.195625 0.1121875 0.01625 0.008749999999999999
2 0.1990625 0.095 0.013750000000000002 0.008749999999999999
2 0.20125 0.088125 0.015 0.0075
2 0.203125 0.08249999999999999 0.01875 0.008749999999999999
2 0.20249999999999999 0.0753125 0.017499999999999998 0.01
2 0.036875000000000005 0.931875 0.005 0.013750000000000002
2 0.074375 0.891875 0.005 0.015
2 0.0325 0.9603125 0.015 0.005
2 0.035312500000000004 0.985625 0.01125 0.015
2 0.19125 0.9203125 0.013750000000000002 0.00625
2 0.21625 0.94375 0.013750000000000002 0.00625
2 0.216875 0.9578125 0.015 0.00625
2 0.2125 0.9675 0.0125 0.00375
2 0.2125 0.9737500000000001 0.0125 0.00375
2 0.1459375 0.238125 0.013750000000000002 0.0075
2 0.14375 0.24656250000000002 0.0125 0.008749999999999999
2 0.16499999999999998 0.26937500000000003 0.01125 0.0075
2 0.16625 0.2621875 0.013750000000000002 0.008749999999999999
