2 0.0396875 0.8943749999999999 0.013750000000000002 0.045
2 0.0296875 0.8775000000000001 0.0125 0.03625
2 0.021249999999999998 0.8746875 0.01125 0.04
2 0.01 0.8765625 0.013750000000000002 0.04375
2 0.115625 0.9978125 0.0375 0.005
2 0.54375 0.76875 0.04375 0.0125
2 0.686875 0.215625 0.005 0.0125
2 0.69375 0.216875 0.00625 0.015
2 0.7053125 0.2165625 0.0075 0.01125
2 0.57875 0.306875 0.013750000000000002 0.013750000000000002
2 0.58375 0.30062500000000003 0.01125 0.013750000000000002
2 0.984375 0.18062499999999998 0.0125 0.005
2 0.985 0.175 0.013750000000000002 0.00625
2 0.9890625 0.161875 0.0125 0.005
2 0.9890625 0.15625 0.0125 0.00625
2 0.990625 0.14937499999999998 0.0125 0.005
2 0.9765625 0.07906250000000001 0.00625 0.01125
2 0.9796875 0.065625 0.00625 0.0125
2 0.9818749999999999 0.0359375 0.0075 0.0125
2 0.9862500000000001 0.0228125 0.00375 0.01125
2 0.9875 0.008749999999999999 0.00625 0.01125
2 0.58875 0.29500000000000004 0.008749999999999999 0.008749999999999999
2 0.595625 0.29312499999999997 0.01 0.01125
2 0.634375 0.3046875 0.0125 0.0125
2 0.640625 0.309375 0.0125 0.0125
2 0.6443749999999999 0.3171875 0.013750000000000002 0.0125
2 0.971875 0.1084375 0.00625 0.013750000000000002
2 0.969375 0.12250000000000001 0.0075 0.013750000000000002
2 0.9678125 0.138125 0.0075 0.013750000000000002
2 0.9665625 0.1515625 0.005 0.0125
2 0.9650000000000001 0.165625 0.005 0.0125
2 0.0225 0.996875 0.013750000000000002 0.00625
2 0.0590625 0.9459375 0.015 0.0075
2 0.23125 0.13187500000000002 0.0125 0.0075
2 0.24656250000000002 0.1365625 0.015 0.0075
2 0.215625 0.13093749999999998 0.0125 0.008749999999999999
2 0.20249999999999999 0.12875 0.01125 0.0075
2 0.18812500000000001 0.12625 0.013750000000000002 0.008749999999999999
2 0.171875 0.125 0.0125 0.00625
2 0.0359375 0.040625 0.00625 0.0125
2 0.2725 0.0390625 0.013750000000000002 0.00625
2 0.2325 0.0709375 0.008749999999999999 0.013750000000000002
2 0.2303125 0.090625 0.0075 0.0125
2 0.184375 0.09125 0.00625 0.013750000000000002
2 0.027500000000000004 0.1046875 0.01125 0.00625
2 0.0421875 0.1053125 0.0125 0.0075
2 0.0721875 0.11000000000000001 0.01625 0.0075
2 0.0875 0.113125 0.0125 0.0075
2 0.11468750000000001 0.1171875 0.013750000000000002 0.00625
2 0.1265625 0.11875 0.0125 0.00625
2 0.2553125 0.0046875 0.0075 0.00625
2 0.03875 0.028749999999999998 0.008749999999999999 0.013750000000000002
2 0.021875 0.011875 0.0125 0.005
2 0.026875 0.0021874999999999998 0.01 0.00125
2 0.4303125 0.03375 0.0075 0.01125
2 0.991875 0.138125 0.015 0.0075
2 0.0396875 0.8943749999999999 0.013750000000000002 0.045
2 0.0296875 0.8775000000000001 0.0125 0.03625
2 0.021249999999999998 0.8746875 0.01125 0.04
2 0.01 0.8765625 0.013750000000000002 0.04375
2 0.115625 0.9978125 0.0375 0.005
2 0.54375 0.76875 0.04375 0.0125
2 0.686875 0.215625 0.005 0.0125
2 0.69375 0.216875 0.00625 0.015
2 0.7053125 0.2165625 0.0075 0.01125
2 0.57875 0.306875 0.013750000000000002 0.013750000000000002
2 0.58375 0.30062500000000003 0.01125 0.013750000000000002
2 0.984375 0.18062499999999998 0.0125 0.005
2 0.985 0.175 0.013750000000000002 0.00625
2 0.9890625 0.161875 0.0125 0.005
2 0.9890625 0.15625 0.0125 0.00625
2 0.990625 0.14937499999999998 0.0125 0.005
2 0.9765625 0.07906250000000001 0.00625 0.01125
2 0.9796875 0.065625 0.00625 0.0125
2 0.9818749999999999 0.0359375 0.0075 0.0125
2 0.9862500000000001 0.0228125 0.00375 0.01125
2 0.9875 0.008749999999999999 0.00625 0.01125
2 0.58875 0.29500000000000004 0.008749999999999999 0.008749999999999999
2 0.595625 0.29312499999999997 0.01 0.01125
2 0.634375 0.3046875 0.0125 0.0125
2 0.640625 0.309375 0.0125 0.0125
2 0.6443749999999999 0.3171875 0.013750000000000002 0.0125
2 0.971875 0.1084375 0.00625 0.013750000000000002
2 0.969375 0.12250000000000001 0.0075 0.013750000000000002
2 0.9678125 0.138125 0.0075 0.013750000000000002
2 0.9665625 0.1515625 0.005 0.0125
2 0.9650000000000001 0.165625 0.005 0.0125
2 0.0225 0.996875 0.013750000000000002 0.00625
2 0.0590625 0.9459375 0.015 0.0075
2 0.23125 0.13187500000000002 0.0125 0.0075
2 0.24656250000000002 0.1365625 0.015 0.0075
2 0.215625 0.13093749999999998 0.0125 0.008749999999999999
2 0.20249999999999999 0.12875 0.01125 0.0075
2 0.18812500000000001 0.12625 0.013750000000000002 0.008749999999999999
2 0.171875 0.125 0.0125 0.00625
2 0.0359375 0.040625 0.00625 0.0125
2 0.2725 0.0390625 0.013750000000000002 0.00625
2 0.2325 0.0709375 0.008749999999999999 0.013750000000000002
2 0.2303125 0.090625 0.0075 0.0125
2 0.184375 0.09125 0.00625 0.013750000000000002
2 0.027500000000000004 0.1046875 0.01125 0.00625
2 0.0421875 0.1053125 0.0125 0.0075
2 0.0721875 0.11000000000000001 0.01625 0.0075
2 0.0875 0.113125 0.0125 0.0075
2 0.11468750000000001 0.1171875 0.013750000000000002 0.00625
2 0.1265625 0.11875 0.0125 0.00625
2 0.2553125 0.0046875 0.0075 0.00625
2 0.03875 0.028749999999999998 0.008749999999999999 0.013750000000000002
2 0.021875 0.011875 0.0125 0.005
2 0.026875 0.0021874999999999998 0.01 0.00125
2 0.4303125 0.03375 0.0075 0.01125
2 0.991875 0.138125 0.015 0.0075
