2 0.396875 0.118125 0.0125 0.017499999999999998
2 0.7653125000000001 0.060625 0.015 0.008749999999999999
2 0.368125 0.21437499999999998 0.01125 0.01625
2 0.403125 0.28625 0.0125 0.01625
2 0.4671875 0.343125 0.0125 0.017499999999999998
2 0.510625 0.440625 0.015 0.00625
2 0.5237499999999999 0.42750000000000005 0.01 0.017499999999999998
2 0.548125 0.47781250000000003 0.015 0.015
2 0.598125 0.626875 0.015 0.01625
2 0.8162499999999999 0.6203125 0.013750000000000002 0.01875
2 0.7671875 0.835625 0.00625 0.015
2 0.7887500000000001 0.81125 0.008749999999999999 0.01625
