2 0.100625 0.15031250000000002 0.0325 0.041249999999999995
2 0.2575 0.19343749999999998 0.04625 0.027500000000000004
2 0.34875 0.164375 0.0475 0.034999999999999996
2 0.43218750000000006 0.2403125 0.01125 0.015
2 0.528125 0.006875000000000001 0.0125 0.0075
2 0.5165625 0.0109375 0.01125 0.00625
2 0.5071875 0.0134375 0.01125 0.005
2 0.495625 0.01625 0.01 0.0075
2 0.529375 0.013750000000000002 0.015 0.008749999999999999
2 0.51625 0.018437500000000002 0.013750000000000002 0.008749999999999999
2 0.49906249999999996 0.0221875 0.013750000000000002 0.01
2 0.50125 0.0290625 0.015 0.01125
2 0.5287499999999999 0.02 0.013750000000000002 0.008749999999999999
2 0.516875 0.026250000000000002 0.015 0.008749999999999999
2 0.5309375000000001 0.026875 0.015 0.01
2 0.51875 0.0309375 0.0125 0.008749999999999999
2 0.50625 0.0340625 0.0125 0.008749999999999999
2 0.534375 0.0325 0.0125 0.008749999999999999
2 0.538125 0.039375 0.013750000000000002 0.01
2 0.521875 0.03625 0.0125 0.01
2 0.5259375000000001 0.042812499999999996 0.01125 0.0075
2 0.5221875 0.057499999999999996 0.01625 0.008749999999999999
2 0.3428125 0.6443749999999999 0.013750000000000002 0.013750000000000002
2 0.17875000000000002 0.22562500000000002 0.013750000000000002 0.0075
2 0.41531250000000003 0.221875 0.008749999999999999 0.0125
2 0.5278125 0.0034375000000000005 0.008749999999999999 0.00375
2 0.51625 0.0046875 0.013750000000000002 0.00625
2 0.5046875 0.00625 0.0125 0.00625
2 0.49375 0.01 0.0125 0.0075
2 0.5037499999999999 0.0034375000000000005 0.013750000000000002 0.00375
2 0.490625 0.0053124999999999995 0.0125 0.0075
2 0.4259375 0.228125 0.01125 0.0125
2 0.43624999999999997 0.2515625 0.01 0.0125
2 0.44875 0.3415625 0.01 0.01125
2 0.44312500000000005 0.26125 0.01125 0.01625
2 0.43218750000000006 0.2809375 0.01125 0.015
2 0.425 0.2834375 0.0125 0.013750000000000002
2 0.4446875 0.291875 0.01125 0.015
2 0.436875 0.29312499999999997 0.01125 0.01125
2 0.43 0.294375 0.01 0.013750000000000002
2 0.42374999999999996 0.296875 0.01 0.0125
2 0.43 0.30874999999999997 0.01 0.01125
2 0.4371875 0.3040625 0.008749999999999999 0.01125
2 0.4503125 0.3025 0.01 0.01125
2 0.44343750000000004 0.303125 0.008749999999999999 0.0125
2 0.43562500000000004 0.31875 0.008749999999999999 0.0125
2 0.441875 0.31625000000000003 0.008749999999999999 0.013750000000000002
2 0.448125 0.3146875 0.008749999999999999 0.013750000000000002
2 0.45437500000000003 0.311875 0.008749999999999999 0.01125
2 0.4615625 0.3103125 0.0075 0.01125
2 0.4684375 0.309375 0.008749999999999999 0.0125
2 0.47375 0.31875 0.01 0.0125
2 0.46749999999999997 0.3225 0.01 0.013750000000000002
2 0.46187500000000004 0.32437499999999997 0.01125 0.01125
2 0.45562500000000006 0.3265625 0.01125 0.0125
2 0.44781250000000006 0.3275 0.01125 0.01125
2 0.4378125 0.278125 0.01 0.0125
2 0.4325 0.26968749999999997 0.008749999999999999 0.01125
2 0.42625 0.27125 0.008749999999999999 0.01125
2 0.45499999999999996 0.2990625 0.01 0.013750000000000002
2 0.45093750000000005 0.27468750000000003 0.01125 0.015
2 0.40437500000000004 0.22875 0.008749999999999999 0.013750000000000002
2 0.41218750000000004 0.22875 0.008749999999999999 0.013750000000000002
2 0.42000000000000004 0.23374999999999999 0.008749999999999999 0.01125
2 0.426875 0.24375 0.01 0.0125
2 0.4325 0.25375000000000003 0.008749999999999999 0.013750000000000002
2 0.4371875 0.265625 0.008749999999999999 0.0125
2 0.44312500000000005 0.2759375 0.01125 0.01125
2 0.4496875 0.28718750000000004 0.008749999999999999 0.015
2 0.46187500000000004 0.2975 0.01125 0.013750000000000002
2 0.4190625 0.271875 0.01 0.0125
2 0.41593749999999996 0.2396875 0.01 0.013750000000000002
2 0.4096875 0.24 0.01 0.01125
2 0.414375 0.2521875 0.01 0.013750000000000002
2 0.4025 0.2403125 0.01125 0.015
2 0.40812499999999996 0.2525 0.01 0.01125
2 0.42125 0.2484375 0.01125 0.0125
2 0.426875 0.25875 0.01 0.01125
2 0.42062499999999997 0.26187499999999997 0.01 0.01125
2 0.41531250000000003 0.2634375 0.008749999999999999 0.01125
2 0.4421875 0.3303125 0.0125 0.013750000000000002
2 0.4534375 0.33999999999999997 0.01 0.01125
2 0.5128125 0.5578125 0.01 0.0125
2 0.5315624999999999 0.546875 0.01 0.0125
2 0.5409375 0.559375 0.01 0.0125
2 0.5475 0.5559375 0.013750000000000002 0.015
2 0.5275000000000001 0.566875 0.01125 0.015
2 0.5209374999999999 0.5690625 0.013750000000000002 0.01625
2 0.5546875 0.5828125 0.0125 0.0125
2 0.546875 0.5900000000000001 0.0125 0.017499999999999998
2 0.538125 0.5925 0.013750000000000002 0.01625
2 0.5325 0.5978125000000001 0.015 0.017499999999999998
2 0.5225 0.6034375 0.013750000000000002 0.01625
2 0.515625 0.609375 0.0125 0.0125
2 0.5128125 0.61 0.01625 0.013750000000000002
2 0.5040625000000001 0.6168750000000001 0.01125 0.015
2 0.499375 0.6184375 0.01125 0.015
2 0.4921875 0.6221875 0.0125 0.01625
2 0.48343749999999996 0.6284375 0.013750000000000002 0.01625
2 0.47562499999999996 0.6331249999999999 0.013750000000000002 0.01625
2 0.5725 0.7359375 0.013750000000000002 0.0125
2 0.5771875 0.74375 0.013750000000000002 0.0125
2 0.5921875 0.7521875 0.01875 0.013750000000000002
2 0.5353125000000001 0.5625 0.01125 0.0125
2 0.515625 0.575 0.0125 0.0125
2 0.5053124999999999 0.58 0.013750000000000002 0.01625
2 0.5103125000000001 0.52625 0.01125 0.015
2 0.44718749999999996 0.4546875 0.01 0.0125
2 0.45875000000000005 0.46343750000000006 0.01125 0.01125
2 0.46624999999999994 0.473125 0.013750000000000002 0.015
2 0.45968749999999997 0.47874999999999995 0.01 0.013750000000000002
2 0.37687499999999996 0.460625 0.01 0.015
2 0.38937499999999997 0.45906250000000004 0.01 0.015
2 0.4828125 0.5440625 0.0125 0.01625
2 0.4921875 0.535625 0.0125 0.015
2 0.46624999999999994 0.5546875 0.013750000000000002 0.0125
2 0.5181250000000001 0.5225 0.01125 0.013750000000000002
2 0.49781250000000005 0.5862499999999999 0.01125 0.01625
2 0.5275000000000001 0.51625 0.01125 0.013750000000000002
2 0.4984375 0.566875 0.0125 0.015
2 0.46968750000000004 0.5856250000000001 0.01125 0.015
2 0.4409375 0.603125 0.01 0.0125
2 0.45843749999999994 0.610625 0.013750000000000002 0.015
2 0.465625 0.60625 0.0125 0.01875
2 0.47843749999999996 0.596875 0.01 0.0125
2 0.48624999999999996 0.5912499999999999 0.01 0.013750000000000002
2 0.4921875 0.58875 0.0125 0.015
2 0.64375 0.878125 0.0125 0.0125
2 0.45968749999999997 0.3375 0.01 0.0125
2 0.4534375 0.46687500000000004 0.01 0.015
2 0.47062499999999996 0.4575 0.01 0.015
2 0.465625 0.44437499999999996 0.0125 0.013750000000000002
2 0.44406249999999997 0.44343750000000004 0.01 0.015
2 0.47750000000000004 0.3834375 0.01125 0.013750000000000002
2 0.4725 0.385 0.013750000000000002 0.013750000000000002
2 0.47843749999999996 0.39625 0.01 0.01125
2 0.48375 0.39437500000000003 0.01125 0.013750000000000002
2 0.488125 0.390625 0.0075 0.0125
2 0.495 0.3890625 0.008749999999999999 0.0125
2 0.503125 0.39125 0.0125 0.013750000000000002
2 0.5103125000000001 0.3903125 0.01125 0.015
2 0.50125 0.399375 0.008749999999999999 0.01125
2 0.49468750000000006 0.4015625 0.01125 0.0125
2 0.4884375 0.40437500000000004 0.01125 0.015
2 0.5003124999999999 0.4125 0.01 0.0125
2 0.505 0.40718750000000004 0.01 0.01125
2 0.5103125000000001 0.40374999999999994 0.01125 0.013750000000000002
2 0.516875 0.40062499999999995 0.008749999999999999 0.013750000000000002
2 0.52125 0.41312499999999996 0.01125 0.013750000000000002
2 0.51625 0.41531250000000003 0.013750000000000002 0.015
2 0.5103125000000001 0.4175 0.01125 0.01625
2 0.505 0.421875 0.01 0.0125
2 0.4996875 0.42437500000000006 0.008749999999999999 0.01125
2 0.5009375 0.441875 0.01125 0.015
2 0.48375 0.38125 0.01125 0.0125
2 0.490625 0.378125 0.0125 0.0125
2 0.496875 0.37875000000000003 0.0125 0.013750000000000002
2 0.4653125 0.3609375 0.008749999999999999 0.0125
2 0.46687500000000004 0.33468749999999997 0.008749999999999999 0.01
2 0.4725 0.334375 0.0075 0.0125
2 0.47906250000000006 0.33187500000000003 0.01125 0.013750000000000002
2 0.47906250000000006 0.3459375 0.01125 0.013750000000000002
2 0.4728125 0.346875 0.01125 0.0125
2 0.46656250000000005 0.3484375 0.01125 0.0125
2 0.4603125 0.3515625 0.01125 0.0125
2 0.4534375 0.3521875 0.01 0.013750000000000002
2 0.458125 0.365 0.01 0.01125
2 0.4715625 0.35875 0.008749999999999999 0.01125
2 0.5025000000000001 0.3771875 0.01125 0.013750000000000002
2 0.4771875 0.3565625 0.0075 0.01
2 0.485 0.355 0.0075 0.01
2 0.491875 0.35281250000000003 0.008749999999999999 0.008749999999999999
2 0.49781250000000005 0.3646875 0.01125 0.013750000000000002
2 0.464375 0.3734375 0.01 0.0125
2 0.47125000000000006 0.3725 0.01125 0.013750000000000002
2 0.476875 0.36875 0.01 0.0125
2 0.48187499999999994 0.36625 0.0075 0.013750000000000002
2 0.489375 0.3675 0.01 0.01625
2 0.505625 0.43562500000000004 0.01125 0.015
2 0.5096875 0.4325 0.01 0.008749999999999999
2 0.5159374999999999 0.4290625 0.01 0.01125
2 0.46343750000000006 0.40031249999999996 0.01125 0.01625
2 0.4090625 0.3525 0.008749999999999999 0.01125
2 0.415625 0.36375 0.0125 0.015
2 0.4234375 0.36531250000000004 0.0125 0.015
2 0.4296875 0.3784375 0.0125 0.01625
2 0.4046875 0.3746875 0.0125 0.015
2 0.41656250000000006 0.38125 0.01125 0.0125
2 0.43624999999999997 0.39187500000000003 0.01 0.015
2 0.4446875 0.40499999999999997 0.01125 0.01625
2 0.45406250000000004 0.40125 0.01125 0.015
2 0.42125 0.3921875 0.01125 0.0125
2 0.3934375 0.3375 0.008749999999999999 0.0125
2 0.41593749999999996 0.396875 0.01 0.0125
2 0.429375 0.40406250000000005 0.008749999999999999 0.01125
2 0.42312500000000003 0.40875000000000006 0.008749999999999999 0.01125
2 0.42750000000000005 0.42000000000000004 0.01125 0.015
2 0.43375 0.4146875 0.01125 0.013750000000000002
2 0.44625000000000004 0.42374999999999996 0.01125 0.01625
2 0.44125 0.42843749999999997 0.013750000000000002 0.01625
2 0.436875 0.43187499999999995 0.01125 0.013750000000000002
2 0.44875 0.440625 0.01 0.0125
2 0.40062499999999995 0.3353125 0.0075 0.01125
2 0.38687499999999997 0.325625 0.01125 0.013750000000000002
2 0.5215625 0.4259375 0.008749999999999999 0.01125
2 0.3628125 0.2796875 0.01 0.0125
2 0.520625 0.43843750000000004 0.01 0.01125
2 0.515 0.44125 0.01125 0.013750000000000002
2 0.5103125000000001 0.446875 0.01125 0.0125
2 0.351875 0.2546875 0.01 0.0125
2 0.3571875 0.2509375 0.01125 0.017499999999999998
2 0.36343749999999997 0.24874999999999997 0.01125 0.01625
2 0.3640625 0.26437499999999997 0.0125 0.01625
2 0.37 0.263125 0.008749999999999999 0.013750000000000002
2 0.3571875 0.2678125 0.01125 0.013750000000000002
2 0.371875 0.27875 0.0125 0.013750000000000002
2 0.40125 0.3234375 0.008749999999999999 0.0125
2 0.3775 0.276875 0.01125 0.01625
2 0.36906249999999996 0.290625 0.01 0.0125
2 0.37687499999999996 0.290625 0.01 0.0125
2 0.375625 0.3025 0.0075 0.01125
2 0.3825 0.303125 0.008749999999999999 0.0125
2 0.39 0.299375 0.01125 0.01125
2 0.39625 0.31062500000000004 0.01125 0.015
2 0.39 0.31375000000000003 0.01125 0.015
2 0.395 0.32406250000000003 0.008749999999999999 0.013750000000000002
2 0.321875 0.209375 0.0125 0.0125
2 0.4625 0.21375000000000002 0.0125 0.008749999999999999
2 0.3715625 0.4725 0.008749999999999999 0.013750000000000002
2 0.8334374999999999 0.820625 0.013750000000000002 0.0225
