2 0.40125 0.8975 0.008749999999999999 0.013750000000000002
2 0.2834375 0.940625 0.0075 0.0125
2 0.1590625 0.9565625000000001 0.015 0.01
2 0.1325 0.9275 0.015 0.005
2 0.169375 0.921875 0.013750000000000002 0.00625
2 0.035312500000000004 0.5287499999999999 0.005 0.013750000000000002
2 0.074375 0.48875 0.005 0.015
2 0.0325 0.555625 0.015 0.005
2 0.035312500000000004 0.5809375 0.01125 0.015
2 0.19125 0.5171875 0.013750000000000002 0.00625
2 0.21625 0.540625 0.013750000000000002 0.00625
2 0.216875 0.5546875 0.015 0.00625
2 0.2125 0.564375 0.0125 0.00375
2 0.2125 0.5706249999999999 0.0125 0.00375
2 0.20812499999999998 0.5974999999999999 0.01625 0.0075
2 0.20593750000000002 0.60375 0.015 0.0075
2 0.20437500000000003 0.6125 0.015 0.00625
2 0.16999999999999998 0.8256249999999999 0.015 0.0075
2 0.18125 0.8359375 0.0125 0.00625
2 0.17625 0.844375 0.015 0.0075
2 0.1746875 0.85625 0.015 0.00625
2 0.173125 0.915625 0.015 0.00625
