2 0.39437500000000003 0.54125 0.0075 0.013750000000000002
2 0.3540625 0.48 0.01125 0.01
2 0.365625 0.48531250000000004 0.0125 0.005
2 0.42874999999999996 0.495 0.0075 0.015
2 0.32406250000000003 0.484375 0.013750000000000002 0.00625
2 0.32625000000000004 0.4915625 0.015 0.005
2 0.3271875 0.499375 0.013750000000000002 0.005
2 0.38375 0.5393749999999999 0.005 0.01625
2 0.3890625 0.541875 0.00625 0.015
2 0.409375 0.545625 0.00625 0.01625
2 0.4221875 0.3021875 0.00375 0.013750000000000002
2 0.3546875 0.553125 0.0125 0.0125
2 0.3446875 0.5490625 0.01125 0.013750000000000002
2 0.33468749999999997 0.5490625 0.01 0.013750000000000002
2 0.32999999999999996 0.546875 0.01 0.0125
2 0.166875 0.5896874999999999 0.015 0.0075
2 0.209375 0.5990624999999999 0.00625 0.013750000000000002
2 0.19375 0.6553125 0.00625 0.013750000000000002
2 0.190625 0.6390625 0.00625 0.0125
2 0.478125 0.515 0.00625 0.01125
2 0.456875 0.5037499999999999 0.013750000000000002 0.0075
2 0.4875 0.4796875 0.00625 0.0125
2 0.140625 0.55 0.0125 0.00625
2 0.240625 0.27218749999999997 0.00625 0.01
2 0.2425 0.28312499999999996 0.00375 0.01
2 0.24312499999999998 0.30093749999999997 0.005 0.01125
2 0.24718749999999998 0.328125 0.00375 0.0125
2 0.425 0.3365625 0.00625 0.013750000000000002
2 0.43531250000000005 0.34875 0.005 0.01625
2 0.4296875 0.375 0.00625 0.0125
2 0.46624999999999994 0.3884375 0.013750000000000002 0.005
2 0.234375 0.445 0.0125 0.008749999999999999
2 0.299375 0.433125 0.01125 0.00375
2 0.328125 0.418125 0.00625 0.01125
2 0.33718750000000003 0.4625 0.015 0.00625
2 0.4375 0.4671875 0.00625 0.0125
2 0.178125 0.500625 0.00625 0.013750000000000002
2 0.20625 0.531875 0.00625 0.013750000000000002
2 0.1828125 0.566875 0.00625 0.015
2 0.20875 0.565625 0.005 0.0125
2 0.34249999999999997 0.5599999999999999 0.01625 0.0075
2 0.3303125 0.5684375 0.0075 0.015
2 0.3365625 0.571875 0.0075 0.0125
2 0.34750000000000003 0.7056250000000001 0.013750000000000002 0.005
2 0.44437499999999996 0.6678124999999999 0.0075 0.013750000000000002
2 0.45875000000000005 0.665 0.005 0.01125
2 0.4546875 0.6240625 0.00625 0.013750000000000002
2 0.46656250000000005 0.6756249999999999 0.005 0.013750000000000002
2 0.4603125 0.6990624999999999 0.005 0.013750000000000002
2 0.449375 0.7109375 0.005 0.0125
2 0.440625 0.7128125 0.00625 0.01
2 0.44312500000000005 0.7268749999999999 0.005 0.01
2 0.2265625 0.7575000000000001 0.00625 0.015
2 0.18656250000000002 0.78125 0.013750000000000002 0.00625
2 0.20406249999999998 0.7693749999999999 0.005 0.013750000000000002
2 0.206875 0.7959375 0.0075 0.013750000000000002
2 0.20625 0.8099999999999999 0.00625 0.013750000000000002
2 0.2109375 0.8474999999999999 0.00625 0.013750000000000002
2 0.11468750000000001 0.8578125 0.0075 0.0125
2 0.1375 0.8603125 0.00625 0.01125
2 0.1434375 0.859375 0.008749999999999999 0.0125
2 0.3459375 0.7140625 0.013750000000000002 0.00625
2 0.34750000000000003 0.7009375 0.013750000000000002 0.005
2 0.34375 0.5734375 0.00625 0.0125
2 0.34625 0.6890625 0.01125 0.00625
2 0.350625 0.5734375 0.0075 0.0125
2 0.4453125 0.5365624999999999 0.00625 0.013750000000000002
2 0.425625 0.563125 0.0075 0.013750000000000002
2 0.43624999999999997 0.5640625 0.00375 0.0125
2 0.448125 0.5753125 0.008749999999999999 0.01625
2 0.45625 0.5696875 0.00625 0.01125
2 0.5084375 0.57875 0.0075 0.013750000000000002
2 0.43125 0.6012500000000001 0.00625 0.015
2 0.43062500000000004 0.6168750000000001 0.005 0.015
2 0.4390625 0.61125 0.00625 0.01625
2 0.1678125 0.6890625 0.013750000000000002 0.00625
2 0.2 0.725 0.00625 0.0125
2 0.436875 0.6646875 0.005 0.013750000000000002
2 0.33406250000000004 0.61125 0.015 0.01
2 0.3375 0.64125 0.0125 0.0075
2 0.3453125 0.665625 0.0125 0.00625
2 0.344375 0.6790625 0.013750000000000002 0.005
2 0.2390625 0.2578125 0.00625 0.0125
2 0.380625 0.2996875 0.005 0.015
2 0.1046875 0.875 0.0125 0.00625
2 0.37374999999999997 0.3015625 0.00375 0.0125
2 0.4109375 0.1328125 0.00625 0.0125
2 0.2440625 0.174375 0.00375 0.01125
2 0.224375 0.18375 0.01125 0.005
2 0.43656249999999996 0.15562499999999999 0.013750000000000002 0.005
2 0.37 0.1625 0.015 0.00625
2 0.3990625 0.178125 0.0075 0.0125
2 0.39 0.18843749999999998 0.005 0.01125
2 0.393125 0.2171875 0.005 0.0125
2 0.030625000000000003 0.12125 0.005 0.01125
2 0.0290625 0.136875 0.005 0.01125
2 0.025 0.153125 0.00625 0.0125
2 0.0234375 0.16625 0.00625 0.013750000000000002
2 0.24937499999999999 0.23156249999999998 0.005 0.01625
2 0.37875000000000003 0.231875 0.0075 0.013750000000000002
2 0.405625 0.2628125 0.005 0.01
2 0.428125 0.265625 0.00625 0.0125
2 0.425 0.2328125 0.00625 0.0125
2 0.3628125 0.3 0.00375 0.0125
2 0.2296875 0.144375 0.00625 0.013750000000000002
2 0.53125 0.05500000000000001 0.0125 0.01
2 0.506875 0.05625 0.013750000000000002 0.0125
2 0.042499999999999996 0.040625 0.01 0.0125
2 0.3875 0.06937499999999999 0.00625 0.013750000000000002
2 0.448125 0.0828125 0.015 0.00625
2 0.191875 0.8578125 0.015 0.00625
2 0.44375 0.74375 0.00625 0.0125
2 0.6431250000000001 0.26937500000000003 0.005 0.013750000000000002
2 0.8875 0.2803125 0.00625 0.013750000000000002
2 0.91625 0.27125 0.0075 0.01125
2 0.9478125000000001 0.25875 0.01125 0.005
2 0.7334375 0.22718750000000001 0.013750000000000002 0.0075
2 0.654375 0.165625 0.008749999999999999 0.0125
2 0.6490625 0.1921875 0.0075 0.0125
2 0.883125 0.234375 0.01625 0.00625
2 0.8975 0.043125000000000004 0.0075 0.01125
2 0.6956249999999999 0.0325 0.01 0.015
2 0.72 0.14937499999999998 0.015 0.005
2 0.6834374999999999 0.1109375 0.0075 0.0125
2 0.6599999999999999 0.291875 0.0075 0.015
2 0.8871874999999999 0.475 0.015 0.00625
2 0.4453125 0.75625 0.00625 0.0125
2 0.488125 0.9559374999999999 0.0075 0.015
2 0.5209374999999999 0.76625 0.0075 0.013750000000000002
2 0.5375 0.7681250000000001 0.00625 0.01125
2 0.5078125 0.76625 0.00625 0.013750000000000002
2 0.4921875 0.7618750000000001 0.00625 0.01125
2 0.54 0.8078125 0.005 0.0125
2 0.5393749999999999 0.8243750000000001 0.00375 0.01125
2 0.5328125 0.8387499999999999 0.00625 0.015
2 0.478125 0.8543749999999999 0.00625 0.015
2 0.5228125 0.928125 0.01125 0.00625
2 0.9981249999999999 0.4915625 0.0025 0.005
2 0.5209374999999999 0.9349999999999999 0.013750000000000002 0.0075
2 0.521875 0.9421875 0.0125 0.00625
2 0.521875 0.946875 0.0125 0.00625
2 0.5240625 0.9165625000000001 0.013750000000000002 0.005
2 0.5253125 0.9228125 0.01 0.005
2 0.2965625 0.94625 0.015 0.005
2 0.313125 0.9484375 0.013750000000000002 0.00625
2 0.34375 0.9534375 0.0125 0.00375
2 0.51875 0.7212500000000001 0.0125 0.005
2 0.521875 0.7275 0.0125 0.005
2 0.5203125 0.73375 0.0125 0.005
2 0.5209374999999999 0.739375 0.013750000000000002 0.00375
2 0.453125 0.77125 0.00625 0.01125
2 0.46781249999999996 0.7571875 0.0075 0.01125
2 0.449375 0.784375 0.005 0.0125
2 0.449375 0.8025 0.005 0.01125
2 0.45218749999999996 0.8165625000000001 0.0075 0.01125
2 0.453125 0.83375 0.00625 0.01125
2 0.47468750000000004 0.8162499999999999 0.008749999999999999 0.013750000000000002
2 0.4875 0.6971875 0.0125 0.00375
2 0.4984375 0.7015625 0.00625 0.0125
2 0.488125 0.703125 0.013750000000000002 0.00625
2 0.49437499999999995 0.718125 0.0075 0.01125
2 0.5053124999999999 0.7271875 0.0075 0.013750000000000002
2 0.488125 0.7271875 0.0075 0.013750000000000002
2 0.5046875 0.7509375 0.0125 0.005
2 0.491875 0.749375 0.015 0.005
2 0.52125 0.7525000000000001 0.01125 0.005
2 0.521875 0.7462500000000001 0.0125 0.005
2 0.3771875 0.89 0.013750000000000002 0.005
2 0.38125 0.874375 0.0125 0.005
2 0.100625 0.940625 0.0075 0.0125
2 0.74125 0.6575 0.013750000000000002 0.008749999999999999
2 0.8021874999999999 0.6681250000000001 0.013750000000000002 0.005
2 0.8265625 0.65625 0.00625 0.0125
2 0.8631249999999999 0.6775 0.013750000000000002 0.005
2 0.9181250000000001 0.66875 0.005 0.0125
2 0.860625 0.69375 0.015 0.00625
2 0.9290625 0.7046875 0.01125 0.00625
2 0.940625 0.70625 0.0125 0.00625
2 0.9556250000000001 0.7078125 0.01125 0.00625
2 0.615625 0.571875 0.00625 0.0125
2 0.6140625 0.5859375 0.00625 0.0125
2 0.6259375 0.4225 0.005 0.013750000000000002
2 0.6290625000000001 0.390625 0.005 0.0125
2 0.694375 0.42750000000000005 0.013750000000000002 0.005
2 0.7521875 0.4375 0.013750000000000002 0.00625
2 0.9209375 0.4609375 0.013750000000000002 0.00625
2 0.9409375000000001 0.46312499999999995 0.01625 0.0075
2 0.9881249999999999 0.4690625 0.013750000000000002 0.00375
2 0.7537499999999999 0.6793750000000001 0.013750000000000002 0.008749999999999999
2 0.6118750000000001 0.6478125 0.005 0.01125
2 0.10687500000000001 0.9418749999999999 0.0075 0.015
2 0.6109375 0.663125 0.00625 0.013750000000000002
2 0.1140625 0.944375 0.00625 0.013750000000000002
2 0.1375 0.9475 0.00625 0.013750000000000002
2 0.0853125 0.9584374999999999 0.01125 0.0075
2 0.0359375 0.906875 0.0125 0.0075
2 0.0228125 0.90625 0.01125 0.00625
2 0.008749999999999999 0.913125 0.01125 0.0075
2 0.624375 0.953125 0.005 0.0125
2 0.7115625 0.8975 0.013750000000000002 0.0075
2 0.6756249999999999 0.8734375 0.013750000000000002 0.00625
2 0.77125 0.90625 0.01125 0.00625
2 0.821875 0.865625 0.00625 0.0125
2 0.8209375 0.878125 0.0075 0.0125
2 0.96 0.9140625 0.013750000000000002 0.00625
2 0.6078125 0.7984375 0.00625 0.0125
2 0.6071875 0.7384375000000001 0.005 0.01125
2 0.6103125 0.6775 0.005 0.01125
2 0.38625 0.44749999999999995 0.028749999999999998 0.013750000000000002
2 0.41375 0.2140625 0.008749999999999999 0.03125
2 0.034375 0.17906249999999999 0.00625 0.01125
2 0.2478125 0.34249999999999997 0.005 0.01
2 0.134375 0.40843749999999995 0.0125 0.0075
2 0.3675 0.26375000000000004 0.01625 0.008749999999999999
2 0.41312499999999996 0.3459375 0.0075 0.013750000000000002
2 0.2203125 0.709375 0.00625 0.0125
2 0.2228125 0.734375 0.005 0.0125
2 0.241875 0.943125 0.015 0.01125
2 0.475 0.961875 0.00625 0.01125
2 0.4803125 0.8778124999999999 0.0075 0.015
2 0.3959375 0.033125 0.0075 0.01625
2 0.8574999999999999 0.2303125 0.015 0.0075
2 0.92125 0.238125 0.01125 0.0075
2 0.934375 0.24125000000000002 0.0125 0.0075
2 0.8453125 0.41500000000000004 0.00625 0.01125
2 0.8006249999999999 0.8896875 0.013750000000000002 0.0075
2 0.7931250000000001 0.8596875 0.005 0.01
2 0.6646875 0.8890625 0.013750000000000002 0.00625
2 0.6584375 0.8699999999999999 0.013750000000000002 0.008749999999999999
2 0.624375 0.9375 0.005 0.0125
