2 0.3696875 0.0203125 0.01125 0.01875
2 0.403125 0.0925 0.0125 0.01625
2 0.46687500000000004 0.14781249999999999 0.015 0.017499999999999998
2 0.510625 0.2453125 0.015 0.00625
2 0.5237499999999999 0.2321875 0.01 0.017499999999999998
2 0.548125 0.28250000000000003 0.015 0.015
2 0.59875 0.43218750000000006 0.01625 0.017499999999999998
2 0.815625 0.42437500000000006 0.0125 0.017499999999999998
2 0.7671875 0.6403125000000001 0.00625 0.015
2 0.7887500000000001 0.6174999999999999 0.008749999999999999 0.01625
