2 0.526875 0.703125 0.01 0.0125
2 0.525625 0.7162499999999999 0.013750000000000002 0.013750000000000002
2 0.5225 0.7265625 0.013750000000000002 0.0125
2 0.520625 0.7375 0.01 0.0125
2 0.521875 0.748125 0.0125 0.015
2 0.5196875000000001 0.7575000000000001 0.01125 0.015
2 0.5165625 0.7681250000000001 0.01125 0.01125
2 0.5165625 0.7775000000000001 0.01125 0.01125
2 0.603125 0.64625 0.0125 0.01125
2 0.604375 0.665 0.015 0.01125
2 0.603125 0.6771874999999999 0.0125 0.013750000000000002
2 0.6009375 0.6853125 0.01125 0.01125
2 0.594375 0.7390625 0.013750000000000002 0.0125
2 0.5884375000000001 0.760625 0.017499999999999998 0.015
2 0.5875 0.77125 0.0125 0.01125
2 0.5884375000000001 0.7815624999999999 0.01125 0.01
2 0.5853125 0.8640625 0.01125 0.00625
2 0.630625 0.878125 0.005 0.0125
2 0.6481250000000001 0.87375 0.008749999999999999 0.01625
2 0.5275000000000001 0.693125 0.01125 0.01125
2 0.5328125 0.6875 0.0125 0.0125
2 0.4425 0.7268749999999999 0.01 0.01625
2 0.0678125 0.4021875 0.0075 0.013750000000000002
2 0.0028125 0.36875 0.0025 0.00625
2 0.006875000000000001 0.43499999999999994 0.0075 0.013750000000000002
2 0.031875 0.43968749999999995 0.0075 0.013750000000000002
2 0.044375 0.41312499999999996 0.0075 0.013750000000000002
2 0.043125000000000004 0.396875 0.005 0.0125
2 0.035312500000000004 0.3975 0.005 0.013750000000000002
2 0.0290625 0.3975 0.005 0.013750000000000002
2 0.0225 0.3959375 0.0075 0.013750000000000002
2 0.013125000000000001 0.4078125 0.0075 0.0125
2 0.029375000000000002 0.3715625 0.015 0.008749999999999999
2 0.056874999999999995 0.375 0.013750000000000002 0.00625
2 0.15437499999999998 0.38875000000000004 0.015 0.008749999999999999
2 0.4525 0.670625 0.01125 0.0225
2 0.59375 0.728125 0.0125 0.0125
2 0.605 0.8637499999999999 0.01625 0.008749999999999999
