2 0.30375 0.9731249999999999 0.013750000000000002 0.015
2 0.146875 0.555625 0.0125 0.01125
2 0.1540625 0.545625 0.01125 0.01
2 0.159375 0.5425 0.0125 0.01
2 0.16343749999999999 0.54 0.01125 0.01125
2 0.171875 0.5296875 0.0125 0.0125
2 0.09343749999999999 0.43187499999999995 0.015 0.013750000000000002
2 0.41500000000000004 0.8421875 0.01125 0.0125
2 0.42093749999999996 0.8375 0.013750000000000002 0.0125
2 0.43 0.8259375 0.01 0.01125
2 0.2478125 0.9712500000000001 0.01125 0.01125
2 0.3078125 0.9678125 0.0125 0.013750000000000002
2 0.359375 0.9134375 0.0125 0.01125
2 0.31 0.963125 0.013750000000000002 0.013750000000000002
2 0.31625000000000003 0.95875 0.013750000000000002 0.01125
2 0.3203125 0.9553125 0.0125 0.013750000000000002
2 0.309375 0.94625 0.0125 0.01125
2 0.318125 0.9384375 0.01125 0.01125
2 0.3246875 0.9506249999999999 0.015 0.013750000000000002
2 0.3275 0.946875 0.01125 0.0125
2 0.3309375 0.9418749999999999 0.015 0.015
2 0.334375 0.9375 0.0125 0.0125
2 0.340625 0.9337500000000001 0.0125 0.01125
2 0.3446875 0.928125 0.01125 0.0125
2 0.3471875 0.925 0.01 0.0125
2 0.143125 0.5587500000000001 0.01125 0.01125
2 0.1384375 0.564375 0.01125 0.01
2 0.13374999999999998 0.5690625 0.01125 0.01
2 0.1378125 0.60875 0.01 0.01125
2 0.0734375 0.6481250000000001 0.0125 0.015
2 0.08499999999999999 0.6359375 0.013750000000000002 0.0125
2 0.07875 0.6453125 0.013750000000000002 0.0125
2 0.059375 0.5328125 0.0125 0.0125
2 0.064375 0.5353125000000001 0.01 0.01125
2 0.0696875 0.54 0.01125 0.01125
2 0.074375 0.5453125 0.01125 0.0125
2 0.083125 0.5525 0.01 0.01125
2 0.053125 0.55625 0.0125 0.0125
2 0.060312500000000005 0.5625 0.01125 0.0125
2 0.068125 0.571875 0.01125 0.0125
2 0.078125 0.5825 0.0125 0.015
2 0.353125 0.9196875 0.0125 0.01125
2 0.3640625 0.9071875 0.0125 0.01125
2 0.3671875 0.9571875000000001 0.0125 0.01125
2 0.43937499999999996 0.8665625 0.01 0.01125
2 0.44375 0.8609375 0.0125 0.0125
2 0.44718749999999996 0.858125 0.01 0.01
2 0.45187499999999997 0.851875 0.01 0.01
2 0.45499999999999996 0.8509375 0.01 0.01125
2 0.459375 0.846875 0.0125 0.0125
2 0.4671875 0.8375 0.0125 0.0125
2 0.34562499999999996 0.9775 0.01 0.01125
2 0.353125 0.975 0.0125 0.0125
2 0.35625 0.9696875 0.0125 0.01125
2 0.36 0.9650000000000001 0.013750000000000002 0.01125
2 0.3640625 0.959375 0.0125 0.0125
2 0.371875 0.9525 0.0125 0.01125
2 0.3678125 0.9015625 0.013750000000000002 0.0125
2 0.37687499999999996 0.9481249999999999 0.01 0.008749999999999999
2 0.38125 0.94375 0.0125 0.0125
2 0.3853125 0.9393750000000001 0.01125 0.01
2 0.39 0.9353125 0.01125 0.01125
2 0.393125 0.93 0.01125 0.01
2 0.3978125 0.928125 0.01125 0.0125
2 0.40125 0.92125 0.008749999999999999 0.01125
2 0.405625 0.9175000000000001 0.01125 0.01
2 0.409375 0.913125 0.0125 0.013750000000000002
2 0.41500000000000004 0.9087500000000001 0.01125 0.01125
2 0.4171875 0.9046875 0.0125 0.0125
2 0.42125 0.9 0.01125 0.0125
2 0.43375 0.8706250000000001 0.01125 0.01
2 0.43062500000000004 0.8759375 0.01125 0.01125
2 0.42625 0.8787499999999999 0.008749999999999999 0.0075
2 0.42125 0.8825 0.01125 0.008749999999999999
2 0.3725 0.8975 0.013750000000000002 0.013750000000000002
2 0.3778125 0.8931250000000001 0.015 0.01125
2 0.4796875 0.8243750000000001 0.0125 0.01125
2 0.48968749999999994 0.8328125 0.013750000000000002 0.0125
2 0.484375 0.8378125000000001 0.0125 0.01
2 0.339375 0.97 0.01 0.008749999999999999
2 0.3440625 0.9659375000000001 0.01 0.01
2 0.348125 0.9628125000000001 0.008749999999999999 0.01
2 0.351875 0.9581250000000001 0.01 0.01
2 0.35562499999999997 0.9528125 0.01125 0.008749999999999999
2 0.35812499999999997 0.9493750000000001 0.01 0.01125
2 0.365 0.9453125 0.01125 0.0125
2 0.368125 0.940625 0.01125 0.0125
2 0.3721875 0.936875 0.01 0.01125
2 0.378125 0.9321875000000001 0.0125 0.01125
2 0.38156249999999997 0.928125 0.01 0.0125
2 0.38468749999999996 0.9243750000000001 0.01 0.01125
2 0.38937499999999997 0.9190625000000001 0.01 0.01
2 0.39468749999999997 0.915 0.01125 0.01125
2 0.39718749999999997 0.9087500000000001 0.01 0.01125
2 0.401875 0.905 0.01 0.01
2 0.40499999999999997 0.9012499999999999 0.01 0.008749999999999999
2 0.4090625 0.8949999999999999 0.008749999999999999 0.008749999999999999
2 0.4134375 0.8925000000000001 0.01125 0.01
2 0.418125 0.889375 0.01125 0.01
2 0.0703125 0.653125 0.0125 0.0125
2 0.0646875 0.6553125 0.013750000000000002 0.013750000000000002
2 0.06 0.6615624999999999 0.013750000000000002 0.013750000000000002
2 0.0553125 0.6671875 0.013750000000000002 0.0125
2 0.0071874999999999994 0.7150000000000001 0.01125 0.01125
2 0.013125000000000001 0.7109375 0.013750000000000002 0.0125
2 0.0171875 0.7071875000000001 0.0125 0.01125
2 0.04375 0.6821875000000001 0.0125 0.01125
2 0.048125 0.6765625 0.015 0.0125
2 0.050624999999999996 0.67125 0.013750000000000002 0.01125
2 0.0053124999999999995 0.96875 0.0075 0.0125
2 0.42750000000000005 0.8956250000000001 0.01125 0.01
2 0.429375 0.8909375 0.008749999999999999 0.01
2 0.433125 0.8884375 0.01 0.01125
2 0.1759375 0.64625 0.01125 0.01125
2 0.5599999999999999 0.9268750000000001 0.013750000000000002 0.01
2 0.5640625 0.921875 0.0125 0.0125
2 0.19624999999999998 0.780625 0.01125 0.01125
2 0.19 0.7734375 0.01125 0.0125
2 0.1975 0.7575000000000001 0.013750000000000002 0.015
2 0.2071875 0.745625 0.01125 0.01
2 0.21781250000000002 0.735 0.013750000000000002 0.013750000000000002
2 0.14656249999999998 0.615625 0.015 0.0125
2 0.1509375 0.6212500000000001 0.01125 0.01125
2 0.153125 0.6240625 0.0125 0.013750000000000002
2 0.159375 0.6287499999999999 0.0125 0.013750000000000002
2 0.171875 0.64125 0.0125 0.013750000000000002
2 0.18062499999999998 0.65 0.01125 0.0125
2 0.49000000000000005 0.98375 0.01125 0.01125
2 0.19624999999999998 0.665625 0.01125 0.0125
2 0.199375 0.6709375 0.01125 0.013750000000000002
2 0.20593750000000002 0.6740625 0.008749999999999999 0.013750000000000002
2 0.21968749999999998 0.6896875 0.01125 0.013750000000000002
2 0.22875 0.6900000000000001 0.013750000000000002 0.01125
2 0.23156249999999998 0.6846875 0.01 0.01
2 0.2384375 0.6821875000000001 0.01125 0.01125
2 0.24718749999999998 0.673125 0.01 0.008749999999999999
2 0.2525 0.6675 0.01125 0.01
2 0.2690625 0.64625 0.01 0.01125
2 0.27218749999999997 0.6484375 0.01 0.0125
2 0.471875 0.74 0.0125 0.01125
2 0.5546875 0.930625 0.0125 0.01125
2 0.5515625 0.93625 0.0125 0.01
2 0.546875 0.93875 0.0125 0.008749999999999999
2 0.5421875 0.9440625 0.0125 0.01
2 0.49906249999999996 0.9746874999999999 0.013750000000000002 0.015
2 0.5025000000000001 0.9712500000000001 0.01125 0.01125
2 0.50875 0.9665625 0.01125 0.01125
2 0.5115624999999999 0.9609375 0.013750000000000002 0.0125
2 0.5165625 0.9581250000000001 0.01125 0.01
2 0.520625 0.9534375 0.01 0.01
2 0.5221875 0.9487500000000001 0.01 0.01
2 0.5265625 0.945625 0.0125 0.01
2 0.5296875 0.9400000000000001 0.0125 0.01125
2 0.5337500000000001 0.9346875000000001 0.01125 0.01
2 0.536875 0.9315625000000001 0.01125 0.01
2 0.540625 0.9259375000000001 0.0125 0.01125
2 0.54625 0.921875 0.01125 0.0125
2 0.5490625 0.915 0.013750000000000002 0.01125
2 0.553125 0.911875 0.0125 0.01125
2 0.558125 0.9081250000000001 0.01 0.01
2 0.56875 0.9165625000000001 0.0125 0.01125
2 0.509375 0.98375 0.0125 0.01125
2 0.5118750000000001 0.976875 0.01125 0.01
2 0.5159374999999999 0.9737500000000001 0.01 0.01
2 0.52 0.9706250000000001 0.008749999999999999 0.01
2 0.5237499999999999 0.9675 0.01 0.01
2 0.5290625 0.9571875000000001 0.01125 0.01125
2 0.533125 0.9512499999999999 0.01 0.008749999999999999
2 0.5378125 0.9471875000000001 0.01 0.01
2 0.47750000000000004 0.7368750000000001 0.01125 0.01125
2 0.4796875 0.73125 0.0125 0.0125
2 0.484375 0.7265625 0.0125 0.0125
2 0.5081249999999999 0.74 0.01 0.01125
2 0.520625 0.7275 0.01 0.01125
2 0.5234375 0.7221875 0.0125 0.01
2 0.5278125 0.7184375000000001 0.008749999999999999 0.008749999999999999
2 0.5328125 0.7150000000000001 0.0125 0.01125
2 0.5378125 0.7096875 0.01 0.01
2 0.5415625000000001 0.7071875000000001 0.01125 0.01125
2 0.5453125 0.70375 0.0125 0.013750000000000002
2 0.5471874999999999 0.696875 0.01 0.0125
2 0.5534375 0.6950000000000001 0.01 0.008749999999999999
2 0.5540625 0.6884375 0.01125 0.01125
2 0.558125 0.683125 0.01 0.01
2 0.5650000000000001 0.6790625 0.01125 0.01125
2 0.5665625000000001 0.6759375000000001 0.01125 0.01125
2 0.5721875 0.671875 0.01 0.0125
2 0.5759375 0.6675 0.01125 0.01
2 0.5790625 0.6643749999999999 0.01125 0.01
2 0.58375 0.658125 0.01125 0.01
2 0.5884375000000001 0.6534375 0.01125 0.01
2 0.5915625 0.65 0.01125 0.0125
2 0.596875 0.64625 0.0125 0.01125
2 0.6003125 0.6403125000000001 0.01 0.008749999999999999
2 0.603125 0.6359375 0.0125 0.0125
2 0.609375 0.6328125 0.0125 0.0125
2 0.6134375000000001 0.6284375 0.01125 0.01
2 0.6168750000000001 0.6253124999999999 0.008749999999999999 0.01
2 0.5134375 0.7359375 0.01125 0.0125
2 0.505 0.7440625 0.01 0.01
2 0.4915625 0.718125 0.01125 0.01125
2 0.5003124999999999 0.7471875 0.01 0.01
2 0.49625 0.7134375000000001 0.01125 0.01125
2 0.500625 0.7103125 0.013750000000000002 0.01125
2 0.5046875 0.7053125 0.0125 0.013750000000000002
2 0.509375 0.7 0.0125 0.0125
2 0.5146875 0.6965625 0.013750000000000002 0.015
2 0.5287499999999999 0.6793750000000001 0.013750000000000002 0.015
2 0.5328125 0.6746875 0.0125 0.015
2 0.5353125000000001 0.6690625 0.01125 0.01
2 0.540625 0.66625 0.0125 0.013750000000000002
2 0.5459375 0.6599999999999999 0.013750000000000002 0.013750000000000002
2 0.5525 0.6525000000000001 0.01125 0.01125
2 0.5565625 0.6478125 0.01 0.01125
2 0.5603125 0.64375 0.01125 0.0125
2 0.5700000000000001 0.6346875 0.008749999999999999 0.01
2 0.5728125000000001 0.6296875 0.01125 0.0125
2 0.5818749999999999 0.624375 0.013750000000000002 0.01125
2 0.584375 0.6203125 0.0125 0.0125
2 0.59375 0.6109375 0.0125 0.0125
2 0.5962500000000001 0.6056250000000001 0.01125 0.01125
2 0.6109375 0.5921875 0.0125 0.0125
2 0.60625 0.596875 0.0125 0.0125
2 0.6009375 0.6018749999999999 0.01125 0.01
2 0.625 0.5771875 0.0125 0.013750000000000002
2 0.4915625 0.7581249999999999 0.01125 0.01
2 0.49625 0.753125 0.01125 0.0125
2 0.49625 0.9775 0.01125 0.01125
2 0.49406249999999996 0.9440625 0.01 0.01
2 0.43843750000000004 0.88375 0.01125 0.01125
2 0.405625 0.9784375000000001 0.01125 0.01
2 0.465 0.89375 0.01125 0.0125
2 0.46875 0.8890625 0.0125 0.0125
2 0.4728125 0.883125 0.01125 0.01
2 0.478125 0.88125 0.0125 0.0125
2 0.4828125 0.8771875 0.0125 0.013750000000000002
2 0.4859375 0.871875 0.0125 0.0125
2 0.4953125 0.8640625 0.0125 0.0125
2 0.49093749999999997 0.86875 0.01 0.0125
2 0.4984375 0.859375 0.0125 0.0125
2 0.503125 0.8543749999999999 0.0125 0.015
2 0.509375 0.8490624999999999 0.0125 0.013750000000000002
2 0.4025 0.9821875 0.01125 0.01125
2 0.4109375 0.974375 0.0125 0.01125
2 0.4971875 0.940625 0.01 0.0125
2 0.41500000000000004 0.9696875 0.01125 0.01125
2 0.41968750000000005 0.965625 0.01125 0.0125
2 0.4234375 0.9603125 0.0125 0.01125
2 0.42750000000000005 0.95625 0.01125 0.0125
2 0.4328125 0.953125 0.0125 0.0125
2 0.4359375 0.9475 0.0125 0.013750000000000002
2 0.4390625 0.9428124999999999 0.0125 0.013750000000000002
2 0.44281249999999994 0.9390625 0.013750000000000002 0.0125
2 0.44749999999999995 0.934375 0.013750000000000002 0.0125
2 0.4525 0.9296875 0.01125 0.0125
2 0.45562500000000006 0.9262499999999999 0.01125 0.015
2 0.46125 0.921875 0.01 0.0125
2 0.4609375 0.896875 0.0125 0.0125
2 0.458125 0.9025000000000001 0.01 0.01125
2 0.453125 0.90625 0.0125 0.0125
2 0.4496875 0.9112500000000001 0.008749999999999999 0.01
2 0.4425 0.8800000000000001 0.01 0.01
2 0.44625000000000004 0.8759375 0.01125 0.01125
2 0.45187499999999997 0.8696875000000001 0.01 0.01125
2 0.45562500000000006 0.8659375 0.01125 0.01
2 0.4640625 0.859375 0.0125 0.0125
2 0.4690625 0.8525 0.01 0.01125
2 0.4721875 0.85 0.01 0.0125
2 0.476875 0.8462500000000001 0.01 0.01125
2 0.48250000000000004 0.8415625 0.008749999999999999 0.01125
2 0.38375 0.9793749999999999 0.01125 0.008749999999999999
2 0.38687499999999997 0.9737500000000001 0.01125 0.01
2 0.390625 0.9690625 0.0125 0.01
2 0.395625 0.9659375000000001 0.01 0.01
2 0.399375 0.9603125 0.01125 0.01125
2 0.40499999999999997 0.9565625000000001 0.01 0.01
2 0.40875000000000006 0.951875 0.01125 0.01
2 0.41281249999999997 0.9478125000000001 0.01 0.01125
2 0.41593749999999996 0.945625 0.01 0.01
2 0.42125 0.940625 0.01125 0.0125
2 0.4253125 0.9378125 0.01 0.01
2 0.42750000000000005 0.930625 0.01125 0.01125
2 0.433125 0.928125 0.01 0.0125
2 0.43624999999999997 0.9215625 0.01 0.008749999999999999
2 0.43937499999999996 0.9190625000000001 0.01 0.01
2 0.4446875 0.915 0.01125 0.01125
2 0.465 0.91625 0.01125 0.013750000000000002
2 0.4690625 0.9134375 0.01 0.01125
2 0.471875 0.909375 0.0125 0.0125
2 0.5075000000000001 0.9081250000000001 0.008749999999999999 0.01
2 0.5190625 0.8984375 0.01 0.0125
2 0.5231250000000001 0.8925000000000001 0.008749999999999999 0.01
2 0.5278125 0.8884375 0.008749999999999999 0.01125
2 0.5325 0.8825 0.008749999999999999 0.008749999999999999
2 0.5371875 0.878125 0.008749999999999999 0.0125
2 0.545 0.8890625 0.015 0.0125
2 0.54125 0.8915625 0.013750000000000002 0.01125
2 0.535625 0.89625 0.015 0.01125
2 0.5337500000000001 0.9018750000000001 0.01125 0.01
2 0.524375 0.9087500000000001 0.01125 0.01125
2 0.528125 0.9053125 0.0125 0.013750000000000002
2 0.5181250000000001 0.9134375 0.01125 0.01125
2 0.5134375 0.921875 0.01125 0.0125
2 0.4525 0.9806250000000001 0.01125 0.01125
2 0.458125 0.978125 0.01 0.0125
2 0.465 0.971875 0.01125 0.0125
2 0.468125 0.9712500000000001 0.01125 0.01125
2 0.47125000000000006 0.9646874999999999 0.01125 0.013750000000000002
2 0.4759375 0.96 0.01125 0.013750000000000002
2 0.4796875 0.9553125 0.0125 0.013750000000000002
2 0.484375 0.9528125 0.0125 0.015
2 0.489375 0.9478125000000001 0.01 0.01125
2 0.50875 0.9268750000000001 0.01125 0.01
2 0.505 0.9315625000000001 0.01 0.01
2 0.5009375 0.9340624999999999 0.01125 0.008749999999999999
2 0.51375 0.9025000000000001 0.008749999999999999 0.01125
2 0.5034375 0.9134375 0.01 0.01125
2 0.47750000000000004 0.9040625 0.01125 0.01125
2 0.5 0.9196875 0.0125 0.01125
2 0.480625 0.8984375 0.01125 0.0125
2 0.48531250000000004 0.8959374999999999 0.01125 0.013750000000000002
2 0.490625 0.8921875 0.0125 0.0125
2 0.4921875 0.8875 0.0125 0.0125
2 0.496875 0.884375 0.0125 0.0125
2 0.501875 0.878125 0.01 0.0125
2 0.505625 0.875625 0.01125 0.013750000000000002
2 0.5096875 0.8724999999999999 0.01 0.013750000000000002
2 0.514375 0.8665625 0.01 0.01125
2 0.5196875000000001 0.8615625 0.01125 0.013750000000000002
2 0.43843750000000004 0.9824999999999999 0.01125 0.008749999999999999
2 0.4425 0.9775 0.01 0.01125
2 0.44656250000000003 0.9731249999999999 0.008749999999999999 0.008749999999999999
2 0.45093750000000005 0.9712500000000001 0.01125 0.01125
2 0.4546875 0.9671875 0.0125 0.0125
2 0.4603125 0.9625 0.01125 0.0125
2 0.464375 0.9574999999999999 0.01 0.008749999999999999
2 0.46781249999999996 0.951875 0.0075 0.01
2 0.47000000000000003 0.9487500000000001 0.008749999999999999 0.01
2 0.47531249999999997 0.9440625 0.01 0.01
2 0.47874999999999995 0.9393750000000001 0.0075 0.01
2 0.48375 0.9353125 0.01125 0.01125
2 0.4884375 0.9315625000000001 0.01125 0.01
2 0.4915625 0.9268750000000001 0.01125 0.01
2 0.49625 0.9221875 0.01125 0.01
2 0.6212500000000001 0.62 0.01125 0.008749999999999999
2 0.626875 0.6153125 0.01 0.008749999999999999
2 0.6315625 0.6121875 0.01 0.008749999999999999
2 0.015625 0.87375 0.0125 0.01
2 0.041875 0.8578125 0.008749999999999999 0.0125
2 0.6340625 0.6065625 0.008749999999999999 0.01
2 0.590625 0.7056250000000001 0.0125 0.01125
2 0.5978125000000001 0.69625 0.01125 0.01125
2 0.6025 0.6921875 0.01125 0.0125
2 0.60625 0.6890625 0.0125 0.0125
2 0.6103125 0.6837500000000001 0.01125 0.01125
2 0.615 0.680625 0.01125 0.01125
2 0.6203125 0.6775 0.0125 0.01125
2 0.6234375 0.67125 0.0125 0.01125
2 0.628125 0.665625 0.0125 0.0125
2 0.63375 0.6609375 0.01125 0.0125
2 0.6368750000000001 0.658125 0.01125 0.01
2 0.6409374999999999 0.6525000000000001 0.01 0.01125
2 0.6440625 0.649375 0.01 0.01125
2 0.6484375 0.6459374999999999 0.0125 0.013750000000000002
2 0.653125 0.6421875 0.0125 0.0125
2 0.6578125 0.6375 0.0125 0.0125
2 0.6625 0.63375 0.0125 0.01125
2 0.665625 0.628125 0.0125 0.0125
2 0.67125 0.624375 0.01125 0.01125
2 0.5159374999999999 0.8025 0.01 0.01125
2 0.52125 0.7978125 0.01125 0.01125
2 0.5259375000000001 0.7921875 0.01125 0.0125
2 0.5290625 0.7893749999999999 0.01125 0.01
2 0.534375 0.784375 0.0125 0.0125
2 0.5384375 0.7790625 0.01125 0.01125
2 0.540625 0.775625 0.0125 0.013750000000000002
2 0.5946875 0.701875 0.01125 0.01
2 0.5853125 0.7096875 0.01125 0.01
2 0.5821875000000001 0.714375 0.01125 0.01
2 0.5584374999999999 0.8615625 0.013750000000000002 0.013750000000000002
2 0.514375 0.7887500000000001 0.01 0.008749999999999999
2 0.521875 0.7796875 0.0125 0.0125
2 0.5259375000000001 0.775 0.01125 0.0125
2 0.5290625 0.770625 0.01125 0.01
2 0.533125 0.7665625 0.01 0.01125
2 0.5378125 0.7628125 0.01 0.01
2 0.5415625000000001 0.7581249999999999 0.01125 0.01
2 0.54625 0.7534375 0.01125 0.01
2 0.5493750000000001 0.7509375 0.01125 0.01125
2 0.5525 0.7446875000000001 0.01125 0.01125
2 0.558125 0.739375 0.01 0.01
2 0.5609375 0.73625 0.0125 0.01
2 0.5650000000000001 0.7328125 0.01125 0.0125
2 0.5703125 0.728125 0.0125 0.0125
2 0.5740624999999999 0.724375 0.013750000000000002 0.01125
2 0.578125 0.7190624999999999 0.0125 0.01
2 0.5506249999999999 0.76625 0.013750000000000002 0.013750000000000002
2 0.6265625 0.6334375 0.0125 0.013750000000000002
2 0.6296875 0.6287499999999999 0.0125 0.013750000000000002
2 0.634375 0.6234375 0.0125 0.0125
2 0.6381249999999999 0.6203125 0.013750000000000002 0.0125
2 0.6428125 0.615625 0.013750000000000002 0.0125
2 0.646875 0.6103125 0.0125 0.01125
2 0.6515625 0.60625 0.0125 0.0125
2 0.5275000000000001 0.75625 0.01125 0.0125
2 0.645 0.07625 0.015 0.015
2 0.659375 0.08875 0.0125 0.015
2 0.5625 0.11687499999999999 0.0125 0.015
2 0.5646875 0.13968750000000002 0.013750000000000002 0.013750000000000002
2 0.6215625 0.6384375 0.008749999999999999 0.01125
2 0.6171875 0.6428125 0.0125 0.013750000000000002
2 0.6140625 0.646875 0.0125 0.0125
2 0.60875 0.65 0.01125 0.0125
2 0.6381249999999999 0.6028125 0.0075 0.008749999999999999
2 0.6434375 0.59875 0.008749999999999999 0.01
2 0.5009375 0.764375 0.01125 0.01
2 0.5034375 0.7618750000000001 0.01 0.01125
2 0.50875 0.7571875 0.01125 0.01125
2 0.515 0.7525000000000001 0.01125 0.01125
2 0.52 0.7446875000000001 0.008749999999999999 0.01125
2 0.5234375 0.740625 0.0125 0.0125
2 0.5271874999999999 0.7353125 0.013750000000000002 0.01125
2 0.5328125 0.73125 0.0125 0.0125
2 0.5375 0.725 0.0125 0.0125
2 0.5440625 0.7203125 0.01 0.0125
2 0.5493750000000001 0.715625 0.01125 0.0125
2 0.5525 0.7106250000000001 0.01125 0.008749999999999999
2 0.55625 0.7046875 0.0125 0.0125
2 0.563125 0.6975 0.013750000000000002 0.013750000000000002
2 0.5678124999999999 0.6915625000000001 0.013750000000000002 0.01125
2 0.571875 0.689375 0.0125 0.01
2 0.578125 0.6846875 0.0125 0.01
2 0.58125 0.6790625 0.0125 0.01125
2 0.5853125 0.6765625 0.01125 0.0125
2 0.5890625 0.671875 0.0125 0.0125
2 0.593125 0.6678124999999999 0.01125 0.013750000000000002
2 0.5984375 0.6640625 0.0125 0.0125
2 0.6053124999999999 0.655625 0.013750000000000002 0.01125
2 0.5459375 0.771875 0.013750000000000002 0.0125
2 0.553125 0.76125 0.0125 0.01
2 0.6015625 0.82875 0.0125 0.013750000000000002
2 0.7328125 0.6915625000000001 0.0125 0.01125
2 0.7275 0.696875 0.01125 0.0125
2 0.7234375 0.7009375 0.0125 0.01125
2 0.719375 0.7056250000000001 0.013750000000000002 0.01125
2 0.7150000000000001 0.7096875 0.01125 0.01
2 0.7128125 0.7134375000000001 0.01 0.01125
2 0.575 0.85875 0.0125 0.01125
2 0.579375 0.8515625 0.015 0.0125
2 0.5828125 0.8462500000000001 0.0125 0.01125
2 0.5865625 0.8418749999999999 0.013750000000000002 0.015
2 0.5912499999999999 0.8393750000000001 0.013750000000000002 0.01625
2 0.5962500000000001 0.8334374999999999 0.01125 0.013750000000000002
2 0.6034375 0.8228125000000001 0.01 0.01125
2 0.5900000000000001 0.82125 0.01125 0.01125
2 0.6084375 0.821875 0.013750000000000002 0.0125
2 0.6103125 0.8165625000000001 0.01125 0.01125
2 0.6168750000000001 0.813125 0.015 0.013750000000000002
2 0.62 0.8099999999999999 0.015 0.013750000000000002
2 0.6259375 0.8034375 0.01125 0.01
2 0.6296875 0.8009375000000001 0.0125 0.01125
2 0.634375 0.796875 0.0125 0.0125
2 0.6384375 0.790625 0.01125 0.0125
2 0.64375 0.7875 0.0125 0.0125
2 0.646875 0.7837500000000001 0.0125 0.01125
2 0.650625 0.7775000000000001 0.013750000000000002 0.01125
2 0.6525000000000001 0.7734375 0.01125 0.0125
2 0.7228125000000001 0.684375 0.01125 0.0125
2 0.7196875 0.6875 0.01125 0.0125
2 0.7150000000000001 0.6909375 0.01125 0.01
2 0.7103125 0.6956249999999999 0.01125 0.01
2 0.5978125000000001 0.8128125 0.01125 0.01
2 0.603125 0.8078125 0.0125 0.0125
2 0.6071875 0.8018750000000001 0.01125 0.01
2 0.6109375 0.7993750000000001 0.0125 0.01125
2 0.6168750000000001 0.796875 0.015 0.0125
2 0.6209374999999999 0.79125 0.013750000000000002 0.013750000000000002
2 0.6240625 0.7859375 0.013750000000000002 0.0125
2 0.6275000000000001 0.7821875 0.01125 0.01125
2 0.635 0.778125 0.013750000000000002 0.0125
2 0.6368750000000001 0.7734375 0.01125 0.0125
2 0.640625 0.76875 0.0125 0.0125
2 0.6446875000000001 0.765 0.01125 0.01125
2 0.6487499999999999 0.7596875 0.01 0.01
2 0.653125 0.755625 0.0125 0.01125
2 0.65625 0.751875 0.0125 0.01
2 0.66125 0.7462500000000001 0.01 0.01125
2 0.6659375 0.743125 0.01 0.01125
2 0.676875 0.73 0.01 0.01
2 0.6828125 0.7268749999999999 0.0125 0.01
2 0.68625 0.7215625 0.01 0.008749999999999999
2 0.6900000000000001 0.718125 0.01125 0.01125
2 0.6946875 0.7134375000000001 0.01125 0.01125
2 0.69875 0.709375 0.01 0.0125
2 0.7025 0.7056250000000001 0.01125 0.01125
2 0.708125 0.7009375 0.01 0.01125
2 0.6578125 0.7693749999999999 0.0125 0.013750000000000002
2 0.6625 0.765625 0.0125 0.0125
2 0.666875 0.7609375 0.015 0.0125
2 0.884375 0.1384375 0.0125 0.01125
2 0.896875 0.15562499999999999 0.0125 0.01125
2 0.903125 0.1671875 0.0125 0.0125
2 0.9071875 0.170625 0.01125 0.01
2 0.909375 0.1759375 0.0125 0.01125
2 0.8868750000000001 0.1440625 0.01125 0.01
2 0.83625 0.071875 0.01625 0.0125
2 0.8665625 0.0796875 0.01125 0.0125
2 0.87375 0.0734375 0.01 0.0125
2 0.878125 0.0725 0.0125 0.013750000000000002
2 0.8925000000000001 0.078125 0.01 0.0125
2 0.8984375 0.075625 0.0125 0.013750000000000002
2 0.9025000000000001 0.071875 0.01125 0.0125
2 0.8815625 0.0859375 0.01 0.0125
2 0.8868750000000001 0.0834375 0.01125 0.013750000000000002
2 0.9409375000000001 0.028749999999999998 0.01 0.013750000000000002
2 0.946875 0.026250000000000002 0.0125 0.015
2 0.94625 0.0421875 0.01125 0.0125
2 0.9393750000000001 0.0484375 0.01 0.0125
2 0.9721875000000001 0.0084375 0.01 0.013750000000000002
2 0.9828125 0.01875 0.0125 0.0125
2 0.9921875 0.0021874999999999998 0.00625 0.00125
2 0.9815625000000001 0.0040625 0.01 0.005
2 0.99 0.009375 0.01125 0.0125
2 0.8765625 0.1275 0.0125 0.01125
2 0.6693749999999999 0.75625 0.013750000000000002 0.0125
2 0.67375 0.753125 0.01625 0.0125
2 0.6784375 0.7484375 0.01625 0.0125
2 0.681875 0.7428125 0.013750000000000002 0.013750000000000002
2 0.6859375 0.74 0.0125 0.01125
2 0.690625 0.7353125 0.0125 0.01125
2 0.69375 0.73125 0.0125 0.0125
2 0.696875 0.7275 0.0125 0.01125
2 0.70375 0.7224999999999999 0.013750000000000002 0.013750000000000002
2 0.709375 0.719375 0.0125 0.013750000000000002
2 0.6009375 0.8640625 0.01125 0.0125
2 0.6059375 0.86 0.015 0.013750000000000002
2 0.6109375 0.85625 0.0125 0.0125
2 0.615625 0.8528125 0.0125 0.015
2 0.6196875000000001 0.8462500000000001 0.01125 0.01125
2 0.621875 0.844375 0.0125 0.013750000000000002
2 0.628125 0.840625 0.0125 0.0125
2 0.631875 0.834375 0.013750000000000002 0.0125
2 0.635 0.8303125 0.013750000000000002 0.013750000000000002
2 0.640625 0.8259375 0.0125 0.01125
2 0.6421875 0.821875 0.0125 0.0125
2 0.6475 0.8168749999999999 0.013750000000000002 0.015
2 0.6537499999999999 0.8128125 0.013750000000000002 0.01625
2 0.691875 0.7671875 0.015 0.0125
2 0.59375 0.8165625000000001 0.0125 0.01125
2 0.586875 0.8259375 0.01125 0.01125
2 0.5587500000000001 0.7578125 0.01125 0.0125
2 0.5862499999999999 0.7665625 0.01 0.01125
2 0.5349999999999999 0.8196875 0.013750000000000002 0.01125
2 0.5390625 0.8150000000000001 0.0125 0.01125
2 0.54375 0.809375 0.0125 0.0125
2 0.5475 0.8053125 0.013750000000000002 0.013750000000000002
2 0.551875 0.8025 0.01 0.01125
2 0.5565625 0.796875 0.01 0.0125
2 0.559375 0.7928124999999999 0.0125 0.013750000000000002
2 0.565625 0.7890625 0.0125 0.0125
2 0.56875 0.7840625 0.0125 0.008749999999999999
2 0.57125 0.78 0.01125 0.01
2 0.576875 0.7759375000000001 0.01 0.01125
2 0.5821875000000001 0.77125 0.01125 0.01125
2 0.5903125 0.7628125 0.008749999999999999 0.01
2 0.58375 0.8290625 0.01125 0.01125
2 0.5953125 0.76 0.0125 0.013750000000000002
2 0.5978125000000001 0.7546875 0.01125 0.0125
2 0.6018749999999999 0.7509375 0.01 0.01125
2 0.60625 0.7462500000000001 0.0125 0.01125
2 0.609375 0.7415625 0.0125 0.01125
2 0.615 0.7368750000000001 0.01125 0.01125
2 0.618125 0.733125 0.01125 0.01
2 0.6212500000000001 0.7284375 0.01125 0.01
2 0.626875 0.7253125 0.01 0.01
2 0.6303124999999999 0.71875 0.013750000000000002 0.0125
2 0.63375 0.7150000000000001 0.01125 0.01125
2 0.64 0.7115625 0.01125 0.013750000000000002
2 0.6775 0.63375 0.01125 0.01125
2 0.675 0.6384375 0.0125 0.01125
2 0.67125 0.6425 0.01125 0.01
2 0.66625 0.6475 0.013750000000000002 0.013750000000000002
2 0.5609375 0.754375 0.0125 0.015
2 0.5662499999999999 0.7474999999999999 0.013750000000000002 0.013750000000000002
2 0.5715625 0.7434375 0.015 0.015
2 0.5771875 0.7396874999999999 0.013750000000000002 0.013750000000000002
2 0.5803125 0.735 0.013750000000000002 0.013750000000000002
2 0.584375 0.73125 0.0125 0.0125
2 0.5859375 0.72875 0.0125 0.013750000000000002
2 0.5896874999999999 0.723125 0.013750000000000002 0.015
2 0.5959375 0.719375 0.013750000000000002 0.013750000000000002
2 0.5990624999999999 0.715625 0.013750000000000002 0.0125
2 0.60375 0.71 0.013750000000000002 0.013750000000000002
2 0.6078125 0.7053125 0.0125 0.013750000000000002
2 0.6103125 0.7021875 0.01125 0.013750000000000002
2 0.61625 0.6975 0.013750000000000002 0.013750000000000002
2 0.62 0.69375 0.015 0.0125
2 0.625625 0.6900000000000001 0.013750000000000002 0.01125
2 0.6275000000000001 0.6859375 0.01125 0.0125
2 0.6328125 0.6809375 0.0125 0.015
2 0.6365624999999999 0.6765625 0.013750000000000002 0.0125
2 0.640625 0.6725 0.0125 0.013750000000000002
2 0.64625 0.666875 0.01125 0.015
2 0.649375 0.6640625 0.01125 0.0125
2 0.653125 0.6596875 0.0125 0.01625
2 0.6578125 0.6559375000000001 0.0125 0.015
2 0.6609375 0.6515625 0.0125 0.0125
2 0.6443749999999999 0.7071875000000001 0.013750000000000002 0.01125
2 0.64625 0.7025 0.01125 0.01125
2 0.6515625 0.6978125000000001 0.0125 0.01125
2 0.6153125 0.7546875 0.015 0.0125
2 0.6240625 0.7462500000000001 0.013750000000000002 0.01125
2 0.6296875 0.7434375 0.0125 0.008749999999999999
2 0.634375 0.7384375000000001 0.0125 0.01125
2 0.6375 0.734375 0.0125 0.0125
2 0.640625 0.7296875 0.0125 0.0125
2 0.6475 0.7259375 0.013750000000000002 0.01125
2 0.6496875 0.7212500000000001 0.015 0.01125
2 0.653125 0.7165625 0.0125 0.01125
2 0.6584375 0.713125 0.013750000000000002 0.013750000000000002
2 0.663125 0.7068749999999999 0.013750000000000002 0.013750000000000002
2 0.6671875 0.703125 0.0125 0.0125
2 0.6725 0.6978125000000001 0.013750000000000002 0.01125
2 0.6740625 0.6956249999999999 0.013750000000000002 0.01
2 0.67875 0.6915625000000001 0.013750000000000002 0.01125
2 0.6834374999999999 0.6859375 0.013750000000000002 0.0125
2 0.685625 0.681875 0.015 0.013750000000000002
2 0.6912499999999999 0.67875 0.013750000000000002 0.013750000000000002
2 0.694375 0.673125 0.013750000000000002 0.015
2 0.7 0.6693749999999999 0.0125 0.013750000000000002
2 0.703125 0.665625 0.0125 0.0125
2 0.70875 0.661875 0.01125 0.01125
2 0.5662499999999999 0.8484375 0.013750000000000002 0.0125
2 0.5696875 0.8425 0.01125 0.01
2 0.5743750000000001 0.8378125000000001 0.01125 0.01
2 0.5775 0.8331250000000001 0.01125 0.01
2 0.620625 0.7509375 0.01 0.01125
2 0.6125 0.7609375 0.0125 0.0125
2 0.655625 0.6940625 0.01125 0.01
2 0.6084375 0.765625 0.013750000000000002 0.0125
2 0.6587500000000001 0.689375 0.01125 0.01
2 0.6625 0.6846875 0.0125 0.01
2 0.66625 0.6815625 0.013750000000000002 0.01
2 0.671875 0.6775 0.0125 0.01125
2 0.6743750000000001 0.6721874999999999 0.01125 0.01
2 0.678125 0.6671875 0.0125 0.0125
2 0.684375 0.663125 0.0125 0.013750000000000002
2 0.6896875 0.6599999999999999 0.013750000000000002 0.013750000000000002
2 0.693125 0.6571875 0.01125 0.01125
2 0.6984375 0.653125 0.0125 0.0125
2 0.5453125 0.8290625 0.0125 0.01125
2 0.5509375000000001 0.8253125000000001 0.01125 0.01
2 0.5540625 0.82125 0.01125 0.01125
2 0.559375 0.815625 0.0125 0.0125
2 0.561875 0.8109375 0.01125 0.0125
2 0.5650000000000001 0.8087500000000001 0.01125 0.01125
2 0.57125 0.803125 0.01125 0.0125
2 0.57625 0.8012499999999999 0.015 0.015
2 0.578125 0.7946875 0.0125 0.01125
2 0.58375 0.790625 0.01125 0.0125
2 0.585 0.785625 0.013750000000000002 0.015
2 0.590625 0.7821875 0.0125 0.01125
2 0.5959375 0.7771874999999999 0.013750000000000002 0.013750000000000002
2 0.599375 0.771875 0.01125 0.0125
2 0.6040625000000001 0.7681250000000001 0.01125 0.01125
2 0.253125 0.9662499999999999 0.0125 0.013750000000000002
