2 0.013125000000000001 0.22937500000000002 0.013750000000000002 0.008749999999999999
2 0.01125 0.246875 0.01625 0.00625
2 0.0040625 0.6496875 0.005 0.008749999999999999
2 0.015312500000000001 0.2171875 0.015 0.00625
2 0.015625 0.2084375 0.0125 0.0075
2 0.028749999999999998 0.17250000000000001 0.013750000000000002 0.0075
2 0.029375000000000002 0.16468750000000001 0.015 0.0075
2 0.035625000000000004 0.1278125 0.015 0.008749999999999999
2 0.034999999999999996 0.144375 0.013750000000000002 0.0075
2 0.0325 0.1584375 0.015 0.0075
2 0.2134375 0.99875 0.005 0.00375
2 0.199375 0.9959374999999999 0.005 0.0075
2 0.1909375 0.9949999999999999 0.00375 0.008749999999999999
2 0.32218749999999996 0.9881249999999999 0.01625 0.0075
2 0.34187500000000004 0.9903124999999999 0.015 0.008749999999999999
2 0.366875 0.994375 0.015 0.0075
2 0.5296875 0.9546875 0.00625 0.0125
2 0.55625 0.9453125 0.00625 0.0125
2 0.531875 0.92875 0.0075 0.013750000000000002
2 0.5375 0.9106249999999999 0.00625 0.015
2 0.51 0.9193749999999999 0.013750000000000002 0.0075
2 0.5390625 0.8953125 0.00625 0.0125
2 0.565625 0.8765625 0.00625 0.0125
2 0.2475 0.9512499999999999 0.013750000000000002 0.008749999999999999
2 0.2071875 0.996875 0.005 0.00625
2 0.2228125 0.99875 0.005 0.00375
2 0.22999999999999998 0.9981249999999999 0.00375 0.0025
2 0.18875 0.813125 0.008749999999999999 0.013750000000000002
2 0.178125 0.86 0.00625 0.013750000000000002
2 0.1715625 0.8896875 0.008749999999999999 0.013750000000000002
2 0.1684375 0.9043749999999999 0.008749999999999999 0.015
2 0.1546875 0.9415625000000001 0.0125 0.02375
2 0.1734375 0.9640625 0.01875 0.00625
2 0.2453125 0.9981249999999999 0.00625 0.0025
2 0.236875 0.9981249999999999 0.005 0.0025
2 0.7896875 0.8943749999999999 0.013750000000000002 0.045
2 0.7796875 0.8775000000000001 0.0125 0.03625
2 0.77125 0.8746875 0.01125 0.04
2 0.76 0.8765625 0.013750000000000002 0.04375
2 0.7228125000000001 0.3615625 0.042499999999999996 0.013750000000000002
2 0.865625 0.9978125 0.0375 0.005
2 0.06875 0.009375 0.00625 0.0125
2 0.0553125 0.0078125 0.0075 0.0125
2 0.04 0.0046875 0.005 0.00625
2 0.0321875 0.0040625 0.005 0.005
2 0.025937500000000002 0.0028125 0.005 0.0025
2 0.0078125 0.018437500000000002 0.00625 0.015
2 0.014687500000000001 0.021875 0.0075 0.0125
2 0.0240625 0.021875 0.0075 0.0125
2 0.033437499999999995 0.035625000000000004 0.0075 0.015
2 0.0409375 0.03625 0.01 0.01625
2 0.0471875 0.0396875 0.01 0.013750000000000002
2 0.0528125 0.0421875 0.008749999999999999 0.0125
2 0.06218749999999999 0.042812499999999996 0.008749999999999999 0.013750000000000002
2 0.060625 0.073125 0.008749999999999999 0.015
2 0.027500000000000004 0.034999999999999996 0.005 0.013750000000000002
2 0.24906250000000002 0.944375 0.013750000000000002 0.0075
2 0.29031250000000003 0.9181250000000001 0.015 0.005
2 0.290625 0.909375 0.0125 0.00625
2 0.25875 0.9015625 0.01125 0.00625
2 0.4996875 0.4375 0.008749999999999999 0.0125
2 0.49124999999999996 0.5584374999999999 0.013750000000000002 0.0075
2 0.5890625 0.546875 0.00625 0.0125
2 0.609375 0.5543750000000001 0.00625 0.015
2 0.594375 0.5081249999999999 0.0075 0.01625
2 0.2521875 0.5121875 0.0075 0.015
2 0.25968749999999996 0.479375 0.01 0.015
2 0.25 0.48187499999999994 0.00625 0.013750000000000002
2 0.4984375 0.4565625 0.00625 0.01625
2 0.315 0.3821875 0.01125 0.005
2 0.469375 0.34625 0.013750000000000002 0.005
2 0.4671875 0.37906249999999997 0.0125 0.005
2 0.47468750000000004 0.3384375 0.015 0.005
2 0.506875 0.2965625 0.0075 0.015
2 0.5115624999999999 0.26625 0.0075 0.013750000000000002
2 0.5265625 0.2521875 0.00625 0.013750000000000002
2 0.5181250000000001 0.221875 0.005 0.0125
2 0.311875 0.23500000000000001 0.005 0.013750000000000002
2 0.31906249999999997 0.5753125 0.01 0.01625
2 0.33718750000000003 0.651875 0.015 0.00375
2 0.335 0.663125 0.013750000000000002 0.0075
2 0.33406250000000004 0.67 0.015 0.008749999999999999
2 0.2609375 0.8953125 0.0125 0.00625
2 0.26156250000000003 0.8875 0.013750000000000002 0.00625
2 0.26156250000000003 0.88125 0.013750000000000002 0.00625
2 0.26625 0.8640625 0.013750000000000002 0.00625
2 0.26749999999999996 0.859375 0.01625 0.00625
2 0.29812500000000003 0.86625 0.015 0.0075
2 0.3134375 0.946875 0.005 0.0125
2 0.4803125 0.9059375 0.013750000000000002 0.008749999999999999
2 0.305 0.8221875000000001 0.01625 0.01
2 0.49031250000000004 0.8428125 0.015 0.0075
2 0.49124999999999996 0.8375 0.013750000000000002 0.00625
2 0.496875 0.7928124999999999 0.0125 0.0075
2 0.4725 0.7375 0.0075 0.0125
2 0.3246875 0.70375 0.015 0.0075
2 0.32875 0.68875 0.013750000000000002 0.008749999999999999
2 0.3296875 0.6834374999999999 0.0125 0.0075
2 0.3334375 0.675 0.013750000000000002 0.00625
2 0.3146875 0.22125 0.0075 0.01125
2 0.3203125 0.1965625 0.00625 0.015
2 0.325 0.1675 0.00625 0.01625
2 0.586875 0.03125 0.005 0.0125
2 0.5271874999999999 0.0265625 0.013750000000000002 0.00625
2 0.5287499999999999 0.019375 0.013750000000000002 0.0075
2 0.528125 0.0125 0.0125 0.00625
2 0.528125 0.00625 0.0125 0.00625
2 0.530625 0.0021874999999999998 0.01125 0.00125
2 0.3915625 0.056874999999999995 0.01125 0.0075
2 0.40750000000000003 0.059375 0.015 0.00625
2 0.3953125 0.0328125 0.0125 0.00625
2 0.4125 0.0359375 0.0125 0.00625
2 0.428125 0.03875 0.0125 0.008749999999999999
2 0.4559375 0.042812499999999996 0.015 0.0075
2 0.48125 0.0453125 0.0125 0.00625
2 0.579375 0.005625 0.015 0.005
2 0.576875 0.0125 0.01 0.00625
2 0.5775 0.03125 0.005 0.0125
2 0.29375 0.1840625 0.00625 0.015
2 0.56875 0.0290625 0.00625 0.01125
2 0.301875 0.153125 0.00375 0.0125
2 0.536875 0.1796875 0.005 0.0125
2 0.5384375 0.16499999999999998 0.005 0.01125
2 0.53125 0.1296875 0.00625 0.0125
2 0.5334375 0.11468750000000001 0.0075 0.013750000000000002
2 0.306875 0.13343750000000001 0.0075 0.013750000000000002
2 0.309375 0.1171875 0.00625 0.0125
2 0.313125 0.103125 0.0075 0.0125
2 0.31625000000000003 0.08375 0.0075 0.01125
2 0.319375 0.07125000000000001 0.0075 0.01125
2 0.3209375 0.05625 0.0075 0.0125
2 0.3375 0.11468750000000001 0.00625 0.013750000000000002
2 0.33968750000000003 0.0990625 0.0075 0.013750000000000002
2 0.4653125 0.1271875 0.015 0.0075
2 0.4646875 0.06875 0.013750000000000002 0.00625
2 0.589375 0.0865625 0.01 0.0075
2 0.5959375 0.063125 0.013750000000000002 0.0075
2 0.74375 0.9724999999999999 0.00625 0.013750000000000002
2 0.7725 0.996875 0.013750000000000002 0.00625
2 0.8090624999999999 0.9459375 0.015 0.0075
2 0.98125 0.13187500000000002 0.0125 0.0075
2 0.9946875000000001 0.1359375 0.01125 0.00625
2 0.663125 0.1890625 0.0075 0.0125
2 0.6359375 0.2328125 0.00625 0.0125
2 0.6334375 0.2475 0.0075 0.013750000000000002
2 0.653125 0.25187499999999996 0.00625 0.01
2 0.6515625 0.265 0.00625 0.01125
2 0.6287499999999999 0.2834375 0.0075 0.013750000000000002
2 0.6484375 0.2828125 0.00625 0.0125
2 0.646875 0.2978125 0.00625 0.01125
2 0.965625 0.13093749999999998 0.0125 0.008749999999999999
2 0.9525 0.12875 0.01125 0.0075
2 0.938125 0.12625 0.013750000000000002 0.008749999999999999
2 0.921875 0.125 0.0125 0.00625
2 0.7859375 0.040625 0.00625 0.0125
2 0.9824999999999999 0.0709375 0.008749999999999999 0.013750000000000002
2 0.9803124999999999 0.090625 0.0075 0.0125
2 0.934375 0.09125 0.00625 0.013750000000000002
2 0.6681250000000001 0.071875 0.01125 0.00625
2 0.6465625 0.14125000000000001 0.008749999999999999 0.013750000000000002
2 0.665 0.17124999999999999 0.005 0.01125
2 0.6431250000000001 0.1734375 0.005 0.0125
2 0.640625 0.19 0.00625 0.01125
2 0.70875 0.0925 0.01125 0.00375
2 0.7234375 0.096875 0.0125 0.00625
2 0.7775000000000001 0.1046875 0.01125 0.00625
2 0.7921875 0.1053125 0.0125 0.0075
2 0.8221875000000001 0.11000000000000001 0.01625 0.0075
2 0.8375 0.113125 0.0125 0.0075
2 0.8646874999999999 0.1171875 0.013750000000000002 0.00625
2 0.8765625 0.11875 0.0125 0.00625
2 0.7887500000000001 0.028749999999999998 0.008749999999999999 0.013750000000000002
2 0.771875 0.011875 0.0125 0.005
2 0.776875 0.0021874999999999998 0.01 0.00125
2 0.505 0.9753125 0.01625 0.01
