2 0.898125 0.94375 0.015 0.0125
2 0.819375 0.6140625 0.013750000000000002 0.0125
2 0.8465624999999999 0.6287499999999999 0.015 0.013750000000000002
2 0.8765625 0.578125 0.0125 0.0125
2 0.8796875 0.5890625 0.0125 0.0125
2 0.8834375 0.5946875 0.013750000000000002 0.01125
2 0.8859375 0.6 0.0125 0.0125
2 0.8903125 0.604375 0.015 0.015
2 0.8928125 0.6103125 0.013750000000000002 0.01125
2 0.896875 0.6196875000000001 0.01875 0.01125
2 0.9 0.6346875 0.01875 0.01625
2 0.9040625 0.64125 0.017499999999999998 0.013750000000000002
2 0.9012499999999999 0.6599999999999999 0.015 0.013750000000000002
2 0.9071875 0.6637500000000001 0.017499999999999998 0.015
2 0.9099999999999999 0.6696875 0.013750000000000002 0.01125
2 0.9112500000000001 0.6756249999999999 0.01625 0.013750000000000002
2 0.9175000000000001 0.6834374999999999 0.01625 0.013750000000000002
2 0.89875 0.698125 0.01625 0.015
2 0.843125 0.8081250000000001 0.017499999999999998 0.0225
2 0.9037499999999999 0.9181250000000001 0.013750000000000002 0.01125
2 0.92125 0.92875 0.017499999999999998 0.013750000000000002
2 0.885 0.9334374999999999 0.013750000000000002 0.013750000000000002
2 0.821875 0.61875 0.0125 0.0125
2 0.8240624999999999 0.624375 0.013750000000000002 0.01125
2 0.8271875 0.6315625 0.013750000000000002 0.01
2 0.7471875 0.70375 0.01625 0.013750000000000002
2 0.73625 0.6587500000000001 0.01625 0.01125
2 0.74375 0.67125 0.0125 0.01125
2 0.74125 0.665625 0.013750000000000002 0.0125
2 0.7584375 0.649375 0.013750000000000002 0.01125
2 0.7609375 0.6540625 0.0125 0.01125
2 0.7731250000000001 0.675 0.015 0.0125
2 0.74125 0.69625 0.013750000000000002 0.01125
2 0.755625 0.68875 0.01125 0.008749999999999999
2 0.7596875 0.6946875 0.01625 0.01125
2 0.7778125 0.68625 0.015 0.01
2 0.8303125 0.6365624999999999 0.013750000000000002 0.013750000000000002
2 0.7893749999999999 0.67375 0.01625 0.01
2 0.7996875 0.6587500000000001 0.015 0.01125
2 0.798125 0.6509375000000001 0.015 0.01125
2 0.7940625 0.6453125 0.01625 0.0125
2 0.7934375 0.6359375 0.015 0.0125
2 0.8340624999999999 0.6046875 0.015 0.0125
2 0.835 0.6134375000000001 0.013750000000000002 0.01125
2 0.840625 0.6212500000000001 0.0125 0.01125
2 0.835 0.645625 0.013750000000000002 0.01
2 0.89125 0.9384375 0.013750000000000002 0.01125
2 0.7309375 0.6540625 0.015 0.01125
2 0.07843750000000001 0.4021875 0.01 0.013750000000000002
2 0.061250000000000006 0.41156249999999994 0.01 0.013750000000000002
2 0.1978125 0.381875 0.01125 0.013750000000000002
2 0.221875 0.3715625 0.0125 0.015
2 0.248125 0.349375 0.008749999999999999 0.017499999999999998
2 0.2534375 0.3471875 0.01 0.01625
2 0.26187499999999997 0.3453125 0.01125 0.0125
2 0.2790625 0.32937500000000003 0.01125 0.015
2 0.2665625 0.34125 0.01125 0.013750000000000002
2 0.2896875 0.32875 0.0075 0.013750000000000002
2 0.323125 0.32406250000000003 0.015 0.013750000000000002
2 0.32875 0.328125 0.013750000000000002 0.0125
2 0.34249999999999997 0.353125 0.01625 0.0125
2 0.31906249999999997 0.304375 0.01625 0.015
2 0.335625 0.23531249999999998 0.015 0.01125
2 0.34968750000000004 0.22999999999999998 0.015 0.01625
2 0.133125 0.19437500000000002 0.01 0.013750000000000002
2 0.12125 0.17250000000000001 0.01125 0.013750000000000002
2 0.1153125 0.159375 0.008749999999999999 0.0125
2 0.21781250000000002 0.1859375 0.013750000000000002 0.0125
2 0.22156250000000002 0.19375 0.015 0.0125
2 0.099375 0.3884375 0.01125 0.017499999999999998
2 0.1065625 0.385 0.01 0.013750000000000002
2 0.11281250000000001 0.38093750000000004 0.01 0.015
2 0.135 0.36625 0.013750000000000002 0.013750000000000002
2 0.18937500000000002 0.336875 0.01 0.017499999999999998
2 0.1775 0.34125 0.01125 0.013750000000000002
2 0.171875 0.3459375 0.0125 0.013750000000000002
2 0.1678125 0.35031249999999997 0.013750000000000002 0.01625
2 0.16 0.355 0.013750000000000002 0.01625
2 0.12281249999999999 0.3746875 0.01125 0.015
2 0.725625 0.6675 0.013750000000000002 0.01
2 0.698125 0.7056250000000001 0.015 0.01125
2 0.70125 0.711875 0.015 0.01125
2 0.6168750000000001 0.739375 0.015 0.01
2 0.621875 0.7459374999999999 0.0125 0.013750000000000002
2 0.6253124999999999 0.75 0.01 0.0125
2 0.629375 0.756875 0.015 0.013750000000000002
2 0.6487499999999999 0.7046875 0.01625 0.0125
2 0.651875 0.7115625 0.01625 0.013750000000000002
2 0.6653125 0.703125 0.015 0.0125
2 0.6587500000000001 0.7209375 0.01125 0.013750000000000002
2 0.6599999999999999 0.7265625 0.013750000000000002 0.0125
2 0.6678124999999999 0.7409375 0.013750000000000002 0.01
2 0.6793750000000001 0.7315625 0.015 0.01
2 0.6765625 0.72375 0.0125 0.01
2 0.6734375 0.7178125 0.0125 0.0075
2 0.68875 0.6803125 0.015 0.013750000000000002
2 0.70125 0.6815625 0.015 0.01
2 0.6915625000000001 0.69625 0.01125 0.01125
2 0.7056250000000001 0.68625 0.01125 0.01
2 0.69625 0.701875 0.01125 0.01
2 0.7090625 0.6953125 0.015 0.0125
2 0.71 0.6978125000000001 0.013750000000000002 0.01125
2 0.714375 0.7046875 0.01625 0.0125
2 0.6131249999999999 0.734375 0.013750000000000002 0.0125
2 0.6381249999999999 0.7474999999999999 0.013750000000000002 0.013750000000000002
2 0.635 0.740625 0.013750000000000002 0.0125
2 0.5756249999999999 0.753125 0.013750000000000002 0.0125
2 0.71 0.1190625 0.0075 0.01625
2 0.7815624999999999 0.2034375 0.01 0.01625
2 0.76125 0.248125 0.01 0.015
2 0.8731249999999999 0.2884375 0.008749999999999999 0.017499999999999998
2 0.883125 0.29562499999999997 0.01 0.01625
2 0.71 0.65 0.013750000000000002 0.0125
2 0.573125 0.7459374999999999 0.015 0.013750000000000002
2 0.586875 0.7478125 0.01125 0.01125
2 0.6328125 0.73375 0.0125 0.01125
2 0.5912499999999999 0.751875 0.013750000000000002 0.01
2 0.5934375000000001 0.76 0.015 0.013750000000000002
2 0.598125 0.764375 0.015 0.01
2 0.60375 0.776875 0.013750000000000002 0.01
2 0.5803125 0.7665625 0.013750000000000002 0.01125
2 0.5912499999999999 0.7821875 0.013750000000000002 0.01125
2 0.61 0.728125 0.013750000000000002 0.0125
2 0.6224999999999999 0.718125 0.013750000000000002 0.01125
2 0.6275000000000001 0.7275 0.01125 0.01125
2 0.2240625 0.1984375 0.013750000000000002 0.0125
2 0.2578125 0.13187500000000002 0.0125 0.013750000000000002
2 0.270625 0.128125 0.01 0.0125
2 0.23718750000000002 0.1575 0.015 0.015
2 0.31625000000000003 0.1496875 0.013750000000000002 0.015
2 0.241875 0.16312500000000002 0.015 0.013750000000000002
2 0.24343750000000003 0.1684375 0.015 0.015
2 0.265 0.17875000000000002 0.01125 0.013750000000000002
2 0.27156250000000004 0.1759375 0.015 0.017499999999999998
2 0.27937500000000004 0.175 0.015 0.01875
2 0.2865625 0.168125 0.013750000000000002 0.017499999999999998
2 0.29375 0.164375 0.0125 0.01625
2 0.3025 0.1590625 0.01125 0.015
2 0.309375 0.15437499999999998 0.0125 0.015
2 0.3203125 0.14875 0.0125 0.01625
2 0.3253125 0.145625 0.01 0.01625
2 0.334375 0.140625 0.0125 0.01875
2 0.265 0.1434375 0.01125 0.015
2 0.27125 0.1440625 0.01125 0.01625
2 0.276875 0.14125000000000001 0.01 0.013750000000000002
2 0.286875 0.13468750000000002 0.01125 0.01625
2 0.29312499999999997 0.130625 0.01125 0.017499999999999998
2 0.2984375 0.1284375 0.0125 0.01625
2 0.39125 0.71 0.013750000000000002 0.013750000000000002
2 0.9384375 0.6959375 0.017499999999999998 0.013750000000000002
2 0.489375 0.671875 0.01 0.0125
2 0.16875 0.5303125 0.00625 0.013750000000000002
2 0.175625 0.5365624999999999 0.0075 0.013750000000000002
2 0.181875 0.54125 0.0075 0.013750000000000002
2 0.19125 0.55375 0.0075 0.013750000000000002
2 0.2009375 0.566875 0.01125 0.008749999999999999
2 0.30343749999999997 0.315625 0.01 0.0125
2 0.23531249999999998 0.2503125 0.01125 0.01
