2 0.0315625 0.7734375 0.01 0.03125
2 0.0696875 0.49781250000000005 0.01125 0.03
2 0.04 0.7096875 0.01125 0.028749999999999998
2 0.035312500000000004 0.7415625 0.01125 0.03
2 0.10093749999999999 0.28125 0.005 0.0125
2 0.0671875 0.36343749999999997 0.00625 0.01125
2 0.063125 0.379375 0.0075 0.015
2 0.0875 0.374375 0.00625 0.01125
2 0.0890625 0.3578125 0.00625 0.0125
2 0.09281249999999999 0.34187500000000004 0.0075 0.015
2 0.093125 0.3275 0.005 0.01125
2 0.0959375 0.315625 0.0075 0.0125
2 0.099375 0.296875 0.005 0.0125
2 0.1046875 0.108125 0.00625 0.01625
2 0.050624999999999996 0.630625 0.013750000000000002 0.005
2 0.588125 0.603125 0.0075 0.0125
2 0.6056250000000001 0.690625 0.01125 0.0125
2 0.5475 0.7303124999999999 0.0075 0.013750000000000002
2 0.5528125 0.7675 0.008749999999999999 0.01625
2 0.5962500000000001 0.7521875 0.01125 0.013750000000000002
2 0.591875 0.778125 0.015 0.0125
2 0.5875 0.805625 0.0125 0.01125
2 0.5875 0.815625 0.0125 0.0125
2 0.06875 0.348125 0.00625 0.015
2 0.071875 0.3334375 0.00625 0.013750000000000002
2 0.0728125 0.31625000000000003 0.005 0.013750000000000002
2 0.07906250000000001 0.27937500000000004 0.005 0.015
2 0.0521875 0.618125 0.013750000000000002 0.005
2 0.07125000000000001 0.635 0.005 0.013750000000000002
2 0.0896875 0.6346875 0.013750000000000002 0.01
2 0.1125 0.5871875 0.00625 0.015
2 0.159375 0.591875 0.00625 0.015
2 0.1671875 0.5959375 0.00625 0.013750000000000002
2 0.1753125 0.596875 0.01 0.0125
2 0.0515625 0.453125 0.00625 0.0125
2 0.07468749999999999 0.46187500000000004 0.008749999999999999 0.01125
2 0.084375 0.398125 0.00625 0.015
2 0.06218749999999999 0.396875 0.008749999999999999 0.0125
2 0.058437499999999996 0.40875000000000006 0.0075 0.01125
2 0.0571875 0.42625 0.005 0.015
2 0.0540625 0.440625 0.005 0.0125
2 0.075625 0.44625000000000004 0.0075 0.01125
2 0.07875 0.4296875 0.0075 0.0125
2 0.08125 0.41624999999999995 0.00625 0.013750000000000002
2 0.5431250000000001 0.889375 0.005 0.01625
2 0.6168750000000001 0.5140625 0.008749999999999999 0.0125
2 0.6921875 0.26937500000000003 0.00625 0.013750000000000002
2 0.0515625 0.625 0.0125 0.00625
2 0.0484375 0.6368750000000001 0.0125 0.005
2 0.049375 0.6431250000000001 0.01125 0.005
2 0.0703125 0.809375 0.00625 0.0125
2 0.006562500000000001 0.930625 0.01 0.005
2 0.0071874999999999994 0.925 0.01125 0.00625
2 0.009375 0.911875 0.0125 0.005
2 0.009375 0.90625 0.0125 0.00625
2 0.009375 0.899375 0.0125 0.005
2 0.0040625 0.7859375 0.005 0.0125
2 0.005 0.7728125 0.00375 0.01125
2 0.00625 0.75875 0.00625 0.01125
2 0.009375 0.7453125 0.00625 0.0125
2 0.011875 0.73125 0.005 0.0125
2 0.01875 0.689375 0.00625 0.01
2 0.01875 0.675 0.00625 0.0125
2 0.021249999999999998 0.659375 0.005 0.0125
2 0.093125 0.7150000000000001 0.005 0.01125
2 0.07906250000000001 0.7115625 0.005 0.013750000000000002
2 0.0396875 0.8421875 0.013750000000000002 0.00625
2 0.074375 0.8571875 0.005 0.01125
2 0.094375 0.890625 0.0075 0.0125
2 0.0696875 0.8428125 0.005 0.013750000000000002
2 0.075 0.8453125 0.00625 0.0125
2 0.08125 0.844375 0.00625 0.013750000000000002
2 0.08687500000000001 0.844375 0.005 0.013750000000000002
2 0.08687500000000001 0.8865624999999999 0.005 0.013750000000000002
2 0.6865625 0.1153125 0.0075 0.015
2 0.851875 0.05375 0.01625 0.013750000000000002
2 0.9084375 0.05625 0.013750000000000002 0.0125
2 0.898125 0.0709375 0.015 0.013750000000000002
2 0.8825 0.078125 0.015 0.0125
2 0.9271874999999999 0.0796875 0.013750000000000002 0.0125
2 0.9481249999999999 0.0859375 0.015 0.0125
2 0.9859375 0.096875 0.0125 0.0125
2 0.9771875 0.1290625 0.013750000000000002 0.01125
2 0.9862500000000001 0.14750000000000002 0.01625 0.013750000000000002
2 0.9400000000000001 0.110625 0.017499999999999998 0.015
2 0.9484375 0.12562500000000001 0.01875 0.013750000000000002
2 0.0796875 0.3609375 0.00625 0.0125
2 0.011875 0.8875 0.01125 0.00625
