2 0.9981249999999999 0.8565625000000001 0.0025 0.00375
2 0.99125 0.8584375 0.013750000000000002 0.0075
2 0.9806250000000001 0.8628125000000001 0.017499999999999998 0.01
2 0.9653124999999999 0.8653124999999999 0.015 0.008749999999999999
2 0.95375 0.8699999999999999 0.013750000000000002 0.008749999999999999
2 0.9946875000000001 0.8378125000000001 0.01125 0.01
2 0.9834375 0.8412499999999999 0.013750000000000002 0.0075
2 0.9709375 0.844375 0.013750000000000002 0.0075
2 0.9584374999999999 0.8471875000000001 0.013750000000000002 0.01
2 0.945 0.851875 0.015 0.01
2 0.9956250000000001 0.85125 0.01 0.008749999999999999
2 0.991875 0.8456250000000001 0.015 0.01
2 0.9784375000000001 0.8481249999999999 0.01625 0.008749999999999999
2 0.9643750000000001 0.851875 0.01625 0.01
2 0.9503125000000001 0.8571875 0.01625 0.01125
2 0.951875 0.865 0.01625 0.01125
2 0.9662499999999999 0.8584375 0.013750000000000002 0.0075
2 0.9800000000000001 0.8550000000000001 0.01625 0.01
2 0.96 0.8887499999999999 0.013750000000000002 0.008749999999999999
2 0.9724999999999999 0.885 0.013750000000000002 0.0075
2 0.984375 0.881875 0.0125 0.0075
2 0.985 0.8875 0.013750000000000002 0.00625
2 0.9734375 0.89125 0.0125 0.0075
2 0.9609375 0.89375 0.0125 0.00625
2 0.9978125 0.9803124999999999 0.005 0.0075
2 0.9568749999999999 0.8825 0.013750000000000002 0.008749999999999999
2 0.96875 0.8803124999999999 0.0125 0.0075
2 0.98125 0.87625 0.0125 0.008749999999999999
2 0.9565625000000001 0.8753125 0.01625 0.01
2 0.9959374999999999 0.8631249999999999 0.0075 0.0075
2 0.9865625 0.866875 0.013750000000000002 0.008749999999999999
2 0.9928125 0.8715624999999999 0.013750000000000002 0.008749999999999999
2 0.9949999999999999 0.8765625 0.008749999999999999 0.00625
2 0.9959374999999999 0.8834375 0.0075 0.0075
2 0.9737500000000001 0.8709374999999999 0.01625 0.0075
2 0.9675 0.6696875 0.01625 0.01125
2 0.9121874999999999 0.44781250000000006 0.015 0.01125
2 0.906875 0.6653125 0.013750000000000002 0.008749999999999999
2 0.89125 0.67 0.013750000000000002 0.008749999999999999
2 0.8787499999999999 0.673125 0.013750000000000002 0.008749999999999999
2 0.865625 0.67625 0.0125 0.008749999999999999
2 0.869375 0.681875 0.013750000000000002 0.0075
2 0.86875 0.689375 0.0125 0.01
2 0.88375 0.6771874999999999 0.01125 0.0075
2 0.9978125 0.6443749999999999 0.005 0.0075
2 0.9896874999999999 0.645 0.013750000000000002 0.008749999999999999
2 0.991875 0.6534375 0.015 0.01
2 0.9928125 0.6596875 0.013750000000000002 0.01
2 0.9778125 0.651875 0.015 0.01
2 0.97875 0.658125 0.013750000000000002 0.01
2 0.9818749999999999 0.6634375 0.013750000000000002 0.01125
2 0.9628125000000001 0.6546875 0.01625 0.0125
2 0.9146875 0.45875000000000005 0.013750000000000002 0.005
2 0.9640625 0.4425 0.0125 0.01625
2 0.9356249999999999 0.4 0.008749999999999999 0.0125
2 0.965625 0.660625 0.0125 0.008749999999999999
2 0.9490624999999999 0.6575 0.013750000000000002 0.008749999999999999
2 0.9521875 0.6643749999999999 0.013750000000000002 0.01
2 0.891875 0.69625 0.015 0.01125
2 0.8771875 0.70125 0.013750000000000002 0.008749999999999999
2 0.9706250000000001 0.7409375 0.01625 0.01
2 0.954375 0.749375 0.015 0.01125
2 0.9415625000000001 0.845 0.01125 0.008749999999999999
2 0.9540625 0.8421875 0.01125 0.00625
2 0.965625 0.8387499999999999 0.0125 0.008749999999999999
2 0.978125 0.8346875 0.0125 0.01
2 0.99 0.8324999999999999 0.01125 0.008749999999999999
2 0.8793749999999999 0.693125 0.015 0.01125
2 0.8949999999999999 0.6878124999999999 0.015 0.01
2 0.906875 0.6900000000000001 0.013750000000000002 0.01125
2 0.8943749999999999 0.6756249999999999 0.013750000000000002 0.0075
2 0.953125 0.6715625000000001 0.0125 0.008749999999999999
2 0.9359375 0.6628125 0.0125 0.01
2 0.921875 0.666875 0.0125 0.008749999999999999
2 0.9375 0.6690625 0.0125 0.01
2 0.9393750000000001 0.6756249999999999 0.01625 0.0075
2 0.9240625 0.6725 0.013750000000000002 0.0075
2 0.9262499999999999 0.67875 0.015 0.0075
2 0.9356249999999999 0.6840625 0.015 0.008749999999999999
2 0.9106249999999999 0.670625 0.015 0.01
2 0.9099999999999999 0.67625 0.013750000000000002 0.008749999999999999
2 0.9109375 0.6825 0.0125 0.008749999999999999
2 0.89625 0.6809375 0.01125 0.008749999999999999
2 0.8828125 0.6865625 0.0125 0.0075
2 0.930625 0.691875 0.01125 0.008749999999999999
2 0.9199999999999999 0.6878124999999999 0.015 0.01
2 0.9184374999999999 0.6956249999999999 0.015 0.01
2 0.9084375 0.6990624999999999 0.013750000000000002 0.0075
2 0.896875 0.7006249999999999 0.0125 0.0075
2 0.8825 0.705 0.015 0.01
2 0.884375 0.7112499999999999 0.0125 0.01
2 0.35562499999999997 0.8387499999999999 0.01125 0.015
2 0.608125 0.57625 0.01 0.015
2 0.6009375 0.58 0.01125 0.01625
2 0.5962500000000001 0.565625 0.01125 0.01875
2 0.62375 0.596875 0.01 0.0125
2 0.6396875 0.604375 0.0075 0.015
2 0.6481250000000001 0.5865625 0.008749999999999999 0.013750000000000002
2 0.6525000000000001 0.599375 0.01125 0.017499999999999998
2 0.6653125 0.5934375000000001 0.008749999999999999 0.015
2 0.6725 0.590625 0.0075 0.0125
2 0.6784375 0.58875 0.01 0.015
2 0.6840625 0.5862499999999999 0.008749999999999999 0.01625
2 0.6793750000000001 0.5725 0.008749999999999999 0.013750000000000002
2 0.7353125 0.553125 0.017499999999999998 0.0125
2 0.33718750000000003 0.8178124999999999 0.008749999999999999 0.013750000000000002
2 0.3784375 0.8015625 0.01 0.0125
2 0.38406250000000003 0.813125 0.008749999999999999 0.013750000000000002
2 0.37625000000000003 0.8109375 0.008749999999999999 0.0125
2 0.364375 0.8053125 0.01 0.013750000000000002
2 0.3596875 0.8128125 0.01 0.01625
2 0.35343749999999996 0.815625 0.01 0.0125
2 0.34968750000000004 0.8231249999999999 0.008749999999999999 0.015
2 0.626875 0.5675 0.01 0.01625
2 0.639375 0.56375 0.01 0.015
2 0.645625 0.560625 0.01 0.015
2 0.545 0.5996875 0.008749999999999999 0.015
2 0.705 0.484375 0.01625 0.0125
2 0.7015625 0.478125 0.01875 0.0125
2 0.7096875 0.495625 0.01625 0.01
2 0.7112499999999999 0.501875 0.01625 0.01
2 0.716875 0.5125 0.015 0.0125
2 0.7175 0.5190625 0.01625 0.01
2 0.7268749999999999 0.5359375 0.01625 0.0125
2 0.5025000000000001 0.6174999999999999 0.01125 0.01625
2 0.5153125000000001 0.61375 0.008749999999999999 0.015
2 0.564375 0.594375 0.01 0.013750000000000002
2 0.6565624999999999 0.5553125 0.01 0.013750000000000002
2 0.576875 0.573125 0.01 0.015
2 0.589375 0.5675 0.01 0.01625
2 0.589375 0.584375 0.01 0.0125
2 0.6025 0.5628124999999999 0.01125 0.01625
2 0.60875 0.5599999999999999 0.01125 0.013750000000000002
2 0.6159375 0.5584374999999999 0.01 0.013750000000000002
2 0.6209374999999999 0.5546875 0.0075 0.0125
2 0.6271875 0.5525 0.0075 0.01125
2 0.645 0.5443749999999999 0.008749999999999999 0.013750000000000002
2 0.34562499999999996 0.829375 0.01 0.015
2 0.35812499999999997 0.82875 0.01 0.013750000000000002
2 0.36593749999999997 0.82875 0.01 0.013750000000000002
2 0.41218750000000004 0.9109375 0.008749999999999999 0.0125
2 0.41593749999999996 0.9059375 0.01 0.015
2 0.426875 0.9140625 0.01 0.0125
2 0.43531250000000005 0.915625 0.01125 0.0125
2 0.4425 0.929375 0.01 0.015
2 0.42750000000000005 0.934375 0.01125 0.0125
2 0.4215625 0.92125 0.008749999999999999 0.01125
2 0.43937499999999996 0.9403124999999999 0.01 0.015
2 0.445625 0.953125 0.01 0.01875
2 0.45187499999999997 0.9490624999999999 0.01 0.013750000000000002
2 0.4575 0.9615625 0.008749999999999999 0.013750000000000002
2 0.46281249999999996 0.975 0.01 0.0125
2 0.68625 0.9815625000000001 0.01625 0.01
2 0.671875 0.9862500000000001 0.0125 0.01
2 0.6599999999999999 0.9909375 0.013750000000000002 0.01
2 0.6475 0.9956250000000001 0.013750000000000002 0.01
2 0.4146875 0.88375 0.0075 0.01125
2 0.42062499999999997 0.8984375 0.01 0.0125
2 0.410625 0.89125 0.008749999999999999 0.013750000000000002
2 0.39656250000000004 0.8418749999999999 0.008749999999999999 0.015
2 0.3715625 0.8178124999999999 0.008749999999999999 0.013750000000000002
2 0.3821875 0.8237500000000001 0.01125 0.01625
2 0.3775 0.8300000000000001 0.01125 0.01625
2 0.37312500000000004 0.8421875 0.008749999999999999 0.0125
2 0.36593749999999997 0.8412499999999999 0.01 0.013750000000000002
2 0.371875 0.8550000000000001 0.0125 0.01625
2 0.3546875 0.8840625 0.0125 0.015
2 0.3825 0.84375 0.008749999999999999 0.0125
2 0.3878125 0.8396874999999999 0.01 0.013750000000000002
2 0.39187500000000003 0.8496874999999999 0.008749999999999999 0.015
2 0.405625 0.89875 0.01125 0.01625
2 0.38875000000000004 0.8574999999999999 0.008749999999999999 0.015
2 0.38156249999999997 0.8568749999999999 0.01 0.013750000000000002
2 0.3853125 0.8709374999999999 0.01125 0.013750000000000002
2 0.39468749999999997 0.8699999999999999 0.01125 0.015
2 0.39875 0.865625 0.01 0.0125
2 0.401875 0.85625 0.01 0.0125
2 0.40812499999999996 0.8703125 0.01 0.0125
2 0.40437500000000004 0.8784375000000001 0.008749999999999999 0.01625
2 0.399375 0.8834375 0.01125 0.013750000000000002
2 0.6490625 0.47843749999999996 0.013750000000000002 0.01625
2 0.69625 0.4659375 0.01125 0.01
2 0.6878124999999999 0.4525 0.01625 0.01125
2 0.7128125 0.43624999999999997 0.01 0.01625
2 0.42781250000000004 0.586875 0.008749999999999999 0.017499999999999998
2 0.3134375 0.6115625 0.01125 0.02
2 0.3203125 0.6084375 0.0125 0.02
2 0.32875 0.6068749999999999 0.013750000000000002 0.02
2 0.3546875 0.5853125 0.0125 0.017499999999999998
2 0.405625 0.5853125 0.01125 0.017499999999999998
2 0.421875 0.5646875 0.0125 0.02
2 0.41187500000000005 0.599375 0.01125 0.017499999999999998
2 0.328125 0.6259375 0.0125 0.017499999999999998
2 0.334375 0.6453125 0.0125 0.01875
2 0.3428125 0.6640625 0.013750000000000002 0.01875
2 0.45093750000000005 0.6334375 0.01125 0.013750000000000002
2 0.47125000000000006 0.6759375000000001 0.01125 0.017499999999999998
2 0.5028125 0.49625 0.008749999999999999 0.01125
2 0.6003125 0.41500000000000004 0.01625 0.01125
2 0.6615624999999999 0.43375 0.0075 0.01125
2 0.6537499999999999 0.43562500000000004 0.0075 0.015
2 0.8390625 0.9949999999999999 0.0125 0.008749999999999999
2 0.85375 0.9949999999999999 0.013750000000000002 0.008749999999999999
2 0.8928125 0.9884375000000001 0.013750000000000002 0.01125
2 0.915 0.9706250000000001 0.01125 0.01
2 0.9171875 0.9784375000000001 0.0125 0.01
2 0.92125 0.983125 0.01125 0.01
2 0.8990625 0.9712500000000001 0.013750000000000002 0.01125
2 0.9025000000000001 0.976875 0.01125 0.01
2 0.9046875 0.983125 0.0125 0.01
2 0.909375 0.9893750000000001 0.0125 0.01
2 0.8881249999999999 0.9753125 0.013750000000000002 0.01
2 0.8903125 0.983125 0.015 0.01
2 0.8959374999999999 0.9940625000000001 0.013750000000000002 0.01
2 0.875 0.9815625000000001 0.0125 0.01
2 0.8793749999999999 0.9868750000000001 0.015 0.01125
2 0.88125 0.9934375 0.0125 0.008749999999999999
2 0.884375 0.9978125 0.0125 0.005
2 0.8631249999999999 0.9862500000000001 0.013750000000000002 0.01
2 0.865625 0.9915625 0.0125 0.01125
2 0.8699999999999999 0.9959374999999999 0.015 0.0075
2 0.8515625 0.99 0.0125 0.01125
2 0.9109375 0.9643750000000001 0.0125 0.01
