2 0.7631249999999999 0.9793749999999999 0.013750000000000002 0.008749999999999999
2 0.76125 0.996875 0.01625 0.00625
2 0.7653125000000001 0.9671875 0.015 0.00625
2 0.765625 0.9584374999999999 0.0125 0.0075
2 0.7787499999999999 0.9225 0.013750000000000002 0.0075
2 0.779375 0.9146875 0.015 0.0075
2 0.79375 0.0171875 0.00625 0.0125
2 0.788125 0.041249999999999995 0.0075 0.013750000000000002
2 0.785625 0.8778124999999999 0.015 0.008749999999999999
2 0.7849999999999999 0.8943749999999999 0.013750000000000002 0.0075
2 0.7825 0.9084375 0.015 0.0075
2 0.1484375 0.055937499999999994 0.00625 0.015
2 0.150625 0.07781249999999999 0.0075 0.015
2 0.1521875 0.100625 0.0075 0.013750000000000002
2 0.1559375 0.11750000000000001 0.008749999999999999 0.01625
2 0.14750000000000002 0.11625 0.0075 0.013750000000000002
2 0.27718750000000003 0.161875 0.013750000000000002 0.005
2 0.32875 0.168125 0.013750000000000002 0.005
2 0.81875 0.759375 0.00625 0.0125
2 0.871875 0.7184375000000001 0.0125 0.008749999999999999
2 0.859375 0.7162499999999999 0.0125 0.0075
2 0.85125 0.6090625000000001 0.015 0.008749999999999999
2 0.8865624999999999 0.7006249999999999 0.0075 0.013750000000000002
2 0.811875 0.70875 0.01125 0.005
2 0.7984375 0.7068749999999999 0.0125 0.0075
2 0.7849999999999999 0.7059375 0.013750000000000002 0.008749999999999999
2 0.7321875 0.6978125000000001 0.01125 0.005
2 0.8053125 0.756875 0.0075 0.013750000000000002
2 0.32875 0.1825 0.013750000000000002 0.008749999999999999
2 0.79125 0.750625 0.0075 0.013750000000000002
2 0.7834375 0.748125 0.0075 0.015
2 0.7771874999999999 0.7474999999999999 0.0075 0.013750000000000002
2 0.7725 0.7434375 0.0075 0.015
2 0.7659374999999999 0.7421875 0.00375 0.0125
2 0.7584375 0.73875 0.0075 0.015
2 0.7578125 0.7684375 0.00625 0.015
2 0.7646875 0.771875 0.0075 0.0125
2 0.89125 0.7203125 0.0075 0.0125
2 0.9084375 0.7234375 0.013750000000000002 0.00625
2 0.928125 0.7265625 0.0125 0.00625
2 0.9556250000000001 0.7325 0.01125 0.008749999999999999
2 0.97 0.7334375 0.015 0.0075
2 0.7740625 0.771875 0.0075 0.0125
2 0.7834375 0.785625 0.0075 0.015
2 0.7909375 0.78625 0.01 0.01625
2 0.7971874999999999 0.7896875 0.01 0.013750000000000002
2 0.8028124999999999 0.7921875 0.008749999999999999 0.0125
2 0.8121875 0.7928124999999999 0.008749999999999999 0.013750000000000002
2 0.8106249999999999 0.8231249999999999 0.008749999999999999 0.015
2 0.7775000000000001 0.7849999999999999 0.005 0.013750000000000002
2 0.1434375 0.49437499999999995 0.008749999999999999 0.013750000000000002
2 0.1240625 0.5125 0.013750000000000002 0.00625
2 0.32406250000000003 0.6056250000000001 0.013750000000000002 0.005
2 0.325 0.6196875000000001 0.0125 0.005
2 0.3265625 0.593125 0.0125 0.005
2 0.35625 0.5978125000000001 0.0125 0.005
2 0.35625 0.60625 0.0125 0.00625
2 0.38656250000000003 0.5959375 0.013750000000000002 0.0075
2 0.385625 0.6125 0.015 0.00625
2 0.385625 0.60375 0.015 0.0075
2 0.3546875 0.6118750000000001 0.0125 0.005
2 0.3546875 0.618125 0.0125 0.005
2 0.12281249999999999 0.45968749999999997 0.005 0.01
2 0.275 0.3803125 0.0125 0.0075
2 0.29031250000000003 0.3984375 0.015 0.00625
2 0.32875 0.38687499999999997 0.013750000000000002 0.005
2 0.353125 0.390625 0.0125 0.00625
2 0.3671875 0.39375 0.0125 0.00625
2 0.47093749999999995 0.40718750000000004 0.013750000000000002 0.005
2 0.48562500000000003 0.409375 0.015 0.00625
2 0.553125 0.42093749999999996 0.0125 0.0075
2 0.609375 0.4290625 0.0125 0.005
2 0.6646875 0.43656249999999996 0.013750000000000002 0.0075
2 0.6912499999999999 0.440625 0.013750000000000002 0.00625
2 0.640625 0.134375 0.0125 0.0125
2 0.775 0.13999999999999999 0.00625 0.01125
2 0.7575000000000001 0.164375 0.008749999999999999 0.01625
2 0.7709374999999999 0.16468750000000001 0.0075 0.013750000000000002
2 0.76875 0.17875000000000002 0.00625 0.013750000000000002
2 0.7653125000000001 0.20031249999999998 0.008749999999999999 0.01625
2 0.29 0.3828125 0.01125 0.00625
2 0.109375 0.459375 0.00625 0.0125
2 0.7521875 0.193125 0.0075 0.01125
2 0.103125 0.4578125 0.00625 0.0125
2 0.374375 0.104375 0.005 0.015
2 0.38687499999999997 0.0953125 0.01125 0.00625
2 0.49625 0.1028125 0.017499999999999998 0.008749999999999999
2 0.425 0.1821875 0.0125 0.005
2 0.43843750000000004 0.1834375 0.01125 0.0075
2 0.48531250000000004 0.19125 0.01125 0.0075
2 0.5078125 0.19437500000000002 0.0125 0.0075
2 0.465625 0.21156250000000001 0.0125 0.0075
2 0.4090625 0.2028125 0.015 0.008749999999999999
2 0.1428125 0.19125 0.0075 0.013750000000000002
2 0.14906250000000001 0.2621875 0.0075 0.015
2 0.1546875 0.319375 0.00625 0.013750000000000002
2 0.161875 0.39 0.005 0.017499999999999998
2 0.08499999999999999 0.3603125 0.013750000000000002 0.005
2 0.1 0.359375 0.0125 0.00625
2 0.058750000000000004 0.3703125 0.01125 0.00625
2 0.06937499999999999 0.4325 0.013750000000000002 0.008749999999999999
2 0.7537499999999999 0.18125 0.0075 0.0125
2 0.5940624999999999 0.2209375 0.01625 0.0075
2 0.9625 0.418125 0.0125 0.005
2 0.985 0.49375 0.013750000000000002 0.00625
2 0.9978125 0.49468750000000006 0.005 0.005
2 0.9262499999999999 0.36625 0.008749999999999999 0.013750000000000002
2 0.9978125 0.2665625 0.005 0.005
2 0.640625 0.2134375 0.0125 0.005
2 0.9859375 0.265625 0.0125 0.00625
2 0.6990624999999999 0.2225 0.013750000000000002 0.0075
2 0.7128125 0.23875000000000002 0.01625 0.008749999999999999
2 0.6659375 0.24281250000000001 0.01625 0.0075
2 0.64375 0.23937499999999998 0.0125 0.01
2 0.621875 0.23531249999999998 0.0125 0.005
2 0.8178124999999999 0.2390625 0.013750000000000002 0.00625
2 0.8012499999999999 0.26187499999999997 0.015 0.005
2 0.815625 0.2625 0.0125 0.00625
2 0.7578125 0.2959375 0.00625 0.013750000000000002
2 0.739375 0.32156250000000003 0.01 0.015
2 0.7525000000000001 0.3265625 0.005 0.0125
2 0.72875 0.3875 0.0075 0.0125
2 0.866875 0.2459375 0.015 0.0075
2 0.900625 0.26687500000000003 0.013750000000000002 0.008749999999999999
2 0.890625 0.275 0.0125 0.00625
2 0.9037499999999999 0.275 0.013750000000000002 0.00625
2 0.971875 0.263125 0.0125 0.0075
2 0.19593750000000001 0.9196875 0.0075 0.03
2 0.14375 0.099375 0.00625 0.01125
2 0.31 0.16468750000000001 0.013750000000000002 0.0075
2 0.3921875 0.176875 0.01875 0.01
2 0.388125 0.023125 0.0075 0.015
2 0.434375 0.9884375000000001 0.0125 0.017499999999999998
2 0.74375 0.375 0.00625 0.0125
2 0.784375 0.06875 0.00625 0.0125
2 0.575 0.02 0.00625 0.015
