2 0.146875 0.6025 0.0125 0.01125
2 0.1540625 0.5925 0.01125 0.01
2 0.159375 0.589375 0.0125 0.01
2 0.16343749999999999 0.5853125 0.01125 0.01125
2 0.171875 0.5765625 0.0125 0.0125
2 0.09343749999999999 0.47874999999999995 0.015 0.013750000000000002
2 0.41500000000000004 0.8890625 0.01125 0.0125
2 0.42093749999999996 0.884375 0.013750000000000002 0.0125
2 0.43 0.8712500000000001 0.01 0.01125
2 0.359375 0.95875 0.0125 0.01125
2 0.31843750000000004 0.9978125 0.008749999999999999 0.005
2 0.309375 0.9915625 0.0125 0.01125
2 0.318125 0.98375 0.01125 0.01125
2 0.32406250000000003 0.9956250000000001 0.013750000000000002 0.01
2 0.3275 0.9921875 0.01125 0.0125
2 0.3309375 0.9871874999999999 0.015 0.015
2 0.334375 0.984375 0.0125 0.0125
2 0.340625 0.9790625000000001 0.0125 0.01125
2 0.3446875 0.975 0.01125 0.0125
2 0.3471875 0.971875 0.01 0.0125
2 0.143125 0.6056250000000001 0.01125 0.01125
2 0.1384375 0.61125 0.01125 0.01
2 0.13374999999999998 0.614375 0.01125 0.01
2 0.1378125 0.6540625 0.01 0.01125
2 0.0734375 0.6950000000000001 0.0125 0.015
2 0.08499999999999999 0.6828125 0.013750000000000002 0.0125
2 0.07875 0.690625 0.013750000000000002 0.0125
2 0.059375 0.578125 0.0125 0.0125
2 0.064375 0.5821875000000001 0.01 0.01125
2 0.0696875 0.5853125 0.01125 0.01125
2 0.074375 0.590625 0.01125 0.0125
2 0.083125 0.5978125000000001 0.01 0.01125
2 0.053125 0.603125 0.0125 0.0125
2 0.060312500000000005 0.609375 0.01125 0.0125
2 0.068125 0.61875 0.01125 0.0125
2 0.0775 0.626875 0.01125 0.01
2 0.353125 0.9650000000000001 0.0125 0.01125
2 0.3640625 0.9525 0.0125 0.01125
2 0.43937499999999996 0.9134375 0.01 0.01125
2 0.44375 0.9078125 0.0125 0.0125
2 0.44718749999999996 0.9034375000000001 0.01 0.01
2 0.45187499999999997 0.89875 0.01 0.01
2 0.45499999999999996 0.89625 0.01 0.01125
2 0.459375 0.8921875 0.0125 0.0125
2 0.4671875 0.884375 0.0125 0.0125
2 0.370625 0.996875 0.01 0.00625
2 0.3678125 0.946875 0.013750000000000002 0.0125
2 0.37687499999999996 0.9949999999999999 0.01 0.008749999999999999
2 0.38125 0.990625 0.0125 0.0125
2 0.3853125 0.9862500000000001 0.01125 0.01
2 0.39 0.9821875 0.01125 0.01125
2 0.393125 0.976875 0.01125 0.01
2 0.3978125 0.9734375 0.01125 0.0125
2 0.40125 0.968125 0.008749999999999999 0.01125
2 0.405625 0.9643750000000001 0.01125 0.01
2 0.409375 0.96 0.0125 0.013750000000000002
2 0.41500000000000004 0.9540625 0.01125 0.01125
2 0.4171875 0.9515625 0.0125 0.0125
2 0.42125 0.946875 0.01125 0.0125
2 0.43375 0.9175000000000001 0.01125 0.01
2 0.43062500000000004 0.92125 0.01125 0.01125
2 0.42625 0.9256249999999999 0.008749999999999999 0.0075
2 0.42125 0.929375 0.01125 0.008749999999999999
2 0.3725 0.944375 0.013750000000000002 0.013750000000000002
2 0.3778125 0.9400000000000001 0.015 0.01125
2 0.4796875 0.8712500000000001 0.0125 0.01125
2 0.48968749999999994 0.878125 0.013750000000000002 0.0125
2 0.484375 0.883125 0.0125 0.01
2 0.354375 0.9978125 0.008749999999999999 0.005
2 0.35812499999999997 0.9956250000000001 0.01 0.01
2 0.365 0.990625 0.01125 0.0125
2 0.368125 0.9875 0.01125 0.0125
2 0.3721875 0.98375 0.01 0.01125
2 0.378125 0.9775 0.0125 0.01125
2 0.38156249999999997 0.9734375 0.01 0.0125
2 0.38468749999999996 0.9712500000000001 0.01 0.01125
2 0.38937499999999997 0.9643750000000001 0.01 0.01
2 0.39468749999999997 0.9603125 0.01125 0.01125
2 0.39718749999999997 0.9556250000000001 0.01 0.01125
2 0.401875 0.951875 0.01 0.01
2 0.40499999999999997 0.9465625 0.01 0.008749999999999999
2 0.4090625 0.9418749999999999 0.008749999999999999 0.008749999999999999
2 0.4134375 0.9393750000000001 0.01125 0.01
2 0.418125 0.9346875000000001 0.01125 0.01
2 0.0703125 0.6984375 0.0125 0.0125
2 0.0646875 0.7021875 0.013750000000000002 0.013750000000000002
2 0.06 0.7084374999999999 0.013750000000000002 0.013750000000000002
2 0.0553125 0.7140625 0.013750000000000002 0.0125
2 0.0071874999999999994 0.7618750000000001 0.01125 0.01125
2 0.013125000000000001 0.7578125 0.013750000000000002 0.0125
2 0.0171875 0.7525000000000001 0.0125 0.01125
2 0.04375 0.7275 0.0125 0.01125
2 0.048125 0.721875 0.015 0.0125
2 0.050624999999999996 0.7165625 0.013750000000000002 0.01125
2 0.42750000000000005 0.9425000000000001 0.01125 0.01
2 0.429375 0.9378125 0.008749999999999999 0.01
2 0.433125 0.9337500000000001 0.01 0.01125
2 0.1759375 0.6915625000000001 0.01125 0.01125
2 0.5599999999999999 0.9721875000000001 0.013750000000000002 0.01
2 0.5640625 0.9671875 0.0125 0.0125
2 0.19624999999999998 0.8275 0.01125 0.01125
2 0.19 0.8203125 0.01125 0.0125
2 0.1975 0.804375 0.013750000000000002 0.015
2 0.2071875 0.7909375 0.01125 0.01
2 0.21781250000000002 0.7803125 0.013750000000000002 0.013750000000000002
2 0.14656249999999998 0.6625 0.015 0.0125
2 0.1509375 0.6681250000000001 0.01125 0.01125
2 0.153125 0.6709375 0.0125 0.013750000000000002
2 0.159375 0.6756249999999999 0.0125 0.013750000000000002
2 0.171875 0.688125 0.0125 0.013750000000000002
2 0.18062499999999998 0.696875 0.01125 0.0125
2 0.19624999999999998 0.7125 0.01125 0.0125
2 0.199375 0.7162499999999999 0.01125 0.013750000000000002
2 0.20593750000000002 0.7209375 0.008749999999999999 0.013750000000000002
2 0.21968749999999998 0.735 0.01125 0.013750000000000002
2 0.22875 0.7353125 0.013750000000000002 0.01125
2 0.23156249999999998 0.7315625 0.01 0.01
2 0.2384375 0.7275 0.01125 0.01125
2 0.24718749999999998 0.72 0.01 0.008749999999999999
2 0.2525 0.714375 0.01125 0.01
2 0.2690625 0.6915625000000001 0.01 0.01125
2 0.27218749999999997 0.6953125 0.01 0.0125
2 0.471875 0.786875 0.0125 0.01125
2 0.5546875 0.9775 0.0125 0.01125
2 0.5515625 0.983125 0.0125 0.01
2 0.546875 0.985625 0.0125 0.008749999999999999
2 0.5421875 0.9893750000000001 0.0125 0.01
2 0.520625 0.9978125 0.01 0.005
2 0.5221875 0.9956250000000001 0.01 0.01
2 0.5265625 0.9909375 0.0125 0.01
2 0.5296875 0.9853125 0.0125 0.01125
2 0.5337500000000001 0.9815625000000001 0.01125 0.01
2 0.536875 0.976875 0.01125 0.01
2 0.540625 0.9712500000000001 0.0125 0.01125
2 0.54625 0.96875 0.01125 0.0125
2 0.5490625 0.961875 0.013750000000000002 0.01125
2 0.553125 0.95875 0.0125 0.01125
2 0.558125 0.9550000000000001 0.01 0.01
2 0.56875 0.9634375000000001 0.0125 0.01125
2 0.5325 0.996875 0.008749999999999999 0.00625
2 0.5378125 0.9940625000000001 0.01 0.01
2 0.47750000000000004 0.7837500000000001 0.01125 0.01125
2 0.4796875 0.778125 0.0125 0.0125
2 0.484375 0.771875 0.0125 0.0125
2 0.5081249999999999 0.786875 0.01 0.01125
2 0.520625 0.7728125 0.01 0.01125
2 0.5234375 0.7690625 0.0125 0.01
2 0.5278125 0.76375 0.008749999999999999 0.008749999999999999
2 0.5328125 0.7618750000000001 0.0125 0.01125
2 0.5378125 0.7565625 0.01 0.01
2 0.5415625000000001 0.7525000000000001 0.01125 0.01125
2 0.5453125 0.7490625 0.0125 0.013750000000000002
2 0.5471874999999999 0.74375 0.01 0.0125
2 0.5534375 0.7403125 0.01 0.008749999999999999
2 0.5540625 0.73375 0.01125 0.01125
2 0.558125 0.73 0.01 0.01
2 0.5650000000000001 0.7259375 0.01125 0.01125
2 0.5665625000000001 0.7212500000000001 0.01125 0.01125
2 0.5721875 0.71875 0.01 0.0125
2 0.5759375 0.714375 0.01125 0.01
2 0.5790625 0.7096875 0.01125 0.01
2 0.58375 0.7034374999999999 0.01125 0.01
2 0.5884375000000001 0.7003125 0.01125 0.01
2 0.5915625 0.696875 0.01125 0.0125
2 0.596875 0.6915625000000001 0.0125 0.01125
2 0.6003125 0.6871875000000001 0.01 0.008749999999999999
2 0.603125 0.6828125 0.0125 0.0125
2 0.609375 0.678125 0.0125 0.0125
2 0.6134375000000001 0.6753125 0.01125 0.01
2 0.6168750000000001 0.670625 0.008749999999999999 0.01
2 0.5134375 0.7828125 0.01125 0.0125
2 0.505 0.7893749999999999 0.01 0.01
2 0.4915625 0.765 0.01125 0.01125
2 0.5003124999999999 0.7940625 0.01 0.01
2 0.49625 0.75875 0.01125 0.01125
2 0.500625 0.7571875 0.013750000000000002 0.01125
2 0.5046875 0.7521875 0.0125 0.013750000000000002
2 0.509375 0.746875 0.0125 0.0125
2 0.5146875 0.7418750000000001 0.013750000000000002 0.015
2 0.5287499999999999 0.7262500000000001 0.013750000000000002 0.015
2 0.5328125 0.7215625 0.0125 0.015
2 0.5353125000000001 0.714375 0.01125 0.01
2 0.540625 0.7115625 0.0125 0.013750000000000002
2 0.5459375 0.7068749999999999 0.013750000000000002 0.013750000000000002
2 0.5525 0.6978125000000001 0.01125 0.01125
2 0.5565625 0.6946875 0.01 0.01125
2 0.5603125 0.690625 0.01125 0.0125
2 0.5700000000000001 0.6815625 0.008749999999999999 0.01
2 0.5728125000000001 0.6765625 0.01125 0.0125
2 0.5818749999999999 0.67125 0.013750000000000002 0.01125
2 0.584375 0.665625 0.0125 0.0125
2 0.59375 0.6578125 0.0125 0.0125
2 0.5962500000000001 0.6525000000000001 0.01125 0.01125
2 0.6109375 0.6390625 0.0125 0.0125
2 0.60625 0.64375 0.0125 0.0125
2 0.6009375 0.6471875 0.01125 0.01
2 0.625 0.6224999999999999 0.0125 0.013750000000000002
2 0.4915625 0.8034375 0.01125 0.01
2 0.49625 0.7984375 0.01125 0.0125
2 0.49406249999999996 0.9893750000000001 0.01 0.01
2 0.43843750000000004 0.930625 0.01125 0.01125
2 0.465 0.940625 0.01125 0.0125
2 0.46875 0.934375 0.0125 0.0125
2 0.4728125 0.93 0.01125 0.01
2 0.478125 0.928125 0.0125 0.0125
2 0.4828125 0.9225 0.0125 0.013750000000000002
2 0.4859375 0.91875 0.0125 0.0125
2 0.4953125 0.909375 0.0125 0.0125
2 0.49093749999999997 0.915625 0.01 0.0125
2 0.4984375 0.90625 0.0125 0.0125
2 0.503125 0.9012499999999999 0.0125 0.015
2 0.509375 0.8959374999999999 0.0125 0.013750000000000002
2 0.4971875 0.9859375 0.01 0.0125
2 0.4328125 0.9959374999999999 0.0125 0.0075
2 0.43531250000000005 0.99375 0.01125 0.0125
2 0.4390625 0.9896874999999999 0.0125 0.013750000000000002
2 0.44281249999999994 0.984375 0.013750000000000002 0.0125
2 0.44749999999999995 0.9796875 0.013750000000000002 0.0125
2 0.4525 0.9765625 0.01125 0.0125
2 0.45562500000000006 0.9731249999999999 0.01125 0.015
2 0.46125 0.9671875 0.01 0.0125
2 0.4609375 0.94375 0.0125 0.0125
2 0.458125 0.9478125000000001 0.01 0.01125
2 0.453125 0.953125 0.0125 0.0125
2 0.4496875 0.9581250000000001 0.008749999999999999 0.01
2 0.4425 0.9268750000000001 0.01 0.01
2 0.44625000000000004 0.92125 0.01125 0.01125
2 0.45187499999999997 0.915 0.01 0.01125
2 0.45562500000000006 0.9128125 0.01125 0.01
2 0.4640625 0.9046875 0.0125 0.0125
2 0.4690625 0.899375 0.01 0.01125
2 0.4721875 0.896875 0.01 0.0125
2 0.476875 0.8915625 0.01 0.01125
2 0.48250000000000004 0.8884375 0.008749999999999999 0.01125
2 0.40812499999999996 0.996875 0.01 0.00625
2 0.41281249999999997 0.9946875000000001 0.01 0.01125
2 0.41593749999999996 0.9909375 0.01 0.01
2 0.42125 0.9875 0.01125 0.0125
2 0.4253125 0.983125 0.01 0.01
2 0.42750000000000005 0.9775 0.01125 0.01125
2 0.433125 0.9734375 0.01 0.0125
2 0.43624999999999997 0.9684375 0.01 0.008749999999999999
2 0.43937499999999996 0.9643750000000001 0.01 0.01
2 0.4446875 0.961875 0.01125 0.01125
2 0.465 0.963125 0.01125 0.013750000000000002
2 0.4690625 0.95875 0.01 0.01125
2 0.471875 0.9546875 0.0125 0.0125
2 0.5075000000000001 0.9534375 0.008749999999999999 0.01
2 0.5190625 0.9453125 0.01 0.0125
2 0.5231250000000001 0.9393750000000001 0.008749999999999999 0.01
2 0.5278125 0.9337500000000001 0.008749999999999999 0.01125
2 0.5325 0.929375 0.008749999999999999 0.008749999999999999
2 0.5371875 0.925 0.008749999999999999 0.0125
2 0.545 0.934375 0.015 0.0125
2 0.54125 0.9384375 0.013750000000000002 0.01125
2 0.535625 0.943125 0.015 0.01125
2 0.5337500000000001 0.9471875000000001 0.01125 0.01
2 0.524375 0.9556250000000001 0.01125 0.01125
2 0.528125 0.9521875 0.0125 0.013750000000000002
2 0.5181250000000001 0.95875 0.01125 0.01125
2 0.5134375 0.96875 0.01125 0.0125
2 0.4771875 0.9978125 0.0075 0.005
2 0.48312499999999997 0.9949999999999999 0.01 0.008749999999999999
2 0.489375 0.9946875000000001 0.01 0.01125
2 0.50875 0.9737500000000001 0.01125 0.01
2 0.505 0.976875 0.01 0.01
2 0.5009375 0.9809374999999999 0.01125 0.008749999999999999
2 0.51375 0.9493750000000001 0.008749999999999999 0.01125
2 0.5034375 0.95875 0.01 0.01125
2 0.47750000000000004 0.9509375 0.01125 0.01125
2 0.5 0.9650000000000001 0.0125 0.01125
2 0.480625 0.9453125 0.01125 0.0125
2 0.48531250000000004 0.9412499999999999 0.01125 0.013750000000000002
2 0.490625 0.9390625 0.0125 0.0125
2 0.4921875 0.934375 0.0125 0.0125
2 0.496875 0.9296875 0.0125 0.0125
2 0.501875 0.925 0.01 0.0125
2 0.505625 0.9225 0.01125 0.013750000000000002
2 0.5096875 0.9178124999999999 0.01 0.013750000000000002
2 0.514375 0.9134375 0.01 0.01125
2 0.5196875000000001 0.9084375 0.01125 0.013750000000000002
2 0.46781249999999996 0.996875 0.0075 0.00625
2 0.47000000000000003 0.9956250000000001 0.008749999999999999 0.01
2 0.47531249999999997 0.9893750000000001 0.01 0.01
2 0.47874999999999995 0.9862500000000001 0.0075 0.01
2 0.48375 0.9821875 0.01125 0.01125
2 0.4884375 0.976875 0.01125 0.01
2 0.4915625 0.9721875000000001 0.01125 0.01
2 0.49625 0.9690625 0.01125 0.01
2 0.6212500000000001 0.6653125 0.01125 0.008749999999999999
2 0.626875 0.6621875 0.01 0.008749999999999999
2 0.6315625 0.6575 0.01 0.008749999999999999
2 0.766875 0.021875 0.015 0.0125
2 0.771875 0.026875 0.0125 0.01
2 0.015625 0.920625 0.0125 0.01
2 0.041875 0.903125 0.008749999999999999 0.0125
2 0.7631249999999999 0.015625 0.013750000000000002 0.0125
2 0.6340625 0.651875 0.008749999999999999 0.01
2 0.590625 0.7525000000000001 0.0125 0.01125
2 0.5978125000000001 0.743125 0.01125 0.01125
2 0.6025 0.7390625 0.01125 0.0125
2 0.60625 0.734375 0.0125 0.0125
2 0.6103125 0.7306250000000001 0.01125 0.01125
2 0.615 0.7275 0.01125 0.01125
2 0.6203125 0.7228125000000001 0.0125 0.01125
2 0.6234375 0.7165625 0.0125 0.01125
2 0.628125 0.7125 0.0125 0.0125
2 0.63375 0.7078125 0.01125 0.0125
2 0.6368750000000001 0.7034374999999999 0.01125 0.01
2 0.6409374999999999 0.6993750000000001 0.01 0.01125
2 0.6440625 0.69625 0.01 0.01125
2 0.6484375 0.6912499999999999 0.0125 0.013750000000000002
2 0.653125 0.6890625 0.0125 0.0125
2 0.6578125 0.684375 0.0125 0.0125
2 0.6625 0.680625 0.0125 0.01125
2 0.665625 0.675 0.0125 0.0125
2 0.67125 0.67125 0.01125 0.01125
2 0.5159374999999999 0.8478125000000001 0.01 0.01125
2 0.52125 0.8446875 0.01125 0.01125
2 0.5259375000000001 0.8390625 0.01125 0.0125
2 0.5290625 0.8346875 0.01125 0.01
2 0.534375 0.8296875 0.0125 0.0125
2 0.5384375 0.8259375 0.01125 0.01125
2 0.540625 0.8225 0.0125 0.013750000000000002
2 0.5946875 0.74875 0.01125 0.01
2 0.5853125 0.7565625 0.01125 0.01
2 0.5821875000000001 0.7596875 0.01125 0.01
2 0.5584374999999999 0.9084375 0.013750000000000002 0.013750000000000002
2 0.514375 0.8340624999999999 0.01 0.008749999999999999
2 0.521875 0.8265625 0.0125 0.0125
2 0.5259375000000001 0.821875 0.01125 0.0125
2 0.5290625 0.8175000000000001 0.01125 0.01
2 0.533125 0.8134375 0.01 0.01125
2 0.5378125 0.8081250000000001 0.01 0.01
2 0.5415625000000001 0.8034375 0.01125 0.01
2 0.54625 0.8003125000000001 0.01125 0.01
2 0.5493750000000001 0.79625 0.01125 0.01125
2 0.5525 0.79 0.01125 0.01125
2 0.558125 0.78625 0.01 0.01
2 0.5609375 0.783125 0.0125 0.01
2 0.5650000000000001 0.778125 0.01125 0.0125
2 0.5703125 0.7734375 0.0125 0.0125
2 0.5740624999999999 0.77125 0.013750000000000002 0.01125
2 0.578125 0.764375 0.0125 0.01
2 0.5506249999999999 0.8115625 0.013750000000000002 0.013750000000000002
2 0.6265625 0.67875 0.0125 0.013750000000000002
2 0.6296875 0.6740625 0.0125 0.013750000000000002
2 0.634375 0.6703125 0.0125 0.0125
2 0.6381249999999999 0.665625 0.013750000000000002 0.0125
2 0.6428125 0.6625 0.013750000000000002 0.0125
2 0.646875 0.6571875 0.0125 0.01125
2 0.6515625 0.653125 0.0125 0.0125
2 0.5275000000000001 0.803125 0.01125 0.0125
2 0.645 0.123125 0.015 0.015
2 0.659375 0.135625 0.0125 0.015
2 0.5625 0.16218749999999998 0.0125 0.015
2 0.5646875 0.185 0.013750000000000002 0.013750000000000002
2 0.6215625 0.6837500000000001 0.008749999999999999 0.01125
2 0.6171875 0.6896875 0.0125 0.013750000000000002
2 0.6140625 0.69375 0.0125 0.0125
2 0.60875 0.696875 0.01125 0.0125
2 0.6381249999999999 0.6496875 0.0075 0.008749999999999999
2 0.6434375 0.645625 0.008749999999999999 0.01
2 0.5009375 0.81125 0.01125 0.01
2 0.5034375 0.8087500000000001 0.01 0.01125
2 0.50875 0.8025 0.01125 0.01125
2 0.515 0.7978125 0.01125 0.01125
2 0.52 0.79 0.008749999999999999 0.01125
2 0.5234375 0.7859375 0.0125 0.0125
2 0.5271874999999999 0.7821875 0.013750000000000002 0.01125
2 0.5328125 0.778125 0.0125 0.0125
2 0.5375 0.771875 0.0125 0.0125
2 0.5440625 0.765625 0.01 0.0125
2 0.5493750000000001 0.7625 0.01125 0.0125
2 0.5525 0.7575000000000001 0.01125 0.008749999999999999
2 0.55625 0.7515625 0.0125 0.0125
2 0.563125 0.7428125 0.013750000000000002 0.013750000000000002
2 0.5678124999999999 0.7384375000000001 0.013750000000000002 0.01125
2 0.571875 0.7346874999999999 0.0125 0.01
2 0.578125 0.7315625 0.0125 0.01
2 0.58125 0.7259375 0.0125 0.01125
2 0.5853125 0.721875 0.01125 0.0125
2 0.5890625 0.71875 0.0125 0.0125
2 0.593125 0.7146874999999999 0.01125 0.013750000000000002
2 0.5984375 0.709375 0.0125 0.0125
2 0.6053124999999999 0.7025 0.013750000000000002 0.01125
2 0.5459375 0.8171875 0.013750000000000002 0.0125
2 0.553125 0.8081250000000001 0.0125 0.01
2 0.9949999999999999 0.03375 0.008749999999999999 0.01125
2 0.6015625 0.8740625 0.0125 0.013750000000000002
2 0.7328125 0.7384375000000001 0.0125 0.01125
2 0.7275 0.7421875 0.01125 0.0125
2 0.7234375 0.7462500000000001 0.0125 0.01125
2 0.719375 0.7525000000000001 0.013750000000000002 0.01125
2 0.7150000000000001 0.7565625 0.01125 0.01
2 0.7128125 0.75875 0.01 0.01125
2 0.575 0.9040625 0.0125 0.01125
2 0.579375 0.896875 0.015 0.0125
2 0.5828125 0.8931250000000001 0.0125 0.01125
2 0.5865625 0.8887499999999999 0.013750000000000002 0.015
2 0.5912499999999999 0.8862500000000001 0.013750000000000002 0.01625
2 0.5962500000000001 0.8787499999999999 0.01125 0.013750000000000002
2 0.6034375 0.8696875000000001 0.01 0.01125
2 0.5900000000000001 0.868125 0.01125 0.01125
2 0.6084375 0.8671875 0.013750000000000002 0.0125
2 0.6103125 0.8634375000000001 0.01125 0.01125
2 0.6168750000000001 0.86 0.015 0.013750000000000002
2 0.62 0.8553124999999999 0.015 0.013750000000000002
2 0.6259375 0.8503125 0.01125 0.01
2 0.6296875 0.8462500000000001 0.0125 0.01125
2 0.634375 0.8421875 0.0125 0.0125
2 0.6384375 0.8375 0.01125 0.0125
2 0.64375 0.834375 0.0125 0.0125
2 0.646875 0.8290625 0.0125 0.01125
2 0.650625 0.8243750000000001 0.013750000000000002 0.01125
2 0.6525000000000001 0.8203125 0.01125 0.0125
2 0.7228125000000001 0.7296875 0.01125 0.0125
2 0.7196875 0.734375 0.01125 0.0125
2 0.7150000000000001 0.7378125 0.01125 0.01
2 0.7103125 0.7424999999999999 0.01125 0.01
2 0.5978125000000001 0.858125 0.01125 0.01
2 0.603125 0.853125 0.0125 0.0125
2 0.6071875 0.8487500000000001 0.01125 0.01
2 0.6109375 0.8462500000000001 0.0125 0.01125
2 0.6168750000000001 0.8421875 0.015 0.0125
2 0.6209374999999999 0.8365625 0.013750000000000002 0.013750000000000002
2 0.6240625 0.8328125 0.013750000000000002 0.0125
2 0.6275000000000001 0.8275 0.01125 0.01125
2 0.635 0.825 0.013750000000000002 0.0125
2 0.6368750000000001 0.8203125 0.01125 0.0125
2 0.640625 0.815625 0.0125 0.0125
2 0.6446875000000001 0.8103125 0.01125 0.01125
2 0.6487499999999999 0.8065625000000001 0.01 0.01
2 0.653125 0.8025 0.0125 0.01125
2 0.65625 0.7971874999999999 0.0125 0.01
2 0.66125 0.7931250000000001 0.01 0.01125
2 0.6659375 0.79 0.01 0.01125
2 0.676875 0.776875 0.01 0.01
2 0.6828125 0.7721875 0.0125 0.01
2 0.68625 0.7684375 0.01 0.008749999999999999
2 0.6900000000000001 0.765 0.01125 0.01125
2 0.6946875 0.75875 0.01125 0.01125
2 0.69875 0.75625 0.01 0.0125
2 0.7025 0.7525000000000001 0.01125 0.01125
2 0.708125 0.7462500000000001 0.01 0.01125
2 0.6578125 0.8162499999999999 0.0125 0.013750000000000002
2 0.6625 0.8109375 0.0125 0.0125
2 0.666875 0.8078125 0.015 0.0125
2 0.884375 0.18375 0.0125 0.01125
2 0.896875 0.20249999999999999 0.0125 0.01125
2 0.903125 0.2140625 0.0125 0.0125
2 0.9071875 0.21749999999999997 0.01125 0.01
2 0.909375 0.22125 0.0125 0.01125
2 0.8868750000000001 0.18937500000000002 0.01125 0.01
2 0.8859375 0.0053124999999999995 0.0125 0.0075
2 0.83625 0.11875 0.01625 0.0125
2 0.8665625 0.1265625 0.01125 0.0125
2 0.87375 0.1203125 0.01 0.0125
2 0.878125 0.11781250000000001 0.0125 0.013750000000000002
2 0.8925000000000001 0.125 0.01 0.0125
2 0.8984375 0.12250000000000001 0.0125 0.013750000000000002
2 0.9025000000000001 0.1171875 0.01125 0.0125
2 0.8815625 0.1328125 0.01 0.0125
2 0.8868750000000001 0.12875 0.01125 0.013750000000000002
2 0.9409375000000001 0.0740625 0.01 0.013750000000000002
2 0.946875 0.073125 0.0125 0.015
2 0.94625 0.0890625 0.01125 0.0125
2 0.9393750000000001 0.0953125 0.01 0.0125
2 0.9721875000000001 0.05437499999999999 0.01 0.015
2 0.9828125 0.065625 0.0125 0.0125
2 0.9890625 0.0409375 0.0125 0.01625
2 0.9806250000000001 0.046875 0.01125 0.0125
2 0.99 0.05625 0.01125 0.0125
2 0.8765625 0.174375 0.0125 0.01125
2 0.6693749999999999 0.803125 0.013750000000000002 0.0125
2 0.67375 0.7984375 0.01625 0.0125
2 0.6784375 0.7953125 0.01625 0.0125
2 0.681875 0.7896875 0.013750000000000002 0.013750000000000002
2 0.6859375 0.7853125000000001 0.0125 0.01125
2 0.690625 0.7821875 0.0125 0.01125
2 0.69375 0.778125 0.0125 0.0125
2 0.696875 0.774375 0.0125 0.01125
2 0.70375 0.7678125 0.013750000000000002 0.013750000000000002
2 0.709375 0.76625 0.0125 0.013750000000000002
2 0.6009375 0.909375 0.01125 0.0125
2 0.6059375 0.906875 0.015 0.013750000000000002
2 0.6109375 0.903125 0.0125 0.0125
2 0.615625 0.898125 0.0125 0.015
2 0.6196875000000001 0.8931250000000001 0.01125 0.01125
2 0.621875 0.89125 0.0125 0.013750000000000002
2 0.628125 0.8859375 0.0125 0.0125
2 0.631875 0.88125 0.013750000000000002 0.0125
2 0.635 0.8771875 0.013750000000000002 0.013750000000000002
2 0.640625 0.8712500000000001 0.0125 0.01125
2 0.6421875 0.86875 0.0125 0.0125
2 0.6475 0.8637499999999999 0.013750000000000002 0.015
2 0.6537499999999999 0.8596875 0.013750000000000002 0.01625
2 0.691875 0.8140625 0.015 0.0125
2 0.59375 0.8634375000000001 0.0125 0.01125
2 0.586875 0.8712500000000001 0.01125 0.01125
2 0.5587500000000001 0.803125 0.01125 0.0125
2 0.5862499999999999 0.8134375 0.01 0.01125
2 0.5349999999999999 0.865 0.013750000000000002 0.01125
2 0.5390625 0.8603125 0.0125 0.01125
2 0.54375 0.85625 0.0125 0.0125
2 0.5475 0.8521875 0.013750000000000002 0.013750000000000002
2 0.551875 0.8478125000000001 0.01 0.01125
2 0.5565625 0.84375 0.01 0.0125
2 0.559375 0.8396874999999999 0.0125 0.013750000000000002
2 0.565625 0.834375 0.0125 0.0125
2 0.56875 0.8309374999999999 0.0125 0.008749999999999999
2 0.57125 0.826875 0.01125 0.01
2 0.576875 0.82125 0.01 0.01125
2 0.5821875000000001 0.8165625000000001 0.01125 0.01125
2 0.5903125 0.8081250000000001 0.008749999999999999 0.01
2 0.58375 0.8759375 0.01125 0.01125
2 0.5953125 0.8053125 0.0125 0.013750000000000002
2 0.5978125000000001 0.8015625 0.01125 0.0125
2 0.6018749999999999 0.79625 0.01 0.01125
2 0.60625 0.7915625000000001 0.0125 0.01125
2 0.609375 0.7884375 0.0125 0.01125
2 0.615 0.7837500000000001 0.01125 0.01125
2 0.618125 0.78 0.01125 0.01
2 0.6212500000000001 0.7753125 0.01125 0.01
2 0.626875 0.770625 0.01 0.01
2 0.6303124999999999 0.765625 0.013750000000000002 0.0125
2 0.63375 0.7618750000000001 0.01125 0.01125
2 0.64 0.7584375 0.01125 0.013750000000000002
2 0.6775 0.680625 0.01125 0.01125
2 0.675 0.6837500000000001 0.0125 0.01125
2 0.67125 0.689375 0.01125 0.01
2 0.66625 0.6928124999999999 0.013750000000000002 0.013750000000000002
2 0.5609375 0.7996875 0.0125 0.015
2 0.5662499999999999 0.7943749999999999 0.013750000000000002 0.013750000000000002
2 0.5715625 0.7903125 0.015 0.015
2 0.5771875 0.7849999999999999 0.013750000000000002 0.013750000000000002
2 0.5803125 0.781875 0.013750000000000002 0.013750000000000002
2 0.584375 0.778125 0.0125 0.0125
2 0.5859375 0.7740625 0.0125 0.013750000000000002
2 0.5896874999999999 0.77 0.013750000000000002 0.015
2 0.5959375 0.76625 0.013750000000000002 0.013750000000000002
2 0.5990624999999999 0.7609375 0.013750000000000002 0.0125
2 0.60375 0.756875 0.013750000000000002 0.013750000000000002
2 0.6078125 0.7521875 0.0125 0.013750000000000002
2 0.6103125 0.7474999999999999 0.01125 0.013750000000000002
2 0.61625 0.744375 0.013750000000000002 0.013750000000000002
2 0.62 0.740625 0.015 0.0125
2 0.625625 0.7353125 0.013750000000000002 0.01125
2 0.6275000000000001 0.7328125 0.01125 0.0125
2 0.6328125 0.7278125 0.0125 0.015
2 0.6365624999999999 0.721875 0.013750000000000002 0.0125
2 0.640625 0.7178125 0.0125 0.013750000000000002
2 0.64625 0.71375 0.01125 0.015
2 0.649375 0.709375 0.01125 0.0125
2 0.653125 0.705 0.0125 0.01625
2 0.6578125 0.7028125000000001 0.0125 0.015
2 0.6609375 0.696875 0.0125 0.0125
2 0.6443749999999999 0.7525000000000001 0.013750000000000002 0.01125
2 0.64625 0.7478125 0.01125 0.01125
2 0.6515625 0.7446875000000001 0.0125 0.01125
2 0.6153125 0.8015625 0.015 0.0125
2 0.6240625 0.7931250000000001 0.013750000000000002 0.01125
2 0.6296875 0.7887500000000001 0.0125 0.008749999999999999
2 0.634375 0.7837500000000001 0.0125 0.01125
2 0.6375 0.7796875 0.0125 0.0125
2 0.640625 0.7765625 0.0125 0.0125
2 0.6475 0.77125 0.013750000000000002 0.01125
2 0.6496875 0.7681250000000001 0.015 0.01125
2 0.653125 0.7634375 0.0125 0.01125
2 0.6584375 0.76 0.013750000000000002 0.013750000000000002
2 0.663125 0.7537499999999999 0.013750000000000002 0.013750000000000002
2 0.6671875 0.7484375 0.0125 0.0125
2 0.6725 0.7446875000000001 0.013750000000000002 0.01125
2 0.6740625 0.7409375 0.013750000000000002 0.01
2 0.67875 0.7384375000000001 0.013750000000000002 0.01125
2 0.6834374999999999 0.7328125 0.013750000000000002 0.0125
2 0.685625 0.72875 0.015 0.013750000000000002
2 0.6912499999999999 0.7240624999999999 0.013750000000000002 0.013750000000000002
2 0.694375 0.72 0.013750000000000002 0.015
2 0.7 0.7162499999999999 0.0125 0.013750000000000002
2 0.703125 0.7109375 0.0125 0.0125
2 0.70875 0.70875 0.01125 0.01125
2 0.5662499999999999 0.8953125 0.013750000000000002 0.0125
2 0.5696875 0.889375 0.01125 0.01
2 0.5743750000000001 0.883125 0.01125 0.01
2 0.5775 0.8800000000000001 0.01125 0.01
2 0.620625 0.79625 0.01 0.01125
2 0.6125 0.8078125 0.0125 0.0125
2 0.655625 0.739375 0.01125 0.01
2 0.6084375 0.8109375 0.013750000000000002 0.0125
2 0.6587500000000001 0.73625 0.01125 0.01
2 0.6625 0.7315625 0.0125 0.01
2 0.66625 0.7268749999999999 0.013750000000000002 0.01
2 0.671875 0.7228125000000001 0.0125 0.01125
2 0.6743750000000001 0.7190624999999999 0.01125 0.01
2 0.678125 0.7140625 0.0125 0.0125
2 0.684375 0.71 0.0125 0.013750000000000002
2 0.6896875 0.7053125 0.013750000000000002 0.013750000000000002
2 0.693125 0.7025 0.01125 0.01125
2 0.6984375 0.6984375 0.0125 0.0125
2 0.5453125 0.8759375 0.0125 0.01125
2 0.5509375000000001 0.8706250000000001 0.01125 0.01
2 0.5540625 0.8665625 0.01125 0.01125
2 0.559375 0.8625 0.0125 0.0125
2 0.561875 0.8578125 0.01125 0.0125
2 0.5650000000000001 0.8540625000000001 0.01125 0.01125
2 0.57125 0.85 0.01125 0.0125
2 0.57625 0.8481249999999999 0.015 0.015
2 0.578125 0.8400000000000001 0.0125 0.01125
2 0.58375 0.8359375 0.01125 0.0125
2 0.585 0.8324999999999999 0.013750000000000002 0.015
2 0.590625 0.8275 0.0125 0.01125
2 0.5959375 0.8225 0.013750000000000002 0.013750000000000002
2 0.599375 0.81875 0.01125 0.0125
2 0.6040625000000001 0.8150000000000001 0.01125 0.01125
2 0.0375 0.19624999999999998 0.0125 0.01125
2 0.13 0.24375 0.01 0.0125
2 0.140625 0.23374999999999999 0.0125 0.01125
