2 0.4190625 0.21625 0.01625 0.0075
2 0.42062499999999997 0.1975 0.01625 0.0075
2 0.34562499999999996 0.1875 0.01625 0.00625
2 0.6740625 0.104375 0.0075 0.015
2 0.68875 0.0725 0.008749999999999999 0.013750000000000002
2 0.6484375 0.36531250000000004 0.00625 0.015
2 0.4328125 0.2184375 0.0125 0.008749999999999999
2 0.46312499999999995 0.1828125 0.0075 0.0125
2 0.4559375 0.1825 0.008749999999999999 0.015
2 0.478125 0.174375 0.0125 0.005
2 0.6315625 0.2659375 0.01625 0.01
2 0.6131249999999999 0.263125 0.02 0.0075
2 0.5696875 0.244375 0.017499999999999998 0.0075
2 0.5846875 0.2584375 0.01625 0.0075
2 0.6165625 0.244375 0.017499999999999998 0.0075
2 0.5549999999999999 0.236875 0.01625 0.005
2 0.535625 0.23125 0.015 0.00625
2 0.46375 0.2046875 0.015 0.00625
2 0.67125 0.18 0.01125 0.01625
2 0.6025 0.1740625 0.017499999999999998 0.0075
2 0.6021875 0.225 0.013750000000000002 0.00625
2 0.5856250000000001 0.22218749999999998 0.015 0.00375
2 0.54625 0.2171875 0.017499999999999998 0.00625
2 0.529375 0.215625 0.015 0.00625
2 0.5284375 0.1875 0.01625 0.00625
2 0.5325 0.181875 0.015 0.0075
2 0.535625 0.1753125 0.015 0.00375
2 0.49124999999999996 0.20875 0.013750000000000002 0.005
2 0.4546875 0.1978125 0.0125 0.005
2 0.4953125 0.1859375 0.0125 0.00625
2 0.47625 0.184375 0.015 0.00625
2 0.2653125 0.8596875 0.015 0.01
2 0.130625 0.7268749999999999 0.017499999999999998 0.01
2 0.079375 0.7440625 0.015 0.01
2 0.09343749999999999 0.795625 0.015 0.01
2 0.06375 0.77625 0.015 0.008749999999999999
2 0.03125 0.8059375 0.00625 0.015
2 0.017812500000000002 0.89875 0.0075 0.01625
2 0.051875000000000004 0.8340624999999999 0.01 0.015
2 0.0125 0.9303125 0.00625 0.013750000000000002
2 0.2203125 0.7737499999999999 0.00625 0.01625
2 0.27875 0.8065625000000001 0.013750000000000002 0.01
2 0.6184375 0.35562499999999997 0.015 0.01125
2 0.663125 0.375625 0.0075 0.02
2 0.438125 0.8140625 0.0075 0.0125
2 0.5034375 0.7578125 0.01 0.0125
2 0.49906249999999996 0.7571875 0.0075 0.01125
2 0.4921875 0.755625 0.0125 0.017499999999999998
2 0.484375 0.754375 0.0125 0.015
2 0.43499999999999994 0.7178125 0.013750000000000002 0.0075
2 0.41531250000000003 0.7146874999999999 0.015 0.0075
2 0.5 0.725 0.00625 0.0125
2 0.4928125 0.7246875 0.0075 0.015
2 0.488125 0.72375 0.0075 0.01625
2 0.48187499999999994 0.723125 0.0075 0.015
2 0.44343750000000004 0.775 0.008749999999999999 0.0125
2 0.26937500000000003 0.36625 0.0075 0.013750000000000002
2 0.44000000000000006 0.7984375 0.005 0.0125
2 0.4721875 0.74375 0.01625 0.00625
2 0.448125 0.745 0.008749999999999999 0.015
2 0.3671875 0.8040625 0.0125 0.017499999999999998
2 0.33968750000000003 0.8271875 0.013750000000000002 0.0075
2 0.32375 0.825 0.01625 0.00625
2 0.4409375 0.74125 0.01 0.013750000000000002
2 0.4146875 0.7390625 0.0075 0.0125
2 0.409375 0.7396874999999999 0.00625 0.013750000000000002
2 0.396875 0.74125 0.00625 0.013750000000000002
2 0.5118750000000001 0.759375 0.01125 0.0125
2 0.5228125 0.7615624999999999 0.01125 0.013750000000000002
2 0.5275000000000001 0.76375 0.01125 0.015
2 0.534375 0.765625 0.0125 0.0125
2 0.618125 0.836875 0.005 0.01125
2 0.624375 0.8365625 0.005 0.013750000000000002
2 0.6228125 0.849375 0.005 0.01125
2 0.6165625 0.849375 0.005 0.01125
2 0.62 0.6975 0.008749999999999999 0.013750000000000002
2 0.595 0.8803124999999999 0.008749999999999999 0.013750000000000002
2 0.46187500000000004 0.8690625000000001 0.017499999999999998 0.01
2 0.5990624999999999 0.85375 0.0075 0.013750000000000002
2 0.6021875 0.8412499999999999 0.0075 0.013750000000000002
2 0.6028125 0.825 0.008749999999999999 0.0125
2 0.5934375000000001 0.8243750000000001 0.008749999999999999 0.017499999999999998
2 0.560625 0.7840625 0.008749999999999999 0.015
2 0.5921875 0.781875 0.00625 0.013750000000000002
2 0.61 0.7809375000000001 0.0075 0.015
2 0.6071875 0.676875 0.01125 0.01625
2 0.51875 0.725625 0.00625 0.013750000000000002
2 0.5090625 0.725625 0.008749999999999999 0.013750000000000002
2 0.5640625 0.7696875000000001 0.0125 0.017499999999999998
2 0.5578125 0.7678125 0.0125 0.013750000000000002
2 0.5478125 0.766875 0.01125 0.015
2 0.540625 0.766875 0.0125 0.015
2 0.38625 0.7371875 0.01 0.015
2 0.29812500000000003 0.70125 0.015 0.008749999999999999
2 0.28312499999999996 0.673125 0.01625 0.015
2 0.71 0.54375 0.013750000000000002 0.00625
2 0.7318749999999999 0.525625 0.013750000000000002 0.0075
2 0.681875 0.51875 0.013750000000000002 0.00625
2 0.63375 0.479375 0.01125 0.021249999999999998
2 0.65125 0.47562499999999996 0.008749999999999999 0.013750000000000002
2 0.6481250000000001 0.39187500000000003 0.008749999999999999 0.015
2 0.64 0.425625 0.01125 0.013750000000000002
2 0.63875 0.43968749999999995 0.008749999999999999 0.013750000000000002
2 0.614375 0.4184375 0.01 0.015
2 0.5 0.49375 0.0125 0.00625
2 0.514375 0.45218749999999996 0.01625 0.0075
2 0.49437499999999995 0.4578125 0.013750000000000002 0.00625
2 0.4953125 0.4484375 0.0125 0.00625
2 0.460625 0.4615625 0.015 0.0075
2 0.45437500000000003 0.4859375 0.015 0.00625
2 0.225 0.478125 0.00625 0.0125
2 0.21375000000000002 0.43093750000000003 0.008749999999999999 0.015
2 0.20750000000000002 0.429375 0.008749999999999999 0.015
2 0.238125 0.40062499999999995 0.0075 0.013750000000000002
2 0.22562500000000002 0.39968750000000003 0.0075 0.015
2 0.2365625 0.3715625 0.0075 0.015
2 0.28312499999999996 0.3615625 0.01 0.013750000000000002
2 0.6953125 0.54 0.0125 0.005
2 0.591875 0.525 0.015 0.00625
2 0.21937500000000001 0.71 0.0075 0.013750000000000002
2 0.2053125 0.5178125 0.0075 0.013750000000000002
2 0.22625 0.673125 0.008749999999999999 0.015
2 0.5953125 0.733125 0.00625 0.01625
2 0.65 0.750625 0.00625 0.013750000000000002
2 0.65 0.73125 0.0125 0.00625
2 0.6203125 0.71 0.00625 0.013750000000000002
2 0.625625 0.6637500000000001 0.0075 0.015
2 0.639375 0.6378125 0.01 0.01625
2 0.6271875 0.645625 0.0075 0.01625
2 0.64125 0.5971875 0.0075 0.01625
2 0.63125 0.60625 0.00625 0.0125
2 0.5825 0.653125 0.015 0.0125
2 0.5662499999999999 0.6509375000000001 0.013750000000000002 0.01125
2 0.25 0.623125 0.00625 0.015
2 0.200625 0.6331249999999999 0.0075 0.01625
2 0.54875 0.58 0.01625 0.01
2 0.2134375 0.615625 0.005 0.0125
2 0.2740625 0.6075 0.013750000000000002 0.008749999999999999
2 0.2796875 0.5959375 0.00625 0.013750000000000002
2 0.27875 0.57625 0.0075 0.015
2 0.21000000000000002 0.5471874999999999 0.0075 0.01625
2 0.21812499999999999 0.5309375000000001 0.005 0.015
2 0.551875 0.6121875 0.01 0.021249999999999998
2 0.540625 0.61 0.0125 0.026250000000000002
2 0.9487500000000001 0.9106249999999999 0.01625 0.04
2 0.930625 0.914375 0.01125 0.0225
2 0.7784375 0.85125 0.01 0.03375
2 0.624375 0.8984375 0.005 0.0125
2 0.62 0.8828125 0.008749999999999999 0.0125
2 0.6125 0.8903125 0.00625 0.015
2 0.9978125 0.9953125 0.005 0.00625
2 0.9978125 0.9875 0.005 0.00625
2 0.7418750000000001 0.9425000000000001 0.015 0.01
2 0.858125 0.890625 0.01 0.0125
2 0.858125 0.8740625 0.01 0.013750000000000002
2 0.8787499999999999 0.865 0.0075 0.01125
2 0.8653124999999999 0.8240624999999999 0.008749999999999999 0.013750000000000002
2 0.8871874999999999 0.8243750000000001 0.008749999999999999 0.01125
2 0.8871874999999999 0.813125 0.008749999999999999 0.013750000000000002
2 0.8903125 0.7671875 0.008749999999999999 0.0125
2 0.875 0.76375 0.00625 0.015
2 0.9946875000000001 0.639375 0.01125 0.01
2 0.984375 0.6371875 0.0125 0.015
2 0.9734375 0.635625 0.0125 0.015
2 0.9265625 0.6934375 0.00625 0.015
2 0.9043749999999999 0.698125 0.008749999999999999 0.015
2 0.8878125000000001 0.693125 0.01 0.017499999999999998
2 0.890625 0.666875 0.00625 0.015
2 0.7665625 0.5506249999999999 0.01125 0.0075
2 0.7525000000000001 0.55 0.01125 0.00625
2 0.784375 0.5359375 0.01875 0.00625
2 0.8321875000000001 0.5159374999999999 0.017499999999999998 0.01
2 0.8612500000000001 0.5178125 0.01625 0.0075
2 0.7578125 0.925 0.0125 0.00625
2 0.8996875 0.795 0.015 0.008749999999999999
2 0.9509375 0.7390625 0.017499999999999998 0.00625
2 0.9337500000000001 0.7375 0.01125 0.0125
2 0.920625 0.7359375 0.01625 0.0125
2 0.6171875 0.898125 0.00625 0.015
2 0.8800000000000001 0.505625 0.01625 0.005
2 0.92875 0.524375 0.013750000000000002 0.005
2 0.92875 0.5184375 0.013750000000000002 0.008749999999999999
2 0.9284375 0.51 0.01625 0.0075
2 0.2546875 0.8134375 0.0125 0.01125
2 0.31062500000000004 0.87625 0.015 0.008749999999999999
2 0.9568749999999999 0.578125 0.013750000000000002 0.00625
2 0.8403124999999999 0.5609375 0.015 0.00625
2 0.8568749999999999 0.5646875 0.013750000000000002 0.0075
2 0.8653124999999999 0.5459375 0.015 0.0075
2 0.8793749999999999 0.54875 0.015 0.00375
2 0.9221875 0.553125 0.01625 0.00625
2 0.960625 0.559375 0.015 0.00625
2 0.9949999999999999 0.5662499999999999 0.008749999999999999 0.0075
2 0.866875 0.040625 0.015 0.00625
2 0.8671875 0.036875000000000005 0.0125 0.005
2 0.8675 0.0296875 0.01625 0.00625
2 0.8303125 0.23125 0.0075 0.01875
2 0.9037499999999999 0.26875 0.013750000000000002 0.00625
2 0.85375 0.2796875 0.013750000000000002 0.00625
2 0.815625 0.274375 0.0125 0.005
2 0.7631249999999999 0.268125 0.013750000000000002 0.005
2 0.7253125 0.24281250000000001 0.01625 0.0075
2 0.64625 0.2653125 0.01125 0.008749999999999999
2 0.6721874999999999 0.31124999999999997 0.01 0.01625
2 0.9015625 0.0278125 0.01875 0.008749999999999999
2 0.739375 0.014374999999999999 0.01 0.01
2 0.6224999999999999 0.4215625 0.013750000000000002 0.015
2 0.748125 0.24656250000000002 0.021249999999999998 0.008749999999999999
2 0.7621875 0.5115624999999999 0.008749999999999999 0.013750000000000002
2 0.6396875 0.703125 0.0075 0.0125
2 0.61375 0.7428125 0.008749999999999999 0.013750000000000002
2 0.5634375 0.615 0.01125 0.02375
