2 0.06999999999999999 0.175 0.008749999999999999 0.01875
2 0.36875 0.639375 0.01875 0.034999999999999996
2 0.320625 0.5165625 0.01 0.017499999999999998
2 0.315 0.4453125 0.01125 0.01875
2 0.33625 0.49375 0.01 0.0125
2 0.385 0.6675 0.013750000000000002 0.0225
2 0.364375 0.5421875 0.0225 0.0375
2 0.1290625 0.49375 0.01125 0.01875
2 0.065625 0.5153125000000001 0.0125 0.015
2 0.0775 0.5118750000000001 0.01125 0.017499999999999998
2 0.09406250000000001 0.505 0.01 0.01625
2 0.225 0.3359375 0.0125 0.0125
2 0.18812500000000001 0.175 0.0075 0.01875
2 0.1875 0.1 0.00625 0.01875
2 0.1340625 0.365 0.015 0.01125
2 0.09281249999999999 0.355 0.013750000000000002 0.01
2 0.053125 0.334375 0.0125 0.0125
2 0.4046875 0.7346874999999999 0.0125 0.0225
2 0.0071874999999999994 0.8525 0.01125 0.01125
2 0.0084375 0.8578125 0.013750000000000002 0.00625
2 0.010624999999999999 0.8659375 0.015 0.01
2 0.141875 0.798125 0.015 0.008749999999999999
2 0.280625 0.6775 0.017499999999999998 0.01125
2 0.3921875 0.6596875 0.01875 0.034999999999999996
2 0.45 0.8231249999999999 0.0125 0.027500000000000004
2 0.4559375 0.849375 0.015 0.02375
2 0.46343750000000006 0.90625 0.01125 0.01875
2 0.4846875 0.9778125 0.01 0.021249999999999998
2 0.1075 0.0465625 0.008749999999999999 0.008749999999999999
2 0.0440625 0.049375 0.01 0.01125
2 0.07843750000000001 0.06937499999999999 0.01 0.013750000000000002
2 0.084375 0.06343750000000001 0.0125 0.01125
2 0.12125 0.060312500000000005 0.01125 0.01125
2 0.1003125 0.076875 0.01625 0.01
2 0.0909375 0.08249999999999999 0.01 0.008749999999999999
2 0.0803125 0.09031249999999999 0.013750000000000002 0.008749999999999999
2 0.0496875 0.11499999999999999 0.008749999999999999 0.01125
2 0.0421875 0.11781250000000001 0.0125 0.013750000000000002
2 0.0340625 0.128125 0.008749999999999999 0.0125
2 0.028749999999999998 0.133125 0.0075 0.01
2 0.0234375 0.1359375 0.00625 0.0125
2 0.014374999999999999 0.145625 0.01 0.01625
2 0.008125 0.15031250000000002 0.01 0.01625
2 0.058750000000000004 0.1446875 0.01125 0.01125
2 0.053437500000000006 0.1509375 0.01 0.01125
2 0.0471875 0.1534375 0.01 0.01
2 0.042499999999999996 0.15812500000000002 0.01 0.01
2 0.031875 0.165625 0.013750000000000002 0.0125
2 0.025937500000000002 0.17124999999999999 0.01125 0.01125
2 0.0159375 0.1775 0.01 0.01125
2 0.0096875 0.1825 0.01 0.008749999999999999
2 0.0059375 0.18687499999999999 0.008749999999999999 0.01125
2 0.0109375 0.22156250000000002 0.00625 0.015
2 0.0471875 0.18937500000000002 0.01 0.01625
2 0.05375 0.18687499999999999 0.0075 0.01125
2 0.075 0.16875 0.00625 0.0125
2 0.08625000000000001 0.16 0.01 0.013750000000000002
2 0.09031249999999999 0.1546875 0.008749999999999999 0.0125
2 0.1384375 0.11000000000000001 0.01125 0.013750000000000002
2 0.1434375 0.1075 0.008749999999999999 0.008749999999999999
2 0.146875 0.10187500000000001 0.0125 0.01
2 0.1515625 0.08562499999999999 0.0125 0.008749999999999999
2 0.110625 0.24625 0.008749999999999999 0.01125
2 0.10500000000000001 0.25 0.01 0.0125
2 0.09031249999999999 0.25906250000000003 0.008749999999999999 0.015
2 0.0834375 0.26156250000000003 0.0075 0.013750000000000002
2 0.07875 0.265625 0.0075 0.0125
2 0.07375000000000001 0.2678125 0.01 0.013750000000000002
2 0.0675 0.273125 0.01 0.015
2 0.06218749999999999 0.273125 0.008749999999999999 0.015
2 0.057499999999999996 0.27875 0.008749999999999999 0.013750000000000002
2 0.0521875 0.2809375 0.0075 0.015
2 0.0465625 0.28312499999999996 0.008749999999999999 0.01625
2 0.042499999999999996 0.2890625 0.01 0.0125
2 0.034687499999999996 0.29281250000000003 0.01 0.013750000000000002
2 0.0315625 0.296875 0.01 0.0125
2 0.026875 0.2984375 0.01 0.0125
2 0.02 0.304375 0.008749999999999999 0.015
2 0.013750000000000002 0.3053125 0.008749999999999999 0.013750000000000002
2 0.1459375 0.48687500000000006 0.0075 0.017499999999999998
2 0.153125 0.484375 0.00625 0.01875
2 0.16312500000000002 0.480625 0.0075 0.017499999999999998
2 0.169375 0.476875 0.0075 0.01625
2 0.175625 0.47781250000000003 0.0075 0.015
2 0.1828125 0.47406249999999994 0.00625 0.013750000000000002
2 0.1890625 0.47375 0.00625 0.01625
2 0.19437500000000002 0.4715625 0.0075 0.015
2 0.200625 0.46749999999999997 0.0075 0.01625
2 0.20593750000000002 0.46687500000000004 0.008749999999999999 0.015
2 0.210625 0.46281249999999996 0.008749999999999999 0.01625
2 0.22000000000000003 0.4615625 0.008749999999999999 0.013750000000000002
2 0.150625 0.51625 0.0075 0.013750000000000002
2 0.15687500000000001 0.515625 0.0075 0.0125
2 0.1740625 0.510625 0.0075 0.015
2 0.1871875 0.5053124999999999 0.008749999999999999 0.013750000000000002
2 0.19343749999999998 0.5037499999999999 0.008749999999999999 0.013750000000000002
2 0.21156250000000001 0.49749999999999994 0.0075 0.013750000000000002
2 0.21625 0.496875 0.0075 0.0125
2 0.20218750000000002 0.534375 0.0075 0.0125
2 0.1740625 0.5465625000000001 0.0075 0.015
2 0.1903125 0.5403125 0.008749999999999999 0.015
2 0.12 0.5646875 0.008749999999999999 0.013750000000000002
2 0.113125 0.568125 0.0075 0.017499999999999998
2 0.10124999999999999 0.5721875 0.008749999999999999 0.01625
