2 0.59375 0.0921875 0.04375 0.01875
2 0.5878125 0.1103125 0.041249999999999995 0.017499999999999998
2 0.9746874999999999 0.031875 0.008749999999999999 0.02
2 0.7971874999999999 0.5587500000000001 0.01625 0.02375
2 0.469375 0.90625 0.02 0.0125
2 0.5409375 0.89125 0.01625 0.013750000000000002
2 0.525 0.8856249999999999 0.01875 0.015
2 0.1740625 0.951875 0.013750000000000002 0.0225
2 0.16 0.990625 0.013750000000000002 0.01875
2 0.495625 0.9106249999999999 0.0225 0.015
2 0.0834375 0.99125 0.02 0.013750000000000002
2 0.591875 0.9349999999999999 0.027500000000000004 0.02
2 0.56375 0.89625 0.021249999999999998 0.01125
2 0.5596875 0.9278124999999999 0.0225 0.015
2 0.538125 0.92125 0.02 0.01125
2 0.23875000000000002 0.40875000000000006 0.021249999999999998 0.01125
2 0.184375 0.1603125 0.0125 0.02375
2 0.55125 0.241875 0.021249999999999998 0.015
2 0.576875 0.2475 0.0225 0.013750000000000002
2 0.47874999999999995 0.2546875 0.026250000000000002 0.0125
2 0.509375 0.25968749999999996 0.025 0.01625
2 0.0590625 0.5578125 0.021249999999999998 0.0125
2 0.06937499999999999 0.515625 0.02 0.0125
2 0.1434375 0.26687500000000003 0.015 0.021249999999999998
2 0.1253125 0.5912499999999999 0.0225 0.013750000000000002
2 0.259375 0.6228125 0.025 0.017499999999999998
2 0.5875 0.3125 0.0125 0.01875
2 0.21437499999999998 0.145 0.01625 0.021249999999999998
2 0.564375 0.40374999999999994 0.01625 0.026250000000000002
2 0.5075000000000001 0.5753125 0.015 0.0225
2 0.5025000000000001 0.598125 0.017499999999999998 0.021249999999999998
2 0.48218750000000005 0.63875 0.02375 0.021249999999999998
2 0.5428124999999999 0.5296875 0.013750000000000002 0.025
2 0.0403125 0.7003125 0.015 0.0225
2 0.2340625 0.8453125 0.021249999999999998 0.0125
2 0.29500000000000004 0.86 0.021249999999999998 0.013750000000000002
2 0.3175 0.8659375 0.0225 0.01625
2 0.34500000000000003 0.8653124999999999 0.021249999999999998 0.015
2 0.224375 0.10406249999999999 0.017499999999999998 0.02375
2 0.24281250000000001 0.043437500000000004 0.013750000000000002 0.021249999999999998
2 0.23562500000000003 0.061250000000000006 0.015 0.01625
2 0.26937500000000003 0.08687500000000001 0.02 0.01125
2 0.26687500000000003 0.1125 0.021249999999999998 0.0125
2 0.231875 0.0809375 0.013750000000000002 0.021249999999999998
2 0.49781250000000005 0.0046875 0.017499999999999998 0.00625
2 0.686875 0.0034375000000000005 0.017499999999999998 0.00375
2 0.7328125 0.058750000000000004 0.025 0.01125
2 0.755625 0.060312500000000005 0.017499999999999998 0.01125
2 0.7790625 0.06625 0.02375 0.013750000000000002
2 0.8393750000000001 0.015 0.0225 0.01125
2 0.9018750000000001 0.0578125 0.0225 0.0125
2 0.6234375 0.04375 0.01875 0.0125
2 0.7759375000000001 0.0084375 0.02375 0.013750000000000002
2 0.5378125 0.0096875 0.0225 0.01625
2 0.5003124999999999 0.0278125 0.0225 0.015
2 0.865625 0.053125 0.025 0.0125
2 0.869375 0.24375 0.013750000000000002 0.01875
2 0.9268750000000001 0.0034375000000000005 0.01 0.00375
2 0.94625 0.02375 0.01125 0.0225
2 0.96875 0.0996875 0.0125 0.021249999999999998
2 0.6740625 0.8699999999999999 0.013750000000000002 0.021249999999999998
2 0.6799999999999999 0.846875 0.01 0.025
2 0.7609375 0.7975 0.0125 0.026250000000000002
2 0.7609375 0.58875 0.0125 0.021249999999999998
2 0.8240624999999999 0.64125 0.013750000000000002 0.02
2 0.9025000000000001 0.5928125 0.02375 0.013750000000000002
2 0.8875 0.641875 0.01875 0.015
2 0.8796875 0.651875 0.025 0.01625
2 0.9425000000000001 0.6443749999999999 0.0225 0.013750000000000002
2 0.938125 0.6640625 0.02 0.0125
2 0.9409375000000001 0.6521874999999999 0.0225 0.013750000000000002
2 0.928125 0.6975 0.025 0.013750000000000002
2 0.9396875 0.0896875 0.013750000000000002 0.02
2 0.9209375 0.3359375 0.013750000000000002 0.01875
2 0.7178125 0.43375 0.013750000000000002 0.02375
2 0.7621875 0.445 0.015 0.021249999999999998
2 0.686875 0.41125 0.02375 0.01625
2 0.676875 0.491875 0.01625 0.021249999999999998
2 0.9665625 0.38406250000000003 0.02375 0.015
2 0.9578125 0.4146875 0.01875 0.013750000000000002
2 0.9546875 0.43624999999999997 0.01875 0.01625
2 0.9478125000000001 0.4453125 0.017499999999999998 0.0125
2 0.69625 0.366875 0.02375 0.015
2 0.945 0.45499999999999996 0.021249999999999998 0.01625
2 0.9440625 0.46343750000000006 0.0225 0.017499999999999998
2 0.93875 0.4765625 0.021249999999999998 0.0125
2 0.9359375 0.4859375 0.01875 0.0125
2 0.9915625 0.469375 0.017499999999999998 0.013750000000000002
2 0.9915625 0.4803125 0.017499999999999998 0.013750000000000002
2 0.9887499999999999 0.4915625 0.021249999999999998 0.01125
2 0.8790625000000001 0.21187499999999998 0.01125 0.017499999999999998
2 0.8853125000000001 0.19375 0.01125 0.01875
2 0.9262499999999999 0.13374999999999998 0.015 0.02375
2 0.6959375 0.38125 0.026250000000000002 0.01875
2 0.760625 0.37687499999999996 0.015 0.0225
2 0.9487500000000001 0.6209374999999999 0.0225 0.013750000000000002
2 0.7371875 0.305625 0.015 0.02375
2 0.9453125 0.63375 0.025 0.017499999999999998
2 0.9190625000000001 0.716875 0.0225 0.015
2 0.8775000000000001 0.665625 0.02375 0.0125
2 0.8734375 0.67625 0.025 0.015
2 0.8703125 0.6859375 0.025 0.0125
2 0.985625 0.5021875 0.021249999999999998 0.013750000000000002
2 0.969375 0.37124999999999997 0.02 0.01125
2 0.974375 0.36062500000000003 0.02375 0.015
2 0.9034375000000001 0.3859375 0.01625 0.01875
2 0.9125 0.3540625 0.0125 0.017499999999999998
2 0.760625 0.3096875 0.015 0.0225
2 0.8046875 0.346875 0.01875 0.0125
2 0.6990624999999999 0.3559375 0.026250000000000002 0.015
2 0.6925 0.3896875 0.0225 0.013750000000000002
2 0.7315625 0.3896875 0.01625 0.02
2 0.7378125 0.3696875 0.01625 0.02375
2 0.7306250000000001 0.43531250000000005 0.01125 0.017499999999999998
2 0.6837500000000001 0.42062499999999997 0.02375 0.01625
2 0.68875 0.40062499999999995 0.021249999999999998 0.013750000000000002
2 0.7096875 0.328125 0.0225 0.01875
2 0.779375 0.31124999999999997 0.015 0.0225
2 0.8090624999999999 0.33625 0.021249999999999998 0.01625
2 0.26375000000000004 0.12 0.021249999999999998 0.008749999999999999
2 0.26437499999999997 0.15687500000000001 0.01 0.02
2 0.2525 0.15875 0.01125 0.02375
2 0.21968749999999998 0.125 0.01125 0.01875
2 0.118125 0.3640625 0.01125 0.01875
2 0.37875000000000003 0.21625 0.02 0.013750000000000002
2 0.027187499999999996 0.7309375 0.013750000000000002 0.021249999999999998
2 0.38093750000000004 0.880625 0.021249999999999998 0.01125
2 0.75625 0.5103125000000001 0.0125 0.02375
2 0.596875 0.0396875 0.025 0.013750000000000002
2 0.5240625 0.026875 0.02 0.01
