2 0.22781250000000003 0.0740625 0.008749999999999999 0.02
2 0.2246875 0.781875 0.008749999999999999 0.02
2 0.2759375 0.7828125 0.017499999999999998 0.01875
2 0.309375 0.795625 0.01875 0.01
2 0.05437499999999999 0.28531249999999997 0.021249999999999998 0.01125
2 0.676875 0.61875 0.01 0.025
2 0.6775 0.6440625 0.01125 0.0225
2 0.45875000000000005 0.6165625 0.01125 0.02375
2 0.459375 0.5584374999999999 0.0125 0.026250000000000002
2 0.45875000000000005 0.4875 0.01125 0.025
2 0.68125 0.18937500000000002 0.01875 0.01
2 0.6190625 0.20249999999999999 0.0225 0.01125
2 0.796875 0.18125 0.01875 0.0125
2 0.6715625000000001 0.2575 0.008749999999999999 0.021249999999999998
2 0.6715625000000001 0.3015625 0.008749999999999999 0.01875
2 0.6684375 0.3875 0.008749999999999999 0.01875
2 0.6678124999999999 0.42718749999999994 0.0075 0.02
2 0.7315625 0.07125000000000001 0.01 0.02375
2 0.7318749999999999 0.10124999999999999 0.0075 0.021249999999999998
2 0.7315625 0.12562500000000001 0.01 0.02
2 0.8081250000000001 0.866875 0.0225 0.015
2 0.829375 0.7046875 0.021249999999999998 0.0125
2 0.8521875 0.70875 0.02 0.01125
2 0.7465625 0.6984375 0.021249999999999998 0.0125
2 0.40125 0.8090624999999999 0.021249999999999998 0.008749999999999999
2 0.5253125 0.8265625 0.0225 0.0125
2 0.545625 0.85125 0.0225 0.015
2 0.589375 0.8328125 0.0225 0.0125
2 0.7046875 0.85125 0.025 0.015
2 0.73375 0.85375 0.02375 0.013750000000000002
2 0.7825 0.860625 0.021249999999999998 0.015
2 0.8353125 0.86875 0.017499999999999998 0.0125
2 0.9081250000000001 0.6340625 0.01 0.021249999999999998
2 0.8596875 0.871875 0.0225 0.0125
2 0.8884375 0.874375 0.02375 0.01125
2 0.915 0.8793749999999999 0.02375 0.015
2 0.78 0.89625 0.0225 0.01125
2 0.77625 0.9190625000000001 0.021249999999999998 0.01
2 0.931875 0.9390625 0.02 0.0125
2 0.951875 0.9421875 0.0225 0.0125
2 0.97625 0.94375 0.021249999999999998 0.0125
2 0.9956250000000001 0.94625 0.01 0.01125
2 0.9081250000000001 0.6799999999999999 0.01 0.0225
2 0.94375 0.7150000000000001 0.01875 0.01125
2 0.806875 0.7034374999999999 0.02 0.01
2 0.9893750000000001 0.719375 0.0225 0.013750000000000002
2 0.9928125 0.6940625 0.013750000000000002 0.01
2 0.8853125000000001 0.4325 0.01125 0.021249999999999998
2 0.58875 0.6828125 0.021249999999999998 0.0125
2 0.609375 0.6837500000000001 0.01875 0.01125
2 0.6340625 0.6853125 0.021249999999999998 0.01125
2 0.76625 0.7015625 0.02 0.0125
2 0.788125 0.7025 0.02 0.01125
2 0.9078125 0.6109375 0.0125 0.01875
2 0.92875 0.69875 0.02 0.01
2 0.9275 0.6196875000000001 0.02375 0.01125
2 0.9884375000000001 0.6165625 0.02375 0.01125
2 0.9928125 0.6625 0.013750000000000002 0.00625
2 0.99375 0.6715625000000001 0.0125 0.008749999999999999
2 0.99375 0.6825 0.0125 0.008749999999999999
2 0.9256249999999999 0.6331249999999999 0.02 0.01
2 0.9275 0.6459374999999999 0.02375 0.013750000000000002
2 0.9268750000000001 0.6646875 0.0225 0.013750000000000002
2 0.925 0.6784375 0.025 0.01
2 0.9284375 0.6900000000000001 0.0225 0.01125
2 0.18031250000000001 0.4125 0.0075 0.01875
2 0.1784375 0.4409375 0.01 0.0225
2 0.29874999999999996 0.41531250000000003 0.01 0.021249999999999998
2 0.3278125 0.41593749999999996 0.008749999999999999 0.0225
2 0.3284375 0.4625 0.01 0.01875
2 0.25187499999999996 0.34187500000000004 0.01 0.021249999999999998
2 0.2525 0.273125 0.01125 0.021249999999999998
2 0.476875 0.783125 0.0225 0.0225
2 0.27125 0.46125 0.01125 0.01625
2 0.2503125 0.41312499999999996 0.01 0.02
2 0.25187499999999996 0.38468749999999996 0.01 0.0225
2 0.1784375 0.3875 0.01 0.01875
2 0.2503125 0.5599999999999999 0.01 0.02
2 0.348125 0.42000000000000004 0.008749999999999999 0.021249999999999998
2 0.3075 0.41312499999999996 0.008749999999999999 0.02
2 0.2496875 0.31625000000000003 0.008749999999999999 0.02
2 0.253125 0.12468749999999999 0.0125 0.021249999999999998
2 0.2525 0.15687500000000001 0.01125 0.02
2 0.178125 0.08156250000000001 0.0125 0.0225
2 0.1775 0.1109375 0.01125 0.01875
2 0.179375 0.13468750000000002 0.008749999999999999 0.01625
2 0.18 0.15625 0.01 0.01875
2 0.15031250000000002 0.15812500000000002 0.01 0.0225
2 0.25187499999999996 0.505 0.01 0.0225
2 0.176875 0.623125 0.01 0.021249999999999998
2 0.0078125 0.8103125 0.0125 0.01125
2 0.028437499999999998 0.81375 0.0225 0.008749999999999999
2 0.08937500000000001 0.765 0.0225 0.01125
2 0.151875 0.8078125 0.0225 0.0125
2 0.023125 0.7596875 0.027500000000000004 0.01625
2 0.250625 0.6693749999999999 0.0075 0.02
2 0.115625 0.803125 0.025 0.0125
2 0.11937500000000001 0.9925 0.013750000000000002 0.01625
2 0.1775 0.744375 0.01125 0.02
2 0.200625 0.7309375 0.0075 0.021249999999999998
2 0.25187499999999996 0.5962500000000001 0.01 0.017499999999999998
2 0.19624999999999998 0.7737499999999999 0.01125 0.0225
2 0.226875 0.728125 0.01 0.01875
2 0.2515625 0.7040625 0.0125 0.02375
2 0.2534375 0.1821875 0.01 0.017499999999999998
2 0.006562500000000001 0.281875 0.01 0.0075
2 0.028749999999999998 0.2821875 0.026250000000000002 0.01125
2 0.21875 0.8496874999999999 0.0125 0.021249999999999998
2 0.1896875 0.8396874999999999 0.013750000000000002 0.02
2 0.1290625 0.961875 0.01125 0.017499999999999998
2 0.1353125 0.94375 0.01125 0.01875
2 0.17625 0.88375 0.015 0.02375
2 0.28312499999999996 0.46125 0.01 0.01625
2 0.3096875 0.4609375 0.01 0.01875
2 0.7065625 0.26749999999999996 0.01625 0.01
