2 0.8215625 0.383125 0.052500000000000005 0.0225
2 0.325625 0.8525 0.05125 0.017499999999999998
2 0.151875 0.9928125 0.0225 0.013750000000000002
2 0.8840625 0.704375 0.008749999999999999 0.021249999999999998
2 0.8840625 0.8768750000000001 0.008749999999999999 0.0225
2 0.8846875000000001 0.8481249999999999 0.01 0.015
2 0.8878125000000001 0.6834374999999999 0.01 0.02
2 0.3365625 0.458125 0.013750000000000002 0.0225
2 0.3253125 0.41281249999999997 0.01625 0.0225
2 0.304375 0.4721875 0.015 0.0225
2 0.313125 0.44656250000000003 0.013750000000000002 0.021249999999999998
2 0.3509375 0.41312499999999996 0.01125 0.02
2 0.3428125 0.43656249999999996 0.013750000000000002 0.02
2 0.285625 0.609375 0.015 0.025
2 0.318125 0.5181250000000001 0.01125 0.017499999999999998
2 0.3096875 0.54375 0.01625 0.025
2 0.29812500000000003 0.5756249999999999 0.015 0.02
2 0.3565625 0.3934375 0.01625 0.021249999999999998
2 0.26937500000000003 0.6637500000000001 0.02 0.027500000000000004
2 0.3471875 0.9815625000000001 0.01625 0.0225
2 0.35750000000000004 0.985625 0.015 0.021249999999999998
2 0.3771875 0.9871874999999999 0.013750000000000002 0.021249999999999998
2 0.425625 0.9221875 0.013750000000000002 0.0225
2 0.4759375 0.9221875 0.017499999999999998 0.0225
2 0.495 0.938125 0.015 0.02
2 0.3328125 0.38406250000000003 0.0125 0.021249999999999998
2 0.07125000000000001 0.2653125 0.02375 0.015
2 0.38625 0.965625 0.01625 0.025
2 0.469375 0.15625 0.02 0.0125
2 0.5409375 0.14125000000000001 0.01625 0.013750000000000002
2 0.525 0.135625 0.01875 0.015
2 0.1740625 0.20187499999999997 0.013750000000000002 0.0225
2 0.0921875 0.27156250000000004 0.01875 0.015
2 0.16 0.241875 0.013750000000000002 0.021249999999999998
2 0.025937500000000002 0.25375000000000003 0.02375 0.013750000000000002
2 0.2346875 0.31062500000000004 0.0225 0.015
2 0.258125 0.32156250000000003 0.0225 0.015
2 0.2603125 0.29281250000000003 0.02375 0.013750000000000002
2 0.320625 0.3403125 0.0225 0.015
2 0.495625 0.160625 0.0225 0.015
2 0.0475 0.2578125 0.02 0.0125
2 0.0834375 0.24125000000000002 0.02 0.013750000000000002
2 0.1159375 0.27749999999999997 0.0225 0.017499999999999998
2 0.1403125 0.285625 0.021249999999999998 0.015
2 0.16218749999999998 0.291875 0.021249999999999998 0.015
2 0.185 0.2978125 0.02 0.017499999999999998
2 0.209375 0.304375 0.025 0.015
2 0.27937500000000004 0.328125 0.021249999999999998 0.0125
2 0.2996875 0.333125 0.021249999999999998 0.01625
2 0.234375 0.28500000000000003 0.025 0.013750000000000002
2 0.28531249999999997 0.30125 0.017499999999999998 0.015
2 0.3640625 0.9637499999999999 0.0125 0.021249999999999998
2 0.5131249999999999 0.88375 0.02 0.02375
2 0.591875 0.185 0.027500000000000004 0.02
2 0.56375 0.14625 0.021249999999999998 0.01125
2 0.5596875 0.17781249999999998 0.0225 0.015
2 0.006562500000000001 0.659375 0.01 0.0125
2 0.026250000000000002 0.665 0.021249999999999998 0.01125
2 0.19624999999999998 0.721875 0.02375 0.0125
2 0.15812500000000002 0.71 0.0225 0.013750000000000002
2 0.538125 0.17124999999999999 0.02 0.01125
2 0.2328125 0.0965625 0.025 0.015
2 0.29500000000000004 0.11000000000000001 0.021249999999999998 0.013750000000000002
2 0.3175 0.1159375 0.0225 0.01625
2 0.34500000000000003 0.1153125 0.021249999999999998 0.015
2 0.8296875 0.42125 0.0125 0.02375
2 0.683125 0.49093749999999997 0.0225 0.01625
2 0.6849999999999999 0.47906250000000006 0.02 0.01125
2 0.6909375 0.45437500000000003 0.0225 0.015
2 0.693125 0.4259375 0.017499999999999998 0.01125
2 0.7190624999999999 0.41156249999999994 0.01 0.02
2 0.7303124999999999 0.40875000000000006 0.0075 0.017499999999999998
2 0.74 0.40750000000000003 0.01125 0.021249999999999998
2 0.76375 0.416875 0.008749999999999999 0.021249999999999998
2 0.774375 0.429375 0.01125 0.027500000000000004
2 0.8071875000000001 0.41593749999999996 0.01125 0.0225
2 0.8384375000000001 0.43093750000000003 0.01125 0.021249999999999998
2 0.8125 0.36312500000000003 0.01875 0.013750000000000002
2 0.88125 0.4359375 0.0125 0.025
2 0.6740625 0.12 0.013750000000000002 0.021249999999999998
2 0.6799999999999999 0.096875 0.01 0.025
2 0.7609375 0.0475 0.0125 0.026250000000000002
2 0.6809375 0.500625 0.021249999999999998 0.013750000000000002
2 0.7909375 0.356875 0.0225 0.013750000000000002
2 0.579375 0.6659375 0.015 0.0225
2 0.6440625 0.9896874999999999 0.0225 0.02
2 0.6646875 0.951875 0.02 0.0225
2 0.67875 0.9331250000000001 0.02 0.0225
2 0.6921875 0.9165625000000001 0.01875 0.02375
2 0.590625 0.3875 0.0125 0.01875
2 0.7684375 0.351875 0.021249999999999998 0.01625
2 0.6659375 0.375625 0.01625 0.02
2 0.720625 0.4459375 0.01625 0.02
2 0.685625 0.4684375 0.021249999999999998 0.015
2 0.7075 0.41 0.008749999999999999 0.02
2 0.68875 0.43843750000000004 0.021249999999999998 0.017499999999999998
2 0.7521875 0.414375 0.013750000000000002 0.0225
2 0.7853125000000001 0.4221875 0.01125 0.0225
2 0.79625 0.4190625 0.01125 0.0225
2 0.8618750000000001 0.4346875 0.01125 0.0225
2 0.8515625 0.43375 0.0125 0.02375
2 0.381875 0.1296875 0.02 0.0125
2 0.165625 0.221875 0.0125 0.01875
2 0.7521875 0.9018750000000001 0.02 0.01
2 0.9246874999999999 0.6509375000000001 0.021249999999999998 0.01125
