2 0.7790625 0.5459375 0.01125 0.02
2 0.9946875000000001 0.9853125 0.01125 0.02375
2 0.014374999999999999 0.40093750000000006 0.0225 0.01125
2 0.24312499999999998 0.436875 0.02375 0.01125
2 0.31625000000000003 0.445625 0.02 0.01
2 0.6325000000000001 0.484375 0.021249999999999998 0.0125
2 0.875625 0.50125 0.02 0.008749999999999999
2 0.9915625 0.5165625 0.017499999999999998 0.01125
2 0.3621875 0.8328125 0.021249999999999998 0.0125
2 0.7040625 0.7931250000000001 0.01125 0.017499999999999998
2 0.4578125 0.8628125000000001 0.025 0.01625
2 0.7575000000000001 0.485 0.021249999999999998 0.013750000000000002
2 0.595625 0.4828125 0.0225 0.0125
2 0.123125 0.5134375 0.015 0.02375
2 0.414375 0.3521875 0.01 0.02
2 0.43093750000000003 0.1996875 0.008749999999999999 0.021249999999999998
2 0.42374999999999996 0.32999999999999996 0.01 0.0225
2 0.46687500000000004 0.3021875 0.021249999999999998 0.02
2 0.4646875 0.34375 0.02 0.01875
2 0.7828125 0.15375 0.025 0.013750000000000002
2 0.9409375000000001 0.334375 0.0225 0.0125
2 0.775 0.5221875 0.01875 0.0225
2 0.5340625 0.6912499999999999 0.015 0.026250000000000002
2 0.4265625 0.3075 0.0125 0.021249999999999998
2 0.43875000000000003 0.3275 0.015 0.02375
2 0.568125 0.4225 0.017499999999999998 0.0075
2 0.7737499999999999 0.3134375 0.0225 0.01125
2 0.384375 0.01875 0.0125 0.01875
2 0.3209375 0.8146875 0.02 0.013750000000000002
2 0.6575 0.97625 0.015 0.008749999999999999
2 0.7065625 0.4409375 0.0225 0.01
2 0.8178124999999999 0.45875000000000005 0.02 0.01125
2 0.85125 0.32375 0.021249999999999998 0.01
2 0.804375 0.030625000000000003 0.021249999999999998 0.01125
