2 0.8384375000000001 0.0309375 0.017499999999999998 0.021249999999999998
2 0.5303125 0.0209375 0.026250000000000002 0.02
2 0.8025 0.0521875 0.017499999999999998 0.026250000000000002
2 0.40125 0.0084375 0.027500000000000004 0.013750000000000002
2 0.8128125 0.026250000000000002 0.01625 0.021249999999999998
2 0.8175000000000001 0.073125 0.01625 0.021249999999999998
2 0.3796875 0.055625 0.01875 0.02375
2 0.395625 0.0140625 0.0225 0.01875
2 0.829375 0.0478125 0.015 0.02375
2 0.3728125 0.050937500000000004 0.017499999999999998 0.02375
2 0.3625 0.0765625 0.01875 0.01875
2 0.3590625 0.0878125 0.021249999999999998 0.01625
