2 0.40843749999999995 0.240625 0.02 0.0125
2 0.52 0.21812499999999999 0.021249999999999998 0.01125
2 0.5390625 0.1446875 0.01875 0.02375
2 0.5734375 0.11937500000000001 0.025 0.013750000000000002
2 0.5240625 0.16375 0.026250000000000002 0.015
2 0.49625 0.173125 0.02375 0.015
2 0.45187499999999997 0.2340625 0.0225 0.015
2 0.433125 0.23718750000000002 0.0225 0.015
2 0.16468750000000001 0.1909375 0.013750000000000002 0.0225
2 0.1759375 0.18937500000000002 0.01125 0.0225
2 0.18562499999999998 0.184375 0.015 0.025
2 0.199375 0.1853125 0.017499999999999998 0.02375
2 0.20593750000000002 0.183125 0.015 0.0225
2 0.21968749999999998 0.17906249999999999 0.017499999999999998 0.02375
2 0.2340625 0.17625 0.021249999999999998 0.021249999999999998
2 0.25 0.176875 0.01875 0.0225
2 0.26156250000000003 0.1759375 0.02 0.02375
2 0.33218749999999997 0.025 0.01125 0.01875
2 0.401875 0.19468749999999999 0.0225 0.01125
