2 0.8096875000000001 0.7284375 0.0225 0.01625
2 0.0715625 0.383125 0.052500000000000005 0.0225
2 0.8400000000000001 0.775625 0.017499999999999998 0.02
2 0.6018749999999999 0.991875 0.01 0.015
2 0.60625 0.9550000000000001 0.01875 0.01625
2 0.5978125000000001 0.93875 0.01125 0.021249999999999998
2 0.49781250000000005 0.8671875 0.01125 0.01875
2 0.6743750000000001 0.516875 0.017499999999999998 0.021249999999999998
2 0.8771875 0.017812500000000002 0.013750000000000002 0.02
2 0.7075 0.2128125 0.015 0.0225
2 0.6728125 0.313125 0.01125 0.02
2 0.54625 0.5659375 0.01125 0.0225
2 0.590625 0.5771875 0.0125 0.026250000000000002
2 0.641875 0.5081249999999999 0.015 0.0225
2 0.67375 0.5521874999999999 0.0225 0.013750000000000002
2 0.7265625 0.530625 0.01875 0.017499999999999998
2 0.7446875000000001 0.5493750000000001 0.02375 0.01125
2 0.6775 0.2915625 0.01125 0.017499999999999998
2 0.690625 0.24656250000000002 0.0125 0.021249999999999998
2 0.6840625 0.26625 0.015 0.02
2 0.9418749999999999 0.0484375 0.021249999999999998 0.0125
2 0.97 0.021875 0.015 0.025
2 0.5490625 0.775625 0.0075 0.02
2 0.538125 0.8574999999999999 0.02 0.008749999999999999
2 0.5587500000000001 0.8253125000000001 0.01125 0.0225
2 0.3365625 0.5587500000000001 0.02 0.01125
2 0.1340625 0.704375 0.008749999999999999 0.021249999999999998
2 0.1340625 0.8768750000000001 0.008749999999999999 0.0225
2 0.13468750000000002 0.8481249999999999 0.01 0.015
2 0.1378125 0.6834374999999999 0.01 0.02
2 0.309375 0.6915625000000001 0.01875 0.01125
2 0.35031249999999997 0.7346874999999999 0.01 0.0225
2 0.313125 0.5303125 0.02 0.013750000000000002
2 0.2734375 0.5659375 0.01875 0.01625
2 0.3178125 0.5393749999999999 0.02 0.01
2 0.3271875 0.5484375 0.02 0.0125
2 0.3746875 0.6018749999999999 0.021249999999999998 0.01
2 0.30375 0.520625 0.02 0.01
2 0.34375 0.5696875 0.01875 0.01125
2 0.3678125 0.5912499999999999 0.02 0.013750000000000002
2 0.545625 0.634375 0.01 0.01875
2 0.545 0.604375 0.008749999999999999 0.027500000000000004
2 0.34625 0.45999999999999996 0.02375 0.013750000000000002
2 0.3678125 0.4640625 0.02 0.0125
2 0.39375 0.46781249999999996 0.025 0.013750000000000002
2 0.41968750000000005 0.4734375 0.017499999999999998 0.0125
2 0.43875000000000003 0.4771875 0.021249999999999998 0.013750000000000002
2 0.9525 0.10124999999999999 0.01125 0.021249999999999998
2 0.7953125 0.19375 0.025 0.0125
2 0.9221875 0.7621875 0.01 0.021249999999999998
2 0.871875 0.834375 0.0125 0.01875
2 0.905 0.9178124999999999 0.01625 0.02
2 0.875 0.869375 0.01875 0.02
2 0.9528125 0.9425000000000001 0.021249999999999998 0.01625
2 0.9884375000000001 0.9103125000000001 0.02375 0.017499999999999998
2 0.9165625000000001 0.9956250000000001 0.017499999999999998 0.01
2 0.0796875 0.42125 0.0125 0.02375
2 0.013750000000000002 0.416875 0.008749999999999999 0.021249999999999998
2 0.024375 0.429375 0.01125 0.027500000000000004
2 0.0571875 0.41593749999999996 0.01125 0.0225
2 0.0884375 0.43093750000000003 0.01125 0.021249999999999998
2 0.0625 0.36312500000000003 0.01875 0.013750000000000002
2 0.13125 0.4359375 0.0125 0.025
2 0.0109375 0.0475 0.0125 0.026250000000000002
2 0.0409375 0.356875 0.0225 0.013750000000000002
2 0.018437500000000002 0.351875 0.021249999999999998 0.01625
2 0.0053124999999999995 0.414375 0.0075 0.0225
2 0.035312500000000004 0.4221875 0.01125 0.0225
2 0.04625 0.4190625 0.01125 0.0225
2 0.11187499999999999 0.4346875 0.01125 0.0225
2 0.1015625 0.43375 0.0125 0.02375
2 0.784375 0.421875 0.01875 0.0125
2 0.7003125 0.8209375 0.01 0.013750000000000002
2 0.8931250000000001 0.9671875 0.017499999999999998 0.0125
2 0.48312499999999997 0.489375 0.0225 0.01
2 0.3471875 0.8771875 0.01 0.02
2 0.17625 0.6509375000000001 0.021249999999999998 0.01125
