2 0.506875 0.7065625 0.02 0.028749999999999998
2 0.9146875 0.9409375000000001 0.013750000000000002 0.0225
2 0.9259375000000001 0.9393750000000001 0.01125 0.0225
2 0.9356249999999999 0.934375 0.015 0.025
2 0.9493750000000001 0.9353125 0.017499999999999998 0.02375
2 0.9559374999999999 0.9331250000000001 0.015 0.0225
2 0.9696875 0.9290625 0.017499999999999998 0.02375
2 0.9840625 0.9262499999999999 0.021249999999999998 0.021249999999999998
2 0.9956250000000001 0.9262499999999999 0.01 0.021249999999999998
2 0.5253125 0.7618750000000001 0.0225 0.02375
2 0.8612500000000001 0.05500000000000001 0.01625 0.0225
2 0.843125 0.0846875 0.01125 0.0225
2 0.3178125 0.5215625 0.045 0.04
2 0.31625000000000003 0.5434375 0.045 0.04
2 0.4446875 0.0715625 0.02375 0.008749999999999999
2 0.4409375 0.083125 0.0225 0.01
2 0.43968749999999995 0.095 0.02 0.008749999999999999
2 0.43375 0.11656249999999999 0.02375 0.01125
2 0.43187499999999995 0.1375 0.02 0.0125
2 0.433125 0.14906250000000001 0.0225 0.013750000000000002
2 0.380625 0.12062500000000001 0.02375 0.01
2 0.42750000000000005 0.171875 0.02375 0.0125
2 0.438125 0.109375 0.02 0.0125
2 0.43 0.16125 0.0225 0.01
2 0.42843749999999997 0.181875 0.0225 0.013750000000000002
2 0.32625000000000004 0.505625 0.04625 0.042499999999999996
2 0.388125 0.0475 0.02 0.013750000000000002
