2 0.58 0.8153124999999999 0.01 0.021249999999999998
2 0.61 0.2665625 0.013750000000000002 0.02375
2 0.8400000000000001 0.025625 0.017499999999999998 0.02
2 0.5690625 0.44312500000000005 0.01 0.017499999999999998
2 0.5690625 0.42093749999999996 0.01 0.02
2 0.7503124999999999 0.3015625 0.0225 0.01875
2 0.6174999999999999 0.5634375 0.01 0.02375
2 0.615625 0.60375 0.0125 0.02
2 0.5725 0.670625 0.0075 0.0225
2 0.5834374999999999 0.7625 0.013750000000000002 0.025
2 0.5996875 0.7509375 0.008749999999999999 0.02375
2 0.634375 0.8284375 0.0125 0.0225
2 0.6378125 0.8503125 0.01 0.0225
2 0.7009375 0.983125 0.02375 0.0225
2 0.6018749999999999 0.24375 0.01 0.01875
2 0.60625 0.205 0.01875 0.01625
2 0.5978125000000001 0.18875 0.01125 0.021249999999999998
2 0.4078125 0.9881249999999999 0.0125 0.02
2 0.41 0.9668749999999999 0.013750000000000002 0.021249999999999998
2 0.3415625 0.8965624999999999 0.017499999999999998 0.008749999999999999
2 0.24312499999999998 0.8928125 0.02375 0.013750000000000002
2 0.364375 0.8959374999999999 0.01625 0.0075
2 0.49781250000000005 0.1171875 0.01125 0.01875
2 0.5490625 0.025625 0.0075 0.02
2 0.538125 0.1075 0.02 0.008749999999999999
2 0.5587500000000001 0.0753125 0.01125 0.0225
2 0.3853125 0.8971875 0.017499999999999998 0.01
2 0.1340625 0.12687500000000002 0.008749999999999999 0.0225
2 0.13468750000000002 0.09812499999999999 0.01 0.015
2 0.9221875 0.0121875 0.01 0.021249999999999998
2 0.871875 0.084375 0.0125 0.01875
2 0.969375 0.9225 0.013750000000000002 0.02
2 0.9800000000000001 0.8418749999999999 0.01625 0.021249999999999998
2 0.9646874999999999 0.946875 0.013750000000000002 0.025
2 0.9390625 0.6921875 0.025 0.0125
2 0.9581250000000001 0.9712500000000001 0.01625 0.02375
2 0.6068749999999999 0.9574999999999999 0.02 0.021249999999999998
2 0.43375 0.93875 0.02375 0.015
2 0.5234375 0.9037499999999999 0.025 0.013750000000000002
2 0.9378125 0.7006249999999999 0.0225 0.0075
2 0.905 0.1678125 0.01625 0.02
2 0.875 0.11937500000000001 0.01875 0.02
2 0.9525 0.1921875 0.02375 0.01875
2 0.9884375000000001 0.1603125 0.02375 0.017499999999999998
2 0.9146875 0.250625 0.02 0.02
2 0.9371875 0.7106250000000001 0.021249999999999998 0.008749999999999999
2 0.61125 0.2946875 0.01 0.02375
2 0.9168749999999999 0.403125 0.008749999999999999 0.01875
2 0.9203125 0.515625 0.0125 0.025
2 0.9221875 0.60625 0.01 0.025
2 0.920625 0.725625 0.01 0.02
2 0.915625 0.7681250000000001 0.0125 0.017499999999999998
2 0.1584375 0.98125 0.013750000000000002 0.025
2 0.34500000000000003 0.12875 0.008749999999999999 0.02
2 0.7015625 0.0734375 0.0125 0.01875
2 0.8921875 0.216875 0.01875 0.015
2 0.1409375 0.8884375 0.0225 0.01125
