2 0.141875 0.7696875000000001 0.015 0.02375
2 0.11281250000000001 0.7503124999999999 0.01625 0.0225
2 0.12125 0.7578125 0.01125 0.01875
2 0.3640625 0.8184374999999999 0.025 0.015
2 0.07062500000000001 0.6287499999999999 0.0225 0.02
2 0.0096875 0.393125 0.01625 0.017499999999999998
2 0.09812499999999999 0.7471875 0.015 0.0225
2 0.0875 0.74375 0.01875 0.025
2 0.049062499999999995 0.698125 0.02 0.015
2 0.025937500000000002 0.685625 0.02375 0.015
2 0.31906249999999997 0.025937500000000002 0.01625 0.02375
2 0.18 0.47062499999999996 0.0225 0.01625
2 0.0678125 0.08 0.02 0.0225
2 0.053437500000000006 0.1 0.01625 0.01875
2 0.043437500000000004 0.1184375 0.015 0.021249999999999998
2 0.058125 0.11468750000000001 0.01625 0.02
2 0.04875 0.13187500000000002 0.01625 0.02
2 0.06937499999999999 0.09375 0.013750000000000002 0.01875
2 0.10718749999999999 0.0084375 0.017499999999999998 0.013750000000000002
2 0.11499999999999999 0.0109375 0.017499999999999998 0.01875
2 0.09125 0.0325 0.013750000000000002 0.015
2 0.08125 0.053125 0.01875 0.025
2 0.08125 0.09031249999999999 0.01875 0.021249999999999998
2 0.07375000000000001 0.11156250000000001 0.01625 0.02
2 0.060312500000000005 0.13218749999999999 0.017499999999999998 0.02375
2 0.0515625 0.0040625 0.0125 0.005
2 0.2840625 0.0421875 0.021249999999999998 0.0125
2 0.304375 0.034375 0.021249999999999998 0.01875
2 0.3384375 0.013750000000000002 0.017499999999999998 0.021249999999999998
2 0.8675 0.29031250000000003 0.01625 0.021249999999999998
2 0.9796875 0.0059375 0.0125 0.008749999999999999
2 0.97875 0.34781249999999997 0.013750000000000002 0.017499999999999998
2 0.985625 0.33125 0.015 0.01875
2 0.7896875 0.1509375 0.02 0.017499999999999998
2 0.8140625 0.1625 0.025 0.01875
2 0.8387499999999999 0.173125 0.021249999999999998 0.015
2 0.8609375 0.18375 0.01875 0.017499999999999998
2 0.9021874999999999 0.113125 0.026250000000000002 0.02
2 0.97875 0.151875 0.02 0.01625
2 0.7681250000000001 0.07625 0.02375 0.021249999999999998
2 0.6840625 0.878125 0.021249999999999998 0.01875
2 0.489375 0.7909375 0.0225 0.01625
2 0.8856249999999999 0.6196875000000001 0.021249999999999998 0.01125
2 0.945 0.9671875 0.021249999999999998 0.0125
2 0.9168749999999999 0.9737500000000001 0.021249999999999998 0.01625
2 0.8896875 0.9753125 0.02 0.01625
2 0.828125 0.9146875 0.025 0.02
2 0.9956250000000001 0.6875 0.01 0.0125
2 0.875 0.10968750000000001 0.025 0.01625
2 0.89125 0.5071875 0.02 0.02375
2 0.9884375000000001 0.3671875 0.02375 0.025
2 0.96875 0.365 0.01875 0.02375
2 0.8496874999999999 0.27749999999999997 0.015 0.02375
2 0.9262499999999999 0.2171875 0.021249999999999998 0.01875
2 0.7625 0.08625000000000001 0.01875 0.01625
2 0.8784375000000001 0.099375 0.0225 0.017499999999999998
2 0.621875 0.034375 0.025 0.01875
2 0.683125 0.7693749999999999 0.01 0.02
2 0.734375 0.7384375000000001 0.01875 0.02375
2 0.70625 0.788125 0.01875 0.02
2 0.755 0.76375 0.01625 0.021249999999999998
2 0.7915625000000001 0.70125 0.017499999999999998 0.021249999999999998
2 0.63875 0.38375 0.008749999999999999 0.017499999999999998
2 0.640625 0.36375 0.0125 0.021249999999999998
2 0.67 0.2425 0.015 0.0225
2 0.66625 0.014374999999999999 0.02 0.01625
2 0.64375 0.006562500000000001 0.025 0.01
2 0.6528125 0.04875 0.021249999999999998 0.01625
2 0.526875 0.6575 0.0225 0.015
2 0.5184375 0.691875 0.021249999999999998 0.008749999999999999
2 0.5240625 0.6693749999999999 0.02 0.013750000000000002
2 0.5175 0.6799999999999999 0.01625 0.01
2 0.4875 0.6784375 0.01875 0.01
2 0.53625 0.6871875000000001 0.01625 0.021249999999999998
2 0.4409375 0.745 0.01625 0.021249999999999998
2 0.4215625 0.7409375 0.015 0.0225
2 0.429375 0.7434375 0.015 0.021249999999999998
2 0.32437499999999997 0.6434375 0.017499999999999998 0.021249999999999998
2 0.58 0.8162499999999999 0.0225 0.013750000000000002
2 0.3253125 0.73 0.0225 0.01625
2 0.144375 0.59375 0.02 0.01875
2 0.4375 0.014374999999999999 0.0125 0.0225
2 0.45187499999999997 0.0159375 0.01 0.0225
2 0.748125 0.7859375 0.015 0.01875
2 0.72875 0.8143750000000001 0.013750000000000002 0.0225
2 0.7046875 0.9271874999999999 0.025 0.013750000000000002
2 0.533125 0.8787499999999999 0.0225 0.013750000000000002
2 0.25 0.783125 0.01875 0.01625
2 0.24312499999999998 0.320625 0.017499999999999998 0.01
2 0.829375 0.270625 0.015 0.01625
