2 0.141875 0.020624999999999998 0.021249999999999998 0.01
2 0.14625 0.0303125 0.017499999999999998 0.013750000000000002
2 0.12625 0.0375 0.021249999999999998 0.0125
2 0.046875 0.08375 0.0125 0.02375
2 0.2971875 0.165625 0.0225 0.0125
2 0.3 0.175 0.025 0.0125
2 0.3021875 0.185 0.02 0.013750000000000002
2 0.30343749999999997 0.19624999999999998 0.0225 0.01125
2 0.3090625 0.21875 0.021249999999999998 0.0125
2 0.3140625 0.24 0.01875 0.01125
2 0.49906249999999996 0.2734375 0.026250000000000002 0.0125
2 0.20875 0.1784375 0.02375 0.01
2 0.20656249999999998 0.15125 0.0225 0.008749999999999999
2 0.09625 0.03625 0.02375 0.01625
2 0.2078125 0.15875 0.025 0.01125
2 0.203125 0.13999999999999999 0.01875 0.01125
2 0.20218750000000002 0.1284375 0.02 0.01
2 0.200625 0.115625 0.02 0.0125
2 0.199375 0.10375000000000001 0.02375 0.013750000000000002
2 0.348125 0.058437499999999996 0.008749999999999999 0.02
2 0.3615625 0.059687500000000004 0.0075 0.0225
2 0.3703125 0.0578125 0.00625 0.01875
2 0.38093750000000004 0.0578125 0.008749999999999999 0.01875
2 0.40875000000000006 0.058125 0.01125 0.0225
2 0.39187500000000003 0.058437499999999996 0.008749999999999999 0.02
2 0.4215625 0.057499999999999996 0.008749999999999999 0.021249999999999998
2 0.43937499999999996 0.061875 0.01 0.02375
2 0.45125000000000004 0.06 0.008749999999999999 0.026250000000000002
2 0.63125 0.08937500000000001 0.01875 0.01
2 0.503125 0.30375 0.025 0.013750000000000002
2 0.7603125000000001 0.2284375 0.02375 0.01
2 0.865625 0.18625 0.0125 0.028749999999999998
2 0.896875 0.195625 0.0125 0.0225
2 0.9809374999999999 0.1328125 0.021249999999999998 0.0125
2 0.8793749999999999 0.0696875 0.015 0.02375
2 0.8550000000000001 0.09625 0.0225 0.01125
2 0.7084374999999999 0.0921875 0.02 0.0125
2 0.7609375 0.23937499999999998 0.01875 0.01
2 0.8490624999999999 0.11374999999999999 0.02 0.008749999999999999
2 0.7609375 0.25187499999999996 0.01875 0.01
2 0.8921875 0.071875 0.0125 0.025
2 0.058125 0.08 0.01 0.01625
2 0.12250000000000001 0.0265625 0.02 0.0125
2 0.29031250000000003 0.050624999999999996 0.008749999999999999 0.013750000000000002
2 0.0578125 0.020624999999999998 0.0125 0.0225
2 0.183125 0.0121875 0.01 0.015
2 0.8671875 0.1428125 0.01875 0.013750000000000002
