2 0.7631249999999999 0.584375 0.02 0.01875
2 0.7215625 0.3953125 0.021249999999999998 0.01875
2 0.7440625 0.3665625 0.0225 0.017499999999999998
2 0.7815624999999999 0.3115625 0.0225 0.02
2 0.6309375 0.41187500000000005 0.021249999999999998 0.017499999999999998
2 0.6253124999999999 0.421875 0.0225 0.01875
2 0.649375 0.38406250000000003 0.02375 0.021249999999999998
2 0.6643749999999999 0.5034375 0.0225 0.01625
2 0.6715625000000001 0.35562499999999997 0.021249999999999998 0.017499999999999998
2 0.9262499999999999 0.6334375 0.021249999999999998 0.013750000000000002
2 0.9565625000000001 0.6421875 0.01625 0.0125
2 0.659375 0.36124999999999996 0.01875 0.01625
2 0.6565624999999999 0.37312500000000004 0.0225 0.021249999999999998
2 0.645625 0.4959375 0.0225 0.013750000000000002
2 0.806875 0.5974999999999999 0.02 0.013750000000000002
2 0.9821875 0.6490625 0.02375 0.013750000000000002
2 0.51 0.453125 0.02 0.0125
2 0.5596875 0.4715625 0.0225 0.015
2 0.58375 0.47843749999999996 0.02375 0.01625
2 0.4878125 0.5040625000000001 0.0225 0.017499999999999998
2 0.6875 0.5096875 0.01875 0.01625
2 0.7290625000000001 0.384375 0.02375 0.01875
2 0.7121875 0.5175 0.021249999999999998 0.01625
2 0.753125 0.5290625 0.025 0.017499999999999998
2 0.7771874999999999 0.535625 0.02 0.015
2 0.828125 0.5549999999999999 0.025 0.01625
2 0.8556250000000001 0.5596875 0.02375 0.01625
2 0.880625 0.566875 0.02375 0.015
2 0.7990625 0.545 0.026250000000000002 0.015
2 0.6799999999999999 0.46218750000000003 0.01625 0.021249999999999998
2 0.6978125000000001 0.465 0.017499999999999998 0.02375
2 0.7275 0.47093749999999995 0.017499999999999998 0.026250000000000002
2 0.78125 0.591875 0.025 0.015
2 0.740625 0.576875 0.01875 0.01625
2 0.7121875 0.5706249999999999 0.021249999999999998 0.01625
2 0.31656249999999997 0.69875 0.017499999999999998 0.028749999999999998
2 0.1984375 0.809375 0.01875 0.03125
2 0.531875 0.5165625 0.05125 0.02375
2 0.8490624999999999 0.6046875 0.045 0.025
2 0.9106249999999999 0.5796875 0.03375 0.01875
2 0.8340624999999999 0.5065625 0.027500000000000004 0.01625
2 0.46375 0.45375 0.03375 0.02
2 0.4140625 0.0096875 0.0125 0.01625
2 0.44000000000000006 0.0059375 0.01125 0.008749999999999999
2 0.4515625 0.0090625 0.0125 0.015
2 0.5159374999999999 0.0028125 0.01 0.0025
2 0.51125 0.014374999999999999 0.01625 0.0225
2 0.5037499999999999 0.041249999999999995 0.013750000000000002 0.026250000000000002
2 0.40374999999999994 0.051875000000000004 0.013750000000000002 0.0225
2 0.4959375 0.0640625 0.013750000000000002 0.01875
2 0.4884375 0.0925 0.017499999999999998 0.0225
2 0.388125 0.1034375 0.013750000000000002 0.0225
2 0.43562500000000004 0.06625 0.015 0.026250000000000002
2 0.4809375 0.11968749999999999 0.015 0.02375
2 0.47468750000000004 0.145 0.015 0.021249999999999998
2 0.46687500000000004 0.16593750000000002 0.015 0.0225
2 0.4378125 0.2690625 0.01625 0.0225
2 0.453125 0.21781250000000002 0.0125 0.026250000000000002
2 0.43093750000000003 0.29312499999999997 0.015 0.02375
2 0.30874999999999997 0.7253125 0.017499999999999998 0.0225
2 0.0546875 0.9806250000000001 0.01875 0.017499999999999998
2 0.0465625 0.9193749999999999 0.015 0.02
2 0.15437499999999998 0.9228125 0.015 0.02375
2 0.2365625 0.97625 0.013750000000000002 0.021249999999999998
2 0.2509375 0.920625 0.017499999999999998 0.0225
2 0.260625 0.8975 0.015 0.02
2 0.26749999999999996 0.8712500000000001 0.01625 0.02375
2 0.27218749999999997 0.8440625 0.01625 0.0225
2 0.3015625 0.7474999999999999 0.0125 0.02
2 0.3228125 0.6715625000000001 0.017499999999999998 0.027500000000000004
2 0.32999999999999996 0.645 0.01625 0.021249999999999998
2 0.3446875 0.5946875 0.017499999999999998 0.02375
2 0.34968750000000004 0.5715625 0.015 0.021249999999999998
2 0.35562499999999997 0.5503125 0.017499999999999998 0.0225
2 0.29312499999999997 0.5534375 0.017499999999999998 0.0225
2 0.3365625 0.6153125 0.013750000000000002 0.021249999999999998
2 0.59375 0.5337500000000001 0.025 0.017499999999999998
2 0.6240625 0.5421875 0.026250000000000002 0.01875
2 0.6465625 0.548125 0.021249999999999998 0.015
2 0.6709375 0.5543750000000001 0.026250000000000002 0.015
2 0.4234375 0.315 0.0125 0.02375
2 0.359375 0.20125 0.0125 0.027500000000000004
2 0.409375 0.366875 0.0125 0.021249999999999998
2 0.3334375 0.30125 0.013750000000000002 0.021249999999999998
2 0.33875 0.27531249999999996 0.015 0.0225
2 0.346875 0.24937499999999999 0.01875 0.02375
2 0.381875 0.1275 0.013750000000000002 0.02375
2 0.46125 0.190625 0.01625 0.025
2 0.3740625 0.15687500000000001 0.013750000000000002 0.02
2 0.39468749999999997 0.07625 0.01125 0.021249999999999998
2 0.44718749999999996 0.24562499999999998 0.01625 0.0225
2 0.366875 0.17781249999999998 0.015 0.021249999999999998
2 0.37875000000000003 0.2575 0.013750000000000002 0.021249999999999998
2 0.3234375 0.3284375 0.0125 0.0225
2 0.35562499999999997 0.33968750000000003 0.017499999999999998 0.026250000000000002
2 0.416875 0.34187500000000004 0.015 0.021249999999999998
2 0.31625000000000003 0.48250000000000004 0.013750000000000002 0.021249999999999998
2 0.43 0.4875 0.0225 0.01875
2 0.1359375 0.9475 0.01875 0.013750000000000002
2 0.2609375 0.4625 0.0125 0.01875
2 0.4190625 0.426875 0.034999999999999996 0.0225
