2 0.16499999999999998 0.8706250000000001 0.02375 0.01625
2 0.196875 0.885 0.025 0.013750000000000002
2 0.1275 0.8949999999999999 0.02375 0.015
2 0.1525 0.9053125 0.02375 0.013750000000000002
2 0.0853125 0.8712500000000001 0.02375 0.017499999999999998
2 0.136875 0.528125 0.017499999999999998 0.0125
2 0.006562500000000001 0.44749999999999995 0.01 0.013750000000000002
2 0.0615625 0.8625 0.026250000000000002 0.01875
2 0.0196875 0.8400000000000001 0.02375 0.017499999999999998
2 0.035625000000000004 0.8256249999999999 0.027500000000000004 0.02
2 0.14625 0.8481249999999999 0.02375 0.015
2 0.299375 0.858125 0.017499999999999998 0.0225
2 0.2384375 0.906875 0.02375 0.02
2 0.2403125 0.8921875 0.021249999999999998 0.01875
2 0.18937500000000002 0.8975 0.0225 0.02
2 0.1853125 0.9203125 0.02375 0.01875
2 0.5465625000000001 0.9956250000000001 0.021249999999999998 0.01
2 0.5818749999999999 0.99375 0.013750000000000002 0.0125
2 0.5912499999999999 0.9956250000000001 0.013750000000000002 0.01
2 0.626875 0.9075 0.01 0.021249999999999998
2 0.60625 0.8415625 0.01875 0.02375
2 0.36 0.6837500000000001 0.013750000000000002 0.017499999999999998
2 0.3928125 0.5440625 0.013750000000000002 0.0225
2 0.630625 0.8881249999999999 0.01125 0.02
2 0.6371875 0.8612500000000001 0.015 0.028749999999999998
2 0.6475 0.834375 0.013750000000000002 0.025
2 0.0090625 0.193125 0.015 0.017499999999999998
2 0.055937499999999994 0.215 0.021249999999999998 0.017499999999999998
2 0.0775 0.22531249999999997 0.02375 0.01625
2 0.31124999999999997 0.9253125000000001 0.034999999999999996 0.028749999999999998
2 0.30062500000000003 0.605 0.02 0.01625
2 0.6125 0.429375 0.025 0.015
2 0.9018750000000001 0.24281250000000001 0.0225 0.013750000000000002
2 0.954375 0.2890625 0.015 0.01875
2 0.9237500000000001 0.9796875 0.01625 0.025
2 0.9484375 0.306875 0.0125 0.02
2 0.645625 0.14875 0.0225 0.01625
2 0.65125 0.11687499999999999 0.021249999999999998 0.015
2 0.5134375 0.1575 0.01125 0.021249999999999998
2 0.415625 0.031875 0.01875 0.013750000000000002
2 0.041249999999999995 0.33999999999999997 0.02 0.01125
2 0.183125 0.465625 0.01 0.01875
2 0.057499999999999996 0.8215625 0.021249999999999998 0.015
2 0.08499999999999999 0.836875 0.02 0.017499999999999998
2 0.118125 0.796875 0.017499999999999998 0.0125
2 0.6390625 0.7321875 0.01875 0.01125
2 0.9846875 0.2459375 0.0225 0.013750000000000002
