2 0.489375 0.7284375 0.0225 0.01625
2 0.5181250000000001 0.775625 0.017499999999999998 0.02
2 0.27999999999999997 0.991875 0.01 0.015
2 0.284375 0.9550000000000001 0.01875 0.01625
2 0.27749999999999997 0.93875 0.01125 0.021249999999999998
2 0.1775 0.8671875 0.01125 0.01875
2 0.3540625 0.516875 0.017499999999999998 0.021249999999999998
2 0.5553125 0.017812500000000002 0.013750000000000002 0.02
2 0.385625 0.2128125 0.015 0.0225
2 0.3525 0.313125 0.01125 0.02
2 0.224375 0.5659375 0.01125 0.0225
2 0.26875 0.5771875 0.0125 0.026250000000000002
2 0.32156250000000003 0.5081249999999999 0.015 0.0225
2 0.351875 0.5521874999999999 0.0225 0.013750000000000002
2 0.40625 0.530625 0.01875 0.017499999999999998
2 0.42281250000000004 0.5493750000000001 0.02375 0.01125
2 0.35875 0.286875 0.01125 0.017499999999999998
2 0.36875 0.24656250000000002 0.0125 0.021249999999999998
2 0.3621875 0.26625 0.015 0.02
2 0.62 0.0484375 0.021249999999999998 0.0125
2 0.6481250000000001 0.021875 0.015 0.025
2 0.22718750000000001 0.775625 0.0075 0.02
2 0.21625 0.8574999999999999 0.02 0.008749999999999999
2 0.236875 0.8253125000000001 0.01125 0.0225
2 0.014687500000000001 0.5587500000000001 0.02 0.01125
2 0.028437499999999998 0.7346874999999999 0.01 0.0225
2 0.0040625 0.538125 0.005 0.0075
2 0.0090625 0.5478125 0.015 0.01125
2 0.0528125 0.6018749999999999 0.021249999999999998 0.01
2 0.0234375 0.5696875 0.01875 0.01125
2 0.0459375 0.5912499999999999 0.02 0.013750000000000002
2 0.22531249999999997 0.634375 0.01 0.01875
2 0.2246875 0.604375 0.008749999999999999 0.027500000000000004
2 0.024375 0.45999999999999996 0.02375 0.013750000000000002
2 0.0459375 0.4640625 0.02 0.0125
2 0.071875 0.46781249999999996 0.025 0.013750000000000002
2 0.099375 0.4734375 0.017499999999999998 0.0125
2 0.1184375 0.4771875 0.021249999999999998 0.013750000000000002
2 0.890625 0.1509375 0.0125 0.02375
2 0.953125 0.0046875 0.01875 0.00625
2 0.6321875 0.10124999999999999 0.01125 0.021249999999999998
2 0.9106249999999999 0.1234375 0.015 0.025
2 0.9209375 0.1434375 0.013750000000000002 0.021249999999999998
2 0.4734375 0.19375 0.025 0.0125
2 0.846875 0.3753125 0.0125 0.0225
2 0.8715624999999999 0.43125 0.015 0.025
2 0.8300000000000001 0.501875 0.01625 0.0225
2 0.8150000000000001 0.575 0.01125 0.025
2 0.806875 0.6275000000000001 0.013750000000000002 0.02375
2 0.8384375000000001 0.6653125 0.01125 0.021249999999999998
2 0.8800000000000001 0.6390625 0.0225 0.0125
2 0.6018749999999999 0.7621875 0.01 0.021249999999999998
2 0.8309374999999999 0.8309374999999999 0.021249999999999998 0.021249999999999998
2 0.874375 0.8618750000000001 0.02375 0.017499999999999998
2 0.82125 0.756875 0.01125 0.026250000000000002
2 0.8290625 0.7175 0.01125 0.0225
2 0.55 0.834375 0.0125 0.01875
2 0.583125 0.9178124999999999 0.01625 0.02
2 0.553125 0.869375 0.01875 0.02
2 0.630625 0.9421875 0.02375 0.01875
2 0.6671875 0.9103125000000001 0.025 0.017499999999999998
2 0.6871875000000001 0.9 0.021249999999999998 0.01875
2 0.7068749999999999 0.8862500000000001 0.02 0.01625
2 0.7890625 0.8868750000000001 0.025 0.017499999999999998
2 0.9556250000000001 0.9253125000000001 0.017499999999999998 0.0225
2 0.9815625000000001 0.9340624999999999 0.01625 0.021249999999999998
2 0.9734375 0.9328125 0.01875 0.025
2 0.9637499999999999 0.928125 0.021249999999999998 0.025
2 0.5946875 0.9956250000000001 0.017499999999999998 0.01
2 0.843125 0.39875 0.01125 0.0225
2 0.9371875 0.9175000000000001 0.008749999999999999 0.01625
2 0.7318749999999999 0.8768750000000001 0.02 0.01625
2 0.571875 0.9678125 0.01875 0.013750000000000002
2 0.164375 0.49000000000000005 0.0225 0.01125
2 0.464375 0.4234375 0.01625 0.0125
