2 0.5234375 0.89125 0.025 0.013750000000000002
2 0.5221875 0.9037499999999999 0.0225 0.013750000000000002
2 0.5225 0.9296875 0.026250000000000002 0.0125
2 0.524375 0.940625 0.02375 0.0125
2 0.5246875 0.9509375 0.021249999999999998 0.01125
2 0.5231250000000001 0.971875 0.021249999999999998 0.0125
2 0.525 0.983125 0.01875 0.01
2 0.524375 0.9946875000000001 0.02375 0.01125
2 0.5971875 0.8634375000000001 0.0225 0.01125
2 0.598125 0.8759375 0.021249999999999998 0.01125
2 0.5974999999999999 0.8862500000000001 0.02 0.01
2 0.595625 0.8971875 0.0225 0.01
2 0.595 0.9643750000000001 0.021249999999999998 0.01
2 0.5965625 0.9753125 0.021249999999999998 0.01
2 0.6615624999999999 0.8793749999999999 0.013750000000000002 0.021249999999999998
2 0.721875 0.8759375 0.0125 0.02375
2 0.693125 0.8778124999999999 0.01125 0.021249999999999998
2 0.6425 0.9221875 0.01 0.0225
2 0.6643749999999999 0.920625 0.01 0.0225
2 0.6525000000000001 0.9446875 0.01125 0.017499999999999998
2 0.6821875000000001 0.9434374999999999 0.01125 0.021249999999999998
2 0.6849999999999999 0.92125 0.013750000000000002 0.02375
2 0.6959375 0.91875 0.013750000000000002 0.025
2 0.7228125000000001 0.9178124999999999 0.01125 0.02
2 0.6946875 0.945 0.01125 0.021249999999999998
2 0.724375 0.940625 0.01125 0.01875
2 0.733125 0.9418749999999999 0.01 0.021249999999999998
2 0.74375 0.9415625000000001 0.0125 0.02375
2 0.765 0.9418749999999999 0.01125 0.021249999999999998
2 0.6725 0.9846875 0.013750000000000002 0.0225
2 0.6903125 0.9828125 0.008749999999999999 0.01875
2 0.6996875 0.9824999999999999 0.008749999999999999 0.021249999999999998
2 0.7106250000000001 0.9824999999999999 0.008749999999999999 0.021249999999999998
2 0.7212500000000001 0.9828125 0.01125 0.01875
2 0.73375 0.9828125 0.01125 0.01875
2 0.7525000000000001 0.9824999999999999 0.01125 0.021249999999999998
2 0.7634375 0.98375 0.01125 0.02375
2 0.7925 0.983125 0.01 0.0225
2 0.8009375000000001 0.983125 0.01125 0.0225
2 0.623125 0.13343750000000001 0.021249999999999998 0.0075
