2 0.04 0.8643750000000001 0.02375 0.01
2 0.042812499999999996 0.8734375 0.02 0.0125
2 0.0409375 0.8862500000000001 0.0225 0.01
2 0.039375 0.8965624999999999 0.0225 0.008749999999999999
2 0.0753125 0.8784375000000001 0.01 0.028749999999999998
2 0.04 0.9637499999999999 0.02375 0.008749999999999999
2 0.0396875 0.97625 0.02 0.008749999999999999
2 0.041249999999999995 0.9956250000000001 0.02 0.01
2 0.10718749999999999 0.8809374999999999 0.01125 0.021249999999999998
2 0.136875 0.8768750000000001 0.01125 0.0225
2 0.165625 0.8740625 0.0125 0.026250000000000002
2 0.18156250000000002 0.875625 0.01 0.026250000000000002
2 0.0878125 0.920625 0.01 0.0225
2 0.105625 0.9203125 0.01125 0.025
2 0.0975 0.9453125 0.013750000000000002 0.025
2 0.12625 0.920625 0.008749999999999999 0.0225
2 0.138125 0.9203125 0.013750000000000002 0.025
2 0.1665625 0.920625 0.01125 0.0225
2 0.12593749999999998 0.945 0.01125 0.021249999999999998
2 0.138125 0.943125 0.013750000000000002 0.02375
2 0.165625 0.9415625000000001 0.0125 0.02375
2 0.176875 0.9409375000000001 0.01 0.0225
2 0.1875 0.9403124999999999 0.0125 0.021249999999999998
2 0.2071875 0.9390625 0.01125 0.025
2 0.11499999999999999 0.9824999999999999 0.01125 0.021249999999999998
2 0.1340625 0.983125 0.008749999999999999 0.0225
2 0.145625 0.9824999999999999 0.01 0.021249999999999998
2 0.1540625 0.983125 0.01125 0.0225
2 0.16593750000000002 0.9828125 0.01 0.01875
2 0.176875 0.9828125 0.01 0.01875
2 0.195625 0.9824999999999999 0.01 0.021249999999999998
2 0.20812499999999998 0.983125 0.01 0.0225
2 0.23374999999999999 0.983125 0.01125 0.0225
2 0.24625 0.9853125 0.01125 0.02375
2 0.8099999999999999 0.510625 0.013750000000000002 0.021249999999999998
2 0.77625 0.2 0.008749999999999999 0.025
