Bicycle 78.72 406.37993 104.96 465.349742
Bicycle 196.48 408.943568 206.08 440.35171399999996
Bicycle 207.36 403.81561 222.72 436.505916
Bicycle 217.6 391.637136 251.52 461.503944
Bicycle 254.08 398.047254 275.2 444.197512
Bicycle 259.84 403.81561 281.6 440.35171399999996
Bicycle 325.12 392.919296 361.6 460.22178399999996
Bicycle 373.76 387.791338 403.84 481.374014
Bicycle 403.84 387.791338 422.4 460.22178399999996
Bicycle 423.68 381.381902 464.0 466.631902
Bicycle 483.84 392.919296 513.92 461.503944
Bicycle 508.8 387.791338 561.28 461.503944
Bicycle 545.28 391.637136 595.2 466.631902
