Bicycle 270.380576 537.6 395.96037099999995 867.2
Bicycle 0.0 467.84 72.400732 636.16
Bicycle 74.322694 384.0 126.86110299999999 504.96
Bicycle 124.939141 384.0 160.178526 455.68
Bicycle 153.130649 445.44 226.812689 611.84
Bicycle 226.812689 380.8 246.03367500000002 422.4
Bicycle 279.351098 417.28 308.823914 448.64
Bicycle 373.53543199999996 440.32 461.313226 586.88
Bicycle 405.571547 526.08 556.1388969999999 805.76
Bicycle 480.534895 522.24 596.503514 748.16
Bicycle 570.234651 743.04 682.359346 940.16
