Bicycle 0.0 595.839744 189.44 767.360256
Bicycle 125.44 346.239744 181.12 410.88
Bicycle 137.6 355.839744 197.12 428.15999999999997
Bicycle 231.04 376.959744 290.56 456.320256
Bicycle 337.28 348.800256 375.68 415.359744
Bicycle 417.28 336.63974399999995 439.04 373.119744
Bicycle 421.76 364.79999999999995 492.16 471.03974400000004
Bicycle 476.16 327.680256 483.84 346.239744
Bicycle 510.08 336.0 535.68 383.36025600000005
Bicycle 526.08 371.199744 586.88 465.27974399999994
Bicycle 561.92 325.119744 786.56 364.79999999999995
