Bicycle 625.777664 306.755004 714.821632 445.28946399999995
Bicycle 0.0 244.90929500000001 270.840832 356.23121199999997
Bicycle 48.231424 174.40507 191.690752 275.831925
Bicycle 272.0768 248.61983099999998 409.352192 317.887061
Bicycle 380.908544 136.06047 593.62304 299.333483
Bicycle 384.618496 269.64739899999995 440.270848 414.36638500000004
Bicycle 408.116224 190.484658 593.62304 303.044019
Bicycle 453.874688 274.59493 510.763008 431.683417
Bicycle 499.633152 180.589596 605.989888 301.807024
Bicycle 519.419904 272.12138899999997 597.332992 447.763005
Bicycle 572.599296 179.352601 772.946944 327.782572
Bicycle 734.608384 175.642065 991.845376 335.203644
Bicycle 821.178368 262.225878 1007.9232 377.25878
Bicycle 931.24608 265.936863 1022.763008 368.600713
