Bicycle 157.44 453.20182100000005 416.0 659.318828
Bicycle 12.8 323.898535 421.76 442.31971599999997
Bicycle 387.84 375.10746 485.12 567.142096
Bicycle 524.16 337.34058600000003 587.52 477.525977
Bicycle 570.24 371.266874 647.68 547.298179
Bicycle 655.36 346.30239800000004 692.48 434.63787699999995
Bicycle 692.48 346.30239800000004 734.08 494.809281
Bicycle 720.0 396.23134999999996 796.16 577.3838810000001
Bicycle 743.68 426.316385 866.56 649.716696
Bicycle 860.16 341.181172 938.88 512.0919180000001
