Bicycle 0.0 11.00004 179.00032 618.99994
Bicycle 0.0 35.00024 344.999936 618.99994
Bicycle 0.0 4.00024 1022.999552 618.99994
Bicycle 112.0 23.00014 446.999552 618.99994
Bicycle 213.000192 33.00012 401.000448 618.99994
Bicycle 353.000448 28.99988 625.999872 618.99994
Bicycle 424.999936 18.9999 592.0 618.99994
Bicycle 506.000384 65.00018 686.999552 618.99994
Bicycle 606.000128 40.999979999999994 903.999488 618.99994
Bicycle 732.000256 7.99986 1022.999552 618.99994
Bicycle 780.99968 8.99992 1022.999552 594.99974
