Bicycle 220.8 233.600256 318.08 445.43999999999994
Bicycle 296.96 199.68 334.08 326.4
Bicycle 353.92 84.48 371.2 145.280256
Bicycle 380.8 154.880256 440.32 223.359744
Bicycle 396.8 355.20000000000005 586.88 767.360256
Bicycle 467.84 96.63974400000001 512.64 172.160256
Bicycle 561.92 62.079744000000005 590.72 100.47974400000001
Bicycle 597.76 140.16 670.08 265.599744
Bicycle 651.52 122.88 714.88 222.08025600000002
Bicycle 670.08 193.92000000000002 787.84 424.959744
Bicycle 824.96 132.48 865.92 256.640256
Bicycle 824.96 198.399744 958.72 404.480256
