Bicycle 609.92 343.040256 766.72 546.560256
Bicycle 0.0 448.640256 100.48 681.5999999999999
Bicycle 0.0 391.040256 138.88 513.2797439999999
Bicycle 83.2 329.600256 131.2 394.23974400000003
Bicycle 144.0 323.840256 252.8 437.76
Bicycle 219.52 437.120256 535.68 767.360256
Bicycle 241.92 405.12 387.84 654.080256
Bicycle 480.0 333.44025600000003 524.16 415.359744
Bicycle 508.16 312.320256 525.44 351.99974399999996
Bicycle 525.44 318.71999999999997 568.96 364.79999999999995
Bicycle 551.68 303.99974399999996 575.36 348.159744
Bicycle 583.68 314.88 622.08 375.680256
Bicycle 632.32 305.28000000000003 652.16 336.0
Bicycle 736.64 311.04 748.8 333.44025600000003
Bicycle 737.92 317.439744 759.04 395.52
Bicycle 744.96 423.03974400000004 860.16 661.119744
Bicycle 870.4 316.160256 890.24 368.00025600000004
Bicycle 886.4 339.84000000000003 948.48 444.159744
Bicycle 953.6 314.88 977.28 374.4
Bicycle 988.16 452.480256 1023.36 767.360256
