Bicycle 634.24 370.487392 833.92 545.813361
Bicycle 145.28 282.82471400000003 332.8 374.326611
Bicycle 184.32 262.988647 340.48 382.645021
Bicycle 199.04 453.03152 362.88 593.803905
Bicycle 356.48 272.586388 390.4 341.692943
Bicycle 391.68 257.869484 426.24 360.24967899999996
Bicycle 415.36 254.030265 550.4 369.20744800000006
Bicycle 421.76 411.43947 522.88 549.012608
Bicycle 432.64 456.230767 472.96 516.3789400000001
Bicycle 478.72 383.924965 672.64 549.012608
Bicycle 491.52 236.75347299999999 557.44 361.52901
Bicycle 504.96 248.91110200000003 596.48 352.57124100000004
Bicycle 513.92 374.326611 730.24 571.40795
Bicycle 549.12 204.11980499999999 742.4 374.326611
