Bicycle 75.2 465.59999999999997 171.2 641.6000256
Bicycle 190.4 428.80000512000004 283.2 606.3999744
Bicycle 211.2 395.20001279999997 275.2 521.6000256
Bicycle 275.2 390.3999744 361.6 526.39997952
Bicycle 364.8 382.40000256 425.6 512.0000256
Bicycle 425.6 382.40000256 459.2 500.80000512000004
Bicycle 436.8 430.39997952 512.0 588.7999872
Bicycle 520.0 380.80000512000004 617.6 516.7999872
Bicycle 588.8 396.79998720000003 660.8 540.7999872
Bicycle 648.0 408.0 731.2 588.7999872
Bicycle 739.2 433.60002048 828.8 582.3999744
Bicycle 830.4 451.20000000000005 944.0 617.6000256
