Bicycle 360.32 392.319744 519.68 632.319744
Bicycle 48.64 332.15999999999997 161.92 423.680256
Bicycle 51.2 672.0 228.48 767.360256
Bicycle 167.68 348.159744 355.2 412.79999999999995
Bicycle 480.0 348.800256 528.64 382.08
Bicycle 519.04 346.880256 564.48 380.15999999999997
Bicycle 564.48 347.52 609.28 379.520256
Bicycle 622.08 479.36025600000005 805.76 764.7997439999999
Bicycle 632.32 357.12 652.16 372.48
Bicycle 648.96 348.800256 662.4 369.920256
Bicycle 773.76 422.40000000000003 858.24 549.12
Bicycle 892.8 307.839744 908.16 339.84000000000003
Bicycle 919.04 311.679744 931.2 342.399744
Bicycle 929.92 311.679744 944.0 344.96025599999996
Bicycle 936.32 375.680256 977.28 446.72025600000006
Bicycle 963.84 321.279744 969.6 330.24
Bicycle 972.16 323.840256 978.56 339.84000000000003
Bicycle 987.52 321.279744 998.4 343.68
