Bicycle 140.8 366.080256 190.72 385.280256
Bicycle 184.32 440.319744 291.84 455.679744
Bicycle 197.12 459.519744 295.68 480.0
Bicycle 200.96 366.080256 231.68 398.079744
Bicycle 257.28 362.240256 289.28 394.23974400000003
Bicycle 307.2 366.080256 377.6 401.91974400000004
Bicycle 325.12 451.839744 428.8 477.440256
Bicycle 336.64 456.96 469.76 503.04
Bicycle 358.4 375.03974400000004 385.28 398.079744
Bicycle 409.6 380.15999999999997 430.08 396.800256
Bicycle 410.88 358.400256 450.56 377.600256
Bicycle 431.36 372.48 476.16 404.480256
Bicycle 478.72 437.76 541.44 464.64
Bicycle 492.8 363.519744 501.76 382.719744
Bicycle 514.56 680.960256 825.6 766.719744
Bicycle 526.08 442.88025600000003 587.52 483.84000000000003
Bicycle 532.48 372.48 546.56 401.91974400000004
Bicycle 532.48 380.15999999999997 582.4 426.24
Bicycle 641.28 405.75974400000007 750.08 503.04
Bicycle 643.84 559.359744 828.16 664.3199999999999
Bicycle 648.96 492.800256 803.84 574.719744
Bicycle 682.24 364.79999999999995 711.68 405.75974400000007
Bicycle 701.44 418.56000000000006 867.84 528.639744
Bicycle 707.84 419.840256 755.2 451.839744
Bicycle 901.12 399.36 1022.72 512.000256
Bicycle 953.6 642.560256 1022.72 766.719744
Bicycle 967.68 445.43999999999994 1022.72 556.8
