Bicycle 0.0 607.99977 80.0 682.000088
Bicycle 49.000448 434.000056 241.000448 675.0000210000001
Bicycle 273.000448 417.00018600000004 341.999616 564.000227
Bicycle 334.999552 450.000014 481.000448 682.000088
Bicycle 435.00032 381.99985100000004 480.0 494.00024
Bicycle 522.999808 406.99969999999996 625.999872 598.9998790000001
Bicycle 600.999936 386.00018200000005 643.999744 457.999993
Bicycle 613.999616 387.000094 647.999488 429.999725
Bicycle 808.999936 569.999699 999.999488 682.000088
Bicycle 819.00032 359.99973800000004 837.000192 418.00009800000004
