Bicycle 0.0 247.955637 21.12 385.709224
Bicycle 19.84 80.729917 117.76 119.172572
Bicycle 33.92 79.44860899999999 126.08 114.68731100000001
Bicycle 104.96 193.495266 237.44 389.55314799999996
Bicycle 270.72 162.741142 341.76 280.632406
Bicycle 373.12 212.716935 501.76 484.37881899999996
Bicycle 535.68 178.11820400000002 599.68 365.846901
Bicycle 535.68 265.255344 702.08 555.498243
Bicycle 659.2 244.11171299999998 729.6 459.391264
Bicycle 679.68 92.903709 724.48 148.004734
Bicycle 725.76 308.182577 926.72 643.276037
Bicycle 900.48 155.693265 980.48 212.716935
Bicycle 915.84 156.974573 980.48 255.644168
Bicycle 993.28 195.417228 1023.36 297.93143
