Bicycle 636.8 289.602245 778.88 400.44563200000005
Bicycle 0.0 287.039629 30.08 318.434407
Bicycle 8.96 358.15837 133.76 598.426159
Bicycle 86.4 272.303221 168.96 324.84163
Bicycle 132.48 408.134163 204.16 484.37881899999996
Bicycle 174.72 280.632406 184.96 309.464568
Bicycle 192.64 247.314983 206.08 279.351098
Bicycle 192.64 258.207467 228.48 313.308492
Bicycle 573.44 273.584529 609.92 317.153099
Bicycle 848.64 276.787799 862.08 298.57208399999996
Bicycle 865.92 280.632406 883.2 304.338653
Bicycle 883.2 278.06910700000003 909.44 304.338653
