Bicycle 14.4 532.8 326.4 744.0
Bicycle 46.4 331.20000000000005 268.8 507.19999487999996
Bicycle 121.6 35.200000512 278.4 203.19998976
Bicycle 353.6 545.6000256 625.6 721.60002048
Bicycle 356.8 294.39999744 646.4 484.79999999999995
Bicycle 372.8 316.79999999999995 683.2 502.39997952
Bicycle 380.8 25.60000128 636.8 227.19998976
Bicycle 696.0 35.200000512 990.4 252.80001024
Bicycle 702.4 24.0 942.4 199.99999488000003
Bicycle 721.6 601.60002048 1012.8 768.0
Bicycle 728.0 312.0 1009.6 494.40000000000003
