Bicycle 0.0 561.5999999999999 76.8 705.5999999999999
Bicycle 40.800256 471.200256 92.8 529.599744
Bicycle 76.8 449.60025599999994 111.200256 501.59999999999997
Bicycle 103.199744 445.599744 180.800512 544.8
Bicycle 112.799744 527.199744 260.799488 740.7997439999999
Bicycle 169.6 437.60025599999994 217.6 493.599744
Bicycle 204.8 436.79999999999995 231.199744 468.800256
Bicycle 219.199488 448.79999999999995 301.599744 548.7997439999999
Bicycle 272.799744 431.199744 289.600512 457.599744
Bicycle 305.600512 435.200256 345.6 508.79999999999995
Bicycle 341.600256 429.59999999999997 368.799744 473.60025599999994
Bicycle 356.799488 457.599744 400.799744 559.2
Bicycle 380.8 463.20000000000005 467.2 604.8
Bicycle 453.600256 437.60025599999994 503.199744 533.600256
Bicycle 488.800256 447.200256 513.599488 487.20000000000005
Bicycle 508.8 451.20000000000005 551.199744 561.5999999999999
Bicycle 543.200256 455.199744 577.599488 532.8
Bicycle 573.599744 468.800256 628.799488 604.8
Bicycle 617.6 460.79999999999995 667.200512 543.2002560000001
Bicycle 671.200256 483.200256 729.6 601.599744
