Bicycle 46.298112 349.331278 96.0 388.826436
Bicycle 61.95712 395.63594600000005 173.617152 516.1656389999999
Bicycle 135.489536 366.35505299999994 206.979072 457.60317
Bicycle 163.403776 341.840817 206.979072 366.35505299999994
Bicycle 227.403776 404.488309 296.170496 503.22756999999996
Bicycle 272.339968 373.164563 351.31904 457.60317
Bicycle 283.234304 403.12640700000003 345.872384 473.265043
Bicycle 331.574272 377.250269 379.915264 440.579395
Bicycle 358.808576 420.831816 439.148544 562.4703069999999
Bicycle 669.27616 591.070932 755.744768 682.319049
Bicycle 718.979072 361.588396 796.596224 466.455533
Bicycle 849.020928 309.835437 915.063808 374.52646500000003
Bicycle 902.808576 425.598473 1023.31904 645.547695
