Bicycle 0.0 423.635534 75.52 572.740498
Bicycle 0.0 403.79766600000005 141.44 634.814074
Bicycle 0.0 412.11719200000005 300.16 730.163456
Bicycle 106.24 334.04494 336.64 543.943494
Bicycle 198.4 385.879394 291.84 566.340568
Bicycle 211.2 385.879394 339.2 568.90054
Bicycle 215.68 388.439366 296.96 574.019718
Bicycle 281.6 396.118516 362.24 489.54906800000003
Bicycle 282.88 381.399826 364.8 474.19076800000005
Bicycle 423.68 352.602822 454.4 399.958474
Bicycle 440.96 331.485734 472.96 390.99933799999997
Bicycle 442.24 360.282738 462.08 405.71726200000006
Bicycle 464.64 323.805818 505.6 377.560634
Bicycle 500.48 321.24661199999997 525.44 363.48232
Bicycle 718.08 312.92708600000003 734.08 372.44145599999996
