Bicycle 788.48 323.560322 914.56 580.485798
Bicycle 0.0 319.715715 115.2 629.8209370000001
Bicycle 102.4 278.06910700000003 160.0 520.899512
Bicycle 178.56 159.537189 236.16 259.48877500000003
Bicycle 234.88 251.800244 342.4 436.966325
Bicycle 339.84 299.212738 448.64 542.043143
Bicycle 341.12 256.926159 367.36 394.679063
Bicycle 360.32 305.619961 512.64 582.40776
Bicycle 582.4 238.345144 647.68 383.146608
Bicycle 636.16 239.626452 758.4 443.37354799999997
Bicycle 641.28 235.782528 683.52 338.29672999999997
Bicycle 741.12 189.65134199999997 755.84 319.715715
