Bicycle 0.0 446.29012 96.0 611.48796
Bicycle 32.0 438.60612000000003 153.6 599.96264
Bicycle 84.48 434.76480000000004 213.12 590.9982
Bicycle 170.88 445.00967999999995 254.72 601.24308
Bicycle 247.04 450.13212 328.32 602.52352
Bicycle 343.04 443.72855999999996 401.92 594.8402
Bicycle 352.0 450.13212 459.52 605.0850800000001
Bicycle 475.52 432.20324 554.24 597.40108
Bicycle 539.52 437.32568 600.96 590.9982
Bicycle 723.84 459.73644 833.28 594.19964
Bicycle 769.28 450.13212 931.84 596.7605199999999
Bicycle 834.56 456.535 979.2 594.19964
Bicycle 974.08 498.79496 1023.36 596.12064
Bicycle 992.0 542.33536 1023.36 611.48796
