Bicycle 40.32 429.440256 139.52 570.8797440000001
Bicycle 131.84 432.63974399999995 212.48 547.2
Bicycle 179.84 388.479744 286.08 426.879744
Bicycle 229.76 436.479744 325.12 568.959744
Bicycle 270.08 404.480256 325.76 440.319744
Bicycle 310.4 446.72025600000006 379.52 574.08
Bicycle 359.68 434.559744 426.88 570.8797440000001
Bicycle 408.96 433.280256 459.52 565.760256
Bicycle 410.24 389.76 446.08 419.840256
Bicycle 462.72 401.91974400000004 508.8 430.08000000000004
Bicycle 501.12 408.320256 522.24 464.00025600000004
Bicycle 503.68 423.03974400000004 535.04 464.00025600000004
Bicycle 522.24 412.79999999999995 538.24 433.91999999999996
Bicycle 526.72 472.959744 593.28 523.520256
Bicycle 536.32 450.56025600000004 594.56 581.76
Bicycle 552.32 419.199744 597.76 460.160256
Bicycle 619.52 444.159744 682.88 581.76
Bicycle 675.2 400.640256 709.76 430.719744
Bicycle 685.44 449.28 760.96 588.159744
Bicycle 757.76 399.36 814.08 437.120256
Bicycle 768.0 451.839744 821.76 589.4399999999999
Bicycle 789.12 411.519744 869.76 467.840256
Bicycle 791.68 397.43999999999994 833.92 429.440256
Bicycle 852.48 453.12 918.4 584.319744
Bicycle 858.24 399.36 884.48 426.879744
Bicycle 861.44 453.12 1004.16 576.0
Bicycle 871.04 426.879744 917.76 486.39974400000006
Bicycle 876.16 458.24025599999993 984.32 548.480256
Bicycle 930.56 446.72025600000006 1023.36 554.88
Bicycle 935.04 400.640256 982.4 430.719744
Bicycle 938.24 449.28 1023.36 558.72
Bicycle 938.88 400.640256 960.0 433.280256
Bicycle 987.52 450.56025600000004 1023.36 531.2002560000001
Bicycle 997.76 404.480256 1023.36 430.719744
