Bicycle 157.44 304.78348 216.32 403.3896
Bicycle 208.64 357.28832 300.16 518.6441599999999
Bicycle 296.32 322.0718 322.56 400.82872000000003
Bicycle 301.44 309.90592 346.24 384.82084
Bicycle 325.12 357.28832 458.88 571.149
Bicycle 419.84 349.60432000000003 507.52 461.01687999999996
Bicycle 465.28 338.71956 516.48 428.36124
Bicycle 486.4 352.16588 676.48 588.43664
Bicycle 499.84 337.43912 537.6 408.51204
Bicycle 591.36 341.28044 658.56 462.29732
Bicycle 751.36 383.54040000000003 1023.36 619.81184
