Bicycle 341.332992 429.510656 579.318784 683.615232
Bicycle 14.222336 455.110656 529.067008 1015.467008
Bicycle 547.081216 405.807104 573.62944 457.007104
Bicycle 718.696448 423.822336 747.14112 460.8
Bicycle 729.125888 423.822336 790.755328 473.125888
Bicycle 743.348224 416.236544 763.25888 457.007104
Bicycle 790.755328 425.718784 812.563456 471.22944
Bicycle 822.992896 426.667008 847.644672 492.089344
Bicycle 865.65888 426.667008 920.651776 497.777664
Bicycle 1005.036544 506.310656 1023.051776 571.732992
