Bicycle 0.0 174.683614 75.96032 252.158193
Bicycle 0.0 199.533656 214.002688 373.486666
Bicycle 15.338496 125.713455 169.449472 204.64992099999998
Bicycle 103.714816 256.543854 512.730112 504.316386
Bicycle 105.906176 203.18803400000002 316.25728 396.874821
Bicycle 110.287872 108.17216900000001 152.650752 139.600363
Bicycle 238.835712 112.55783 271.70304 152.02606300000002
Bicycle 250.5216 522.588955 561.666048 678.269396
Bicycle 269.51168 135.945985 356.427776 212.68996
Bicycle 276.08576 132.291607 394.407936 224.384377
Bicycle 289.232896 104.517791 322.830336 153.48795
Bicycle 417.780736 125.713455 446.995456 154.94915799999998
Bicycle 417.780736 145.447911 456.491008 187.839918
Bicycle 457.22112 108.903452 494.471168 149.102289
Bicycle 473.289728 196.61056100000002 648.582144 368.37040099999996
Bicycle 474.749952 115.480925 552.17152 187.839918
Bicycle 528.79872 109.634056 566.77888 135.945985
Bicycle 555.092992 107.441565 587.96032 140.331646
Bicycle 563.127296 143.986024 625.94048 237.540681
Bicycle 589.420544 168.105462 683.640832 263.85260999999997
Bicycle 607.680512 241.925663 709.203968 435.61244999999997
Bicycle 657.34656 108.903452 690.213888 141.793533
Bicycle 682.909696 330.364055 794.658816 568.63534
Bicycle 723.081216 157.142328 782.972928 265.314497
Bicycle 760.331264 224.384377 799.771648 283.586387
Bicycle 860.393472 220.729999 986.749952 406.376747
Bicycle 877.192192 209.035582 915.903488 283.586387
Bicycle 894.722048 181.26176600000002 909.329408 224.384377
Bicycle 907.869184 107.441565 926.128128 129.367833
Bicycle 916.6336 168.105462 980.176896 244.118154
Bicycle 927.589376 196.61056100000002 990.40256 334.018433
Bicycle 932.702208 105.97967799999999 958.995456 132.291607
