Bicycle 488.32 379.737826 758.4 583.3744399999999
Bicycle 0.0 335.552332 24.32 430.326772
Bicycle 0.0 260.629012 31.36 331.709842
Bicycle 0.0 436.730224 45.44 503.968564
Bicycle 0.0 448.897062 264.32 561.601726
Bicycle 56.32 275.35751 286.72 368.85112000000004
Bicycle 82.56 484.11744400000003 364.16 697.3599340000001
Bicycle 129.28 283.04249 315.52 379.097062
Bicycle 226.56 364.368564 491.52 545.592398
Bicycle 250.24 292.647668 464.0 406.633162
Bicycle 491.52 258.06805 636.16 351.56165999999996
Bicycle 671.36 174.179618 768.64 259.34888
Bicycle 714.88 229.25112000000001 873.6 308.016232
Bicycle 821.12 251.66389999999998 967.68 364.368564
Bicycle 839.04 351.56165999999996 1023.36 516.776166
Bicycle 986.24 501.407602 1023.36 626.91917
