Bicycle 14.72 226.692498 111.36 459.148324
Bicycle 80.64 268.31664 162.56 457.227055
Bicycle 125.44 268.31664 192.64 448.262091
Bicycle 142.72 277.282083 174.08 450.823304
Bicycle 190.08 268.31664 275.2 466.192498
Bicycle 292.48 268.31664 332.8 439.937071
Bicycle 320.0 276.001237 416.64 449.542937
Bicycle 373.76 273.440024 446.72 444.420032
Bicycle 420.48 259.351676 497.92 463.630806
Bicycle 504.96 270.878332 542.72 444.420032
Bicycle 517.76 261.912889 621.44 448.262091
Bicycle 522.88 268.31664 563.84 449.542937
Bicycle 636.16 268.31664 679.04 425.848723
Bicycle 645.12 259.351676 762.88 450.823304
Bicycle 736.64 272.159178 781.44 458.507901
Bicycle 791.04 294.572067 806.4 369.49581
Bicycle 812.8 254.86919399999996 866.56 399.593775
Bicycle 840.32 292.010854 851.2 387.426696
Bicycle 857.6 242.06169200000002 907.52 449.542937
Bicycle 858.88 273.440024 877.44 386.14585
Bicycle 898.56 256.149561 990.08 452.10415
Bicycle 976.0 259.351676 1023.36 449.542937
