Bicycle 189.44 379.302001 265.6 451.702733
Bicycle 312.32 390.83513899999997 358.4 470.923719
Bicycle 336.0 385.709224 375.68 451.702733
Bicycle 375.68 385.709224 430.72 467.079795
Bicycle 446.72 419.02596400000004 518.4 531.151342
Bicycle 505.6 394.679063 574.72 476.690288
Bicycle 528.0 388.27184 584.32 454.265349
Bicycle 569.6 399.16432399999997 648.32 504.24114199999997
Bicycle 620.8 394.679063 688.0 464.517179
Bicycle 620.8 405.571547 711.68 519.618204
Bicycle 715.52 386.990532 771.84 459.391264
