Bicycle 111.36 551.012982 218.24 681.078038
Bicycle 246.4 490.786042 325.12 606.11469
Bicycle 338.56 497.193265 378.88 622.132406
Bicycle 352.64 498.474573 400.0 617.006491
Bicycle 400.0 508.085066 461.44 629.8209370000001
Bicycle 424.96 483.097511 515.2 615.725183
Bicycle 466.56 502.31918 524.8 602.270083
Bicycle 477.44 522.18082 552.32 617.006491
Bicycle 529.92 490.786042 576.0 572.156613
Bicycle 544.0 518.336896 620.16 598.426159
Bicycle 556.16 474.768326 607.36 543.324451
Bicycle 558.72 519.618204 632.32 599.707467
Bicycle 607.36 485.660127 668.8 561.905466
Bicycle 839.68 595.86286 919.68 682.359346
Bicycle 898.56 568.312689 1023.36 682.359346
Bicycle 922.24 488.22342599999996 949.76 553.576281
Bicycle 943.36 526.025427 1023.36 624.695022
Bicycle 944.64 509.367057 957.44 548.450366
