Bicycle 158.08 467.840256 235.52 609.920256
Bicycle 389.12 469.76025599999997 424.96 528.0
Bicycle 390.4 467.199744 436.48 554.2402559999999
Bicycle 431.36 449.91974400000004 447.36 505.599744
Bicycle 533.12 453.75974400000007 572.8 529.280256
Bicycle 602.24 441.59999999999997 611.2 468.48
Bicycle 638.72 433.91999999999996 649.6 453.75974400000007
Bicycle 652.16 432.63974399999995 663.04 447.36
Bicycle 657.28 437.76 675.84 464.00025600000004
Bicycle 675.84 452.480256 694.4 462.72
Bicycle 684.8 431.36025600000005 688.64 443.52
Bicycle 691.2 430.08000000000004 696.96 439.68
