Bicycle 0.0 562.5600000000001 174.08 657.920256
Bicycle 44.8 531.84 182.4 644.480256
Bicycle 97.28 572.7997439999999 314.24 693.12
Bicycle 162.56 565.119744 401.92 706.5600000000001
Bicycle 368.64 546.560256 524.8 737.28
Bicycle 376.32 547.839744 434.56 657.920256
Bicycle 481.28 562.5600000000001 544.64 677.76
Bicycle 576.0 570.24 646.4 691.839744
Bicycle 626.56 534.399744 723.2 689.28
Bicycle 656.64 538.880256 720.64 615.039744
Bicycle 680.32 556.160256 869.76 708.48
Bicycle 856.32 552.320256 934.4 568.3199999999999
