Bicycle 668.16 488.96025599999996 1008.0 744.96
Bicycle 140.8 561.2797439999999 331.52 767.360256
Bicycle 147.84 397.43999999999994 160.64 424.959744
Bicycle 171.52 427.520256 211.2 510.72
Bicycle 218.88 394.23974400000003 242.56 438.39974400000006
Bicycle 240.0 412.79999999999995 282.24 493.43999999999994
Bicycle 306.56 389.120256 332.8 439.68
Bicycle 369.92 403.839744 425.6 488.319744
Bicycle 429.44 406.400256 517.76 519.039744
Bicycle 475.52 414.08025599999996 567.04 504.320256
Bicycle 531.2 418.56000000000006 557.44 492.159744
Bicycle 968.96 382.719744 1003.52 447.36
