Bicycle 344.96 417.69679799999994 703.36 636.155469
Bicycle 110.08 449.088174 202.88 483.042153
Bicycle 351.36 86.486319 373.76 99.299334
Bicycle 378.88 303.022527 467.2 372.852267
Bicycle 503.68 351.711303 535.04 405.524604
Bicycle 506.24 326.726094 572.16 405.524604
Bicycle 527.36 329.288697 586.24 400.400079
Bicycle 570.88 336.976506 609.92 409.368849
Bicycle 609.92 336.976506 636.16 395.27487299999996
Bicycle 775.68 329.288697 818.56 380.540076
Bicycle 818.56 330.570339 884.48 380.540076
Bicycle 821.12 331.8513 919.68 374.133909
Bicycle 858.24 379.258434 909.44 404.243643
Bicycle 893.44 369.00870299999997 936.96 408.087207
