Bicycle 51.2 395.199744 315.200512 670.400256
Bicycle 56.000512 388.79999999999995 188.8 534.399744
Bicycle 211.2 375.99974399999996 334.399488 524.7997439999999
Bicycle 259.2 393.59999999999997 364.8 465.59999999999997
Bicycle 391.999488 368.00025600000004 494.399488 481.599744
Bicycle 432.0 467.199744 659.2 531.2002560000001
Bicycle 454.4 388.79999999999995 715.200512 619.2
Bicycle 691.2 443.199744 916.799488 512.000256
Bicycle 753.599488 419.199744 838.4 632.000256
Bicycle 910.400512 577.599744 1022.400512 691.2
