Bicycle 385.92 474.24 462.72 574.719744
Bicycle 7.04 487.040256 88.96 577.280256
Bicycle 79.36 463.359744 115.2 508.160256
Bicycle 112.64 463.359744 136.32 497.91974400000004
Bicycle 122.88 593.28 305.92 767.360256
Bicycle 124.16 503.04 178.56 568.959744
Bicycle 161.28 441.59999999999997 189.44 468.48
Bicycle 222.08 448.640256 261.76 476.15999999999997
Bicycle 270.08 447.36 308.48 510.72
Bicycle 297.6 426.24 528.0 489.59999999999997
Bicycle 647.04 426.24 672.0 480.63974399999995
Bicycle 665.6 446.079744 711.68 526.719744
Bicycle 706.56 421.76025599999997 727.68 469.76025599999997
