Bicycle 95.200256 413.60025599999994 277.600256 761.600256
Bicycle 368.799744 392.00025600000004 472.800256 582.399744
Bicycle 505.6 378.399744 611.2 618.399744
Bicycle 611.2 358.400256 639.200256 470.40000000000003
Bicycle 664.800256 360.0 680.800256 453.59999999999997
Bicycle 671.200256 402.39974400000006 813.599744 646.400256
Bicycle 692.799488 380.00025600000004 720.799744 466.400256
Bicycle 811.200512 365.600256 844.8 450.39974400000006
Bicycle 851.2 360.0 881.599488 450.39974400000006
Bicycle 875.200512 387.99974399999996 888.800256 449.60025599999994
Bicycle 891.200512 381.6 1004.8 549.5999999999999
Bicycle 904.800256 404.00025600000004 932.799488 468.0
