Bicycle 0.0 307.2 14.735662 351.36
Bicycle 5.76607 298.88 53.176578 351.36
Bicycle 40.363164000000005 553.6 129.41810999999998 723.84
Bicycle 49.332755999999996 307.84 68.553214 362.24
Bicycle 73.678984 354.56 106.99413 433.28
Bicycle 89.69592 392.96 135.18418 476.8
Bicycle 110.197652 584.96 201.174846 770.56
Bicycle 121.089492 328.96 159.53040800000002 397.44
Bicycle 124.293014 477.44 213.98826 495.36
Bicycle 145.435046 778.88 299.840358 993.92
Bicycle 208.22219 295.68 260.758468 353.28
Bicycle 210.14443799999998 442.24 278.697652 559.36
Bicycle 217.191782 320.0 247.30408000000003 367.36
Bicycle 264.602964 321.92 295.996536 365.44
Bicycle 279.978926 516.48 338.28127400000005 645.76
Bicycle 281.90117399999997 392.32 327.389434 455.04
Bicycle 313.294746 599.04 413.241532 788.48
Bicycle 319.06081600000005 311.68 346.610566 362.24
Bicycle 332.515204 411.52 372.87836799999997 492.16
Bicycle 397.86489600000004 707.2 511.26607 940.16
Bicycle 404.91224 325.76 431.180716 382.08
Bicycle 427.33621999999997 370.56 460.65203999999994 449.28
Bicycle 469.62163200000003 481.28 539.4561199999999 525.44
Bicycle 486.919842 550.4 534.3310240000001 693.76
Bicycle 609.290608 801.92 673.359026 1023.36
