Bicycle 154.868736 158.205952 210.940928 263.00928
Bicycle 156.203008 361.137152 221.622272 491.305984
Bicycle 207.603712 207.603712 258.336768 328.42752
Bicycle 282.368 245.653504 349.121536 361.137152
Bicycle 289.71008 413.872128 354.461696 557.392896
Bicycle 399.853568 587.431936 471.948288 722.274304
Bicycle 405.194752 487.30112 461.266944 578.753536
Bicycle 500.652032 547.3792 563.400704 686.89408
Bicycle 601.449472 778.346496 688.897024 935.8848
Bicycle 648.845312 615.468032 718.936064 764.32896
Bicycle 722.274304 700.91264 802.377728 851.775488
Bicycle 897.168384 750.3104 995.296256 904.511488
