Bicycle 0.0 615.680256 17.92 676.479744
Bicycle 0.0 451.20000000000005 147.84 723.84
Bicycle 0.0 375.680256 232.32 660.48
Bicycle 3.2 254.079744 291.84 653.439744
Bicycle 61.44 280.959744 372.48 622.08
Bicycle 213.76 295.040256 542.72 577.280256
Bicycle 248.32 287.36025600000005 629.12 603.519744
Bicycle 412.16 279.680256 745.6 568.959744
Bicycle 449.28 286.08 741.12 557.439744
Bicycle 496.64 261.12 744.32 519.039744
Bicycle 578.56 288.63974399999995 931.84 494.72025600000006
Bicycle 593.28 415.359744 812.8 517.760256
Bicycle 639.36 280.959744 921.6 493.43999999999994
Bicycle 734.72 261.12 1023.36 464.64
Bicycle 746.88 245.12025599999998 984.96 452.480256
Bicycle 769.28 251.52 959.36 468.48
Bicycle 791.68 241.28025599999998 1017.6 442.23974400000003
Bicycle 817.92 240.0 1003.52 439.68
