Bicycle 319.36 417.920256 374.4 556.8
Bicycle 371.2 420.48 423.04 539.52
Bicycle 404.48 442.88025600000003 428.16 522.24
Bicycle 728.32 398.079744 744.32 519.680256
Bicycle 740.48 396.800256 756.48 503.679744
Bicycle 753.28 394.23974400000003 791.68 517.119744
Bicycle 785.28 415.359744 844.8 545.919744
Bicycle 837.12 387.200256 879.36 517.119744
Bicycle 878.08 394.23974400000003 909.44 513.2797439999999
Bicycle 889.6 399.36 916.48 486.39974400000006
Bicycle 910.72 387.200256 944.0 490.88025600000003
