Bicycle 0.0 263.55575999999996 85.12 355.03276
Bicycle 33.92 262.27668 157.44 459.94383999999997
Bicycle 52.48 212.38031999999998 220.16 477.21516
Bicycle 195.2 276.34996 306.56 470.8184
Bicycle 401.28 217.49732 440.32 328.80516
Bicycle 422.4 267.39436 552.32 479.774
Bicycle 465.28 214.93916000000002 593.92 461.22292
Bicycle 473.6 233.49024 592.64 483.61260000000004
Bicycle 508.8 271.23228 661.12 491.28912
Bicycle 541.44 225.17383999999998 746.24 498.32576
Bicycle 646.4 242.44584 821.12 504.72252
Bicycle 739.2 225.17383999999998 930.56 503.44276
Bicycle 858.88 238.60791999999998 1023.36 512.39904
Bicycle 890.88 303.85732 1023.36 530.95012
