Bus 257.28 501.12 413.44 652.160256
Bus 428.16 426.879744 482.56 486.39974400000006
Bus 434.56 465.27974399999994 516.48 564.48
Bus 481.28 416.64 540.8 465.27974399999994
Bus 538.24 375.680256 558.08 404.480256
Bus 568.32 388.479744 604.16 423.03974400000004
Bus 572.16 360.96 594.56 380.79974400000003
Bus 595.84 376.959744 615.68 394.23974400000003
Bus 604.16 403.20000000000005 635.52 435.200256
Bus 609.28 417.920256 648.96 467.840256
Bus 641.28 473.60025599999994 723.2 574.08
Bus 689.92 611.199744 974.72 767.360256
