Bus 13.44 485.660127 119.68 545.88775
Bus 90.88 488.22342599999996 136.96 535.63592
Bus 102.4 484.37881899999996 213.12 547.169058
Bus 178.56 477.971596 232.32 543.324451
Bus 211.84 469.64241100000004 296.96 540.761835
Bus 278.4 473.48701800000003 346.88 538.198536
Bus 316.8 468.361103 420.48 543.324451
Bus 403.2 463.235188 515.84 538.198536
Bus 504.32 458.109956 593.28 538.198536
Bus 569.6 444.65485600000005 745.6 531.7919959999999
Bus 841.6 433.121718 961.92 533.073304
Bus 958.08 419.66730099999995 1023.36 535.63592
