Bus 244.786176 157.74547800000002 265.291776 189.807639
Bus 255.038464 178.26537 294.76864 218.02283100000002
Bus 278.107136 157.74547800000002 306.302976 192.37296600000002
Bus 339.62496 188.52531600000003 379.354112 223.15280399999997
Bus 369.101824 337.293852 512.641024 525.819168
Bus 392.170496 212.89285800000002 447.279104 259.061934
Bus 438.30784 237.25971900000002 498.543616 302.666364
Bus 501.106688 235.977396 553.652224 305.231691
Bus 528.02048 250.084992 607.479808 321.903933
Bus 589.53728 270.60420300000004 685.657088 353.966094
Bus 630.54848 334.728525 740.765696 487.344711
