Car 78.4 257.60000256 144.0 273.6
Car 230.4 252.80001024 315.2 284.80000512000004
Car 318.4 249.60000000000002 416.0 284.80000512000004
Car 534.4 233.60000255999998 592.0 265.59999744
Car 606.4 233.60000255999998 620.8 243.19999488
Car 616.0 241.59999743999998 657.6 265.59999744
Car 729.6 243.19999488 811.2 276.80001024
Car 820.8 230.39999999999998 872.0 246.39999744000002
Car 822.4 236.80000512 868.8 254.39999999999998
Car 825.6 238.40000256000002 897.6 256.00000511999997
Car 894.4 227.19998976 920.0 236.80000512
