Car 42.28908544 182.83849896 220.50737152 256.8805346
Car 134.41888256 197.949109 910.725632 613.4911583
Car 217.48672512 167.72787526000002 320.18878464 228.1703564
Car 327.740416 161.68362578 403.2566272 203.99335847999998
Car 454.6076672 161.68362578 542.206464 216.08185744
Car 519.55163136 154.12832076 563.35104 197.949109
Car 551.2684544 152.61725839 590.53686784 185.8606237
Car 827.6578304 143.55088417000002 851.8230016 167.72787526000002
Car 845.7817088 149.59513364999998 904.6843904 170.75
Car 980.2005504 137.50663469 1024.0 167.72787526000002
