Car 28.8 259.20000000000005 56.0 281.60000256
Car 30.4 28.799999999999997 134.4 190.40000256000002
Car 65.6 243.19999488 131.2 268.79999999999995
Car 96.0 25.60000128 126.4 46.39999872
Car 99.2 60.799999488 128.0 81.6
Car 155.2 286.40000256 212.8 321.6
Car 187.2 91.19999999999999 217.6 113.59999488
Car 192.0 144.0 225.6 169.59999743999998
Car 216.0 217.59999743999998 244.8 244.79999999999998
Car 233.6 326.4 292.8 366.39999744
Car 238.4 152.00000255999998 270.4 174.40000512
Car 259.2 316.79999999999995 825.6 766.39997952
Car 289.6 220.79999999999998 326.4 249.60000000000002
Car 312.0 299.19998976 350.4 329.60000256
Car 358.4 0.0 571.2 62.400000000000006
Car 406.4 102.40000512 961.6 252.80001024
Car 526.4 273.6 571.2 302.4
Car 740.8 28.799999999999997 772.8 59.200000512
Car 787.2 219.19999488 840.0 246.39999744000002
Car 940.8 0.0 1003.2 22.400000256
