Car 0.0 251.01546205 33.276218368 270.6732838
Car 52.93943808 244.9668915 107.3914368 266.136885
Car 65.03988224 244.9668915 381.16397056 353.8410381
Car 108.903991296 225.3090355 217.80798464 287.30684425
Car 110.416541696 243.454754 573.25848576 414.3267025
Car 285.8729472 258.5761701 989.2112384 613.92937995
Car 479.48007424 223.7969117 573.25848576 257.0640189
Car 568.72082432 217.74834800000002 688.2126848 260.08830075000003
Car 689.72527616 217.74834800000002 810.7296768 263.11257574999996
Car 845.5184896 214.72405245 995.26147072 266.136885
