Car 140.8 718.39997952 243.2 766.39997952
Car 224.0 569.6000256 307.2 641.6000256
Car 233.6 409.60002048 284.8 452.80000512000004
Car 267.2 366.39999744 312.0 401.6000256
Car 299.2 475.20000000000005 352.0 528.0
Car 321.6 417.59999999999997 369.6 460.79999999999995
Car 326.4 323.19998976 353.6 348.80001024
Car 336.0 364.79999999999995 369.6 393.59999999999997
Car 337.6 294.39999744 366.4 319.99999488000003
Car 366.4 128.00000255999998 561.6 294.39999744
Car 379.2 315.19999487999996 409.6 336.0
Car 401.6 292.79999999999995 425.6 310.40000256
Car 401.6 451.20000000000005 459.2 505.60002048
Car 424.0 369.6 459.2 404.80000512000004
Car 432.0 334.40000256 462.4 361.59999744
Car 446.4 294.39999744 468.8 313.59999744
Car 528.0 247.99999488000003 545.6 260.80000512000004
Car 542.4 259.20000000000005 561.6 283.20000000000005
Car 553.6 217.59999743999998 571.2 235.20000000000002
Car 566.4 240.0 584.0 257.60000256
Car 574.4 164.80000512 587.2 172.8
Car 646.4 209.60000255999998 659.2 228.80001024
Car 744.0 292.79999999999995 774.4 315.19999487999996
