Car 0.0 118.40000256 20.8 147.19999488
Car 94.4 116.80000512000001 144.0 142.40000256000002
Car 270.4 275.19998976 622.4 494.40000000000003
Car 355.2 100.80000000000001 396.8 134.39999999999998
Car 377.6 104.00000255999998 438.4 132.80000256
Car 440.0 100.80000000000001 497.6 132.80000256
Car 532.8 100.80000000000001 584.0 128.00000255999998
Car 576.0 108.80000256 636.8 135.99999744000002
Car 630.4 99.19999487999999 654.4 120.0
Car 708.8 99.19999487999999 736.0 126.40000512
Car 740.8 100.80000000000001 772.8 126.40000512
Car 856.0 102.40000512 924.8 129.60000000000002
Car 948.8 100.80000000000001 1022.4 129.60000000000002
