Car 176.0 283.20000000000005 217.6 305.60000256
Car 244.8 289.59999744 292.8 310.40000256
Car 260.8 300.80001024 305.6 334.40000256
Car 360.0 302.4 406.4 336.0
Car 388.8 364.79999999999995 444.8 411.19999487999996
Car 420.8 324.80001024 473.6 364.79999999999995
Car 480.0 348.80001024 536.0 409.60002048
Car 548.8 420.79998720000003 611.2 476.80000512000004
Car 569.6 480.0 643.2 539.2000128
Car 569.6 542.4000000000001 664.0 619.2
Car 571.2 630.3999744 699.2 753.5999999999999
Car 572.8 380.80000512000004 641.6 428.80000512000004
Car 716.8 483.19999487999996 803.2 552.0
