Car 217.48672512 550.0265251 282.4306688 624.0685744
Car 253.73451264 494.1172379 296.02359296 534.91592872
Car 270.3480832 373.23228245 499.91739392 506.20575052
Car 330.76105216 494.1172379 382.11209216 547.0044276799999
Car 425.9115008 494.1172379 472.73156608 545.49335848
Car 460.64896 572.6924606499999 543.71679232 661.84514731
Car 490.85546496 403.45353668 670.58404352 489.58407128
Car 581.4749184 577.2256819099999 669.0737152 649.75664152
Car 638.8672512 630.11281705 718.9144576 676.9557505199999
Car 687.19763456 477.49557232 740.0590336 516.78318028
Car 740.0590336 474.4734749 768.7552 501.6725839
Car 740.0590336 533.40485269 829.168128 601.40263885
Car 750.63129088 504.69467449 811.0442496 536.42699792
Car 777.8171392 492.6061687 832.18878464 527.3606237
Car 845.7817088 524.3384853 960.5663744 613.4911583
Car 931.870208 655.800891 1022.4897024 679.97789575
Car 977.1799552 531.8938313 1020.97937408 583.2699109
