Car 150.4 339.19999487999996 179.2 361.59999744
Car 172.8 316.79999999999995 196.8 332.80000512000004
Car 236.8 384.0 316.8 444.79998720000003
Car 281.6 406.39997952 406.4 515.2000128
Car 316.8 305.60000256 436.8 398.40000000000003
Car 419.2 644.80000512 809.6 768.0
Car 462.4 334.40000256 520.0 366.39999744
Car 510.4 323.19998976 563.2 350.4
Car 648.0 475.20000000000005 1024.0 686.4000000000001
Car 660.8 339.19999487999996 737.6 379.20000000000005
Car 787.2 350.4 974.4 443.20001279999997
Car 897.6 356.80000512000004 1024.0 422.40000000000003
