Car 18.0972032 427.32372045000005 33.17820416 443.93348069999996
Car 22.62150144 468.0931134 43.73490688 478.66296207000005
Car 42.226802688 492.25278696 64.84830208 507.3525591
Car 60.32400384 413.7339228 81.43740928 424.30377146999996
Car 63.34020608 456.0133311 90.48600576 466.5831321
Car 107.07511296 415.2439041 123.66421504 422.79381060000003
Car 117.63181568 460.54324776 138.74521088 475.6430199
Car 122.15611392 439.40353680000004 146.2857216 448.4634246
Car 137.23710464 401.6540724 155.33431808 409.20400614
Car 164.3829248 193.27715694 509.73785088 344.27493963
Car 168.9072128 388.06430880000005 190.020608 394.10419995
Car 194.54492672 436.3835742 209.62591744 449.9734059
Car 199.06921472 419.773848 218.67451392 430.34367624000004
Car 239.78791936 427.32372045000005 263.91750656 443.93348069999996
Car 268.44183552 404.67407586 286.53902848 413.7339228
Car 309.16051968 410.71398063000004 330.27392512 419.773848
Car 378.53314048 339.74500935000003 392.10604544 348.80486310000003
Car 408.69513216 374.47451115 428.3004416 382.0243836
Car 408.69513216 637.21064445 431.31665408 652.3104234
Car 467.51105024 309.54546507 487.11632896 323.1352491
Car 509.73785088 306.52548885 526.3269888 323.1352491
Car 523.31072512 342.76496513999996 539.89984256 354.8447883
Car 547.44037376 341.25499065 562.52136448 350.31484439999997
Car 591.17522944 288.40577454 607.76434688 294.4456725
Car 625.86157056 490.7428329 646.974976 496.78271723999995
Car 637.9264 203.84701242 1014.951424 305.01551436
Car 942.5626112 567.75164766 978.7570176 582.85145385
