Car 1.6000000511999999 224.0 43.2 249.6
Car 1.6000000511999999 262.4 750.3999744 969.6
Car 100.80000000000001 228.8 142.40000256000002 262.4
Car 152.00000255999998 232.0 223.99999488000003 281.6
Car 244.79999999999998 232.0 289.59999744 262.4
Car 289.59999744 240.0 313.59999744 259.2
Car 342.39999744 243.2 412.79999999999995 267.2
Car 414.3999744 235.2 447.99997440000004 270.4
Car 471.99997440000004 249.6 504.0 275.2
Car 491.20001279999997 243.2 519.9999744 265.6
Car 531.19999488 235.2 604.8 294.4
Car 608.0000256 251.2 656.0000256 280.0
