Motorcycle 242.56 284.159808 386.56 528.640128
Motorcycle 0.0 296.960256 69.12 574.080192
Motorcycle 33.92 213.12 161.28 406.40025599999996
Motorcycle 170.24 215.679744 302.72 380.16
Motorcycle 276.48 220.79980799999998 373.76 257.920128
Motorcycle 397.44 215.679744 546.56 430.72012800000005
Motorcycle 521.6 252.800064 576.64 360.320256
Motorcycle 592.64 231.67987200000002 718.72 398.07993600000003
Motorcycle 656.64 202.87987199999998 727.68 294.39993599999997
Motorcycle 736.64 265.599936 840.32 368.000064
Motorcycle 800.0 216.96019199999998 855.04 335.359872
Motorcycle 855.04 183.040128 908.8 250.239744
Motorcycle 896.0 202.87987199999998 958.72 284.159808
Motorcycle 946.56 180.479808 981.12 254.07993599999998
Motorcycle 978.56 263.040192 1023.36 472.959936
Motorcycle 983.68 207.99993600000002 1023.36 295.67980800000004
