Motorcycle 0.0 125.1441264 138.74521088 284.9667296
Motorcycle 18.0972032 134.19069 82.9455104 200.532136
Motorcycle 111.5994112 120.6208412 196.05302272 232.1951256
Motorcycle 143.26951936 132.6829192 280.506624 215.6097556
Motorcycle 256.37701632 134.19069 313.68484864 202.0399204
Motorcycle 277.49042176 113.0820416 322.73342464 164.3458952
Motorcycle 349.8792448 107.05099919999999 446.3976448 144.74501759999998
Motorcycle 539.89984256 132.6829192 586.6509312 188.47007159999998
Motorcycle 571.5699712 129.6674048 657.5316992 214.1019916
Motorcycle 649.991168 149.268296 764.6067712 253.303774
Motorcycle 705.7908736 128.1596476 764.6067712 192.9933432
Motorcycle 729.92047104 135.6984472 838.50365952 281.9512152
Motorcycle 787.2282624 105.54323520000001 870.17376768 155.2993384
Motorcycle 832.4712448 114.5898056 963.6759552 283.4589724
Motorcycle 865.6494592 102.5277208 944.070656 183.94679999999997
Motorcycle 953.11926272 176.40797999999998 1022.4918528 280.443458
Motorcycle 956.1355264 117.60531999999999 1022.4918528 177.91574400000002
