Motorcycle 0.0 99.8761068 48.33038336 207.31858056
Motorcycle 0.0 160.40707668 39.268435968 296.60177088
Motorcycle 60.4129792 113.4955728 117.805312 269.36282520000003
Motorcycle 83.067848704 164.94690096 241.6519168 426.74335920000004
Motorcycle 191.81120512 313.2477864 462.15929856 682.4867184
Motorcycle 229.56932096 119.54867184 289.98230016 210.34513008000002
Motorcycle 347.37463296 175.53981743999998 468.20059136 367.7256504
Motorcycle 437.99410688 151.32743496 512.0 302.65486992
Motorcycle 493.87610112 255.7433592 685.687296 522.0796212
Motorcycle 502.93805056 139.22123688000002 528.6135808 257.2566408
Motorcycle 601.10913536 282.98230488 916.76696576 682.4867184
Motorcycle 675.11504896 128.6283204 732.50738176 213.37167960000002
Motorcycle 827.6578304 234.55752624 974.15929856 511.4867184
Motorcycle 915.2566272 216.39822912 996.8141312 432.79645824
