Motorcycle 583.04 353.28000000000003 1005.44 736.640256
Motorcycle 0.0 415.359744 74.24 636.159744
Motorcycle 0.64 323.840256 90.24 550.400256
Motorcycle 75.52 302.079744 117.76 385.280256
Motorcycle 115.2 302.079744 152.32 407.679744
Motorcycle 137.6 318.080256 178.56 442.23974400000003
Motorcycle 172.16 315.519744 311.04 520.3199999999999
Motorcycle 263.04 311.04 309.76 348.159744
Motorcycle 297.6 305.919744 414.08 487.040256
Motorcycle 398.08 316.79999999999995 551.68 538.880256
Motorcycle 854.4 330.879744 1002.88 476.799744
Motorcycle 866.56 267.519744 969.6 353.28000000000003
Motorcycle 867.84 271.359744 920.96 325.760256
Motorcycle 956.16 289.92 1006.72 391.68
