Motorcycle 0.0 224.000256 404.799488 543.999744
Motorcycle 0.0 303.99974399999996 747.200512 761.600256
Motorcycle 13.599744 214.400256 584.800256 468.0
Motorcycle 27.200512 158.39999999999998 129.600512 264.0
Motorcycle 53.600256 205.599744 501.600256 405.59999999999997
Motorcycle 104.800256 274.400256 263.199744 330.399744
Motorcycle 124.8 209.600256 339.2 272.00025600000004
Motorcycle 153.6 202.400256 261.600256 282.399744
Motorcycle 364.8 149.600256 401.600512 204.0
Motorcycle 555.200512 180.0 691.2 325.599744
Motorcycle 583.199744 216.0 693.600256 326.4
Motorcycle 801.599488 204.0 864.799744 382.400256
Motorcycle 847.200256 301.599744 1023.200256 767.199744
Motorcycle 887.199744 178.400256 956.8 313.599744
