Motorcycle 385.558528 369.771765 607.277056 492.731965
Motorcycle 0.0 325.220775 46.302208 403.63059000000004
Motorcycle 6.233088 324.32960999999995 178.977792 462.43719500000003
Motorcycle 130.003968 327.003105 233.293824 418.77736999999996
Motorcycle 174.52544 359.0796 363.297792 477.58458
Motorcycle 263.568384 335.02238 386.448384 422.34142499999996
Motorcycle 390.900736 327.003105 520.904704 418.77736999999996
Motorcycle 570.768384 332.348885 723.033088 425.01492
Motorcycle 610.838528 361.75248999999997 809.40544 492.731965
Motorcycle 750.636032 348.387435 904.681472 433.92475499999995
Motorcycle 867.283968 376.00871 1023.10912 493.62313
Motorcycle 953.655296 365.31654499999996 1023.10912 402.739425
