Motorcycle 6.4 194.77657399999998 126.72 356.877062
Motorcycle 97.92 197.33987299999998 184.32 287.680283
Motorcycle 156.8 208.87232799999998 305.28 361.362323
Motorcycle 156.8 281.27306 508.8 680.4373840000001
Motorcycle 282.88 165.303758 350.08 253.72220599999997
Motorcycle 334.08 181.321474 448.0 279.99175199999996
Motorcycle 387.84 189.010005 716.16 530.510005
Motorcycle 460.16 176.19624199999998 515.2 262.692045
Motorcycle 494.08 195.417228 710.4 425.43318700000003
Motorcycle 605.44 152.489995 726.4 220.405466
Motorcycle 686.08 182.603465 794.88 382.505271
Motorcycle 778.88 177.47755 869.76 337.655393
Motorcycle 805.12 169.14836499999998 883.84 306.260615
