Motorcycle 7.999488 311.99969 176.0 667.000255
Motorcycle 71.000064 262.00016999999997 158.000128 418.00001499999996
Motorcycle 110.999552 251.999855 257.000448 428.99974499999996
Motorcycle 133.999616 391.000055 316.99968 682.9997999999999
Motorcycle 151.000064 475.99965000000003 686.000128 683.9999
Motorcycle 199.999488 310.000175 476.99968 364.00009500000004
Motorcycle 408.000512 180.00019 465.999872 300.99996
Motorcycle 419.999744 213.00006499999998 565.999616 352.000265
Motorcycle 476.99968 327.99992 689.999872 501.000095
Motorcycle 849.000448 202.000335 977.000448 387.00034
Motorcycle 931.999744 153.00023 1008.0 264.99978500000003
Motorcycle 970.000384 272.9999 1022.999552 401.999785
