Motorcycle 584.96 411.519744 800.0 624.639744
Motorcycle 0.0 323.199744 80.64 391.68
Motorcycle 0.0 408.320256 98.56 551.04
Motorcycle 0.0 526.08 195.2 641.28
Motorcycle 0.0 604.160256 428.16 767.360256
Motorcycle 57.6 362.88 257.28 484.479744
Motorcycle 179.84 336.63974399999995 341.12 515.199744
Motorcycle 277.76 371.840256 396.8 549.12
Motorcycle 335.36 394.88025600000003 531.2 558.72
Motorcycle 373.12 339.20025599999997 457.6 409.599744
Motorcycle 398.08 180.48 430.08 216.320256
Motorcycle 442.88 346.239744 531.84 416.00025600000004
Motorcycle 454.4 371.840256 672.0 581.1202559999999
Motorcycle 591.36 353.28000000000003 648.32 415.359744
Motorcycle 640.0 344.96025599999996 744.96 434.559744
Motorcycle 742.4 369.920256 838.4 456.96
Motorcycle 849.28 380.79974400000003 951.04 491.52
