Motorcycle 48.4979712 58.29397632 295.14477568 224.84820095999999
Motorcycle 94.22462464 323.39278079999997 238.33288704 551.01688128
Motorcycle 277.131264 330.33252096 385.2124672 555.1807392
Motorcycle 346.41405952 56.90602368 411.5399168 199.86506495999998
Motorcycle 432.32477184 309.5132544 606.9174784 541.301184
Motorcycle 529.3206528 141.57108864 640.17321984 222.0722784
Motorcycle 642.944512 91.60481664 780.12450816 204.02891712000002
Motorcycle 654.02978304 388.62649152 784.28143616 549.62889984
Motorcycle 719.1556096 260.9349408 782.8958208 301.1855616
Motorcycle 814.7659264 360.86747328 1014.300416 569.0602368
Motorcycle 816.151552 44.41445856 1010.1434368 251.2192896
