Motorcycle 95.200256 320.61161 307.999744 525.292086
Motorcycle 446.399488 301.42354 472.000512 327.808074
Motorcycle 474.399744 297.425656 491.200512 329.406682
Motorcycle 558.400512 313.41651 588.000256 342.199638
Motorcycle 590.400512 305.42074199999996 614.4 346.19683999999995
Motorcycle 614.4 311.017916 640.799744 346.19683999999995
Motorcycle 647.199744 313.41651 677.600256 354.191926
Motorcycle 724.799488 315.01511800000003 768.799744 360.588404
Motorcycle 772.799488 307.819336 816.0 374.18066400000004
Motorcycle 819.999744 313.41651 871.999488 378.177866
