Motorcycle 59.333632 287.473334 154.000384 354.83967299999995
Motorcycle 96.0 234.78125 178.666496 279.46994
Motorcycle 130.666496 510.916101 323.33312 613.633154
Motorcycle 159.333376 215.43868999999998 224.666624 248.120923
Motorcycle 163.33312 563.608185 335.333376 643.6475889999999
Motorcycle 164.666368 479.567084 316.66688 563.608185
Motorcycle 167.332864 350.837976 274.666496 426.875
Motorcycle 176.666624 391.524286 305.333248 471.56369
Motorcycle 209.333248 227.444464 298.667008 276.134851
Motorcycle 259.33312 195.428839 311.332864 249.454822
Motorcycle 320.666624 237.449048 410.000384 279.46994
Motorcycle 348.66688 210.102411 421.999616 246.78702399999997
Motorcycle 348.66688 296.81131 442.667008 367.51273799999996
Motorcycle 350.000128 492.90744 512.666624 596.291101
Motorcycle 397.333504 312.81946400000004 527.333376 402.196161
Motorcycle 408.667136 374.182916 556.000256 452.88773799999996
Motorcycle 427.333632 207.434613 501.999616 245.453125
Motorcycle 436.666368 220.774286 524.66688 268.130774
Motorcycle 481.333248 394.192084 617.33376 480.901666
Motorcycle 526.000128 198.096637 606.000128 245.453125
Motorcycle 568.000512 295.47741099999996 664.667136 334.829822
Motorcycle 583.999488 471.56369 717.333504 579.6163389999999
Motorcycle 714.667008 384.854791 769.999872 486.23726200000004
Motorcycle 726.66624 319.488959 834.666496 392.858185
Motorcycle 806.66624 368.84663700000004 922.667008 440.21467299999995
Motorcycle 836.666368 406.198541 924.66688 518.9201780000001
Motorcycle 872.667136 260.126697 952.667136 306.14928599999996
Motorcycle 913.333248 245.453125 981.332992 286.139435
Motorcycle 976.0 382.18631 1020.66688 455.555536
Motorcycle 993.333248 262.795178 1020.66688 307.483185
