Motorcycle 54.4 393.34755 302.72 669.010045
Motorcycle 147.84 264.15038499999997 256.64 307.002615
Motorcycle 217.6 260.95212000000004 375.04 546.848515
Motorcycle 314.24 198.27256500000001 415.36 413.174875
Motorcycle 414.08 406.77903 805.12 680.52284
Motorcycle 467.84 233.45005500000002 495.36 317.87562
Motorcycle 491.52 239.20611000000002 529.92 316.596725
Motorcycle 584.96 209.78535999999997 638.72 329.388415
Motorcycle 695.04 221.93726 866.56 473.935745
Motorcycle 713.6 198.27256500000001 832.64 260.95212000000004
Motorcycle 841.6 301.88635 1023.36 616.563705
