Motorcycle 288.64 159.897495 746.24 617.843285
Motorcycle 0.0 108.09026 34.56 149.663595
Motorcycle 0.0 149.663595 43.52 358.17006
Motorcycle 0.0 149.663595 127.36 285.896395
Motorcycle 26.24 78.66951 120.96 173.328975
Motorcycle 85.76 78.66951 163.2 243.044165
Motorcycle 115.84 103.61378500000001 204.8 244.32306
Motorcycle 142.08 106.17157499999999 245.76 266.70885999999996
Motorcycle 190.72 115.765685 332.16 279.50055
Motorcycle 323.2 158.61791499999998 410.88 216.820995
Motorcycle 383.36 165.65355 449.28 223.21684
Motorcycle 679.68 101.694415 1023.36 374.160015
Motorcycle 845.44 114.48679 992.0 212.98293999999999
Motorcycle 986.88 281.419235 1023.36 390.14928499999996
