Motorcycle 16.384 286.72 109.568 429.056
Motorcycle 124.928 294.912 173.056 406.528
Motorcycle 160.768 292.864 226.304 419.84
Motorcycle 248.832 292.864 340.992 437.248
Motorcycle 339.968 290.816 380.928 371.712
Motorcycle 377.856 292.864 422.912 406.528
Motorcycle 409.6 287.744 466.944 419.84
Motorcycle 439.296 291.84 541.696 436.224
Motorcycle 546.816 300.032 569.344 367.616
Motorcycle 569.344 287.744 604.16 370.688
Motorcycle 592.896 291.84 624.64 386.048
Motorcycle 613.376 295.936 681.984 423.936
Motorcycle 664.576 295.936 753.664 450.56
Motorcycle 753.664 296.96 808.96 402.432
Motorcycle 835.584 301.056 862.208 369.664
Motorcycle 873.472 300.032 921.6 407.552
Motorcycle 931.84 304.128 974.848 369.664
Motorcycle 980.992 305.152 1018.88 371.712
