Motorcycle 0.0 124.72000500000001 40.32 262.2317
Motorcycle 0.0 133.034535 225.28 479.05201
Motorcycle 15.36 125.99889999999999 95.36 243.044165
Motorcycle 112.64 147.105805 288.0 364.56590500000004
Motorcycle 159.36 120.882635 252.8 218.09989000000002
Motorcycle 280.32 110.648735 351.36 203.389515
Motorcycle 337.92 120.882635 390.4 185.480875
Motorcycle 385.28 117.04458 611.2 285.896395
Motorcycle 432.64 152.22207 965.12 495.681755
Motorcycle 537.6 102.334205 664.96 248.16043
Motorcycle 560.0 115.765685 689.92 202.109935
Motorcycle 663.68 102.334205 722.56 183.56219
Motorcycle 808.96 134.31343 945.28 337.063155
Motorcycle 844.8 145.826225 953.6 278.22097
Motorcycle 873.6 136.871905 970.24 258.39433
Motorcycle 912.64 115.765685 972.8 259.673225
