Motorcycle 0.0 326.763592 169.6 673.3895070000001
Motorcycle 0.0 141.597511 101.76 369.050854
Motorcycle 0.64 266.536652 191.36 385.06857
Motorcycle 111.36 220.405466 272.64 351.75114700000006
Motorcycle 246.4 201.183797 343.04 335.092777
Motorcycle 264.32 244.11171299999998 390.4 415.18204
Motorcycle 306.56 96.10697900000001 673.92 655.449146
Motorcycle 359.04 216.560859 441.6 347.907223
Motorcycle 529.92 176.19624199999998 744.96 320.356369
Motorcycle 778.88 166.585066 885.12 328.685554
Motorcycle 894.08 142.878819 1023.36 401.72694
