Motorcycle 159.36 118.41677200000001 270.08 178.585335
Motorcycle 243.84 132.498806 392.96 219.55120100000002
Motorcycle 251.52 149.78143 476.16 270.118556
Motorcycle 282.88 128.658379 364.16 173.46467199999998
Motorcycle 488.96 97.293721 541.44 140.820059
Motorcycle 535.04 74.890715 570.24 98.57395700000001
Motorcycle 563.84 86.41227699999999 595.2 108.815564
Motorcycle 725.12 88.33263099999999 773.76 126.097907
Motorcycle 734.08 98.57395700000001 913.92 209.94999299999998
Motorcycle 935.04 62.088916999999995 945.28 88.33263099999999
