Motorcycle 0.0 0.0 256.64 254.079744
Motorcycle 0.0 250.88025599999997 982.4 661.119744
Motorcycle 188.16 0.0 359.68 201.60000000000002
Motorcycle 302.72 0.0 358.4 81.279744
Motorcycle 333.44 0.0 378.24 70.400256
Motorcycle 359.04 195.20025599999997 802.56 396.159744
Motorcycle 401.28 0.0 609.28 206.720256
Motorcycle 607.36 75.519744 656.0 120.96000000000001
Motorcycle 619.52 91.52025599999999 687.36 160.640256
Motorcycle 659.2 136.959744 727.04 197.76
Motorcycle 816.64 397.43999999999994 1023.36 636.800256
Motorcycle 899.84 361.599744 1016.32 440.96025599999996
