Motorcycle 268.8 462.399488 636.8 1009.599488
Motorcycle 0.0 412.8 65.599488 640.0
Motorcycle 0.0 483.2 316.8 876.8
Motorcycle 86.4 412.8 163.2 496.0
Motorcycle 96.0 366.399488 161.600512 427.200512
Motorcycle 246.4 384.0 289.600512 428.8
Motorcycle 248.000512 387.2 416.0 523.200512
Motorcycle 299.200512 377.6 478.399488 598.4
Motorcycle 507.200512 462.399488 595.2 579.2
Motorcycle 713.6 358.4 841.6 628.799488
Motorcycle 764.8 433.600512 1012.799488 1022.400512
Motorcycle 921.6 379.200512 1019.200512 441.6
Motorcycle 935.999488 395.200512 1022.400512 553.6
