Motorcycle 143.48082176 294.22565744 235.610624 377.21240634000003
Motorcycle 206.9144576 259.52212836 259.77581568 288.19027116
Motorcycle 255.24484096 285.1725712 344.35397632 353.0707862
Motorcycle 274.87905792 300.26105736 373.05014272 389.28321300000005
Motorcycle 289.98230016 345.52654312000004 459.13864192 455.6725712
Motorcycle 357.94690048 262.53982831999997 385.1327488 294.22565744
Motorcycle 448.5663744 334.96460008 480.28317696 392.30088567999996
Motorcycle 518.0412928 258.01327156 623.76403968 331.94690012
Motorcycle 592.0472064 371.1769996 779.32745728 482.83185720000006
Motorcycle 611.6813824 261.03097152 655.480832 315.34955716
Motorcycle 688.7079424 247.45132852 803.49261824 310.82301404
Motorcycle 945.46313216 254.9955716 1024.0 322.89380024
