Motorcycle 0.0 307.20000000000005 32.0 356.80000512000004
Motorcycle 0.0 518.4000000000001 334.4 766.39997952
Motorcycle 28.8 416.00002559999996 220.8 761.6000256
Motorcycle 81.6 323.19998976 121.6 395.20001279999997
Motorcycle 155.2 438.3999744 556.8 759.9999744
Motorcycle 208.0 308.80000512000004 251.2 403.20000000000005
Motorcycle 256.0 299.19998976 332.8 401.6000256
Motorcycle 284.8 377.60000256 446.4 523.2
Motorcycle 432.0 361.59999744 580.8 471.99997440000004
Motorcycle 520.0 342.39999744 739.2 539.2000128
Motorcycle 651.2 526.39997952 905.6 766.39997952
Motorcycle 691.2 319.99999488000003 745.6 385.60002048
Motorcycle 699.2 416.00002559999996 952.0 711.9999744
Motorcycle 712.0 270.39999744 761.6 356.80000512000004
Motorcycle 716.8 238.40000256000002 737.6 264.0
Motorcycle 851.2 399.99997440000004 958.4 532.8
Motorcycle 952.0 302.4 1022.4 399.99997440000004
Motorcycle 952.0 380.80000512000004 1022.4 521.6000256
Motorcycle 966.4 555.19999488 1022.4 766.39997952
