Motorcycle 0.0 193.28025599999998 223.36 282.879744
Motorcycle 0.0 268.160256 315.52 662.4000000000001
Motorcycle 0.64 177.279744 87.04 256.640256
Motorcycle 23.68 150.399744 158.08 240.63974399999998
Motorcycle 170.24 183.68025599999999 311.68 261.759744
Motorcycle 195.2 1.280256 890.88 744.320256
Motorcycle 200.96 209.91974399999998 355.2 326.4
Motorcycle 290.56 208.640256 397.44 431.36025600000005
Motorcycle 301.44 168.96 404.48 251.52
Motorcycle 750.72 170.240256 798.72 312.320256
Motorcycle 814.08 157.44 937.6 320.00025600000004
Motorcycle 983.68 172.160256 1023.36 344.96025599999996
