Motorcycle 152.1733632 412.1684052 453.34985728 562.7684052000001
Motorcycle 427.9876096 412.1684052 434.32818688 439.1178987
Motorcycle 443.83901696 412.1684052 450.17956352 443.87366598
Motorcycle 450.17956352 416.92422519 464.44582912 445.45895688
Motorcycle 467.61609216 415.33894181999995 480.29720576 439.1178987
Motorcycle 478.712064 416.92422519 496.14862336 443.87366598
Motorcycle 497.7337344 418.5094935 518.34057728 447.0442026
Motorcycle 521.5108608 416.92422519 540.5325312 447.0442026
Motorcycle 545.2878848 421.68000000000006 570.65014272 445.45895688
Motorcycle 573.820416 418.5094935 589.6718336 442.2884052
