Motorcycle 629.12 438.39974400000006 738.56 515.840256
Motorcycle 0.0 460.79999999999995 94.72 567.039744
Motorcycle 2.56 403.839744 28.8 438.39974400000006
Motorcycle 28.8 389.76 57.6 437.120256
Motorcycle 57.6 391.040256 72.32 430.719744
Motorcycle 73.6 398.72025600000006 92.16 435.84000000000003
Motorcycle 125.44 401.28 161.28 437.120256
Motorcycle 175.36 396.159744 998.4 470.40000000000003
Motorcycle 827.52 428.15999999999997 931.84 510.72
Motorcycle 917.76 415.359744 1002.24 482.559744
Motorcycle 986.24 421.11974399999997 1023.36 480.63974399999995
