Motorcycle 0.0 177.857416 188.16 487.508604
Motorcycle 96.0 89.56842400000001 175.36 202.16867
Motorcycle 128.0 135.632068 387.84 428.649276
Motorcycle 138.24 122.837066 371.2 273.823682
Motorcycle 339.2 189.37366799999998 454.4 353.155968
Motorcycle 409.6 99.804562 445.44 174.018438
Motorcycle 520.96 136.91150000000002 770.56 388.98279199999996
Motorcycle 591.36 106.202404 702.72 216.243786
Motorcycle 780.8 234.15787999999998 919.04 378.74665400000004
Motorcycle 844.8 185.53468999999998 1022.72 350.59642199999996
Motorcycle 942.08 147.14832 1018.88 230.31890199999998
