1 0.072511 0.565512 0.084416 0.082831
1 0.098485 0.184488 0.036797 0.031627
1 0.114719 0.353163 0.060606 0.049699
1 0.101732 0.659639 0.030303 0.030120
1 0.142857 0.533886 0.086580 0.076807
1 0.139610 0.091114 0.071429 0.064759
1 0.132035 0.807229 0.034632 0.027108
1 0.185065 0.808735 0.032468 0.024096
1 0.278139 0.057229 0.019481 0.018072
1 0.312771 0.882530 0.088745 0.081325
1 0.324675 0.067771 0.021645 0.018072
1 0.428571 0.357681 0.142857 0.128012
1 0.396104 0.064759 0.056277 0.072289
1 0.428571 0.887048 0.103896 0.090361
1 0.454545 0.046687 0.060606 0.057229
1 0.553030 0.079066 0.084416 0.070783
1 0.559524 0.906627 0.015151 0.012048
1 0.641775 0.056476 0.049784 0.052711
1 0.670996 0.896837 0.017316 0.019578
1 0.689394 0.170181 0.032467 0.036145
1 0.706710 0.092620 0.058442 0.064759
1 0.774892 0.053464 0.025974 0.022590
1 0.793290 0.879518 0.028139 0.030120
1 0.843074 0.895331 0.032468 0.022590
1 0.860390 0.462349 0.058442 0.078313
1 0.867965 0.205572 0.051948 0.040663
1 0.859307 0.612199 0.025974 0.022590
1 0.888528 0.076807 0.075758 0.063253
1 0.899351 0.421687 0.080087 0.051205
1 0.872294 0.297440 0.021645 0.019578
1 0.886364 0.767319 0.019480 0.019578
1 0.890693 0.292922 0.015152 0.010542
1 0.898268 0.752259 0.025974 0.022590
1 0.909091 0.896084 0.038961 0.021084
