1 0.100181 0.313177 0.088448 0.106498
1 0.145307 0.528881 0.084838 0.108303
1 0.203971 0.182310 0.072202 0.093863
1 0.323105 0.518953 0.083032 0.102888
1 0.344765 0.309567 0.075812 0.102888
1 0.427798 0.174188 0.054152 0.081227
1 0.459386 0.387184 0.084838 0.088448
1 0.531588 0.614621 0.074007 0.106498
1 0.572202 0.298736 0.072202 0.092058
1 0.627256 0.410650 0.088448 0.106498
1 0.650722 0.191336 0.052347 0.079422
1 0.734657 0.311372 0.079422 0.102888
1 0.752708 0.544224 0.075812 0.092058
1 0.799639 0.182310 0.057762 0.079422
1 0.900722 0.374549 0.068592 0.102888
