1 0.092066 0.593682 0.046407 0.063181
1 0.196856 0.180828 0.037425 0.061002
1 0.202844 0.566449 0.043413 0.052288
1 0.314371 0.508715 0.041916 0.067538
1 0.319611 0.247277 0.037425 0.063181
1 0.404940 0.591503 0.037425 0.071895
1 0.411677 0.229847 0.035928 0.058824
1 0.467066 0.338780 0.032934 0.050109
1 0.473802 0.565360 0.034431 0.058824
1 0.529940 0.535948 0.035928 0.056645
1 0.547156 0.258170 0.028443 0.050109
1 0.583084 0.369281 0.031437 0.054466
1 0.601796 0.575163 0.032934 0.047930
1 0.627246 0.277778 0.035928 0.032680
1 0.634731 0.328976 0.032934 0.047930
1 0.639222 0.568627 0.038922 0.061002
1 0.715569 0.271242 0.032934 0.058824
1 0.758234 0.576253 0.040419 0.063181
1 0.779940 0.309368 0.041916 0.065359
1 0.853293 0.598039 0.035928 0.067538
1 0.891467 0.298475 0.040419 0.056645
